departure;arrival;starting_time;n_people
1766;994;1481511013;6
3698;827;1481526007;12
2399;5028;1481543888;4
887;2925;1481546423;16
2613;1959;1481520042;14
509;1346;1481536414;4
2292;2208;1481550077;16
599;5422;1481513079;2
3894;5770;1481515445;18
595;3563;1481540109;6
3590;3345;1481545452;18
2835;3324;1481518571;14
4363;4087;1481543711;16
2129;4569;1481541045;6
2203;1780;1481516099;6
3330;898;1481529828;6
3177;2854;1481544859;4
2305;2471;1481519291;2
2831;2818;1481521591;8
251;5025;1481523036;18
2783;239;1481519263;6
3366;5022;1481536373;6
2743;2089;1481511687;12
3;925;1481531631;12
2944;1584;1481539943;8
1380;2383;1481524856;2
2741;1833;1481515324;10
1203;2915;1481510256;6
4959;1966;1481523468;18
2922;789;1481537130;6
1651;2657;1481538403;2
2355;545;1481543120;16
2331;696;1481541578;2
4977;3963;1481525518;2
562;1888;1481526059;6
4817;318;1481530516;14
3165;2453;1481534391;16
5409;5806;1481514144;16
3470;4298;1481527723;2
1895;3695;1481533759;6
5502;2235;1481507651;14
1991;3711;1481535068;12
1896;399;1481523138;14
96;5447;1481520459;4
1158;2738;1481550255;18
1870;5436;1481520475;18
5612;1680;1481520656;6
3276;3973;1481517474;2
2277;488;1481509855;14
3324;2581;1481542139;16
451;2552;1481549505;14
380;1241;1481547061;8
3755;5495;1481515924;6
5519;5764;1481543778;18
745;3576;1481506677;12
1344;1468;1481527529;12
4013;847;1481523446;6
431;3854;1481533717;16
3241;1246;1481546344;10
1206;2176;1481516468;2
5469;2380;1481510231;12
7;1901;1481507057;8
5135;4121;1481551990;12
3236;959;1481545127;12
32;2324;1481523914;10
2845;5476;1481526047;10
2132;4316;1481509830;6
2888;741;1481542662;14
1454;4814;1481510050;16
4828;2760;1481533240;16
720;1938;1481552043;4
3981;3520;1481527642;14
1715;991;1481530975;6
643;647;1481527157;14
2421;2023;1481533377;8
2209;1041;1481538890;12
596;2519;1481531083;4
4399;671;1481549189;14
3956;4056;1481549754;12
1196;3636;1481525141;4
747;1989;1481514969;14
3362;3734;1481547562;8
651;995;1481541000;10
4388;480;1481515309;8
4126;1999;1481522686;12
398;1831;1481507262;18
4822;5773;1481542836;2
5368;2751;1481544462;6
2488;4606;1481542686;18
1325;3525;1481525849;18
759;3802;1481506743;4
1126;4095;1481527401;4
2109;4280;1481524870;18
2903;3611;1481542097;2
1605;929;1481516692;2
4697;2602;1481527580;12
5002;377;1481527575;2
5867;4256;1481521987;4
3810;5360;1481523908;6
2487;5658;1481513271;18
950;1211;1481519729;10
2187;3971;1481525841;6
794;2581;1481527149;4
5619;2829;1481540014;2
5437;5634;1481509607;14
3826;835;1481537793;2
774;2643;1481514781;16
143;3314;1481537804;6
2123;1761;1481531522;14
1626;5855;1481513081;6
1939;1406;1481515433;8
1713;3776;1481550845;16
60;2913;1481547923;16
2822;5522;1481518562;10
4025;1333;1481545300;2
751;174;1481521011;6
2374;5660;1481544662;10
1623;2635;1481533204;16
3005;228;1481547224;14
819;1847;1481528951;10
3566;3788;1481523161;10
4313;1819;1481529659;4
664;5004;1481545105;14
510;3853;1481532496;14
4052;2016;1481510828;2
5709;2031;1481537305;6
1755;2102;1481548748;14
4274;5079;1481507968;16
419;2043;1481515278;4
2465;1889;1481540802;4
4606;1478;1481536616;6
2486;799;1481526802;12
4617;2059;1481540044;18
1560;2716;1481517288;18
1240;1866;1481508359;18
1795;2185;1481523231;14
4594;5423;1481518333;12
1035;4120;1481533242;2
2438;3753;1481533167;18
3290;2736;1481551300;8
581;1469;1481529542;2
3000;148;1481527474;2
2916;3078;1481526782;14
3773;2344;1481537167;6
2042;4202;1481508094;4
2244;4841;1481535866;18
1954;3456;1481533795;8
2102;3739;1481516034;4
1546;602;1481523153;16
2768;1442;1481522153;8
4475;5035;1481545160;14
1294;3220;1481545647;12
5445;3906;1481533930;12
2996;2252;1481537450;18
4825;156;1481545082;8
3386;3328;1481518622;12
2375;780;1481522728;2
2143;2011;1481546676;12
3329;5003;1481508081;14
3194;3544;1481527332;4
2851;2898;1481507551;12
5528;3729;1481538314;6
497;403;1481519156;18
2298;1619;1481509896;14
1585;1159;1481525441;4
2488;1346;1481545590;14
997;2314;1481531644;4
2651;2077;1481527619;4
3848;1063;1481542776;14
2638;556;1481521969;18
5546;265;1481545999;12
1244;5458;1481532106;10
4086;4144;1481536031;4
4430;2877;1481518611;2
2617;4363;1481511985;10
2516;1528;1481527082;12
5544;5336;1481529194;12
4568;4992;1481510497;6
390;275;1481545007;14
2580;3108;1481551595;8
3199;2232;1481545472;2
2398;2648;1481523809;14
2133;2017;1481541258;4
4518;1915;1481536768;18
818;1212;1481514624;10
2386;783;1481526774;12
5174;3160;1481542634;12
3270;4288;1481544769;14
181;3342;1481532565;16
4207;994;1481511630;16
4841;123;1481535813;12
3803;1201;1481543573;18
2932;1183;1481519093;10
842;3949;1481514724;8
2551;395;1481523780;4
2418;5580;1481506819;4
4699;872;1481529957;6
2592;3800;1481546142;12
1041;2292;1481521563;14
5732;5099;1481529069;14
3349;98;1481531131;12
4949;3113;1481516657;14
4197;1920;1481529834;18
5646;1411;1481509843;8
2731;4251;1481541040;18
3488;1507;1481548164;18
3802;3777;1481536342;12
4815;930;1481522370;4
1837;3829;1481529339;12
3422;1427;1481516058;6
3116;5442;1481530405;18
2358;1137;1481524167;10
2291;2132;1481529174;6
517;5492;1481541917;14
1300;563;1481534093;10
944;2188;1481507053;2
3018;5419;1481518773;4
2221;5151;1481530208;6
2317;980;1481515202;2
4055;941;1481509482;4
932;1693;1481515057;16
1364;381;1481516570;14
2911;3124;1481507780;18
733;3347;1481520967;18
1917;4154;1481530121;10
2450;2127;1481525421;8
1049;1089;1481514758;12
2340;1123;1481537521;16
1871;3812;1481535416;12
2638;3322;1481523898;6
5724;129;1481538028;18
1080;2152;1481538684;6
3737;5413;1481520472;12
3028;61;1481544296;6
4567;891;1481535613;14
3501;934;1481551779;10
5583;4278;1481546967;10
1267;479;1481539937;8
3369;752;1481513059;2
1942;5759;1481525912;18
2238;189;1481530536;16
2545;5520;1481539252;10
814;4176;1481507080;2
838;3520;1481511649;8
5719;1382;1481547966;2
880;3813;1481522123;10
864;3531;1481551521;2
1592;3416;1481528133;2
4324;691;1481525006;18
711;325;1481536266;8
3462;1100;1481528135;14
3929;1869;1481507402;2
4517;1172;1481510275;4
2204;3146;1481544256;8
3612;5478;1481531518;14
3687;3023;1481531859;6
4242;4799;1481542731;18
429;1850;1481547855;14
5863;952;1481543692;16
3199;198;1481509406;6
830;2087;1481533299;4
4699;2538;1481527725;10
5134;1062;1481536880;4
3468;3570;1481536416;4
46;525;1481510810;6
275;2887;1481507636;4
1015;2289;1481520964;2
4299;4443;1481532656;12
1091;1463;1481527885;16
942;831;1481514951;6
1734;4294;1481537352;14
3186;5599;1481548321;4
4249;3414;1481520383;6
2260;5724;1481516306;12
4837;2196;1481537845;8
379;1819;1481511968;2
900;2101;1481522142;16
5534;3762;1481536504;6
1508;736;1481549347;16
5656;2758;1481549657;8
4240;2360;1481518470;18
4101;83;1481538780;4
2506;3006;1481529716;2
3367;1195;1481516617;2
3299;488;1481526529;10
952;711;1481536885;8
806;1459;1481531611;6
4045;3806;1481529569;8
1777;3588;1481522391;6
1423;113;1481545016;4
1607;835;1481549015;2
2530;1351;1481551774;14
787;3508;1481530215;2
1578;5321;1481538639;2
695;4366;1481551697;4
1408;3526;1481512270;6
1175;4746;1481548636;12
605;4963;1481507711;14
2912;4180;1481524231;2
2123;5094;1481521472;4
415;3254;1481513000;14
2657;3457;1481525696;18
2448;4978;1481511634;6
1167;2537;1481549316;4
3246;5038;1481530865;2
1526;922;1481525803;14
91;5648;1481524491;10
263;1248;1481548701;14
2726;4475;1481512957;2
1238;2854;1481544901;16
5612;3514;1481530606;6
198;5346;1481522234;18
3485;2633;1481542071;12
3246;67;1481542779;14
1034;3835;1481540629;2
4201;5456;1481539113;12
5811;3735;1481547890;10
3832;488;1481538614;16
2801;1431;1481533350;6
1206;3754;1481543469;8
3519;907;1481536835;16
1611;332;1481534545;2
3934;3857;1481528119;6
5648;1545;1481508081;10
520;5460;1481518814;18
270;352;1481523627;12
5323;4433;1481551563;14
1348;1545;1481511542;10
3010;2270;1481515419;6
816;2409;1481536336;8
3790;4808;1481541512;16
1957;2590;1481529134;16
5422;2004;1481509750;18
327;499;1481552094;14
1084;1729;1481522429;2
1311;1756;1481506595;8
3392;1086;1481551255;2
2598;3803;1481547766;18
3442;1079;1481545258;18
1448;3507;1481548925;4
2955;5279;1481529107;14
1340;1090;1481535862;8
1666;654;1481536193;4
3399;2969;1481531113;6
4080;140;1481530064;8
1173;3484;1481532469;12
338;1139;1481523488;16
3717;2606;1481549189;6
4844;1602;1481542976;14
3285;5548;1481544810;10
5493;450;1481531719;18
3654;2239;1481543325;14
4441;3981;1481508676;8
5777;2762;1481526537;2
5671;3552;1481514675;14
4566;3903;1481544447;16
1854;2414;1481542440;18
2771;1278;1481541566;4
4573;3789;1481544289;18
2445;86;1481547232;14
4298;5668;1481519485;14
1655;1198;1481523513;6
5541;2893;1481516355;16
3843;3919;1481533235;6
3439;5086;1481552060;18
3434;469;1481546788;12
4719;753;1481534218;14
1522;4843;1481544376;4
4432;52;1481544472;10
3462;4967;1481542453;2
2374;2911;1481547907;2
2824;3972;1481530154;4
2594;58;1481512511;16
2141;5160;1481520416;6
591;169;1481517145;12
1928;3553;1481525771;12
4177;5324;1481526204;4
2512;850;1481511638;2
1376;2192;1481547061;6
1633;591;1481520643;4
3256;2078;1481548078;12
2096;174;1481522771;2
1103;643;1481552208;6
2192;1398;1481533728;6
2887;3863;1481535624;14
2761;880;1481540601;10
5269;797;1481509103;6
5135;3359;1481513816;2
393;2860;1481545124;16
2574;1071;1481524327;6
543;2630;1481537629;6
203;1759;1481521576;10
4690;3460;1481521896;10
3809;1423;1481551812;12
2314;5324;1481541137;10
1538;5677;1481518157;6
5439;490;1481528342;4
1133;2583;1481537284;6
2667;3502;1481533982;14
2030;3104;1481530145;8
4324;4474;1481549821;4
1387;2449;1481537051;18
4807;2898;1481538606;16
4850;4437;1481522785;14
995;2530;1481545093;16
2439;2067;1481538190;18
4300;1385;1481550615;16
3925;2957;1481520948;10
2806;665;1481528374;12
478;5367;1481516721;2
1570;2203;1481515973;2
4687;2900;1481523381;8
84;2185;1481552154;16
1580;117;1481529530;8
2074;5168;1481519537;12
2845;198;1481547236;16
2837;757;1481550201;6
5422;5655;1481542973;2
5335;1479;1481506623;18
4185;144;1481542216;8
471;2135;1481521876;14
1051;3644;1481529430;10
5317;4297;1481537808;18
3975;4342;1481537646;14
1916;5151;1481508313;10
761;3076;1481530104;16
3342;2210;1481544881;12
1693;4550;1481530501;12
4550;2892;1481512386;6
1176;1716;1481525040;4
3739;106;1481519275;2
1426;2809;1481518711;4
1112;4285;1481548137;12
4321;2272;1481540045;10
3977;3167;1481508524;2
2704;4804;1481513633;4
5138;2406;1481538581;10
726;5445;1481514048;6
1972;4265;1481519705;18
2414;2020;1481548835;14
252;4966;1481544750;12
2039;2748;1481530122;4
1801;1448;1481540239;12
3897;2835;1481523434;18
3018;2238;1481513481;10
439;2307;1481510908;8
513;3409;1481529741;2
934;1447;1481531198;12
1158;3396;1481541454;2
3339;2671;1481538180;8
1768;3240;1481544819;10
798;646;1481549094;14
5007;152;1481521888;10
3256;2379;1481518665;10
1251;4951;1481541355;18
120;733;1481537817;10
1567;1337;1481537213;18
4255;4738;1481551007;8
2540;5862;1481509911;16
908;3229;1481520440;18
449;1674;1481523923;14
4964;536;1481547852;8
3358;3281;1481551494;12
748;5082;1481512235;6
3490;3514;1481543037;18
583;1063;1481547739;14
1506;3902;1481543924;8
1035;2154;1481516746;12
1100;2433;1481515385;10
2707;2622;1481537905;10
663;400;1481524903;16
1809;1581;1481516490;2
3849;5139;1481528900;8
2214;2547;1481508141;16
937;1024;1481506464;6
4018;1273;1481519441;10
4698;240;1481527810;12
3651;2548;1481551502;12
3843;1309;1481516137;10
4478;3376;1481547451;16
1706;5840;1481545892;10
5414;163;1481533157;4
541;827;1481546968;14
4347;4242;1481520935;8
1276;5380;1481542208;6
1801;3509;1481519786;14
2717;4087;1481514417;18
1737;334;1481546220;10
2651;3733;1481551944;4
5504;1247;1481546118;12
196;371;1481513440;4
3472;900;1481520636;18
2650;5353;1481516575;14
5315;3980;1481542542;2
5139;5743;1481514458;2
85;2926;1481532510;2
795;3121;1481542399;12
3891;265;1481539502;4
715;1229;1481517380;14
727;3849;1481515966;14
633;4415;1481547575;10
1579;5372;1481507613;12
1203;549;1481528706;4
2396;2266;1481527819;4
722;431;1481523547;6
547;2339;1481507860;4
2798;2186;1481542026;18
1785;3017;1481543457;6
2146;2445;1481533376;4
3574;4145;1481510057;8
5574;5496;1481537811;2
2187;767;1481511044;4
1141;5552;1481540965;10
2425;3627;1481520369;16
4319;3881;1481509416;14
3379;4280;1481533939;16
4342;2099;1481545762;12
5600;4694;1481549630;12
2126;363;1481547608;12
2848;1506;1481552182;12
5335;5838;1481529111;10
2135;2947;1481545949;14
3656;2925;1481535664;6
3207;2789;1481532621;2
3136;4517;1481539806;12
411;539;1481539809;2
2685;5539;1481548159;12
2483;439;1481549297;8
5343;1047;1481519924;2
994;3985;1481514733;6
3640;2323;1481510746;2
877;3564;1481537238;12
3424;4954;1481538328;14
2161;4666;1481511096;12
5808;216;1481511595;12
3839;2741;1481548406;12
24;3905;1481530925;12
1599;1963;1481521043;12
3009;2561;1481544184;12
801;4590;1481514669;14
5731;3526;1481525223;6
3889;5393;1481540053;6
3420;3700;1481532966;2
1976;2323;1481545786;16
4085;533;1481542962;10
2598;5470;1481518471;10
759;4305;1481543796;6
866;5025;1481529945;14
3358;2474;1481541496;18
5433;961;1481526583;16
2377;912;1481509283;14
3604;3777;1481550909;4
97;3616;1481532395;16
3466;5452;1481534701;16
4395;3454;1481528135;10
3027;3056;1481538161;10
1943;5630;1481544804;10
4971;2207;1481529836;16
887;2757;1481547435;2
2341;1175;1481549813;8
2035;5455;1481513225;18
4185;2625;1481531207;14
2314;861;1481514215;12
4981;3900;1481515275;16
788;4263;1481527511;14
5732;593;1481510700;10
3385;1848;1481551560;6
4027;2638;1481538640;2
3547;2376;1481512445;8
1686;52;1481526283;12
32;2459;1481514385;8
2795;4853;1481523243;10
1286;2828;1481515481;16
1833;3123;1481521634;4
2821;4480;1481514399;16
1770;4359;1481517573;18
4424;5776;1481531183;18
5653;4602;1481525889;4
2904;3421;1481527753;2
3909;2324;1481551939;12
3658;1417;1481514453;16
1266;5420;1481548067;14
5723;874;1481508128;10
2967;4518;1481527567;14
672;2441;1481522536;14
822;1779;1481518621;18
2022;3778;1481542389;12
5626;3271;1481537830;18
3745;5859;1481534244;8
1708;15;1481538324;2
3077;2963;1481514631;12
2470;5575;1481539177;16
4427;992;1481529912;4
4191;4602;1481511571;2
1802;3817;1481508542;8
2992;5088;1481533614;6
1864;501;1481506947;14
1196;2478;1481549055;18
3316;1997;1481527041;8
1569;4257;1481525699;8
4288;629;1481523080;6
3181;4203;1481550554;18
746;4342;1481507355;4
4852;1765;1481537720;8
1365;552;1481514390;2
839;5368;1481527577;14
2203;1630;1481539517;10
3887;3028;1481529714;14
2788;58;1481533665;2
5489;326;1481533745;18
7;3967;1481513575;12
2227;3967;1481540957;16
2237;5010;1481539233;10
4881;1302;1481519077;12
54;3737;1481537967;16
1795;3001;1481533757;2
266;2151;1481506742;18
5561;5337;1481533480;14
1363;33;1481508908;6
2950;1149;1481536619;10
1634;3264;1481520110;12
1023;5396;1481517405;16
2171;1567;1481546001;16
1447;3473;1481509428;10
687;316;1481518521;8
5363;4849;1481524023;12
814;4099;1481551133;4
2890;4314;1481521577;10
3425;222;1481522955;4
527;517;1481539273;14
2836;530;1481510388;14
4267;5628;1481546094;2
3984;140;1481537820;8
4064;1619;1481545084;18
597;2081;1481544139;10
721;520;1481529288;14
1223;4395;1481513080;14
1881;2901;1481543755;16
1617;5668;1481551385;12
1467;1922;1481516065;12
2385;3745;1481540571;18
536;2467;1481533953;12
2651;3;1481531363;18
2159;2208;1481538965;4
1422;3469;1481547246;10
5722;951;1481550628;18
5618;569;1481528178;18
2500;430;1481510657;14
5353;1300;1481511073;16
2925;613;1481549192;18
2335;5579;1481508943;16
5613;4421;1481517850;16
1760;4671;1481537061;14
1648;3400;1481521034;12
5718;3657;1481550239;16
3035;3866;1481509921;6
4260;3490;1481528381;12
2598;1238;1481514411;10
4881;1730;1481546970;12
4065;3938;1481508667;14
433;1532;1481537736;12
2668;1724;1481520287;10
424;903;1481545393;14
127;5026;1481517780;10
1333;1232;1481518792;12
2919;2736;1481546822;6
141;1270;1481512941;2
3953;5279;1481516670;12
2332;5088;1481547251;8
2446;1062;1481529145;4
952;1634;1481540862;4
1177;2228;1481547977;6
2042;381;1481506644;18
1879;5028;1481534842;2
3185;2701;1481506474;18
1291;3056;1481520321;4
873;3316;1481551270;12
1129;2106;1481507473;18
2317;1186;1481516571;8
2908;4376;1481526366;8
2738;3850;1481541833;10
1328;1561;1481545163;14
5466;3512;1481541490;8
191;1957;1481520597;4
5579;2996;1481532374;8
2321;5416;1481518274;12
3859;3652;1481551158;4
2909;4390;1481537864;4
5559;5028;1481542533;8
606;698;1481509634;6
435;1814;1481509492;18
10;1079;1481536140;6
4978;898;1481507997;16
3372;2279;1481540075;10
2543;3753;1481542924;12
1638;4372;1481546535;6
1904;3964;1481509160;4
4669;4332;1481530319;6
970;179;1481534151;10
5670;309;1481542271;12
644;678;1481538470;6
1151;1364;1481532586;14
2476;2189;1481530135;6
5635;5288;1481531722;14
3312;441;1481508261;8
2301;5573;1481517163;4
5157;427;1481541960;14
1371;3850;1481511356;12
179;484;1481512987;16
3323;2408;1481531586;10
2654;2049;1481523825;8
1412;955;1481509982;14
2950;84;1481531003;10
2463;1740;1481542847;16
3856;1669;1481534953;18
1801;5680;1481527170;6
1204;3924;1481512329;12
2510;2934;1481543317;6
2401;2071;1481542358;2
3000;5351;1481542894;12
3916;5812;1481523398;4
921;1797;1481544163;4
3561;1933;1481546566;14
1907;3680;1481533632;8
1746;1494;1481535814;16
1994;968;1481509570;16
678;1873;1481544522;8
5316;2489;1481536667;8
614;588;1481535939;6
4015;3483;1481509304;18
4324;502;1481512018;18
2628;720;1481535843;12
4076;316;1481509053;12
528;3782;1481546093;2
3748;5577;1481540428;6
3332;2111;1481525724;10
4822;2115;1481529885;14
2029;2419;1481513859;8
3280;5157;1481547927;4
107;5502;1481523071;8
1697;2865;1481530755;8
304;5343;1481515898;8
2289;2299;1481525016;18
2532;1;1481540133;18
2376;2237;1481507292;12
2949;2841;1481545972;12
1835;652;1481508987;16
1545;2059;1481543478;14
1933;5026;1481538761;8
1110;3654;1481547832;12
92;1865;1481545160;18
2216;2;1481510462;18
5268;3618;1481515019;12
3977;3020;1481513670;16
2103;3565;1481549146;10
83;3237;1481518409;10
2981;4238;1481519980;8
640;4669;1481537863;18
2557;337;1481524580;6
5409;1331;1481514552;12
1863;945;1481543045;16
4336;4174;1481515121;6
2812;99;1481527920;16
2021;5681;1481519477;14
787;1;1481541267;16
2532;2312;1481511864;6
3787;2855;1481534458;18
3688;398;1481532399;14
3240;2108;1481547594;12
1678;1208;1481546362;18
4600;3210;1481526746;10
4591;4251;1481541991;18
671;4949;1481531514;10
4295;657;1481521486;16
5172;4994;1481540333;6
3115;1646;1481508025;2
1780;3110;1481544734;16
4049;1976;1481515434;18
5449;429;1481543620;10
1257;2291;1481506340;16
2780;3683;1481530874;2
3902;372;1481547156;6
1381;5521;1481539105;10
3902;4422;1481519031;14
3604;682;1481547061;14
249;5762;1481525273;18
3403;55;1481544285;14
2741;4569;1481550228;18
2927;1363;1481513226;2
487;5418;1481507357;8
5534;3712;1481545533;14
4086;5608;1481530587;8
3605;5432;1481528331;12
2890;1972;1481528029;4
871;885;1481510332;10
482;5852;1481543207;8
4993;842;1481509834;8
4998;2873;1481513402;14
3472;5759;1481542107;2
5529;249;1481533812;4
1601;1866;1481507369;14
1859;3206;1481533407;10
3008;382;1481540229;16
1454;3414;1481511706;16
1941;2264;1481525441;10
1236;929;1481539563;16
2667;4519;1481512106;2
3894;4974;1481543256;16
763;3695;1481508669;16
4282;2353;1481515216;2
964;4040;1481522461;2
4197;1620;1481518756;10
1810;1637;1481511921;12
3174;4298;1481537474;4
2667;3397;1481536454;16
2350;3612;1481533787;16
4577;2339;1481549040;6
3900;3700;1481550834;6
596;1498;1481535724;12
4951;3661;1481534459;4
4180;5320;1481523258;14
1116;1165;1481538256;12
3174;1380;1481536074;16
3932;5336;1481525308;12
1690;3471;1481538295;18
956;2215;1481537698;12
5010;339;1481543380;2
284;3317;1481518983;12
2219;5155;1481521967;12
1473;4013;1481517063;6
1880;5655;1481516747;6
4284;3168;1481532609;8
3585;3143;1481528508;18
1903;198;1481550950;2
2126;4976;1481549587;12
3118;2162;1481524085;16
5619;4244;1481520362;12
523;4411;1481509397;16
5740;1434;1481533583;18
3288;2700;1481538089;6
3545;3577;1481534792;12
4696;5452;1481543234;2
896;5372;1481510829;8
2294;5813;1481518017;14
3135;4075;1481529493;8
2881;1079;1481546518;12
610;3887;1481530524;16
1337;3165;1481552058;4
798;2359;1481524308;18
3519;224;1481519482;18
3113;663;1481543180;2
2957;426;1481519086;4
1528;4593;1481515664;10
3530;2070;1481551256;10
5303;2325;1481537012;4
2247;3593;1481528094;14
234;1465;1481531643;4
2718;3025;1481527159;6
577;3654;1481523527;8
4238;925;1481509238;12
1054;4294;1481513448;8
3803;899;1481538302;14
3334;1733;1481509208;10
2652;135;1481548574;16
3838;636;1481511058;2
1122;3922;1481509968;16
4104;3247;1481529936;4
269;3338;1481520757;14
5353;2268;1481521412;18
3539;752;1481540969;14
68;729;1481535337;10
4985;108;1481509694;12
2033;1134;1481523365;16
1638;4352;1481547019;2
630;1999;1481526356;14
693;5594;1481510457;2
1217;887;1481525608;6
1837;5844;1481520479;2
2795;3460;1481543446;8
3167;1178;1481513121;6
118;4485;1481532595;14
720;4892;1481528488;6
2286;5465;1481541851;10
60;125;1481515124;14
2736;4245;1481540090;4
488;3866;1481512811;6
4039;3742;1481526018;18
3215;1494;1481535511;4
5358;5863;1481526702;6
5633;1112;1481511063;2
5146;1202;1481542110;4
3246;3836;1481540720;2
2012;1203;1481550191;10
1807;619;1481540338;12
3954;4854;1481543189;2
104;480;1481525029;18
3419;1684;1481517862;12
2989;1226;1481544463;4
944;3450;1481539458;10
1360;3226;1481530776;16
2046;3039;1481550300;18
785;3226;1481516054;16
4086;3289;1481513758;18
3789;4096;1481530771;4
3576;5838;1481517881;12
467;2553;1481511864;14
4203;1985;1481514800;6
1788;1469;1481511364;4
3249;3616;1481516332;4
710;3607;1481526851;10
2942;515;1481551220;10
956;2128;1481513672;8
1665;690;1481525330;14
441;6;1481531256;6
4517;2209;1481514366;10
5162;2219;1481528367;2
4194;2899;1481549858;6
4197;1496;1481511077;8
2688;2968;1481510376;18
757;5161;1481510657;6
1909;2957;1481532090;12
2186;1976;1481550280;10
314;3650;1481551293;2
674;577;1481520981;18
1354;2242;1481511772;8
1264;373;1481547264;8
5455;3278;1481513408;4
1876;2129;1481538647;8
2926;2597;1481526567;12
355;5798;1481540502;6
2048;821;1481512744;10
4716;2211;1481538339;18
2728;3833;1481529255;12
3011;2220;1481540407;6
4804;2197;1481550482;14
1410;857;1481513200;10
4550;716;1481519461;18
1671;4477;1481521527;2
464;4438;1481537068;18
2717;1991;1481530221;4
2029;924;1481522438;18
98;856;1481539881;16
992;2205;1481533005;12
124;1806;1481548676;6
2069;4604;1481532285;12
3362;4976;1481542631;8
352;5317;1481539833;14
4483;2666;1481539824;18
136;2760;1481530345;14
3739;558;1481533468;2
3395;2081;1481547026;16
5014;4070;1481551527;8
2889;1136;1481543241;10
965;3419;1481512289;6
341;1324;1481535939;2
2549;2707;1481541841;6
5431;130;1481514471;18
186;836;1481529991;6
3614;511;1481544309;16
455;3472;1481533360;18
4167;1855;1481514257;18
1945;1068;1481511088;10
2304;164;1481522718;10
3805;833;1481532787;8
1625;490;1481507305;6
1574;2905;1481516278;14
1346;2892;1481536484;18
4095;2771;1481533398;6
55;101;1481522803;12
3337;568;1481549510;8
3974;4732;1481523277;14
3163;3276;1481539095;16
1586;2740;1481532823;10
508;2429;1481518657;18
556;3648;1481546987;4
2182;5481;1481509150;2
1680;3922;1481529741;2
2067;230;1481523836;14
1276;2424;1481533540;4
339;2583;1481532218;12
121;3634;1481534895;14
4021;2504;1481543211;10
2591;1121;1481530823;12
1871;833;1481527892;16
2143;4248;1481531130;2
4032;3327;1481510148;2
1876;3797;1481538474;2
281;5083;1481536645;10
653;2399;1481514648;16
1235;1856;1481538181;14
2010;3195;1481506957;6
5546;4391;1481534370;2
5418;2305;1481550940;12
2305;4416;1481539970;14
4001;2288;1481549589;8
625;152;1481506685;16
4104;1833;1481519461;6
2506;2691;1481523995;2
263;870;1481510182;8
2963;343;1481509343;12
959;2688;1481518248;4
5377;1019;1481542269;10
242;3780;1481523403;10
5031;499;1481526895;6
4964;2129;1481524073;10
2647;1342;1481527940;2
1568;2331;1481531767;14
3069;5736;1481524522;14
2551;2089;1481507663;2
283;194;1481527636;2
2232;5346;1481533270;14
4890;1231;1481525822;8
2271;316;1481549561;2
641;5614;1481551522;8
2807;573;1481538566;12
2063;466;1481526094;6
3923;3011;1481524396;18
2435;3370;1481508688;2
5405;1016;1481523426;12
3190;1486;1481534224;2
3213;3210;1481532186;4
3348;1744;1481510792;10
2193;3201;1481526675;8
2374;885;1481540401;2
2817;493;1481522129;16
3850;3333;1481543835;10
93;3719;1481515594;2
3516;3429;1481508980;6
4833;558;1481524421;16
3721;2013;1481516706;10
1012;1523;1481534975;6
3602;4737;1481551995;2
3772;841;1481511340;18
1821;2434;1481513434;14
2951;4339;1481527587;8
1753;3785;1481515581;18
4247;2738;1481520443;4
1775;761;1481534070;14
4294;1473;1481516472;16
3654;673;1481533677;6
403;5855;1481510264;6
5731;5812;1481548213;10
4428;5413;1481550158;16
3623;5383;1481535108;4
4808;2159;1481543937;10
1801;3314;1481517746;6
4364;410;1481506263;14
1295;4669;1481551957;18
5604;4747;1481544462;16
5509;1551;1481536555;18
4102;4967;1481542833;14
3573;4239;1481540637;12
276;2324;1481508469;2
5708;2735;1481544036;14
2332;3237;1481549904;12
1931;4327;1481533508;14
4026;2662;1481531675;6
937;1796;1481551544;6
3289;4119;1481545986;18
947;4737;1481551833;2
1509;5704;1481550024;16
4176;452;1481531022;8
4195;5844;1481548351;4
3445;153;1481527490;6
5642;2187;1481546547;8
1725;1455;1481542755;2
4913;120;1481518573;4
2242;2972;1481516470;8
3706;978;1481507716;16
722;5704;1481512268;8
2625;462;1481508745;4
1473;5005;1481526844;8
36;1480;1481516805;16
5769;1607;1481540778;18
1055;4303;1481534312;2
2963;295;1481520153;8
5509;4565;1481528034;12
2403;2882;1481550415;2
5630;969;1481523553;12
2475;3818;1481507881;6
1145;3762;1481527048;16
5544;1979;1481542351;8
2332;3765;1481534249;4
1721;679;1481551343;4
3154;5781;1481526319;18
2249;3660;1481520896;18
2712;1051;1481534981;4
1595;3285;1481529781;18
842;5813;1481529416;12
3771;2468;1481519503;2
3017;1590;1481551126;14
5373;1577;1481521436;14
1848;2409;1481516174;2
3471;1657;1481535323;10
4386;2605;1481549335;6
2841;4700;1481521466;14
3699;1933;1481521868;16
2182;5386;1481508139;18
1421;676;1481508687;16
4817;1404;1481527384;16
2627;1489;1481541505;8
899;3560;1481524362;12
1421;5617;1481516901;4
1042;5090;1481507015;16
2277;3953;1481524969;16
1818;2337;1481540025;8
342;1603;1481506648;6
2996;4414;1481530274;12
2375;576;1481513494;18
3794;1951;1481548338;18
735;570;1481545800;4
5303;2809;1481548263;4
5771;1502;1481510987;2
1003;4605;1481512809;16
846;3467;1481518854;18
1966;5457;1481538617;4
860;2047;1481532345;8
3377;5264;1481536963;14
5496;1096;1481526024;6
1274;3378;1481551604;6
4323;4562;1481544601;16
5286;1000;1481534975;12
465;4963;1481529621;16
342;3899;1481524590;18
308;2053;1481506391;12
461;4552;1481542664;18
5855;1430;1481513707;8
437;2080;1481524355;18
1839;3039;1481514836;16
1659;2472;1481511230;18
262;2822;1481548262;18
718;1620;1481512267;6
2001;4231;1481540554;10
387;4233;1481531611;16
4335;1056;1481510480;16
3781;4039;1481551994;10
46;2446;1481528302;16
2437;2781;1481521726;2
3004;3147;1481529615;10
3476;1279;1481545772;6
1657;5342;1481508950;14
4073;696;1481544139;12
2968;3557;1481525021;14
3850;756;1481547181;18
4068;3377;1481514699;10
4400;4485;1481532147;10
3169;3301;1481539405;18
2134;4484;1481514930;16
1781;2236;1481518756;8
2484;1118;1481509502;6
2064;3393;1481548430;16
566;58;1481551016;12
5866;1789;1481526444;16
1104;201;1481552130;6
2724;2432;1481545027;16
3110;1389;1481521316;4
1707;1899;1481510154;14
5735;5645;1481509801;12
3966;1910;1481533037;10
2223;2352;1481525365;14
2611;1491;1481509722;18
877;2854;1481549056;4
3946;5761;1481521685;12
329;1675;1481515025;6
529;1792;1481525235;18
2035;4585;1481545608;16
839;3656;1481528514;14
2360;4304;1481547991;10
2396;2279;1481551230;18
2916;1061;1481535119;6
662;57;1481510921;10
298;3416;1481512343;6
2998;2283;1481523053;16
2334;5741;1481534395;2
2007;253;1481524982;6
3878;4992;1481551396;4
1656;5139;1481530303;8
2777;1405;1481522626;16
1274;563;1481547808;18
1557;3438;1481550956;14
5742;2701;1481506368;18
2599;2941;1481537382;12
1813;817;1481518189;2
5459;1568;1481536988;16
4390;2063;1481507749;8
2296;4973;1481516769;10
5567;937;1481518539;6
1857;1457;1481520404;4
1233;4607;1481547136;2
1968;1451;1481528616;12
1312;867;1481549103;2
356;4732;1481546312;14
3158;3724;1481550093;12
5858;621;1481508580;18
2940;3443;1481511155;12
4250;3584;1481540127;2
1836;997;1481534723;18
4348;3998;1481513371;14
4095;2470;1481509003;2
5480;1226;1481521624;10
5582;4362;1481548555;14
956;2537;1481521946;4
2942;5852;1481535713;10
2900;5264;1481532263;6
2971;5632;1481516913;2
2407;2292;1481550508;16
653;5451;1481530011;4
874;18;1481518607;16
2826;173;1481524057;10
3270;2054;1481536707;16
424;2155;1481542374;12
1526;4086;1481527055;16
1953;2581;1481519453;12
1890;2561;1481512356;16
1764;5096;1481511703;18
2711;5009;1481550769;12
535;1740;1481526281;6
3413;806;1481512104;4
5787;4373;1481537872;4
405;191;1481532741;12
5352;3540;1481517354;8
2453;1827;1481532422;10
2541;62;1481510584;18
2476;3314;1481551669;8
505;5650;1481524503;8
1748;1018;1481547640;16
2428;371;1481526167;6
618;2290;1481509981;4
5315;2563;1481545007;14
1632;430;1481538711;14
1923;684;1481514396;14
4399;2618;1481529075;2
3155;2813;1481520490;14
1685;404;1481514327;12
3754;342;1481550612;18
121;5346;1481532740;12
899;3036;1481543462;2
2768;1841;1481523003;8
3757;2068;1481510125;8
2452;3992;1481521105;18
4430;5084;1481512009;14
2780;2784;1481528161;12
1353;2288;1481522020;12
2607;3968;1481543521;8
5761;137;1481515369;6
5677;2510;1481529019;8
4399;3356;1481537909;12
3939;1833;1481506612;14
3150;15;1481509003;10
1250;3480;1481542807;4
2435;1187;1481549332;8
966;609;1481518160;18
5477;3867;1481545304;8
2305;3290;1481537352;6
1527;2059;1481506207;8
3467;2492;1481518230;14
193;1583;1481539145;14
2984;1651;1481523198;18
1243;1512;1481516628;10
778;5037;1481524013;2
2304;4145;1481545900;10
2593;398;1481552306;16
3819;2691;1481526432;16
2649;5321;1481536031;6
4185;4611;1481517311;18
3267;5679;1481517205;2
5597;2884;1481511949;12
3351;414;1481511010;4
713;2264;1481528291;16
1551;4420;1481524376;12
5395;1570;1481517049;16
5581;2667;1481518084;2
2051;625;1481541680;18
3917;4842;1481520034;6
5352;3898;1481550853;6
4739;5631;1481538443;2
268;2663;1481509103;14
184;2266;1481532429;4
823;3008;1481550730;8
2592;4014;1481526669;6
1838;898;1481547219;18
4435;317;1481547828;8
2432;755;1481549624;2
5279;814;1481537243;14
5597;3909;1481521042;8
4605;612;1481510194;18
3634;3896;1481515260;10
5607;1984;1481551965;12
44;5341;1481527063;2
2971;4121;1481538221;18
4602;4383;1481522851;2
1866;623;1481537982;8
2450;4242;1481507873;6
5526;3793;1481523688;6
2051;1087;1481544753;12
1085;3314;1481521671;2
343;3368;1481545161;4
2057;5413;1481507397;6
5088;4230;1481527766;14
3099;5855;1481508929;10
253;2945;1481513178;6
5799;3350;1481536936;16
489;5491;1481543951;16
3295;5659;1481517478;18
175;3927;1481536295;10
5598;4126;1481508772;6
5366;483;1481510204;16
2541;3793;1481517700;16
5583;1105;1481549253;12
402;520;1481508751;6
4406;1369;1481508365;16
1242;3656;1481519634;16
2119;656;1481510944;2
5448;5659;1481550281;16
3649;5628;1481548902;4
3441;70;1481543126;16
2515;631;1481530442;2
1206;2215;1481514633;14
3025;5007;1481541932;14
3533;1147;1481527196;10
1204;905;1481508953;16
2173;3785;1481525086;4
608;3503;1481509932;12
2234;4608;1481510262;2
582;4625;1481510129;2
2181;5545;1481543216;8
727;5712;1481509883;18
814;2830;1481527671;8
2090;2631;1481531404;6
1137;2456;1481535283;4
1584;1707;1481508504;10
1581;5642;1481517810;2
4592;5839;1481509964;16
5477;2804;1481547196;10
1377;436;1481515978;18
630;2194;1481541905;14
583;5012;1481534891;12
69;4399;1481533926;12
4197;5672;1481524980;10
1674;3226;1481541051;2
1417;1850;1481525560;10
2930;2243;1481544142;18
818;4035;1481531045;6
586;3011;1481536257;6
2910;1233;1481547539;4
397;3004;1481522780;6
63;1807;1481508219;16
3509;3361;1481531446;18
5646;3252;1481516810;18
2093;1866;1481538325;18
5518;1102;1481542221;14
4240;3579;1481539505;18
1616;120;1481522859;14
1522;2416;1481543147;12
995;3994;1481525418;14
3688;5094;1481509536;6
4330;882;1481508457;16
2866;3403;1481539403;4
1825;3292;1481540972;10
2418;3055;1481527736;2
1607;3698;1481509399;4
5646;5730;1481535054;12
3934;3432;1481545763;4
1566;1540;1481508472;16
4150;4384;1481521613;18
3491;5558;1481524925;4
2486;4427;1481534461;10
3973;3247;1481546679;6
4010;1977;1481540078;14
800;2799;1481523499;2
3919;4597;1481509255;2
1907;1212;1481533227;6
2360;1067;1481542292;12
5671;4336;1481545506;8
3185;1161;1481535748;6
1102;2534;1481520629;6
4113;5002;1481524458;18
1079;3161;1481536255;18
4207;678;1481541433;18
5419;642;1481526675;12
2446;3033;1481542432;6
3696;5400;1481538766;2
21;2753;1481535375;10
4605;3156;1481532912;14
4397;2873;1481534305;6
3975;1246;1481548728;4
1298;1168;1481524468;6
5364;2547;1481510708;16
1857;1666;1481512029;14
1538;3214;1481546615;16
1578;1164;1481509605;6
903;575;1481538094;12
5600;2138;1481507931;8
5407;2776;1481514919;2
2511;1878;1481525539;12
5735;292;1481516381;10
1248;2491;1481537479;14
3173;2121;1481551092;14
4988;424;1481529908;18
2909;4621;1481516207;6
4688;4589;1481543249;8
5441;3322;1481526834;2
1658;3442;1481537230;2
2675;5564;1481509762;18
547;5318;1481545576;12
5084;1740;1481513578;10
624;776;1481548213;14
3891;4402;1481514233;14
2049;1327;1481540713;8
5478;764;1481532502;8
3477;1476;1481510117;6
242;4020;1481551300;8
2269;2888;1481512308;6
1511;3616;1481531472;12
1006;3645;1481520700;6
1116;2669;1481542698;12
3623;488;1481551307;16
2591;3955;1481531109;8
502;2106;1481511497;14
5336;5584;1481538828;4
5308;4308;1481524114;14
1974;1599;1481517806;18
3948;761;1481545937;14
1763;4266;1481547042;18
1109;480;1481548598;14
1974;1727;1481544420;16
2501;3319;1481530646;12
3493;1224;1481544543;10
122;545;1481529937;4
2167;1240;1481531298;16
5816;248;1481519971;14
168;4067;1481535421;18
1821;4336;1481544036;16
5742;5649;1481537171;6
2766;3808;1481518580;10
1518;454;1481528237;16
5394;1673;1481514313;16
3214;3175;1481516129;16
578;3771;1481508101;6
1374;3381;1481519973;4
1038;708;1481527233;10
4263;1215;1481551790;14
3787;1025;1481508001;4
2570;4617;1481533934;8
843;3556;1481538521;8
1896;4002;1481513300;2
4059;1951;1481546768;16
5500;1930;1481525342;8
1258;1192;1481529996;14
1266;3719;1481534031;4
2903;1599;1481540368;12
1526;2580;1481548438;10
4158;2533;1481515920;18
1810;3359;1481525907;10
2222;2032;1481525476;10
3281;4330;1481545635;12
2331;4120;1481521697;12
1129;4036;1481544518;2
3503;4383;1481506568;16
5423;1269;1481527606;18
5730;922;1481536933;10
1196;4073;1481549768;14
4443;1055;1481519597;12
847;2306;1481517620;14
128;1012;1481515897;18
4180;4347;1481516747;14
5639;3631;1481543908;6
5561;2891;1481515812;10
2083;745;1481517507;2
2352;5537;1481514506;6
3643;1681;1481548457;18
3817;1668;1481522852;6
1134;118;1481549122;16
5516;1059;1481551097;12
2245;2184;1481514338;6
5769;4358;1481529412;10
1119;1811;1481540343;14
5026;1648;1481535655;16
2933;5458;1481507065;14
1629;2553;1481512398;6
1302;982;1481532006;4
1028;770;1481510338;16
3269;2822;1481527378;6
3713;3629;1481522052;18
1844;5613;1481529697;14
527;484;1481532554;16
5527;2404;1481531862;8
3105;2022;1481541747;10
2176;3704;1481517785;16
1259;2027;1481525408;4
5733;1004;1481516053;14
2757;832;1481539238;4
4289;2502;1481543535;2
548;4811;1481522942;8
4075;3791;1481537758;14
5732;1899;1481521505;18
375;5269;1481530169;10
2838;2667;1481536354;6
5572;1700;1481543347;10
2200;5162;1481550984;8
3787;2970;1481517263;8
5540;238;1481541424;18
3032;5715;1481541188;6
5432;709;1481522602;18
5549;3455;1481548231;18
5343;774;1481523343;10
1364;3050;1481541228;18
2639;76;1481516717;4
1952;2050;1481523548;8
1729;3643;1481548174;12
5468;4833;1481544559;12
2993;1768;1481544825;6
563;367;1481532297;6
4599;594;1481530155;14
2977;3013;1481532795;18
4739;4012;1481539092;14
3987;4736;1481508671;6
3245;3210;1481515435;16
1946;4007;1481550570;10
453;1766;1481518168;12
3016;556;1481513260;14
4309;1579;1481525420;6
2993;136;1481541579;2
2568;382;1481542154;18
1699;700;1481509232;2
2430;841;1481523026;10
1646;4384;1481528365;14
1000;3449;1481533953;10
3458;5346;1481520258;16
5637;1927;1481536092;6
3760;3223;1481509134;8
703;700;1481509956;6
1925;4841;1481527763;16
5806;2747;1481529905;14
2348;3307;1481543164;12
2791;3993;1481544329;4
5736;2832;1481523973;4
4265;1181;1481551127;12
2809;2716;1481530195;12
5778;3651;1481510380;8
2871;3228;1481544518;16
2473;33;1481522250;12
2554;4474;1481533692;4
4594;3173;1481511011;10
3857;2074;1481540778;8
5023;146;1481546910;6
4700;5267;1481522733;18
2179;2770;1481520482;4
3986;1595;1481547618;4
753;1333;1481508999;6
2545;5662;1481507516;4
2644;4314;1481518419;12
2994;3515;1481534195;8
1587;5625;1481533594;2
1307;4847;1481512301;10
4047;5156;1481527363;6
2649;607;1481539727;16
123;5398;1481518144;6
2778;1425;1481531322;10
2040;3006;1481549925;6
3642;5569;1481547051;16
2239;1835;1481536315;4
2650;1142;1481511183;16
2119;5147;1481531759;18
5030;3027;1481506343;4
5306;1525;1481546299;2
3458;4360;1481507720;8
4405;3580;1481550847;8
1057;4842;1481519043;6
3824;3507;1481506974;10
851;1972;1481533599;12
2732;4058;1481506263;14
5265;865;1481550874;16
4577;2801;1481549923;6
1548;4144;1481538658;6
489;3858;1481519986;10
276;4419;1481536756;12
2115;5035;1481507932;2
4256;4076;1481543511;16
4839;3894;1481513328;6
2437;1090;1481545637;4
1839;4853;1481523176;2
3010;5442;1481512010;4
2240;677;1481550632;10
2351;2380;1481509713;12
4244;2750;1481528309;6
954;798;1481546351;6
767;3846;1481550279;4
5415;4333;1481526800;12
2823;5853;1481542688;2
3878;3943;1481547411;16
801;24;1481545586;14
2456;3538;1481522923;6
5083;3806;1481524215;2
4437;160;1481546669;14
5386;2224;1481539371;4
5658;4068;1481545682;12
5099;3653;1481530769;6
2775;4826;1481543671;10
1587;4591;1481552149;18
469;214;1481510704;18
2204;2089;1481520858;14
3680;2422;1481509752;6
5305;1870;1481526089;18
1215;4163;1481546482;14
4688;5270;1481536477;10
1677;135;1481519064;12
2761;2095;1481535876;18
2562;427;1481550821;6
3142;2166;1481525944;10
1872;847;1481546613;6
2322;3181;1481519140;2
2865;1243;1481531703;16
562;2287;1481541535;4
5625;1055;1481506910;16
2421;2396;1481540694;6
2765;1979;1481523764;4
352;702;1481546410;12
824;275;1481530117;14
3801;1792;1481508756;12
4562;5673;1481527943;8
400;5511;1481548581;18
1526;1425;1481532424;16
919;1248;1481520614;6
1931;607;1481514841;6
578;3375;1481544282;4
1295;2704;1481527080;18
4276;3580;1481535294;4
1423;2055;1481521830;14
4979;1964;1481532489;18
3034;2873;1481550722;10
2043;1111;1481534121;12
3956;3390;1481551673;12
3819;2737;1481551580;10
5384;361;1481537712;8
2792;1386;1481507381;2
991;3926;1481529349;6
5026;4179;1481513491;14
1020;2916;1481526800;18
835;3249;1481513065;6
1615;93;1481525138;16
2217;864;1481520525;14
271;1002;1481528970;14
912;5516;1481540948;14
4258;637;1481541688;14
4572;4696;1481548584;2
350;3151;1481531721;4
1937;2317;1481511333;4
531;2186;1481524244;6
2228;2975;1481524241;10
2492;5615;1481508192;6
2543;159;1481519331;16
3859;3046;1481514427;10
2170;3333;1481541840;18
4958;4830;1481527994;14
3104;2103;1481546807;2
295;215;1481525143;14
4017;1339;1481513546;12
3834;1133;1481547377;8
5666;967;1481551388;12
2342;3109;1481526435;2
1097;7;1481522342;6
1356;1646;1481538586;18
3637;5489;1481528280;6
4075;2123;1481551086;16
3903;5014;1481512222;6
3619;1429;1481527323;4
827;334;1481531342;18
3658;4561;1481531787;4
493;3362;1481512187;18
3420;565;1481540373;8
1409;1452;1481539112;18
3698;2070;1481534374;8
4372;2545;1481544956;12
1370;211;1481529293;16
317;3826;1481552295;18
4978;2208;1481548527;16
5347;3503;1481548254;8
2198;3610;1481530233;18
5506;2568;1481520146;10
2811;3399;1481528371;10
2194;4372;1481511509;2
5512;3210;1481527611;14
2200;5481;1481510216;8
5789;4028;1481527821;18
1518;792;1481545645;14
3330;5352;1481535907;8
5559;1845;1481519983;4
3504;214;1481521547;2
2062;2808;1481546407;16
3036;371;1481546247;4
5100;1068;1481542428;12
1323;3620;1481536017;4
4666;1351;1481543734;14
5863;50;1481551984;12
445;3659;1481511634;6
2849;2360;1481543900;12
685;2981;1481508207;18
1230;1750;1481543733;16
3774;5759;1481516218;10
3243;3895;1481512263;2
2906;1908;1481512461;10
792;1528;1481541736;18
3071;4577;1481550545;6
871;3638;1481509649;6
3203;2194;1481512252;6
1824;1811;1481536327;12
4598;305;1481549068;12
3775;4590;1481527428;10
630;1478;1481544130;14
3628;400;1481545579;14
928;2909;1481527239;10
4593;1831;1481549986;2
4845;5667;1481545835;6
2710;2276;1481530391;8
5546;1246;1481519453;8
4351;3222;1481540288;14
853;5350;1481528792;4
1852;1951;1481508132;4
3621;3959;1481529382;16
452;455;1481521903;4
5031;2581;1481512355;2
6;3921;1481551997;4
1272;2;1481530395;8
1533;5370;1481509412;10
3772;3512;1481547579;10
4283;3745;1481514862;12
2303;926;1481533248;12
1227;3546;1481514744;14
3409;5143;1481534720;18
3244;5668;1481525344;10
1271;3158;1481521542;14
2771;4001;1481512358;14
3638;1341;1481544178;16
520;2464;1481527501;6
5608;2997;1481520790;2
3870;5650;1481506579;16
1141;5382;1481546287;16
3881;594;1481531366;18
2712;1653;1481511921;14
4390;3245;1481546140;8
35;1005;1481520318;2
600;1284;1481527360;12
1301;65;1481532908;8
2172;3298;1481507624;2
4262;1065;1481514022;2
1456;2002;1481537669;8
3465;3573;1481531365;16
2164;248;1481507136;6
1429;1562;1481525176;6
5286;4393;1481550859;8
3603;802;1481551642;16
5737;4016;1481539692;8
4849;1258;1481523226;16
3587;2387;1481541865;4
3205;3214;1481547812;16
2930;1143;1481541063;16
2869;130;1481544404;18
2890;3747;1481530085;2
5474;496;1481542994;4
1526;3875;1481507716;4
2189;4840;1481530642;4
5019;3369;1481526802;14
4004;2282;1481523828;18
1922;2750;1481552185;14
3637;5357;1481542836;12
3742;265;1481525753;2
3318;4310;1481538597;16
1960;837;1481537194;4
4484;2014;1481537724;16
3606;4577;1481506426;10
478;1055;1481515177;14
4247;727;1481510283;8
1907;4850;1481546225;4
1115;5739;1481543524;18
3921;2137;1481533068;4
4416;3309;1481516391;8
3394;3766;1481524527;12
2060;361;1481541632;2
4612;5336;1481544004;16
1090;1835;1481517550;6
372;4735;1481512085;18
3313;3536;1481531753;14
2455;2332;1481536973;8
2278;2348;1481523709;8
1623;4148;1481518544;8
2038;2487;1481522917;18
5780;1230;1481525874;14
1151;1181;1481532876;2
3689;1979;1481508369;8
88;3383;1481536520;4
3841;217;1481539044;2
1545;3299;1481509608;18
3236;4424;1481514361;18
3375;508;1481512655;8
1098;4368;1481507143;6
197;363;1481533067;2
2204;959;1481509459;18
1956;2756;1481547414;4
2361;290;1481519838;6
1723;1518;1481515042;16
3955;3614;1481523909;12
2848;1982;1481541215;8
5718;2843;1481526494;6
4733;452;1481532358;6
3727;5586;1481547029;14
1365;1332;1481545709;2
1882;1698;1481511763;2
1583;2289;1481538151;4
3397;2761;1481531815;14
2051;5314;1481522440;4
4402;3869;1481508451;4
3170;3868;1481514642;18
1835;2007;1481549295;16
354;484;1481550972;2
5526;3924;1481536201;16
1669;812;1481509714;6
5161;5030;1481532197;14
1073;3227;1481506917;2
137;2197;1481507871;12
2066;81;1481530520;8
1810;18;1481519684;4
5499;974;1481527540;6
2321;907;1481535385;2
2443;1682;1481532159;8
181;3753;1481531769;2
650;3404;1481539608;6
4848;4384;1481522906;18
4910;3660;1481513534;10
5568;2869;1481531331;18
2171;2255;1481549056;12
4126;2430;1481532901;16
1167;2922;1481543265;8
4949;2663;1481540814;16
2687;2113;1481552077;4
3239;503;1481508303;6
665;5394;1481513877;12
2648;786;1481521752;8
4415;4348;1481546021;6
3702;3076;1481519474;12
3775;4293;1481524558;12
5505;5436;1481551675;12
3485;2494;1481542807;2
328;3463;1481519645;8
1536;4564;1481552151;18
3813;2726;1481512468;6
1206;990;1481544130;16
875;2748;1481515831;18
4336;3099;1481515305;16
1461;1543;1481538621;6
2708;653;1481521315;18
4516;539;1481528984;12
2243;5405;1481533935;8
4624;3292;1481520713;10
808;3438;1481548808;14
78;4419;1481518091;8
2877;3999;1481539767;14
1955;5727;1481507822;10
1807;209;1481544101;18
2134;3044;1481533591;16
3174;853;1481529294;4
3992;2746;1481537390;6
2437;2994;1481549539;14
3233;3979;1481540097;18
4076;161;1481551945;2
470;2250;1481511019;18
2075;1943;1481518082;12
4311;872;1481517996;12
1673;110;1481544928;12
1516;1890;1481547530;14
3112;466;1481548901;6
5462;2075;1481521294;6
2422;1587;1481541358;16
1568;1806;1481539850;16
3163;5554;1481540508;12
1877;470;1481530670;4
321;3213;1481545294;12
1770;4615;1481516488;10
1902;872;1481531570;2
1637;4273;1481526499;14
803;2186;1481539613;16
308;2551;1481517171;14
2388;2412;1481541479;18
3127;1986;1481547246;10
5519;2285;1481525354;12
3645;263;1481526086;16
1239;296;1481521389;8
5774;1385;1481514290;16
5771;2843;1481511178;14
3446;5341;1481522496;16
1451;1257;1481545919;10
798;1707;1481515717;6
1201;1525;1481544848;4
1634;4823;1481523171;14
1218;5758;1481541709;12
1700;5736;1481545086;10
1382;3828;1481512756;18
740;2924;1481528761;14
2026;3634;1481514664;4
5554;4813;1481506239;18
5002;1869;1481507230;6
292;2617;1481537543;12
3256;418;1481510591;8
3893;4978;1481548640;4
1179;4592;1481523397;16
1552;2036;1481509240;10
2975;5523;1481535828;12
3576;2166;1481519344;2
3894;570;1481523664;4
1185;5581;1481529328;8
3916;157;1481527336;8
5007;613;1481534861;16
3315;518;1481544532;18
3972;2289;1481519078;18
3609;2446;1481549289;14
1298;5327;1481507651;14
2722;1675;1481541578;12
1123;731;1481515554;4
5155;3919;1481548987;8
2980;3048;1481512725;8
4305;994;1481508051;12
4148;776;1481541118;18
1115;3239;1481541241;14
2770;3446;1481508194;6
4739;4282;1481525411;8
1553;2377;1481506403;8
3448;4590;1481510657;2
4842;1977;1481525580;12
1945;4817;1481544020;12
300;3398;1481521642;6
3127;2287;1481536769;4
5285;1992;1481507395;2
5839;4255;1481520664;10
3583;1624;1481544347;16
4978;4742;1481507539;18
5629;1915;1481543190;12
387;476;1481550333;6
3106;2581;1481543998;8
5286;5518;1481525937;10
196;3182;1481546505;10
2895;3620;1481526205;4
3710;5862;1481514874;2
2042;3801;1481521978;14
928;220;1481548798;4
5463;1890;1481533189;2
1627;399;1481509591;2
2299;3056;1481531357;16
4233;4237;1481543492;6
1298;3575;1481526752;12
244;1316;1481527731;12
582;3875;1481532983;4
3605;4262;1481518161;8
1970;472;1481534147;8
4434;1601;1481520850;6
4718;3803;1481534590;12
1189;158;1481532014;14
856;3971;1481516856;16
1414;3295;1481543001;16
1375;3786;1481537409;10
2758;154;1481551199;10
2054;1354;1481550137;8
1280;1191;1481544325;16
612;684;1481507195;10
5489;1166;1481541406;12
3296;5655;1481530355;8
3983;4613;1481533318;8
1590;2312;1481525969;16
2228;2179;1481539614;4
2008;2635;1481525460;12
3838;4988;1481542994;2
461;2086;1481538184;18
5501;3476;1481509404;16
494;223;1481546494;8
2556;1323;1481549656;2
1465;3870;1481511688;2
1895;2272;1481510912;8
4205;171;1481552312;10
1857;342;1481508734;4
1029;2946;1481515361;12
1703;1845;1481518686;8
4993;3938;1481519233;14
5421;3812;1481516182;12
3959;2262;1481547484;18
2604;2337;1481536351;10
259;1555;1481509268;4
1730;3143;1481551841;18
4371;3415;1481512611;14
2662;4484;1481508887;2
2132;4304;1481513336;16
3382;5612;1481507351;14
905;4806;1481552014;2
3018;2551;1481538491;12
3709;5587;1481549704;18
257;3748;1481511932;2
2845;2398;1481512674;14
5681;2403;1481522079;12
365;2970;1481520510;16
2108;2728;1481507329;14
28;4087;1481509107;16
2321;5765;1481514616;10
2923;4742;1481526859;10
2615;1744;1481515933;14
4955;5384;1481534649;6
1095;712;1481528123;14
3903;5346;1481527018;14
3777;4477;1481540049;16
1622;3808;1481533960;10
5001;1787;1481545939;2
2112;236;1481516671;2
1285;3689;1481518255;16
392;820;1481543573;4
5543;63;1481552004;4
1957;5859;1481528642;18
5172;1240;1481525050;12
482;3942;1481548419;6
4199;1404;1481515398;16
3910;4347;1481550602;14
3811;4061;1481521927;14
5381;4087;1481531223;6
319;3254;1481523384;8
24;3317;1481538422;6
5737;1783;1481534633;16
2878;689;1481532746;2
5173;255;1481546815;18
3379;2945;1481547467;4
2377;3739;1481539282;4
456;3170;1481519777;2
2559;3348;1481526095;2
2463;3295;1481549399;2
590;1704;1481549139;14
3074;983;1481512500;12
2989;3436;1481524257;4
3000;4610;1481521972;4
250;2207;1481550029;12
729;4346;1481506278;2
515;1010;1481511115;4
5733;2626;1481507157;8
2907;1313;1481525862;4
3759;5433;1481537071;12
3612;116;1481531471;14
4354;722;1481520154;4
2932;3357;1481524701;12
1317;2578;1481529901;4
3391;5775;1481521306;10
4956;839;1481539054;4
2209;1361;1481524812;16
1485;3713;1481534566;6
1067;2550;1481534262;16
1809;87;1481515051;8
3196;3263;1481549303;8
2838;5500;1481550608;16
1191;1959;1481514716;8
1057;2621;1481551771;2
2962;2403;1481506881;6
928;447;1481510465;10
394;483;1481523751;8
3224;4027;1481524497;14
2858;5663;1481539734;18
2088;3702;1481517891;4
5282;238;1481507797;6
87;2793;1481522744;18
1897;2498;1481507387;14
1123;3443;1481508531;18
3921;2487;1481536130;18
2568;3764;1481531568;12
5382;541;1481530045;14
2804;3988;1481508974;8
2986;505;1481526407;12
1111;163;1481508148;4
5550;2239;1481510024;6
1511;479;1481524810;8
3589;1928;1481509649;4
3113;109;1481528115;4
3611;521;1481522871;4
1604;3149;1481545793;18
2142;4567;1481533235;18
3767;2211;1481539284;2
1283;68;1481510145;4
1692;3897;1481535200;2
2093;1586;1481523701;12
5579;2208;1481515867;12
620;3171;1481529062;4
269;1673;1481547529;4
5626;1706;1481544982;10
1464;158;1481550241;8
725;2464;1481532747;4
2822;4913;1481515504;2
166;3811;1481549909;18
5031;589;1481531631;10
1205;26;1481519001;4
264;2020;1481513762;6
4256;2693;1481546327;8
976;790;1481549549;18
5469;1399;1481539990;6
3902;5712;1481509879;4
2079;3814;1481507525;4
1515;5510;1481509743;16
3954;1494;1481539578;2
1662;3197;1481544556;10
2817;3354;1481529830;4
1776;4807;1481506356;10
3082;3436;1481551589;18
5674;1465;1481516761;14
4953;5151;1481525569;16
490;13;1481531484;8
1168;127;1481524825;14
2310;5458;1481533315;10
3759;5393;1481534582;18
2337;3001;1481550783;16
5564;3861;1481548947;18
2094;1922;1481541019;2
4326;887;1481547899;18
1974;2158;1481536392;4
2934;5461;1481515500;2
5548;1066;1481519759;16
3572;3190;1481518200;8
2866;771;1481547431;16
3283;1239;1481514407;12
4799;594;1481540335;6
360;4608;1481546356;6
1004;236;1481538267;2
1158;5777;1481543965;10
1794;3723;1481511162;2
2956;3134;1481510944;12
269;2115;1481541865;8
697;2604;1481536901;10
904;1720;1481542704;6
3515;1246;1481551162;8
3382;3339;1481511654;4
5843;5537;1481543606;16
2110;3398;1481530826;14
1134;1182;1481527045;4
3640;2997;1481512936;2
3217;2103;1481512989;2
1627;2335;1481520925;4
4815;464;1481532982;4
2236;536;1481535962;14
4302;799;1481521688;18
1361;5315;1481535446;10
3708;3301;1481516801;18
4952;3956;1481520893;14
4057;2616;1481545909;8
112;5087;1481538001;16
2983;1847;1481523133;12
323;2678;1481507332;18
1981;3684;1481509010;12
5527;2241;1481508815;2
1581;167;1481537676;14
5761;779;1481539624;18
2814;4975;1481513744;4
3629;816;1481530584;8
2032;336;1481540093;18
655;1197;1481536390;2
614;1811;1481509802;18
4005;4997;1481526913;12
765;2589;1481516724;8
4330;1036;1481539111;10
3770;3273;1481528640;2
1958;2768;1481525985;10
4033;126;1481552307;16
2067;2691;1481515472;2
4424;2625;1481539952;8
333;1154;1481552125;4
1387;2903;1481510811;16
3736;3504;1481542185;10
4972;2876;1481551722;4
3701;1876;1481510776;8
2571;5147;1481534698;16
3409;3757;1481552204;12
3795;3645;1481535276;2
309;1937;1481534648;2
4021;2142;1481511919;6
862;3196;1481549041;18
896;2544;1481544788;6
4031;3409;1481522467;12
2546;3625;1481516867;2
898;45;1481544463;4
2097;5156;1481549311;2
5092;1430;1481513449;6
2853;4833;1481531953;16
976;4563;1481523510;8
1776;1829;1481507400;4
1961;2797;1481513989;10
1047;3822;1481540262;8
2396;3253;1481545452;8
4379;2643;1481540594;10
1920;2642;1481524636;16
1375;5405;1481514985;12
4344;672;1481522872;10
3424;5588;1481545201;12
292;5616;1481512730;10
5376;856;1481542479;16
2822;2095;1481534746;16
3967;1869;1481525441;10
108;711;1481531845;10
34;140;1481533838;4
2536;1347;1481544151;12
101;406;1481509648;8
4261;3642;1481532077;18
996;782;1481529634;10
2475;4718;1481512225;10
4121;2858;1481550668;6
1811;5787;1481542338;16
3106;1075;1481522550;10
2929;2577;1481539333;8
839;978;1481540780;14
5508;2308;1481514883;2
1689;5570;1481523548;14
899;3741;1481511874;8
5286;4104;1481547549;14
3031;2094;1481551711;12
1737;5625;1481551576;2
5663;2803;1481545385;14
991;2030;1481536546;18
4098;3143;1481548351;6
5775;4291;1481535862;8
969;1295;1481528498;6
2454;3688;1481525293;2
1596;3779;1481513347;2
961;5538;1481526911;18
3960;1590;1481548117;6
4244;2717;1481541067;6
3304;1579;1481542883;8
1068;5362;1481546115;18
3569;4625;1481520922;4
3122;3239;1481543650;8
2072;5537;1481551524;8
4305;2340;1481528466;12
1110;956;1481543555;4
5279;2608;1481518683;16
318;3316;1481508465;18
1868;1569;1481511951;16
2711;5263;1481538912;12
5562;4574;1481552118;6
1505;3204;1481515508;2
4823;1100;1481541912;14
335;2937;1481549770;8
2302;1730;1481509527;18
4385;3831;1481549059;12
626;2527;1481536438;10
3680;5405;1481521676;8
5815;1395;1481549474;16
2689;2793;1481523387;12
3226;195;1481537245;12
2099;5325;1481509468;2
1341;567;1481536614;4
2542;55;1481508784;4
1238;5849;1481517538;12
2223;2463;1481549100;16
1322;4600;1481506214;10
3218;3177;1481542229;14
96;1293;1481525706;4
4990;3586;1481516182;14
1231;2755;1481535255;16
4842;2819;1481521686;8
3764;3762;1481529535;16
2466;5473;1481540541;2
2915;2317;1481518114;18
3930;1815;1481540058;2
1400;3616;1481518162;16
3849;1516;1481546621;12
3993;5538;1481546335;18
4353;223;1481522869;16
3830;4838;1481524241;12
5577;965;1481544844;12
2248;3688;1481549017;10
5581;2989;1481534965;16
546;879;1481537380;2
686;1508;1481525663;16
2085;1182;1481519756;2
5537;2623;1481545828;18
1218;873;1481528356;16
2779;3218;1481507031;10
5517;5666;1481512102;8
2303;2284;1481508077;10
2700;3314;1481507339;16
2738;3572;1481510592;6
1230;5545;1481540753;6
5263;2647;1481526576;6
4230;977;1481519945;4
2885;5447;1481539487;8
3919;2909;1481521698;14
4124;5536;1481538363;16
394;4119;1481513884;18
3527;1103;1481533908;8
198;1004;1481533149;14
4393;5427;1481548280;12
1637;1816;1481537442;2
2840;1728;1481548779;14
2573;5313;1481520162;12
1540;95;1481515606;2
3439;708;1481530214;10
3453;1078;1481540737;14
2488;205;1481548409;8
755;1909;1481536669;2
2945;5556;1481550102;12
4845;3930;1481518014;6
271;38;1481521234;4
1889;4610;1481513124;2
3032;4956;1481531575;10
4686;1387;1481537708;12
2268;2478;1481536060;4
2778;2339;1481519800;4
4386;1185;1481530827;2
3273;1718;1481527868;2
5413;33;1481543663;18
4003;4170;1481527154;14
1324;3247;1481523556;16
2713;615;1481547501;8
1488;4177;1481508419;10
1211;154;1481518018;10
2498;5672;1481542832;4
1826;87;1481522877;12
1731;195;1481541775;12
3646;2235;1481507580;8
1728;4836;1481548869;2
404;3234;1481534868;16
3643;1008;1481508768;8
82;1900;1481551826;16
1065;5816;1481517548;6
3158;5100;1481515922;4
39;5477;1481525801;10
824;1259;1481536053;6
490;3170;1481540313;16
5318;1035;1481540495;4
4360;2668;1481527437;10
1975;689;1481506269;12
1418;1288;1481548167;8
2902;373;1481538324;16
5459;3421;1481521784;4
3031;4602;1481526208;18
4096;331;1481526510;10
3988;4715;1481509506;4
1434;3082;1481525668;6
393;3425;1481513785;16
2850;329;1481518973;16
2744;4199;1481524907;10
4052;265;1481517548;16
2990;2284;1481531594;2
160;1594;1481524246;4
4205;4339;1481538439;12
691;5737;1481519699;4
2181;5020;1481544450;16
4180;1094;1481521884;16
2175;4376;1481516714;10
79;776;1481527594;6
5714;1298;1481537890;18
2080;489;1481551304;16
2918;3436;1481511283;18
787;2240;1481536583;16
3193;5022;1481535348;2
5482;569;1481530363;12
3434;4551;1481545094;2
2217;3277;1481535954;8
879;2504;1481538012;8
4697;5634;1481544617;18
1325;2287;1481519880;2
3112;888;1481509191;4
4717;2849;1481540416;8
3642;1155;1481526230;8
1016;687;1481540298;6
3446;3776;1481523618;14
3858;14;1481539827;8
5668;5606;1481542650;2
5539;2357;1481514707;12
735;684;1481508382;18
869;143;1481542797;12
1928;4483;1481539908;16
4435;4846;1481508286;10
4328;622;1481535884;18
4260;1346;1481531411;10
1635;947;1481522494;2
1178;5422;1481509544;6
789;5079;1481533267;12
2454;532;1481507898;4
781;3771;1481511832;2
3874;4718;1481517130;4
2102;3508;1481519215;4
1106;482;1481527054;12
3037;2272;1481543591;8
1669;2680;1481534892;8
3445;2262;1481533129;2
3022;1247;1481551354;14
4012;341;1481547694;8
2269;4910;1481507414;4
4109;819;1481533649;4
856;741;1481524370;8
2202;401;1481531434;8
2882;2855;1481538896;14
1114;3333;1481522335;16
5574;3871;1481541199;6
5369;4166;1481516566;10
583;5458;1481530395;6
4022;3638;1481524936;4
2685;3945;1481535369;4
3292;2105;1481522837;2
423;5341;1481544511;14
1165;3404;1481547268;14
3000;1686;1481507075;10
1900;2946;1481508307;16
496;2237;1481516237;6
3895;3615;1481522599;10
1102;2112;1481546358;16
2266;5134;1481535997;18
192;4318;1481509337;12
2829;1354;1481519293;6
1743;3870;1481520669;4
3099;4365;1481524929;4
2310;783;1481532813;8
2694;4833;1481536973;8
1233;224;1481549503;10
4237;549;1481539773;14
5636;156;1481522705;12
4472;3160;1481533139;16
3567;1709;1481510731;8
2193;4076;1481520978;12
3701;993;1481521227;2
3841;5678;1481551743;6
4163;4002;1481528601;8
899;71;1481524000;18
5560;4378;1481545740;8
2046;1531;1481522130;16
3887;846;1481514109;6
2030;728;1481511413;18
1195;5353;1481529712;16
3769;2436;1481548141;6
3319;5745;1481525142;16
1816;1228;1481524507;8
583;3307;1481511951;12
607;4881;1481526415;4
969;3421;1481524705;16
1105;745;1481508378;10
4967;2199;1481517419;4
5534;2524;1481526306;8
3417;149;1481525336;4
3387;3375;1481551303;10
3313;1480;1481532032;16
3791;1605;1481542651;12
95;945;1481506652;18
5668;1566;1481531059;18
1399;1301;1481518083;2
3688;4716;1481536894;16
1690;2495;1481506539;6
319;949;1481540257;16
1544;5524;1481543299;4
3472;3682;1481521571;10
5447;2637;1481526475;8
4176;3522;1481515545;12
725;4358;1481550643;12
3403;2068;1481529098;16
5307;284;1481512274;10
2583;1469;1481548224;2
94;3484;1481546728;18
494;3688;1481507721;8
3399;1041;1481528048;2
213;5355;1481546279;4
3964;272;1481538890;16
2878;2159;1481536630;16
733;3844;1481520572;10
171;2564;1481545550;18
5153;2037;1481542259;4
4233;500;1481537012;16
2705;2261;1481526624;18
5343;2251;1481532577;10
656;4831;1481543621;14
1343;2264;1481512982;8
3245;4719;1481550293;16
2;4955;1481509199;6
2444;3752;1481537069;6
4033;937;1481519683;6
922;4286;1481509445;6
1391;3469;1481516783;16
5866;526;1481548732;10
978;354;1481531473;14
3734;332;1481530125;10
1206;2433;1481551643;4
2222;1491;1481522220;4
1500;157;1481514282;12
4592;293;1481534669;16
3246;5380;1481546943;18
3648;1130;1481522008;4
5636;2571;1481542343;16
4607;1266;1481537700;2
1239;2071;1481550269;12
3462;5495;1481511794;12
1512;542;1481551143;14
873;4077;1481542736;8
1389;2541;1481541867;10
2811;1189;1481538787;4
4747;2825;1481524081;18
3144;4255;1481544215;10
3267;4323;1481537735;12
4968;46;1481528352;18
189;4576;1481530241;18
2191;4597;1481544167;6
2565;2298;1481509779;4
1566;3637;1481540914;10
1415;814;1481530257;4
2463;1407;1481541901;2
3175;5449;1481536241;6
2196;4830;1481549355;2
2489;3935;1481507564;16
2462;2914;1481526002;10
2793;2714;1481525908;18
797;5778;1481519327;10
2942;5557;1481526192;12
5575;616;1481518098;4
2393;3457;1481527660;18
3363;983;1481542348;10
773;5586;1481520034;2
2729;5354;1481550015;2
63;4432;1481534241;18
635;214;1481531777;14
2892;1341;1481516726;6
3216;3248;1481515356;12
1251;3338;1481544398;6
1680;1861;1481526762;12
4600;5552;1481539090;8
1337;3845;1481515662;4
100;2123;1481530315;16
284;2355;1481525410;4
1636;833;1481513003;6
2180;5559;1481518058;12
3502;2967;1481521321;4
3564;3993;1481539099;8
755;3003;1481517225;16
5844;819;1481524077;4
4352;1685;1481541776;2
2351;810;1481507493;4
5640;1330;1481527768;16
395;3172;1481543753;18
205;1879;1481509425;8
3219;2434;1481542265;14
3338;3574;1481525373;10
5617;1768;1481541072;2
7;4058;1481545463;18
2877;4438;1481540634;4
3542;4950;1481514403;16
1208;4086;1481522797;2
361;2677;1481516189;2
1491;3839;1481525865;4
1767;559;1481548773;10
3715;1142;1481528277;12
4433;1485;1481526888;4
2228;2015;1481509242;10
3077;5457;1481550676;2
2050;2632;1481539851;12
3995;3186;1481546211;16
2319;521;1481528725;10
2734;1615;1481540186;12
2250;3196;1481511052;2
5780;5456;1481528695;10
1941;2345;1481552046;10
2524;663;1481515423;2
5573;4371;1481523635;4
1386;27;1481540115;2
2788;715;1481511918;16
265;4151;1481532090;4
1252;2976;1481544320;16
1942;812;1481550295;10
4048;85;1481546357;10
4295;1810;1481548479;12
2855;2925;1481525110;6
4266;3874;1481511808;8
151;1447;1481519677;10
3041;693;1481549213;6
3466;4252;1481515206;18
3021;1935;1481516794;12
3607;3291;1481520593;8
2710;2302;1481515677;16
4748;3588;1481508738;16
2293;1568;1481522068;12
1285;2882;1481508047;16
3439;703;1481515183;16
256;261;1481539742;8
3749;3072;1481527072;12
3515;2752;1481550467;10
2305;3526;1481528430;2
29;3151;1481517837;10
2749;3466;1481511208;18
1464;2216;1481513120;18
3141;3318;1481534247;16
2520;2824;1481511965;12
4261;352;1481545682;16
1368;3604;1481520233;4
87;5640;1481536982;2
3607;4057;1481542320;10
1379;111;1481507821;10
3872;1832;1481546274;10
4612;620;1481551474;16
2080;2149;1481539550;4
3511;1883;1481528766;2
2636;5596;1481512330;6
680;5167;1481549506;2
2059;4310;1481542539;6
872;355;1481542083;10
2757;3351;1481511924;16
1760;994;1481541957;10
4079;1651;1481533905;14
4954;430;1481524530;2
2431;3785;1481514037;16
5417;5558;1481552251;10
2955;2734;1481514255;4
3448;799;1481537905;4
1738;4880;1481529019;4
3264;3573;1481534970;2
2362;1369;1481543147;14
681;5559;1481509979;2
2228;5168;1481533958;16
4271;5375;1481515486;10
2786;3455;1481511201;10
856;2378;1481540639;4
5524;3584;1481506827;4
5540;4162;1481511521;14
1124;2217;1481516315;4
2476;4287;1481539621;10
3051;3531;1481533808;12
3039;1225;1481511609;2
464;2005;1481524727;16
1735;1705;1481536813;18
1350;4074;1481535715;6
2858;3540;1481542586;8
3182;291;1481518168;6
3877;1516;1481510881;8
2858;1513;1481519326;16
1696;2980;1481527324;2
5465;1935;1481542878;8
4839;785;1481518625;8
4085;5575;1481509461;4
5544;5676;1481538065;14
1359;5005;1481528737;12
1754;3449;1481512187;2
1185;3730;1481537451;6
4058;3724;1481508419;8
1861;268;1481515774;14
235;5742;1481531924;10
4062;2216;1481522834;8
3846;729;1481507975;12
1727;605;1481522752;4
1448;4105;1481518652;18
2855;1432;1481529411;18
1222;3761;1481548981;4
3768;343;1481527209;12
3747;130;1481540581;18
4812;2730;1481517383;4
3369;1302;1481525957;14
135;1046;1481541613;4
2382;1902;1481550167;18
2733;1943;1481530951;14
5442;2243;1481517545;12
3924;13;1481549888;18
4592;479;1481506619;18
1074;2616;1481551943;18
474;2092;1481516463;18
5163;3418;1481540000;16
1429;3803;1481551684;2
429;628;1481525243;18
1751;4832;1481541312;8
223;5423;1481526607;16
360;1742;1481540800;2
4485;1225;1481549202;2
5784;2978;1481547260;14
222;4595;1481538720;18
2392;1501;1481506829;10
1302;5361;1481511798;14
5810;912;1481537630;10
2949;447;1481541546;16
3808;4110;1481543869;16
728;3683;1481532853;2
3513;1729;1481520851;10
5427;4252;1481530712;18
3236;364;1481540559;16
4956;4197;1481519713;10
283;2009;1481525513;8
4032;1070;1481546586;16
626;5530;1481551682;16
1650;4344;1481523554;18
877;2897;1481546183;6
5705;606;1481543604;6
3561;3915;1481511297;4
2762;4441;1481541965;4
3724;304;1481510252;16
3800;1628;1481511961;4
4085;5262;1481524818;16
4372;4594;1481514795;2
15;759;1481528944;6
2518;3375;1481542276;14
1166;3284;1481531547;18
1260;5013;1481517756;10
3860;2697;1481546850;18
1136;4075;1481520439;8
1368;4018;1481511002;18
3964;5469;1481550719;18
2836;4983;1481537322;16
113;3810;1481548099;10
5553;246;1481534868;4
3603;796;1481538467;16
3158;3257;1481546170;10
3424;4322;1481506316;2
2266;2902;1481534381;8
3323;3622;1481506486;6
1519;1281;1481535140;2
160;320;1481542105;6
4854;5518;1481547732;10
668;5736;1481532482;10
5153;4573;1481508712;6
1227;5559;1481536115;18
785;3613;1481544117;18
3339;3222;1481529798;6
73;4984;1481544715;16
4403;1716;1481526940;10
902;2803;1481534549;14
2584;4516;1481522661;4
5719;1664;1481522383;4
2963;1881;1481519527;14
3500;5581;1481533475;12
1171;2945;1481507541;12
1891;2423;1481541452;2
309;708;1481513599;10
896;683;1481522546;14
2232;3213;1481515968;6
1949;5631;1481533078;14
2525;5852;1481527261;2
2600;11;1481517538;14
829;203;1481523326;18
4426;5288;1481545400;10
1431;1057;1481506663;6
3852;4405;1481536485;2
3702;2554;1481548061;2
2599;889;1481536660;4
1722;4206;1481518636;16
3360;2040;1481551567;10
1659;2914;1481522991;18
5012;2374;1481523665;8
2377;3168;1481521249;16
5743;259;1481507506;14
545;3827;1481522438;16
2396;5171;1481538038;4
174;3189;1481513201;8
5374;5001;1481548823;16
3680;5399;1481534134;8
5784;3359;1481537579;4
1638;2198;1481543835;16
905;1805;1481506687;4
615;3382;1481543224;12
85;3738;1481519501;14
3809;2362;1481508360;18
2792;1297;1481545240;8
2358;3152;1481539273;16
4286;252;1481542893;12
1509;1538;1481551144;10
3787;163;1481512156;14
546;1805;1481529737;16
2995;2607;1481538955;16
3499;2852;1481542288;16
2250;1611;1481511241;4
455;4045;1481517577;18
4341;2500;1481552090;6
3173;5621;1481550201;4
2368;3356;1481531411;18
1746;2173;1481520828;2
1373;4311;1481519285;8
4838;3149;1481541029;14
836;3593;1481514772;18
5588;5666;1481509299;10
537;4515;1481514589;6
2301;4689;1481511566;18
392;1957;1481517607;2
2504;82;1481506364;18
5136;2416;1481538921;12
1371;709;1481528857;12
2841;2163;1481517318;14
772;794;1481512263;4
2171;3774;1481539350;10
3734;2468;1481516966;4
4616;978;1481507972;8
5787;3997;1481533115;6
1539;2911;1481513810;8
3582;944;1481507992;2
1832;2649;1481514013;14
4247;4241;1481510448;18
3153;2543;1481536252;2
1695;384;1481525130;12
3986;5452;1481518706;4
368;175;1481530083;18
5432;5262;1481543813;12
5846;2654;1481547622;8
2072;508;1481517112;4
2147;2701;1481520055;6
5169;980;1481531892;14
2484;5733;1481513416;2
3274;2318;1481527251;18
3750;2545;1481508978;14
1656;1716;1481512478;10
950;1686;1481509588;14
2929;935;1481534507;4
1485;695;1481525997;16
3157;4148;1481543613;6
5304;1176;1481544504;4
1441;4094;1481513220;2
1466;2981;1481548982;4
5866;5508;1481535584;2
5343;3931;1481534210;16
5742;4058;1481509781;18
5426;2309;1481516473;18
2641;1570;1481529641;6
1564;4735;1481534855;2
446;5560;1481537677;8
3716;576;1481525892;6
4483;3766;1481543856;4
193;2560;1481520898;8
849;3333;1481525047;2
1147;1289;1481525415;14
2932;4841;1481540210;14
5159;4574;1481530072;18
1655;1363;1481549018;14
4290;2606;1481536817;10
1390;716;1481533112;4
4075;2380;1481552162;10
3753;1622;1481523208;6
1790;2052;1481509299;6
2452;2100;1481526313;10
141;4616;1481508215;10
1044;2515;1481519647;16
1077;33;1481540730;12
2441;4125;1481546174;18
384;4441;1481529877;8
2342;1384;1481551125;8
2082;4386;1481531851;6
961;675;1481520460;2
1633;5503;1481537097;18
5640;2085;1481514734;16
2150;4198;1481506818;4
4035;3470;1481542690;8
3534;773;1481539025;12
1014;3083;1481536142;16
4993;5366;1481529781;12
5650;3080;1481521126;12
5022;3809;1481533531;10
1030;159;1481542439;18
4691;2562;1481541886;16
12;4844;1481548540;16
3530;404;1481515423;14
2564;3547;1481534675;12
2073;5550;1481544409;18
3718;3380;1481527110;12
397;3217;1481542025;12
3536;3267;1481531006;4
3824;1497;1481508525;12
3118;4843;1481544538;12
3717;1413;1481523709;12
3857;2620;1481537063;12
2519;1200;1481527748;16
1137;3977;1481549419;16
1796;40;1481545197;14
2575;361;1481533315;18
2292;3399;1481517349;6
4430;258;1481520333;2
1625;4516;1481537678;12
4314;3608;1481549887;2
2038;5410;1481507372;12
224;4292;1481542264;10
5322;4328;1481519571;16
2669;914;1481536849;16
5855;5000;1481512615;16
3824;1187;1481520164;10
5439;3316;1481525532;12
5314;340;1481546981;18
1150;1496;1481533382;10
2141;3616;1481543522;8
2709;4148;1481525062;18
4237;1488;1481546180;4
3084;3075;1481543281;8
4590;1285;1481548712;14
1930;5847;1481508578;14
1533;2544;1481539549;8
1535;5168;1481510819;8
3108;4568;1481506574;8
4586;3942;1481547644;10
1047;3959;1481520349;8
1769;2366;1481524924;10
4122;2859;1481513340;2
1409;1278;1481516049;6
82;3836;1481507530;2
4669;301;1481546997;18
3461;2880;1481524166;16
1405;3261;1481544213;14
3616;2136;1481522424;16
3129;4805;1481544919;14
2008;43;1481547813;6
1309;2748;1481551972;4
3176;5677;1481541343;14
4230;2823;1481540482;2
3345;1457;1481514979;18
458;3147;1481538317;6
883;2918;1481540089;12
4408;920;1481522659;6
2691;2834;1481534335;6
5815;3931;1481522553;16
1232;2252;1481545213;12
5371;1932;1481532995;6
1698;988;1481552150;4
5082;1965;1481521260;2
3238;1989;1481529539;16
1811;60;1481537235;10
1440;4350;1481516471;14
962;1149;1481536470;8
3442;2823;1481538528;14
734;2060;1481517973;12
163;2665;1481548249;18
2086;3990;1481539910;16
614;953;1481520682;16
1754;4417;1481543294;14
2973;188;1481530499;4
1957;3079;1481535143;18
2956;4328;1481532157;4
988;5548;1481522316;10
2194;2673;1481514158;4
1367;1412;1481547463;16
2737;3084;1481537491;4
2637;2663;1481544091;14
1575;5028;1481526763;4
5680;3635;1481535256;10
514;2292;1481513147;8
5584;5286;1481518494;14
471;1255;1481544342;14
5746;4267;1481524525;18
3035;5019;1481552355;14
157;579;1481550119;18
4846;1910;1481545859;2
2708;3931;1481528184;10
607;4355;1481508748;6
3908;2416;1481539434;18
3370;2812;1481506987;4
5516;608;1481516803;10
5487;3099;1481523295;4
5577;2889;1481543925;6
3124;2991;1481521972;10
554;1555;1481531353;8
1694;4013;1481507390;12
1262;1214;1481550935;4
3500;1605;1481526814;6
691;463;1481506809;16
1293;591;1481532219;8
2341;2934;1481518279;18
624;5425;1481539275;10
3551;3942;1481533629;14
2637;1809;1481551269;2
2900;1832;1481517474;4
4167;1178;1481539589;6
803;1549;1481529530;8
5261;1604;1481508678;4
3164;2288;1481509671;16
3887;1235;1481514039;4
4230;1675;1481515368;18
1829;4124;1481533527;8
2651;3710;1481528744;10
952;2847;1481521845;18
42;4111;1481549935;6
2753;1302;1481525592;2
4816;170;1481512863;2
1536;753;1481513614;16
86;5504;1481517376;8
3908;5441;1481545150;4
1754;4354;1481536066;14
4402;5568;1481545457;16
605;3323;1481518784;6
681;279;1481534684;10
3977;3931;1481520503;18
2557;3796;1481521881;6
2430;4733;1481535806;14
288;839;1481525937;2
5788;5287;1481545080;14
3842;5351;1481514508;10
3754;4585;1481516255;8
3341;3041;1481507842;6
3255;912;1481507689;12
709;4733;1481517263;6
3859;120;1481509760;4
1045;1853;1481523558;12
3965;4054;1481532548;12
5146;4203;1481517784;14
383;5655;1481510501;18
2561;4364;1481541901;12
3833;4562;1481509646;16
5099;419;1481510820;18
231;4297;1481528032;16
5317;3985;1481507427;4
2760;382;1481534847;16
3255;4851;1481552218;6
3025;2123;1481507434;14
5314;211;1481521424;8
2279;2117;1481546494;8
499;3848;1481506925;18
1850;126;1481545285;10
3507;3437;1481525979;4
28;1599;1481513133;6
4199;4354;1481519404;16
639;3451;1481548645;14
1414;4737;1481542771;10
865;5744;1481545841;8
4169;3011;1481517290;18
388;4717;1481524206;14
3624;5481;1481535498;4
195;649;1481513920;4
2092;4423;1481511120;16
1044;2443;1481514653;2
1445;2789;1481534994;4
2618;2305;1481538199;14
2974;687;1481531846;4
468;5598;1481525131;8
16;5340;1481548301;18
5507;315;1481519155;18
224;3133;1481510535;8
4239;940;1481528175;10
4206;5035;1481516456;8
4718;674;1481532805;12
4080;4586;1481507562;14
597;283;1481547020;6
149;1957;1481537186;6
4576;1243;1481521069;18
1424;758;1481517751;16
5428;469;1481543040;14
4953;5169;1481512964;14
1638;1906;1481524537;18
2505;1081;1481551451;16
5862;2266;1481536735;18
2978;1856;1481517564;12
2036;5500;1481530718;8
689;1321;1481547841;14
1234;5491;1481541107;4
3242;5517;1481535069;14
2278;389;1481550956;16
3138;2363;1481518944;10
3878;323;1481519855;18
836;978;1481517431;12
3520;3390;1481522907;10
1224;2732;1481508204;10
2848;2281;1481519134;10
5531;2372;1481512876;18
4518;305;1481519337;2
2607;5000;1481522380;2
4957;4390;1481544876;14
120;3223;1481549395;16
428;5319;1481528970;12
3558;2686;1481527270;6
1671;1277;1481551533;10
1669;2527;1481527548;4
5025;2893;1481507524;10
496;523;1481532242;18
3072;2658;1481540920;10
3199;3913;1481529489;12
4074;2525;1481509285;18
3002;4170;1481532716;2
346;2719;1481528368;18
3713;1902;1481534828;14
3261;966;1481539982;2
1931;3927;1481542794;16
837;5759;1481529730;4
5214;1941;1481521156;6
511;3920;1481545229;10
5305;2653;1481551036;14
3360;4309;1481506672;12
834;894;1481510976;8
2555;342;1481518354;4
958;5269;1481519608;14
2932;3789;1481521692;6
4158;3303;1481540688;2
4423;2020;1481528000;16
5709;5601;1481510227;10
5598;278;1481507341;14
4391;814;1481514777;10
3393;1712;1481506274;12
2089;2260;1481519289;10
2362;467;1481526201;14
181;5561;1481527250;8
429;239;1481508300;14
3701;1541;1481538234;18
966;1187;1481533859;4
1041;1692;1481527029;10
4037;1384;1481546933;12
5732;3516;1481515793;18
3362;1811;1481530424;16
87;735;1481511704;4
5499;4019;1481512535;2
2229;1958;1481538193;8
2975;354;1481525876;8
4098;2054;1481527049;8
2457;997;1481522787;18
1158;701;1481516384;2
4326;1279;1481511166;8
3982;2762;1481511813;14
18;1707;1481528427;14
5761;1273;1481544391;4
1377;2658;1481518098;14
4161;78;1481507519;16
711;5759;1481536251;6
2710;2523;1481547468;4
5529;1436;1481531297;14
4819;4952;1481534316;18
293;2661;1481546693;10
5421;764;1481531056;14
2411;1513;1481522366;4
2366;3929;1481518162;2
3785;343;1481522955;14
875;4288;1481517985;18
2356;2051;1481547534;16
2488;1454;1481528299;14
2449;3710;1481530901;6
5618;3820;1481551153;16
626;935;1481525132;16
1329;5507;1481540847;12
3035;229;1481524075;18
1567;4331;1481545883;4
2382;265;1481547814;8
1927;3410;1481544395;4
3231;2256;1481539477;18
4351;1810;1481521831;12
4282;4441;1481521545;14
88;3033;1481539489;4
4071;955;1481535751;6
709;4351;1481507477;16
3972;2266;1481539473;8
1309;478;1481533383;16
1325;5678;1481509766;2
2886;5666;1481551179;10
1531;5155;1481548387;8
3215;220;1481543637;12
21;596;1481522568;6
3696;3795;1481532551;8
2788;4297;1481517292;4
3035;2914;1481507594;18
3301;4339;1481519057;2
4293;310;1481508996;16
3164;665;1481511379;10
4997;2824;1481509208;12
120;5421;1481513313;6
1425;2704;1481510134;14
2;4810;1481515013;6
5617;5405;1481548173;14
4125;5521;1481530276;2
3792;2380;1481513751;12
3438;2104;1481518126;8
3394;3322;1481539515;4
511;2445;1481537751;12
1421;894;1481520138;10
4342;3881;1481548691;16
574;2856;1481513895;2
2392;3274;1481546189;16
5861;2852;1481506910;6
3868;1826;1481511595;8
1858;4229;1481526353;10
2485;370;1481532955;10
529;1496;1481535105;8
1882;1098;1481544232;6
3209;2028;1481550922;16
5768;2051;1481517004;14
3770;2516;1481527874;8
2588;4340;1481528482;18
1873;1446;1481543265;2
4485;934;1481546874;4
563;2747;1481526683;8
3469;3836;1481532872;18
2087;1750;1481518081;4
713;1397;1481545697;16
3126;5504;1481537682;16
4125;585;1481529822;10
3154;391;1481547774;6
1163;631;1481542972;14
4120;2843;1481537015;12
3814;4024;1481532714;6
2691;2783;1481541365;2
1094;2247;1481510644;18
2104;2599;1481538511;6
2506;4262;1481548788;2
442;2769;1481528401;16
3046;2787;1481511623;16
2203;2841;1481508003;6
3608;5777;1481517379;18
1923;4238;1481539434;12
3512;3262;1481511654;8
4613;3125;1481510035;4
3955;4951;1481519016;14
2559;1217;1481512381;2
450;2507;1481514453;4
3470;3451;1481543883;10
5862;1106;1481536001;6
3162;4293;1481543617;18
3030;4192;1481522280;12
1794;2094;1481524688;2
4432;5348;1481530891;16
1050;2030;1481543750;2
638;1548;1481548691;6
2158;295;1481550562;18
2850;4671;1481509967;2
5304;2261;1481517422;12
2346;1395;1481525987;4
5541;756;1481515314;4
428;557;1481533304;4
3207;2757;1481515756;10
1875;4332;1481533051;10
2815;4518;1481507610;6
1986;395;1481526891;10
758;2070;1481541497;16
5364;5306;1481523571;12
3798;2133;1481512698;18
1670;2652;1481513819;2
3815;5620;1481527011;8
5384;3562;1481538191;8
3292;5527;1481517781;14
2960;1510;1481521663;10
1913;1565;1481530910;10
5478;500;1481541499;2
2634;2257;1481540109;8
2088;5606;1481543427;14
1561;4206;1481521921;14
5631;2204;1481537795;4
2411;5400;1481526455;4
792;1869;1481528201;14
4806;257;1481517946;12
5376;1261;1481519325;16
2249;776;1481522685;10
2762;2987;1481545207;14
781;2987;1481524362;14
197;2270;1481517521;12
615;2133;1481545037;2
1257;5576;1481511939;14
3039;609;1481508773;14
60;4826;1481544838;18
4099;2668;1481531916;8
1330;3410;1481548042;2
97;1188;1481511550;14
715;3011;1481543112;6
1403;2129;1481548643;16
3564;2690;1481530856;2
2409;4012;1481516992;6
3707;3554;1481523050;14
5432;4164;1481524880;14
3118;1049;1481535622;12
3239;3352;1481523758;10
826;545;1481511467;2
4373;719;1481551678;4
4349;200;1481540812;6
4982;990;1481527772;14
4851;1287;1481529298;2
1863;4153;1481522205;4
3780;4258;1481507842;4
3781;1164;1481546843;4
1656;4838;1481522552;12
1807;4207;1481524771;2
2275;1522;1481513527;2
3398;55;1481546582;10
58;447;1481543006;16
4377;1888;1481534299;4
3324;2021;1481532961;2
823;924;1481539374;8
3734;2250;1481546246;18
3444;1854;1481528030;4
1983;792;1481506659;16
2074;856;1481533709;12
227;5765;1481535666;2
5348;4041;1481539016;12
983;1102;1481538185;12
346;4310;1481540044;2
3371;323;1481550595;14
3567;2793;1481537725;6
3837;927;1481536087;6
5158;3979;1481518550;16
5571;2688;1481544663;18
196;5839;1481507896;2
5093;1791;1481515319;16
1381;204;1481512887;8
5355;2008;1481544429;4
3431;562;1481527493;16
3473;2397;1481517964;6
3473;2323;1481534252;10
1538;2626;1481532129;16
1173;141;1481521289;12
1956;4437;1481538266;18
4006;1977;1481519079;18
3926;727;1481519893;8
2788;1525;1481529401;14
3285;1879;1481518885;2
965;2435;1481532592;2
2481;254;1481538549;6
718;3991;1481532318;6
1404;974;1481509971;16
2599;1900;1481536717;16
2791;2699;1481544078;14
4595;3283;1481549287;10
18;1457;1481542920;4
3590;295;1481506513;4
4106;1024;1481552232;6
761;3313;1481536032;2
1141;10;1481506395;6
1655;1113;1481525156;12
4123;434;1481508161;10
1774;5573;1481527135;12
3331;5168;1481509035;10
4069;1646;1481532452;16
5549;1105;1481516862;14
5088;268;1481524764;2
581;1010;1481516630;16
2495;2206;1481544081;8
822;4256;1481543876;18
1578;156;1481544663;4
1209;2426;1481506726;8
3038;4157;1481550027;18
860;3164;1481544375;12
965;5364;1481519458;14
2807;3963;1481508942;14
5346;3183;1481523862;8
3887;4412;1481520957;16
4814;1366;1481537460;2
5658;1418;1481548838;12
246;45;1481511350;18
2133;1097;1481536618;12
2160;4423;1481546231;2
3038;5397;1481548068;4
1254;4743;1481539823;12
3027;248;1481532873;6
1786;2928;1481515454;18
239;1251;1481545002;10
4620;5102;1481511821;14
4252;4803;1481517823;16
5498;1261;1481549282;4
2889;2403;1481515602;6
3608;617;1481528123;16
3764;1821;1481530733;12
2158;4200;1481537863;6
1272;4251;1481527436;12
4008;2720;1481523207;12
1540;3809;1481530991;10
3127;3195;1481532836;16
1504;4194;1481532037;10
5430;2094;1481525137;14
1565;4039;1481551883;16
558;694;1481537791;16
1814;656;1481519820;2
4043;4200;1481528453;8
878;1458;1481526523;16
157;1861;1481509011;6
4392;2335;1481529804;8
4270;5000;1481514312;8
834;2393;1481534173;16
4378;4577;1481510807;14
3994;284;1481509631;16
1965;4200;1481517377;8
1342;468;1481516235;6
3781;1063;1481513754;2
1541;2376;1481512196;18
568;2659;1481511065;12
647;173;1481520255;8
4414;1365;1481533315;2
3328;2828;1481509209;8
4883;2561;1481510893;2
3643;3288;1481509411;2
5809;1615;1481551904;16
2316;2661;1481516248;8
4262;3138;1481551988;2
3552;5605;1481547206;2
2557;391;1481533036;6
1775;4375;1481521742;18
2152;2670;1481520206;6
4165;88;1481538203;12
798;361;1481535874;16
109;3737;1481514845;18
3099;656;1481535489;4
3354;540;1481550517;4
5743;1714;1481515308;12
4144;925;1481529130;4
119;2324;1481511305;10
5161;122;1481550037;2
2493;171;1481524005;16
596;5588;1481507945;4
2634;2620;1481551879;8
3615;1986;1481516704;10
2859;231;1481506355;4
4151;1002;1481520245;12
2731;2858;1481511271;16
1543;4360;1481517401;2
4077;2461;1481547748;16
1515;2642;1481519112;12
1503;2589;1481541117;16
5523;1337;1481540755;18
4596;1061;1481526138;18
2781;1528;1481528052;16
2881;618;1481544353;8
3012;79;1481543256;2
3331;1952;1481541065;6
5603;4355;1481550282;10
4280;3606;1481536407;4
2315;630;1481527672;14
3420;4802;1481546543;18
316;625;1481523335;18
717;5783;1481537896;4
1992;3639;1481540535;10
1303;3915;1481522821;16
5386;2851;1481508563;18
1615;38;1481515977;14
1490;876;1481536676;8
866;5159;1481528619;16
4994;228;1481531766;14
1011;4978;1481525307;4
1571;1827;1481514997;12
59;2125;1481540472;2
1285;499;1481527942;2
5321;1611;1481547018;16
1192;1973;1481545071;8
2571;1059;1481541294;14
3658;2090;1481539609;10
3192;1086;1481515229;6
1800;3026;1481512820;16
2137;5854;1481515619;2
3472;2201;1481536811;12
4400;3496;1481511678;8
3332;5634;1481540848;2
3617;4000;1481515543;6
5140;2173;1481546052;18
5288;3743;1481544901;8
5360;1364;1481528641;6
2036;1408;1481534360;2
4829;1919;1481516991;2
2054;2233;1481534778;16
1399;3530;1481527761;18
5269;653;1481536855;4
240;5672;1481514075;6
876;4843;1481509470;12
5531;2160;1481532432;14
4006;3410;1481510660;18
68;159;1481535557;12
783;534;1481541157;6
3490;480;1481543600;18
86;321;1481514442;12
172;4165;1481534867;8
2619;971;1481540429;12
5002;1355;1481537042;10
3357;4232;1481546322;4
927;931;1481529023;2
2516;1850;1481508922;2
3248;2638;1481524364;12
4399;2250;1481548432;10
1252;670;1481533489;10
5327;3918;1481540514;12
502;4282;1481549123;18
4991;5671;1481544753;8
5843;5733;1481529278;12
1487;1510;1481528048;16
1643;2051;1481544941;4
3789;3244;1481514262;16
1662;1277;1481539301;2
2182;85;1481549626;16
2559;623;1481549434;16
4815;37;1481546955;14
103;3720;1481530495;4
4169;273;1481523009;2
5213;5152;1481517379;14
763;2807;1481549500;6
1223;2136;1481550688;2
4748;3003;1481506722;18
3807;1291;1481510848;12
4715;4199;1481545387;4
2415;696;1481545541;4
167;3747;1481532985;18
373;630;1481512096;12
1960;4347;1481543389;14
2065;997;1481537522;2
162;829;1481509077;4
4275;4840;1481529511;12
4839;1196;1481524826;4
2642;4041;1481525605;4
1866;2393;1481518601;8
612;5504;1481512860;16
477;606;1481527018;12
3335;398;1481517582;16
4593;1492;1481550912;8
3460;1322;1481536706;14
3172;2713;1481515643;10
1882;792;1481518176;4
1613;249;1481517073;14
3513;238;1481514377;8
1802;2444;1481512335;10
3932;351;1481518311;16
2963;3405;1481506534;6
4101;4977;1481539259;2
681;4098;1481524704;16
4691;3730;1481521689;8
1314;1362;1481533381;18
2918;5598;1481515073;12
3590;886;1481522568;8
2206;3211;1481522251;18
1366;5421;1481533239;6
2190;805;1481506911;8
844;856;1481506938;8
5021;5157;1481542418;18
1489;653;1481525327;10
859;607;1481512175;2
2539;125;1481510369;2
3043;1345;1481526926;12
1467;4431;1481534683;16
1124;3802;1481524132;18
4051;2760;1481525317;18
846;3737;1481541596;10
3267;3914;1481534287;10
3794;1211;1481547123;4
662;5360;1481544788;2
96;1491;1481541461;16
1301;1849;1481529219;14
2652;2953;1481523175;16
1025;4842;1481517340;14
4913;5812;1481516692;6
3172;1344;1481510200;10
1745;5305;1481518854;4
4847;2876;1481549760;6
3894;5723;1481531579;18
2708;1303;1481545236;16
2174;5446;1481513165;10
2605;1296;1481517953;12
1788;3909;1481545158;2
4304;168;1481548403;2
2379;4339;1481507157;12
2931;4247;1481510020;4
1154;1498;1481520471;14
3707;456;1481531610;2
2584;3847;1481542723;2
3513;5347;1481531186;10
3316;1600;1481521557;4
4045;3014;1481534080;10
450;5644;1481534087;6
5730;5811;1481550304;2
553;2552;1481536180;2
2597;4279;1481551759;8
4981;4413;1481545590;6
2181;2375;1481524791;4
800;1167;1481545891;4
3547;916;1481541591;10
2586;752;1481551619;10
2221;2099;1481543315;2
578;5863;1481536349;8
237;2701;1481538595;8
1459;5214;1481540715;8
1218;2890;1481518161;12
3031;5864;1481536931;14
2291;5431;1481525253;16
2118;2783;1481534162;14
2564;4405;1481521819;10
5082;1228;1481530991;12
5579;818;1481530158;2
5716;385;1481526219;4
3953;2279;1481535775;18
4589;2769;1481547179;8
2529;4385;1481536911;12
2448;3564;1481515208;10
505;1464;1481525530;10
4100;2717;1481551184;16
5411;4516;1481528785;8
5336;2640;1481506282;10
1156;4299;1481535350;4
4234;2466;1481537137;2
4996;4316;1481539804;2
5398;4843;1481528460;18
3077;3510;1481508823;4
3351;1131;1481531909;12
5459;1339;1481533155;8
2517;59;1481520766;18
5322;5614;1481538021;2
2334;1524;1481507420;18
1463;662;1481512626;14
1371;648;1481521546;4
1687;3551;1481549874;14
3035;1258;1481548530;8
624;2780;1481518066;2
3871;3491;1481515841;4
1954;5686;1481524962;8
331;938;1481516069;6
1088;5308;1481551202;4
5594;4968;1481517298;12
2828;4568;1481549544;6
3883;2461;1481544106;4
3877;5676;1481529452;12
743;1032;1481524531;8
1155;1785;1481510290;10
2472;4008;1481513456;18
1302;3786;1481550637;4
51;1773;1481543217;2
1029;3115;1481538693;18
4248;1054;1481507335;18
3235;3461;1481537854;6
5380;2999;1481520005;10
3326;4438;1481517390;10
2503;460;1481536614;6
2101;2639;1481528496;14
2473;3464;1481529746;8
2648;3698;1481523680;12
3458;3833;1481546895;14
5522;1162;1481539199;12
3755;4175;1481520636;2
779;1536;1481506273;6
3740;3564;1481541119;14
2892;2954;1481518268;4
3613;2559;1481531015;8
815;4053;1481522127;12
3074;3277;1481534126;16
334;132;1481511209;8
2598;3032;1481524373;16
883;2930;1481524487;18
4047;1573;1481531324;10
327;1878;1481532217;4
5489;1127;1481536528;12
1581;1206;1481511086;2
1167;1521;1481546990;12
2002;3366;1481513109;14
2753;1895;1481525117;12
5655;3584;1481525930;8
2879;4026;1481523979;18
4607;221;1481541698;2
462;2216;1481536979;10
1078;1212;1481538266;18
3955;535;1481531189;12
5096;5081;1481528430;8
1767;1725;1481537662;16
3240;2297;1481531504;6
4424;885;1481543420;8
4839;3884;1481535192;6
737;1674;1481535345;4
2988;222;1481511488;16
637;1144;1481515059;6
689;3485;1481525824;2
1112;3402;1481532725;4
2601;469;1481518364;4
5761;1106;1481533877;2
3007;4275;1481542253;14
2289;2089;1481536471;4
2070;1329;1481538169;4
1985;975;1481546182;12
3158;5478;1481510533;16
3783;3120;1481549869;12
4480;681;1481543933;2
606;3504;1481530772;4
249;206;1481532853;14
3272;782;1481545920;8
4964;5777;1481539939;12
751;4126;1481513630;16
5010;4175;1481547059;10
2417;2100;1481543999;12
3884;4059;1481549530;6
2256;197;1481536721;16
3351;5366;1481508625;14
2795;491;1481529877;12
3270;1805;1481527873;4
2502;2543;1481528498;10
1586;4957;1481546236;2
3072;3834;1481545866;4
3902;2818;1481509615;16
1115;1323;1481519593;4
4164;1249;1481530336;14
2305;2372;1481543254;16
2993;5498;1481540421;2
3215;5497;1481510077;12
5568;2278;1481550760;10
2271;344;1481511430;8
170;980;1481531798;8
252;2468;1481517010;18
2835;2250;1481529828;18
1836;355;1481506565;12
548;3118;1481551656;16
2855;2748;1481527178;16
1865;809;1481520058;18
3642;2908;1481536598;10
2460;2690;1481523830;14
5518;3262;1481515555;10
3197;1515;1481513506;12
5267;5085;1481534549;10
2879;3378;1481544540;18
2211;3851;1481540269;10
2845;2546;1481550174;18
1977;406;1481546031;2
938;3451;1481523221;8
2140;2693;1481531559;10
3634;3512;1481541333;2
3879;2455;1481509311;8
1640;605;1481541994;14
5084;335;1481507892;6
1281;5286;1481548260;6
4106;2356;1481508186;10
5555;1584;1481518362;2
183;3635;1481529519;4
5137;5864;1481519611;18
4118;2966;1481541366;2
5759;1626;1481542346;2
3754;3271;1481513644;12
2763;3779;1481514446;4
2583;4403;1481525271;8
1871;5405;1481511218;6
1813;803;1481534352;18
825;4204;1481518231;16
454;2582;1481530166;6
1085;4068;1481548216;18
633;2478;1481515191;2
2292;1561;1481550470;18
3488;338;1481547534;4
3453;3362;1481510144;8
5339;3343;1481519086;6
5084;5807;1481518411;4
3181;1693;1481533938;4
4610;1820;1481522544;18
74;209;1481511927;4
3390;5477;1481548222;4
4414;1238;1481528027;14
516;3378;1481529300;14
3951;1587;1481531622;18
3308;5775;1481551606;2
3075;2737;1481534731;18
1124;3715;1481515273;16
2277;1294;1481552307;2
2719;2095;1481541644;8
2229;4325;1481512418;4
251;1204;1481516156;16
1848;691;1481543587;16
4172;447;1481543816;18
5527;5798;1481524936;14
3206;3870;1481549746;10
5809;5580;1481547290;16
3438;2478;1481524177;10
628;3927;1481536768;14
2880;4965;1481545900;14
3884;2513;1481520797;2
1987;703;1481527432;8
755;17;1481537338;16
2686;2438;1481551683;6
3467;2443;1481537370;10
3028;788;1481526124;16
3114;4096;1481528113;8
2612;3252;1481533905;6
1474;2317;1481532557;2
4482;1921;1481546775;2
4336;809;1481540349;8
4811;587;1481521069;8
2632;5775;1481549703;14
1194;2774;1481544814;18
1961;2780;1481511091;18
9;2162;1481523341;6
1429;87;1481538061;4
3518;1675;1481538765;6
549;1430;1481549321;8
1884;1416;1481548144;14
4012;3833;1481542247;8
595;882;1481524823;16
1443;2557;1481518477;2
2191;858;1481537823;6
4843;2955;1481511187;10
3728;1035;1481524232;2
1279;4034;1481508503;12
4849;3605;1481515957;16
1334;2054;1481535414;6
2824;1718;1481536672;6
2353;481;1481519700;4
3430;2988;1481535555;2
5557;1833;1481535421;4
1613;4598;1481537654;18
2604;297;1481510992;2
3982;1827;1481538272;6
375;3995;1481523790;16
1250;3420;1481551632;8
2272;968;1481515645;10
5563;3451;1481541919;4
1012;2514;1481512337;18
294;1726;1481525834;12
1433;4732;1481549905;12
4011;2120;1481537118;4
2668;638;1481540266;18
2583;494;1481531130;10
4261;4247;1481507886;2
4263;5627;1481508590;10
3429;1136;1481507877;18
3594;2937;1481543315;8
2265;5769;1481514771;18
2390;5527;1481512305;10
5476;282;1481525515;14
2165;662;1481511385;4
918;3990;1481518144;4
1557;1993;1481518189;14
2834;3594;1481548000;8
541;1060;1481508733;2
249;1704;1481546737;10
776;5463;1481540858;8
4433;567;1481527910;2
2071;666;1481511272;18
3881;54;1481531090;6
3377;3300;1481526504;16
5854;1561;1481511229;16
2066;2476;1481546131;14
629;2310;1481512727;16
578;28;1481526329;2
3343;213;1481514020;14
455;504;1481519730;12
4425;2753;1481513212;8
3636;887;1481526383;12
5543;726;1481512817;18
4015;2307;1481509058;6
3170;1399;1481514039;16
1427;3521;1481549169;14
2932;939;1481549162;12
4031;5490;1481542195;12
1053;3404;1481524969;4
631;1249;1481529283;16
428;2132;1481530858;18
3632;3649;1481516488;18
1513;2383;1481520113;14
5854;1090;1481507157;2
3461;675;1481514041;18
2433;1788;1481541154;16
4045;2538;1481511606;16
2773;3693;1481543537;16
4144;552;1481517505;16
520;2743;1481510887;18
2419;5417;1481523056;18
4393;264;1481519304;18
1773;4624;1481512648;10
482;437;1481515300;4
4010;4321;1481509933;14
2105;1569;1481546477;8
3143;515;1481550766;2
875;1046;1481507817;14
2900;238;1481518849;2
5778;1203;1481524950;14
2338;385;1481548917;18
5346;382;1481525745;2
7;2507;1481528805;14
2472;1291;1481511983;10
1941;3559;1481545034;14
2472;2329;1481536301;10
4435;3783;1481547196;18
676;3029;1481527860;10
169;1400;1481534557;2
3864;5089;1481516671;10
5263;3701;1481532603;12
4599;3537;1481542680;14
2045;4624;1481517584;10
1114;1327;1481536367;10
725;5494;1481537431;14
917;4025;1481534719;4
247;3045;1481512702;12
4964;1516;1481544887;16
2478;1303;1481538609;6
2143;2546;1481516510;12
2959;4746;1481519801;14
1834;308;1481539987;2
1664;5810;1481544015;16
448;4269;1481544766;14
2575;2645;1481538696;18
4114;1163;1481528030;6
3655;1339;1481541595;2
612;1463;1481547896;12
1208;1480;1481536375;6
1021;3496;1481545859;4
4253;2351;1481541737;14
3758;4015;1481509078;16
2158;2597;1481538412;18
1559;1153;1481551981;4
1960;525;1481507684;2
4955;499;1481550804;6
1213;2581;1481511566;16
1428;3896;1481516063;18
2129;5472;1481549923;2
1783;1164;1481512955;6
3435;1738;1481523714;12
3146;5281;1481521930;14
3736;3857;1481537073;14
1735;1674;1481519824;4
3033;795;1481550704;16
652;50;1481537315;14
1805;3478;1481533515;8
1880;5604;1481514918;14
4080;3780;1481526660;18
1969;3455;1481534761;4
4573;4166;1481551448;12
3350;4716;1481521894;6
3262;3547;1481531572;18
1047;3784;1481526959;8
1709;2644;1481529163;14
133;3504;1481538948;8
2529;4815;1481537013;14
107;5546;1481508444;2
822;5653;1481522436;8
5665;2639;1481527868;10
1539;5671;1481539549;12
319;2849;1481527093;8
1486;5395;1481524048;12
3253;3241;1481519365;10
3789;5711;1481524165;18
1539;5599;1481538249;14
810;3682;1481543610;8
119;4344;1481520155;16
61;2248;1481513265;10
1658;859;1481510425;12
1882;4693;1481550082;18
4748;2598;1481526273;12
4180;4516;1481524057;18
5631;1284;1481517241;6
2449;1123;1481507685;14
89;995;1481543836;18
2986;3043;1481511185;6
5741;2519;1481508628;18
455;5417;1481514190;18
1245;33;1481541616;6
1974;3053;1481545612;4
386;3924;1481539108;12
3167;2524;1481547479;10
34;13;1481513600;14
297;3891;1481551764;2
100;859;1481546855;10
2708;1845;1481529550;16
3004;3746;1481550443;16
2338;2228;1481519562;14
2754;4294;1481548777;8
3729;850;1481538124;16
2210;912;1481533043;18
2915;4117;1481538996;14
3011;1111;1481509322;6
2422;3445;1481535991;4
487;3019;1481527377;16
4076;1905;1481541392;14
1101;2698;1481539976;8
3739;3840;1481549861;18
3222;220;1481523051;6
1492;1631;1481509549;18
978;1589;1481531504;8
4254;3614;1481528635;14
475;4357;1481511268;14
4312;2054;1481513735;18
1410;701;1481552064;10
1310;4691;1481534783;16
295;5746;1481520449;18
3474;4973;1481542571;2
2789;3930;1481512765;12
2163;5425;1481521293;10
1541;2142;1481529248;14
659;51;1481535315;4
3780;3927;1481523723;6
269;5470;1481514079;8
5438;5571;1481529650;16
2118;695;1481517767;10
5569;4068;1481512443;8
1895;5549;1481510383;12
2289;1223;1481527359;16
1297;4843;1481522838;16
2361;3625;1481545138;4
5546;5010;1481506807;4
2889;1312;1481513359;4
862;3049;1481551601;2
5765;2575;1481516232;6
3080;114;1481547868;2
5281;3152;1481525521;2
901;3327;1481519087;14
4041;4737;1481529000;16
5670;2497;1481521757;2
1061;4611;1481530551;4
116;2878;1481520219;16
3352;197;1481516370;12
4305;3837;1481545264;8
3311;582;1481547599;10
2485;4834;1481538782;10
4243;808;1481509014;4
1494;1290;1481540484;4
5866;5420;1481551880;18
5547;1858;1481509619;2
5853;5137;1481534818;18
4148;2177;1481515850;10
3715;2931;1481549649;8
1364;4600;1481534344;10
1165;4987;1481513040;10
3459;2505;1481517072;8
1818;543;1481541691;14
182;1681;1481524180;12
2600;2239;1481543610;14
3563;683;1481527000;2
612;1398;1481542457;10
1669;3806;1481517063;16
5585;3949;1481540498;4
1639;2206;1481517441;10
3423;5577;1481527498;4
712;2722;1481514502;18
5525;2834;1481526015;12
3843;3580;1481545767;10
527;3504;1481517733;18
2120;4831;1481551758;4
953;4062;1481520291;8
399;594;1481552279;10
5315;1723;1481543857;14
2406;3690;1481523294;4
3255;5495;1481514842;12
2458;3617;1481546950;14
1639;3583;1481528909;16
1376;2683;1481529227;18
4832;2673;1481545809;10
3027;157;1481545896;8
2897;2296;1481518292;8
4817;444;1481541882;2
5511;1900;1481548680;4
4179;2591;1481551968;18
1251;3356;1481539569;14
1330;5645;1481511533;16
1441;5533;1481534426;2
4288;109;1481540119;14
2852;4585;1481511586;14
4854;3078;1481526373;8
3327;2281;1481543638;2
5777;4670;1481509135;18
4036;2602;1481515611;18
437;3852;1481518659;12
654;1819;1481512053;18
508;1743;1481531335;6
903;3862;1481550151;16
605;5175;1481545032;6
4043;908;1481516459;18
4255;2932;1481525552;2
1175;1766;1481515703;14
5269;3933;1481512549;10
2411;4207;1481552098;6
3210;1819;1481519868;10
3550;805;1481506910;8
3955;720;1481520583;16
4606;2725;1481518895;8
1490;3284;1481520754;18
2571;3037;1481532519;2
913;3726;1481522052;10
2452;2009;1481540816;14
44;2551;1481548531;6
5096;1291;1481531303;18
3051;1251;1481531837;12
807;564;1481534582;18
3272;2839;1481520846;10
3848;1171;1481545437;6
3083;2143;1481524406;12
3686;4176;1481539758;12
1446;1578;1481522976;10
2904;2850;1481513087;14
5635;2672;1481529399;4
101;4563;1481507281;12
2477;2826;1481527676;12
5089;4484;1481539440;8
3579;857;1481547671;16
4593;476;1481528187;4
3478;1144;1481538970;10
2239;839;1481539333;14
2894;2238;1481516424;18
4036;2797;1481534908;8
1017;2835;1481527088;10
984;2967;1481539664;6
675;2747;1481518678;8
5685;137;1481545829;14
3107;2008;1481522828;10
2852;2722;1481509509;14
2282;5559;1481540633;8
2630;77;1481540130;6
1013;2889;1481546149;18
4350;3889;1481515095;14
1072;1831;1481507548;10
518;2238;1481547750;14
1859;3722;1481549855;6
2354;147;1481520519;6
4100;873;1481543816;14
3385;2939;1481529368;2
4099;2640;1481546745;2
5441;632;1481508915;16
4737;3756;1481507853;6
4347;2289;1481523494;4
2725;1752;1481521055;4
5083;2441;1481522607;6
1136;2602;1481509380;18
2720;3261;1481516341;10
3504;3411;1481516019;14
4298;605;1481513502;2
1858;3044;1481512104;18
2255;2769;1481516241;4
4385;4080;1481515784;12
1054;1252;1481542673;16
877;1932;1481523821;12
491;4260;1481517365;14
683;4080;1481546154;4
3796;5162;1481523806;14
2919;5428;1481521743;2
1500;1154;1481506327;4
3448;2416;1481532121;2
5093;2866;1481547821;2
1498;4395;1481520815;16
713;4153;1481510203;6
1259;3375;1481531547;16
306;434;1481520856;10
2235;2746;1481520021;12
4910;2460;1481522101;4
2672;172;1481515660;14
1934;4570;1481533051;8
5096;202;1481531764;14
536;3270;1481513728;4
354;4839;1481507197;10
1734;1718;1481549112;16
522;2538;1481519658;2
3899;1497;1481518019;12
3419;2848;1481532344;12
5458;2593;1481524725;4
360;3959;1481538069;8
4818;3174;1481550502;10
5505;4151;1481532401;10
2773;2471;1481530155;6
5462;2977;1481508158;16
4003;3241;1481532749;12
2055;3412;1481542081;2
3419;4312;1481542544;10
5372;2415;1481519860;18
396;38;1481515698;14
1640;2671;1481526705;6
2916;1122;1481524177;12
2770;33;1481550748;14
1056;1736;1481535201;10
2398;439;1481549072;16
3747;320;1481547315;4
176;2149;1481534757;14
3045;4995;1481526218;14
3838;2872;1481534325;10
524;2126;1481532986;18
4979;3289;1481520028;16
5784;2507;1481513424;14
1421;2762;1481529802;8
1111;5762;1481510820;12
1237;3297;1481511340;14
5755;2257;1481510788;18
617;682;1481544151;18
5763;3418;1481514742;12
1590;5686;1481508357;18
2937;5663;1481514910;12
5812;3136;1481513839;10
2978;1732;1481543079;6
2805;4174;1481530166;8
5027;3031;1481551704;4
1340;2619;1481523800;8
5720;1044;1481514445;4
775;2670;1481543594;2
3476;3747;1481511180;18
1546;4201;1481508879;8
1133;39;1481536035;10
5350;414;1481529920;12
3551;3768;1481522904;8
2644;4963;1481512786;8
1536;4479;1481543384;8
3326;2235;1481512269;4
1389;3971;1481510184;4
1164;5400;1481538924;2
2809;1040;1481518838;2
1707;420;1481510248;2
5500;4165;1481543698;16
5418;1029;1481546240;2
5812;3261;1481530728;18
3401;2679;1481529859;4
1548;1666;1481530503;10
2086;2880;1481533109;18
268;2656;1481509352;14
780;4158;1481517615;4
451;206;1481514905;10
1242;436;1481507042;16
5396;2733;1481530549;8
4554;395;1481524610;6
387;1162;1481548659;18
384;1031;1481550042;6
3167;3265;1481532979;16
1769;2732;1481523198;6
2567;5708;1481514141;8
4061;2867;1481540432;16
1912;5638;1481543648;6
1078;5264;1481518622;18
1580;1395;1481545132;14
3422;1312;1481539862;2
5848;2503;1481550178;4
2684;4970;1481546861;14
5574;2064;1481546097;4
4339;4360;1481537286;2
5010;2492;1481541498;16
3832;3554;1481521088;16
3010;5172;1481543035;12
3508;5771;1481547184;16
2278;1156;1481523866;2
3726;393;1481525701;12
2721;2287;1481546499;2
1921;2083;1481530968;12
3426;5423;1481522115;8
4403;3814;1481544062;6
1756;1136;1481544048;10
5385;3148;1481518044;8
529;282;1481549454;2
1446;2246;1481507819;10
408;4007;1481516940;8
1491;2252;1481512658;10
3445;1870;1481521661;8
80;1950;1481517671;4
4833;863;1481531217;2
3269;573;1481539526;18
1489;5814;1481532814;6
1135;4175;1481521763;14
2380;4076;1481539271;16
2422;3710;1481540405;16
310;4569;1481551743;14
3495;2205;1481515279;10
1785;538;1481526056;16
1581;2184;1481508292;2
5461;1880;1481537530;18
1648;215;1481524462;6
76;1191;1481531388;2
3269;3316;1481535400;18
4109;3439;1481540378;8
2104;3948;1481515743;16
3946;85;1481535625;8
3629;1475;1481511435;8
1912;482;1481550886;10
5139;2542;1481512552;14
1894;2185;1481548117;14
3781;5162;1481513133;12
681;5525;1481534602;8
2069;3450;1481515433;18
1866;1754;1481515227;10
1119;2708;1481515777;4
1796;2783;1481525241;6
418;2905;1481545792;14
1505;2482;1481541395;4
2273;3522;1481540672;2
2984;5594;1481546646;14
2694;2093;1481530975;4
2578;3720;1481522266;14
2898;4287;1481526645;12
3253;2933;1481544166;12
3304;2763;1481551845;12
5721;1751;1481514393;16
1133;727;1481516152;16
4358;1517;1481528486;18
367;1974;1481541447;10
623;4479;1481545099;16
1968;171;1481527168;4
5091;1556;1481549816;18
2532;367;1481516642;14
643;1227;1481548087;14
1944;286;1481551055;16
770;137;1481536459;18
137;2163;1481534042;8
5514;3767;1481513110;14
681;2;1481549521;12
2927;1673;1481529709;8
135;1473;1481544760;12
4012;4335;1481508305;8
290;1560;1481510482;12
1965;2594;1481506418;2
2293;797;1481529574;14
4560;3005;1481540294;14
1238;1627;1481514041;2
5315;812;1481540380;8
2774;1172;1481524461;12
1217;3276;1481511396;2
746;183;1481531323;2
5712;1547;1481551707;14
2901;512;1481546643;2
2567;3796;1481513752;6
2452;423;1481506254;4
4694;3651;1481541095;12
3574;1402;1481510181;12
3937;4203;1481514932;18
4056;2610;1481540556;8
918;2444;1481529377;14
165;1796;1481530346;6
5262;3397;1481516805;2
3839;2912;1481537882;2
5154;4671;1481518326;4
4988;599;1481532628;12
2320;181;1481526423;4
5542;1651;1481542298;10
1407;1766;1481549448;4
2460;4386;1481550982;2
4391;375;1481517618;16
3197;3551;1481542996;2
4570;2015;1481534347;4
3573;2442;1481514796;2
5679;285;1481509598;10
2698;3531;1481521928;16
1559;4607;1481543035;12
346;3281;1481512426;10
3946;103;1481548847;12
5564;3635;1481511572;6
1684;3324;1481530941;6
3810;32;1481532379;16
5083;3229;1481537934;6
4154;3424;1481520667;4
1703;2578;1481537351;12
4475;2599;1481551102;16
852;4419;1481519847;8
2683;4125;1481515556;14
1785;1362;1481546535;14
276;1123;1481518514;16
2559;1312;1481547186;16
1778;3447;1481507765;6
2137;2057;1481534542;8
2360;1049;1481526915;12
1307;4825;1481532638;12
885;2221;1481543210;14
729;1004;1481531413;12
3267;5598;1481550598;16
905;3745;1481522619;4
1968;5463;1481506512;10
1360;392;1481523490;6
1912;2631;1481524933;16
35;2554;1481541050;18
164;3408;1481540473;6
502;746;1481533124;2
3739;3999;1481511666;4
2383;5762;1481534562;18
1283;4349;1481552370;16
2929;2570;1481523765;2
4434;232;1481513083;10
4554;451;1481548572;10
3502;5405;1481509699;8
5489;844;1481545643;6
469;4837;1481541003;18
18;3302;1481527740;12
3695;4517;1481530669;2
2226;288;1481550657;18
3286;3955;1481540498;10
3421;4334;1481531501;10
1232;3684;1481529944;16
3771;3775;1481529385;16
3727;2386;1481541175;4
3579;2225;1481533558;4
1037;1662;1481521483;18
1270;1845;1481526725;6
4671;2061;1481547415;16
3330;340;1481530106;16
4020;4058;1481520021;8
1135;3643;1481507862;14
4052;893;1481530600;6
5466;273;1481546671;14
556;2260;1481506394;4
3474;3682;1481521133;16
1720;2807;1481531894;16
5727;3054;1481534196;18
1708;1886;1481528528;6
3221;3395;1481550802;8
3680;2494;1481529891;4
2840;213;1481527410;12
3328;4301;1481537763;4
2637;3189;1481531078;8
620;3253;1481518669;2
3904;2322;1481525076;16
163;301;1481521217;16
2793;2281;1481523529;6
4275;5288;1481548495;12
103;4000;1481541197;12
5865;3976;1481515850;12
531;5648;1481536384;18
4810;3719;1481540484;18
2778;3274;1481546689;4
795;4428;1481551108;8
2840;3947;1481542207;14
644;2395;1481512245;14
2973;4413;1481507510;12
1854;1550;1481518193;14
3684;2017;1481539109;14
5316;1433;1481520217;4
831;5544;1481537335;8
632;4119;1481512928;8
3626;943;1481551887;16
1942;2962;1481551366;18
2498;4073;1481531747;14
3149;4297;1481551420;10
4020;2055;1481541458;8
5516;2602;1481538533;8
1081;3150;1481544252;16
5371;3180;1481538742;4
92;2702;1481538169;2
710;2618;1481520694;8
953;3386;1481542283;12
1989;162;1481523359;10
3419;5411;1481535239;12
3357;1288;1481539439;8
4420;3220;1481548522;12
2423;3967;1481531538;4
4324;2080;1481517252;6
2875;1812;1481516650;14
1577;5088;1481538459;8
5432;5673;1481529192;10
1134;1049;1481541504;10
2911;1168;1481523595;6
3709;2844;1481512615;18
2086;4201;1481529977;10
1231;855;1481550762;4
4613;3917;1481542897;2
1104;5577;1481521242;12
5613;913;1481551638;8
4123;3475;1481522644;14
4310;1211;1481537749;8
2988;1874;1481510038;16
1989;2978;1481519612;16
112;5323;1481540401;10
5605;445;1481549073;14
1708;2949;1481509915;18
3689;1790;1481518480;4
408;5846;1481542637;4
1308;4191;1481524694;14
787;5409;1481544522;16
3156;5839;1481521787;8
3115;279;1481544173;10
3355;893;1481542256;12
1564;3995;1481520737;14
4601;1074;1481546565;14
1597;2091;1481518161;10
3255;1628;1481538213;10
531;5597;1481522840;6
5636;2820;1481543302;16
1795;1424;1481547123;8
2551;3231;1481509777;6
3772;564;1481520704;18
129;2057;1481530818;14
4112;1566;1481543463;4
2598;1816;1481508656;6
1114;791;1481510092;16
1407;1205;1481515861;12
3851;4719;1481548076;6
3898;971;1481552051;4
5588;628;1481510359;6
3903;4027;1481550187;18
1960;933;1481514053;6
2819;668;1481532042;12
1094;2471;1481510901;12
1592;5866;1481537037;8
5839;3351;1481536160;2
3630;4669;1481515833;12
5263;1929;1481549155;4
4431;3106;1481539169;4
2214;4822;1481514578;12
5262;3883;1481527334;14
2155;1537;1481551913;6
1785;4440;1481518585;16
4607;2710;1481545297;4
941;3960;1481548423;2
4003;3879;1481510546;14
4113;5026;1481533107;2
4564;2874;1481547072;14
4232;934;1481531839;14
1007;2241;1481546629;6
1932;144;1481544907;4
2361;1941;1481512177;14
970;1496;1481513001;6
3895;3613;1481528520;18
4345;2336;1481511095;10
1991;3260;1481518723;14
3573;3906;1481508774;10
1347;2528;1481527236;18
351;838;1481526081;2
2034;2106;1481510300;8
2237;1683;1481532493;8
3246;2290;1481506412;10
5489;1038;1481513439;6
4149;359;1481542243;14
1536;3693;1481516991;2
4593;3711;1481514547;2
2342;1365;1481548721;14
4823;2439;1481543816;18
5019;2214;1481517181;18
1132;2114;1481540915;2
585;699;1481526730;2
2080;1076;1481511320;2
3686;3621;1481508401;4
2310;2059;1481520425;14
1199;1150;1481543515;8
647;898;1481543033;2
122;215;1481507196;12
1435;892;1481515239;16
3403;1257;1481525115;8
3823;4153;1481530573;2
2928;2954;1481522966;6
2519;1394;1481515381;6
867;4811;1481536706;14
5632;3165;1481512807;16
2289;2672;1481536783;8
2345;3189;1481516829;16
2784;823;1481551369;12
5735;4285;1481535830;10
4564;3919;1481517014;2
3757;919;1481549134;18
1090;3044;1481522971;10
397;2289;1481541887;2
1003;4846;1481539464;6
3077;845;1481513893;2
3945;3579;1481525817;12
1274;1687;1481548067;2
2196;5431;1481548134;8
2099;5598;1481543038;14
3256;1605;1481508326;16
153;1653;1481517803;8
2841;1865;1481520415;18
5665;906;1481537453;8
61;2492;1481535025;18
3627;3000;1481542579;16
4358;733;1481544523;2
4568;3953;1481532469;4
638;14;1481538316;18
4297;2449;1481524010;8
2787;3072;1481533718;4
1313;3274;1481523791;10
845;118;1481517524;4
5616;2909;1481549883;10
2843;1649;1481536680;14
2372;5429;1481514485;8
1304;989;1481531572;6
351;4330;1481539073;4
1487;4097;1481548959;2
1130;5511;1481531181;2
415;257;1481551405;2
1901;2651;1481509795;16
1424;1861;1481538232;18
2794;2059;1481520194;10
3382;3456;1481517957;12
2457;2331;1481536841;10
2456;2949;1481530648;2
4041;1524;1481518441;10
899;865;1481536907;18
1134;2071;1481525828;6
3398;2657;1481509114;14
5093;4194;1481549159;12
443;2736;1481534334;6
5352;2766;1481542905;8
1186;44;1481536945;16
3604;1627;1481543782;6
2106;1157;1481528236;10
2940;3288;1481509506;14
889;725;1481541992;18
4144;594;1481536636;8
832;572;1481535115;8
1436;1832;1481551858;18
800;2812;1481530273;2
5496;2145;1481516297;8
5346;1734;1481535847;8
4388;4953;1481516229;8
1032;1064;1481526701;18
1540;1447;1481550501;16
5816;270;1481526842;6
1047;2158;1481524857;2
4125;448;1481524283;12
1219;3018;1481536897;2
2407;719;1481539085;16
3900;909;1481546426;14
2750;2810;1481535690;4
1471;4343;1481522779;6
2534;5855;1481539697;2
324;1814;1481510056;10
2937;4321;1481531437;4
135;2586;1481547484;14
2936;4304;1481536234;6
5375;1222;1481533831;16
239;3807;1481510792;14
2378;2610;1481507870;14
873;21;1481534916;16
840;2804;1481538784;8
2275;5262;1481526614;16
2299;797;1481539316;14
1266;548;1481548193;14
395;2953;1481516780;18
209;3646;1481532315;8
3628;5730;1481522296;16
5550;765;1481517027;2
1175;5308;1481542002;12
5860;4554;1481531285;16
2771;2361;1481523638;12
3518;1176;1481506521;14
80;1284;1481534065;4
1147;3789;1481516201;12
3620;78;1481545442;2
5427;2683;1481525765;10
2293;1146;1481520290;16
4118;1520;1481514433;10
1947;3517;1481513518;18
1672;443;1481517152;2
3019;3684;1481532314;8
1253;1704;1481527630;16
5709;3221;1481549078;10
556;978;1481549563;14
3351;3883;1481536282;6
483;3810;1481531940;10
2748;3249;1481549406;2
1435;5769;1481542096;16
3860;196;1481508749;12
3661;347;1481509318;18
5534;5464;1481551218;4
3343;5403;1481541636;4
347;1639;1481521612;4
3423;850;1481547710;14
90;361;1481515897;14
2738;651;1481531272;14
1695;3594;1481511430;4
4366;4990;1481512477;10
1916;2473;1481550333;2
3623;4982;1481514314;10
547;2336;1481515881;12
5741;3301;1481546068;16
5318;3805;1481509015;4
3850;356;1481549258;8
4480;5636;1481536154;10
1767;1337;1481521939;4
1967;2737;1481537091;14
5680;2888;1481529796;18
2513;2225;1481525601;2
3189;3498;1481529936;14
3604;3045;1481549965;6
3574;4835;1481550218;12
1047;5286;1481546108;10
2342;2119;1481550352;18
3226;4112;1481543390;16
4697;3218;1481531741;2
1349;3116;1481542596;10
1378;3165;1481509027;18
4193;1054;1481551433;12
2019;814;1481541764;2
4144;2487;1481519618;16
5572;2376;1481535348;10
2525;2437;1481523606;10
2573;5024;1481526671;4
4080;4357;1481548188;4
3447;4419;1481517569;14
1471;3587;1481527464;8
3688;2388;1481547111;16
5730;5577;1481538215;12
2928;1700;1481550416;6
408;3569;1481523288;18
2671;3281;1481528526;10
227;1601;1481544669;8
257;3235;1481522448;14
5432;1032;1481526683;4
596;2166;1481542849;18
2385;5358;1481514481;4
5174;1785;1481548669;4
1013;2638;1481527091;8
2781;2472;1481526460;14
1096;678;1481508874;8
2842;20;1481513615;6
687;3198;1481534035;2
2408;1461;1481514834;10
5351;957;1481547804;8
5380;877;1481528626;12
1228;5446;1481520104;18
941;895;1481540207;18
3981;4000;1481539909;12
5653;5452;1481548120;16
3341;3488;1481527469;16
1115;2325;1481528684;8
4430;1776;1481522418;4
2558;1899;1481542216;6
3335;4021;1481533642;2
1081;242;1481539250;6
5630;1242;1481511180;12
2967;159;1481549563;14
626;219;1481550973;18
3047;1981;1481531724;16
1773;1727;1481549202;16
324;1005;1481519990;2
2728;1876;1481547258;18
4717;2867;1481520797;12
4435;5370;1481516560;8
4849;2518;1481540741;12
3813;2359;1481508367;14
4378;1215;1481516069;4
3026;1607;1481532986;14
5016;3022;1481547845;18
3964;5598;1481524843;10
5498;2167;1481530418;16
5561;1633;1481518480;4
4351;5777;1481510953;16
4685;5775;1481512861;6
5673;2407;1481549278;8
2587;4740;1481521852;16
1034;3812;1481512059;16
3837;3649;1481511250;14
762;1809;1481513205;14
41;3305;1481548088;12
4824;1603;1481512680;2
5577;2496;1481526824;4
452;1818;1481548244;14
1610;5569;1481538391;16
1226;5464;1481521124;18
230;5395;1481515479;6
2557;3879;1481516164;2
173;5818;1481541804;4
1601;1858;1481547453;10
4380;2084;1481512757;16
307;5171;1481520427;10
2750;5736;1481538130;4
4262;5380;1481544841;6
3590;88;1481518525;2
2233;174;1481513181;8
3303;1217;1481518670;6
3232;1081;1481517791;12
867;767;1481509264;10
3858;5564;1481542801;14
1900;4968;1481515353;2
874;621;1481514985;14
539;1246;1481535912;4
1930;3181;1481529116;6
1464;2435;1481551963;12
781;2101;1481550972;10
5808;2647;1481526730;18
1856;2372;1481528638;6
2025;2578;1481540460;8
3385;2256;1481543375;6
630;4978;1481547113;12
5364;4105;1481516850;8
1170;4235;1481531040;18
1074;600;1481548489;16
2313;136;1481518399;2
205;3131;1481533462;12
487;3123;1481549498;12
950;168;1481518054;2
991;1033;1481537669;2
5354;3272;1481510542;12
2040;682;1481529962;8
1840;2770;1481539153;16
1755;1763;1481521799;4
1113;1454;1481523536;4
2150;1850;1481517644;6
2883;4288;1481545083;6
3828;5575;1481515737;14
1127;5458;1481516548;8
3994;496;1481508441;14
5665;1054;1481518172;2
5781;1884;1481506821;4
3361;3729;1481529804;4
3982;3779;1481543173;2
1333;3839;1481508443;4
5634;2572;1481544552;12
3123;3704;1481534047;14
1187;452;1481516970;10
574;1935;1481520343;16
1422;2445;1481528011;6
1881;3956;1481544865;14
2917;3397;1481531122;4
1505;2897;1481509849;10
2611;2706;1481549007;14
2796;4385;1481538469;10
4806;4014;1481520145;8
3877;2155;1481526692;2
831;545;1481541489;6
2107;1527;1481550874;2
5152;1104;1481516775;6
280;296;1481538549;16
5557;3478;1481540173;4
915;1868;1481534818;16
4289;5421;1481522456;14
752;5146;1481519078;14
1823;2100;1481515827;12
1799;3277;1481531339;6
3140;1799;1481521167;14
1120;4067;1481517067;18
4996;2225;1481534519;18
160;2577;1481519560;8
1479;3742;1481530220;14
1102;3880;1481537155;10
1922;436;1481541193;18
223;1372;1481509094;18
234;2038;1481543741;16
1173;576;1481547770;16
1534;4801;1481512814;16
716;3007;1481549853;14
3182;3127;1481531678;10
1844;2672;1481541578;2
2378;1128;1481545703;6
2355;3634;1481534422;18
2282;4262;1481527120;16
5778;5263;1481542219;6
2936;3769;1481528466;8
596;4180;1481528762;14
4592;1044;1481538483;18
2652;2181;1481529228;6
876;1927;1481512390;4
2533;891;1481522503;2
2480;4964;1481539473;18
2074;5534;1481529850;16
4348;1767;1481547378;14
2343;908;1481542509;8
2650;1209;1481515914;18
80;2804;1481513736;14
3480;2763;1481534685;14
5351;5406;1481544042;16
1888;803;1481512827;18
3872;260;1481515039;18
808;4302;1481513345;18
4420;5487;1481545918;6
693;5424;1481540999;10
5148;2951;1481532205;8
613;3358;1481528459;6
5773;3564;1481506710;8
2695;3894;1481509674;14
16;2923;1481551610;10
5480;2499;1481526811;6
3007;88;1481531193;18
453;1788;1481527043;18
3963;410;1481550111;8
664;4027;1481531501;18
3327;665;1481545473;2
5080;3456;1481543940;16
4359;1147;1481521304;18
2979;1898;1481522148;8
3470;849;1481547468;16
2656;2811;1481543605;16
3696;1010;1481512589;8
3;4167;1481529754;8
1640;442;1481507528;12
3007;1400;1481533997;16
4432;1731;1481530740;14
429;4119;1481526554;4
4296;3186;1481541278;10
3718;423;1481542059;18
19;1710;1481523932;6
1254;2554;1481537795;12
2693;2355;1481536587;6
3136;3585;1481511725;10
1629;5017;1481540476;12
768;842;1481530887;12
319;1410;1481506395;2
2143;1181;1481508346;8
2792;5743;1481538355;12
5327;1853;1481540252;16
4096;4969;1481550714;14
3455;5616;1481514411;16
1040;39;1481537436;4
1567;2066;1481517712;10
3466;2308;1481510444;4
83;2915;1481509174;8
4326;1039;1481513438;2
1405;746;1481534435;10
303;5771;1481542866;8
3157;1428;1481549459;16
2699;3022;1481547653;6
1579;4694;1481520874;12
4304;2105;1481537500;6
2474;24;1481530235;4
1750;82;1481539588;8
2445;1696;1481546484;12
5768;2997;1481541496;2
4811;3904;1481520426;8
5733;3273;1481530103;8
3482;1878;1481511230;4
1956;4039;1481508520;18
1328;2741;1481544029;10
3461;2915;1481523680;2
296;4848;1481545281;16
3932;2295;1481514261;14
4038;2599;1481534926;12
3130;5860;1481536087;8
3774;1638;1481548847;12
1647;2989;1481541102;10
3558;1806;1481509607;14
821;1772;1481520526;10
1066;1317;1481506403;16
3118;5138;1481522710;14
3555;263;1481508425;18
4396;1459;1481509756;16
5463;3626;1481537068;4
993;2095;1481534496;10
630;1443;1481529387;8
2129;167;1481506321;18
4971;2508;1481517761;12
241;86;1481549783;6
1629;2063;1481530849;16
2957;5037;1481509988;18
2436;4156;1481528141;12
697;138;1481525903;6
2833;3436;1481510405;10
387;3903;1481508208;8
1582;3818;1481532101;12
3178;2784;1481515327;8
1503;939;1481506553;12
408;3464;1481510112;12
5020;3133;1481537689;4
372;2767;1481526082;16
1155;4320;1481519953;8
5764;5029;1481525429;16
279;2883;1481512557;14
2205;5025;1481519088;12
609;1494;1481545445;10
5096;3722;1481547220;14
170;1801;1481530105;10
2305;102;1481517517;10
859;1581;1481538124;12
1308;1548;1481538787;6
3646;3644;1481507863;8
5555;5614;1481511172;10
1160;4020;1481523881;4
2751;110;1481545635;2
3689;995;1481514249;2
2018;1746;1481511966;14
2436;1901;1481520818;16
746;2862;1481521300;8
1517;466;1481523989;18
1296;3735;1481524306;14
3383;3745;1481550902;4
5160;1889;1481510315;6
2915;127;1481511457;2
2533;4373;1481510040;8
5864;4397;1481508876;2
3013;5433;1481552205;16
5359;1722;1481552098;10
808;308;1481525831;16
5337;1224;1481512937;10
1849;4552;1481515441;6
905;1658;1481536166;16
2095;2640;1481548136;12
1755;3460;1481546382;14
2505;3148;1481543804;14
4264;3208;1481528397;14
4235;2850;1481531110;6
1000;2705;1481508458;2
2563;1644;1481552169;6
3184;5644;1481537213;10
4321;4594;1481506975;18
4192;5500;1481531493;8
1850;3690;1481528618;12
4309;457;1481538255;16
2251;4397;1481540531;10
4837;3336;1481530476;10
2780;3221;1481523430;6
1770;1301;1481542522;14
1513;3919;1481540104;16
2297;4116;1481534279;16
695;565;1481539500;6
5345;1152;1481522214;16
5540;1146;1481540954;8
2491;2348;1481551695;6
3398;4805;1481532263;2
3970;2835;1481525167;14
5547;449;1481526206;6
3955;3213;1481525874;2
3248;5807;1481540144;6
1636;4416;1481515743;6
1026;857;1481524084;10
1671;2894;1481507265;14
5771;1587;1481518462;10
5582;1225;1481523897;8
1811;3153;1481516729;8
1947;2588;1481532336;10
36;2903;1481529141;12
2085;95;1481519007;2
5812;3565;1481530843;10
5659;1118;1481526071;16
2935;1089;1481551177;14
1200;5858;1481542360;8
5519;5588;1481540112;16
5167;1444;1481549917;10
212;1899;1481541472;16
1648;5017;1481533505;12
2629;2932;1481541739;12
4009;2728;1481514965;14
2014;4417;1481518146;18
3535;3202;1481519044;6
1817;5288;1481513603;8
2119;5302;1481541988;4
1236;1606;1481551806;14
4254;1042;1481506487;8
5742;196;1481543335;8
1652;4484;1481534349;2
5636;959;1481537814;8
2656;2976;1481518275;12
767;2430;1481551022;2
4055;1973;1481540924;4
3809;5457;1481516974;16
131;946;1481535538;6
5640;1305;1481549839;8
2826;5619;1481516704;14
138;2195;1481514258;2
2217;3725;1481517110;14
5549;261;1481522898;16
2594;4014;1481541589;2
3884;2817;1481507040;14
4606;5558;1481550707;14
5170;2610;1481514041;12
5024;5863;1481543171;12
5614;2711;1481545278;2
1696;4119;1481547161;10
2052;599;1481532053;18
5361;3738;1481516209;12
3738;3021;1481547713;14
2639;4576;1481540019;2
449;4118;1481506342;16
524;845;1481535544;12
4845;2222;1481542164;6
1200;3526;1481527065;10
1040;2812;1481529944;10
3219;1452;1481549106;12
3514;5079;1481524534;6
2542;2460;1481543597;6
5001;4820;1481517376;14
2230;5585;1481525434;12
1132;5342;1481509398;12
736;730;1481523398;8
4480;3156;1481543439;14
5264;3580;1481527970;12
1748;4312;1481508093;10
2155;288;1481519404;18
3229;755;1481545421;2
3371;5506;1481526298;10
1584;4308;1481517266;8
2283;4156;1481534512;4
344;5675;1481542681;8
228;166;1481537876;8
295;533;1481542345;12
2201;1751;1481542163;2
1723;3704;1481513750;12
5739;2716;1481537286;6
1747;2161;1481518190;18
1384;3306;1481516925;4
3908;2567;1481510726;6
2983;815;1481538486;16
3857;1925;1481545787;12
5629;2595;1481535561;14
4624;186;1481550732;6
3965;3611;1481533076;10
3574;196;1481506497;18
3203;404;1481514179;2
850;2678;1481515269;18
2273;4358;1481544418;2
3703;1461;1481515000;16
1198;1372;1481534434;4
4692;795;1481532937;6
849;5539;1481533626;6
5337;3517;1481523325;14
2609;661;1481534468;2
3824;5755;1481524645;14
4086;4568;1481529529;10
260;4812;1481544292;6
1104;5455;1481529391;14
5434;3166;1481529110;6
3488;4312;1481510694;4
3514;3685;1481522888;2
1901;149;1481541666;8
4168;3259;1481544712;2
5646;1614;1481514145;4
5670;2460;1481540130;12
5513;419;1481533813;12
1708;417;1481509453;8
1898;4024;1481508823;14
4025;2505;1481508453;18
5456;2222;1481530401;2
323;2785;1481527600;12
3006;96;1481526893;6
2172;367;1481524151;7
1391;3220;1481511942;4
3651;2687;1481549749;8
1437;3661;1481507916;1
3801;1137;1481533365;8
2474;3752;1481545359;1
3683;548;1481520216;8
2675;1193;1481511151;5
5386;1568;1481520402;3
1157;4060;1481527904;9
1006;5317;1481535917;2
1430;2607;1481520472;5
1724;5024;1481512197;5
2889;950;1481542859;4
3368;575;1481528964;7
5379;393;1481530246;1
1916;607;1481526017;1
5735;3961;1481536801;7
3078;769;1481532885;2
3592;712;1481540113;2
5004;628;1481514477;3
2351;2449;1481523016;7
2182;4173;1481547755;7
5027;1807;1481519344;3
3880;262;1481529760;5
2399;2295;1481515565;1
865;157;1481523733;9
3929;2631;1481540851;2
5669;2024;1481552175;8
3440;5155;1481507526;3
948;455;1481546451;7
2845;4301;1481527020;5
3203;2066;1481510141;3
2668;2878;1481531768;7
3304;74;1481518592;2
566;5533;1481509890;4
2730;3297;1481513228;9
490;1041;1481518318;1
4477;3122;1481521769;4
1348;2282;1481519312;6
1861;1958;1481516146;2
3713;3875;1481511440;4
2351;2923;1481540286;1
434;5845;1481539541;1
2422;4013;1481519828;8
1684;4596;1481538234;5
1047;2483;1481526443;9
194;4604;1481534090;1
1231;509;1481546174;3
3909;3135;1481519800;5
1745;3877;1481542784;9
1870;1195;1481550382;5
1529;1445;1481507059;8
3409;2810;1481527407;8
1573;455;1481526349;7
1031;5664;1481544217;4
5842;1202;1481525405;6
3974;3266;1481508876;3
5445;5643;1481545682;6
3253;2172;1481542730;9
257;5594;1481549166;4
1726;3376;1481531916;2
1467;2198;1481540540;7
284;3822;1481534000;2
1368;967;1481550204;2
3392;3257;1481512623;6
3732;3147;1481530935;3
1;2786;1481550750;4
462;3544;1481539292;5
4164;1923;1481523888;1
2947;1209;1481527885;4
1523;3209;1481546243;2
1302;2507;1481551327;6
4183;356;1481538107;8
3793;2686;1481520777;8
3287;3293;1481532897;5
3455;4997;1481547840;4
2723;3258;1481545414;2
3504;4309;1481534742;3
900;5517;1481539180;1
3903;5266;1481530215;2
4382;2161;1481543615;7
4018;1884;1481525428;8
472;270;1481546748;3
1589;4419;1481539719;8
5351;658;1481513520;9
3937;2659;1481527966;2
5503;2055;1481510229;3
3110;5594;1481517241;4
83;240;1481539773;8
3938;2594;1481510811;7
2878;5379;1481551773;2
528;3403;1481509126;2
3122;5166;1481515025;6
503;2060;1481507736;8
2078;3342;1481507125;8
5599;1337;1481513663;6
2993;4005;1481509108;3
1083;2504;1481550762;7
5625;3739;1481522527;2
1739;1514;1481513942;8
