departure;arrival;starting_time;n_people
1119;11004;1481545733;16
9963;4525;1481549295;2
24446;9800;1481522117;2
6135;4953;1481539463;16
12085;4841;1481514227;14
6137;5485;1481513075;16
5389;7308;1481533433;16
7008;7099;1481545813;16
19760;15087;1481515656;4
21312;3925;1481546729;4
27461;8961;1481537145;14
10241;3260;1481531235;6
14630;32;1481546756;8
6539;27447;1481527471;16
26469;9765;1481513852;10
6939;9666;1481545565;6
17578;1815;1481511731;14
3699;8382;1481518030;4
8657;11961;1481522630;4
12644;13679;1481550941;12
3637;5844;1481515249;6
7960;27329;1481521628;4
15520;4594;1481522561;12
7608;9972;1481510717;10
19716;26070;1481510707;18
3747;10183;1481541257;16
1141;1894;1481536339;6
4953;19936;1481526918;4
18399;7595;1481518478;16
10022;27431;1481529499;4
11384;7440;1481535512;14
1695;1979;1481528345;10
9839;19285;1481509690;2
23852;20890;1481522951;8
27060;7674;1481516674;8
6259;7860;1481531238;2
1314;16874;1481525007;18
12289;15992;1481528948;10
11591;5894;1481510517;16
10492;6817;1481514464;14
4871;8446;1481548207;4
3068;7957;1481528981;6
8887;23037;1481541029;8
7078;15473;1481519503;2
6108;8403;1481537503;10
2805;18818;1481542650;4
11946;20694;1481548421;8
15099;23621;1481517019;18
11612;1006;1481514405;12
6958;6025;1481540497;18
7936;11147;1481533963;14
5715;5672;1481546153;6
2356;11144;1481550457;10
2743;11003;1481513685;4
4625;15329;1481530297;18
19943;14117;1481515370;14
8817;10720;1481544961;6
9220;17877;1481512001;6
5104;2386;1481540870;2
11234;9207;1481516943;18
6655;8946;1481530290;16
6961;8338;1481526480;14
10107;923;1481510560;10
901;9239;1481545337;8
8477;8281;1481548533;6
21485;5117;1481542426;14
4533;1430;1481543816;8
1861;6927;1481535239;18
9738;6300;1481520437;8
14158;1863;1481542739;16
14640;12088;1481525311;10
3605;10317;1481530785;4
8765;291;1481533308;6
19539;27537;1481519130;16
7536;385;1481548705;8
10546;20025;1481549343;6
8827;20411;1481515014;16
9112;19900;1481515286;2
16179;24326;1481509922;12
2124;3620;1481522005;8
20895;24933;1481545279;16
20935;8240;1481550335;12
10812;15353;1481531623;10
12074;25046;1481518466;10
4979;22259;1481514836;2
10797;6127;1481546522;12
9972;22643;1481516900;14
2964;1448;1481527753;18
19026;1487;1481545889;6
332;13887;1481532303;6
18048;11777;1481547245;2
6661;2789;1481510056;2
3852;11576;1481537231;18
19055;4190;1481539406;18
20261;17302;1481529807;6
9144;6133;1481521104;16
22485;3407;1481520853;12
3428;18466;1481544817;16
1267;20465;1481543078;8
11617;889;1481527811;16
3699;3400;1481512168;10
22159;6965;1481530428;14
12097;6508;1481521544;18
25062;8584;1481525073;12
22532;11388;1481536043;4
16013;24984;1481513268;8
1289;6602;1481519016;12
11028;19723;1481548537;18
6453;12411;1481522785;16
17253;27480;1481517988;2
1389;26157;1481547173;12
5709;24140;1481516913;6
27171;4023;1481545866;12
3686;8983;1481535683;10
18880;975;1481517641;6
26218;6521;1481549056;16
4827;21413;1481538768;16
6634;6260;1481539416;10
4313;8488;1481515846;12
2812;6192;1481514728;14
18848;7453;1481550288;8
9564;4263;1481522796;14
19958;16192;1481521391;10
4189;4188;1481546300;2
17032;11361;1481526358;2
1515;24346;1481538912;2
3016;19275;1481537851;4
21800;18146;1481530911;16
2836;2117;1481544889;4
5922;4520;1481541335;16
982;7452;1481533509;16
9848;6132;1481536166;6
7608;18902;1481540908;18
22644;23467;1481545410;10
15348;19571;1481526961;6
8984;5700;1481548036;14
7401;22482;1481540639;14
18807;1992;1481544580;14
14445;8398;1481528513;8
5399;2369;1481526223;6
8075;21415;1481531383;8
5405;4844;1481530001;6
17528;11776;1481549680;4
3146;177;1481518179;12
10164;1092;1481541365;12
17788;2782;1481549803;8
3003;13771;1481545120;18
1168;1208;1481545515;10
1791;23060;1481540241;18
1619;11085;1481510558;16
8767;1290;1481517218;16
2120;3499;1481525635;4
11128;5867;1481531225;16
17294;8566;1481544616;10
4854;11117;1481534767;10
10271;3586;1481513091;16
24430;2354;1481520389;14
27157;7988;1481541571;14
7686;22268;1481519093;14
7365;6174;1481547493;14
1857;8350;1481545102;8
6142;11220;1481545270;2
10930;9894;1481530996;8
8485;8920;1481529829;18
10071;14169;1481524256;10
9626;17133;1481533888;18
20955;20239;1481541601;2
17397;6790;1481547371;14
26305;14929;1481523404;16
19225;21462;1481510195;12
26302;4848;1481526402;6
352;21363;1481531469;2
1838;12785;1481535556;8
4548;4760;1481529275;4
1930;1858;1481528871;18
358;17782;1481511290;12
7315;20686;1481522833;16
19780;10115;1481548528;12
8281;11115;1481549974;18
5016;24572;1481531140;4
3706;380;1481515042;4
12420;7594;1481549813;16
21504;1158;1481521213;12
9809;15787;1481550288;6
8960;15918;1481522694;8
1261;12944;1481535844;16
344;4829;1481540998;18
19842;23534;1481544341;16
7183;976;1481537468;2
4503;20355;1481533664;4
6555;8592;1481519036;8
7601;18883;1481538648;18
7029;2740;1481524155;8
20404;10184;1481549654;2
14510;4580;1481543966;8
4045;6431;1481527540;4
8014;13814;1481549913;14
23319;10398;1481515496;12
17146;10717;1481542145;16
11091;25325;1481526770;12
10486;13186;1481547143;16
27061;21444;1481534530;2
7598;10701;1481515009;16
14108;6659;1481526210;8
27033;2023;1481511282;2
9438;6731;1481543418;4
17843;1408;1481539008;10
3701;24161;1481532171;18
5873;6581;1481521265;2
238;1018;1481529994;14
11016;11251;1481541340;8
1220;22646;1481510929;14
4804;9990;1481542896;8
19590;23864;1481547332;2
20984;1341;1481540780;16
1060;7298;1481517942;10
1269;6505;1481511167;10
19824;12648;1481514020;12
5898;21233;1481548781;6
8122;27200;1481528826;4
27201;1533;1481517603;10
20994;1446;1481527289;6
25067;6276;1481520052;4
1931;16180;1481518654;8
23538;6453;1481527692;10
7567;10778;1481523154;8
10214;20316;1481510017;18
1178;3274;1481510170;2
10723;24479;1481533681;6
8013;26309;1481547710;18
8971;19897;1481510378;12
15228;2424;1481542118;12
8803;18883;1481534928;12
6434;15480;1481545374;4
4016;4332;1481535267;10
6256;12047;1481533237;10
11148;17233;1481528822;6
16531;409;1481531239;6
7584;19918;1481523694;10
25363;23165;1481537112;8
24921;6988;1481516276;12
15216;63;1481527914;12
3424;18508;1481536574;2
5918;10829;1481531802;8
1695;5939;1481517070;16
18154;23355;1481521999;2
1199;6376;1481537153;6
6506;1673;1481547545;10
4524;6825;1481540540;8
9815;7420;1481518492;12
6571;11618;1481537294;14
12222;2892;1481537759;4
1082;6671;1481539782;6
22215;1867;1481535959;12
4663;4351;1481521454;8
8905;5833;1481550116;8
5278;2032;1481514747;14
18868;3685;1481533830;8
74;1389;1481516320;14
10929;19071;1481513024;12
4696;1458;1481527277;8
24570;26035;1481523543;16
1646;16016;1481538814;10
16377;2827;1481516782;4
4267;7935;1481548969;10
1266;305;1481526958;6
16780;5993;1481543759;16
1749;8295;1481535645;10
19648;5053;1481525072;12
46;5685;1481538564;4
27462;19772;1481536966;4
18882;14704;1481531708;12
893;6984;1481522617;4
20657;7967;1481518748;14
1841;14230;1481536779;6
10526;1548;1481547173;2
23753;8690;1481519089;12
19800;7166;1481529362;12
10766;15164;1481532522;2
14872;19551;1481520625;10
9394;8547;1481524867;14
4302;24277;1481518250;12
4896;13286;1481512176;10
10928;7450;1481537113;4
20909;9443;1481515967;2
425;27164;1481526864;4
7909;1984;1481546771;6
11060;23052;1481533537;14
9059;2743;1481537442;18
14120;10801;1481517798;12
7892;4966;1481527719;12
26098;8836;1481513098;4
9884;8032;1481515634;14
29;11094;1481543980;4
21399;20590;1481542493;8
27046;20119;1481509696;6
24748;2878;1481510665;2
9547;26166;1481517406;6
11387;2010;1481533839;2
25325;323;1481534669;2
7036;11396;1481542930;10
15992;20041;1481512965;2
26100;6892;1481545135;8
26265;9814;1481549937;10
12401;4190;1481515046;4
23;7939;1481544020;2
21728;11259;1481532643;8
291;20518;1481535278;14
10200;9948;1481519601;8
951;4752;1481512574;4
25366;4533;1481520105;14
15226;17886;1481510613;4
25397;7877;1481528374;4
14262;18867;1481544755;6
8583;11091;1481525488;2
19770;4574;1481548720;8
8578;398;1481546421;14
4747;20074;1481532947;8
19066;8997;1481529035;8
21718;22313;1481520452;8
3682;5412;1481545006;14
5824;1493;1481529742;8
14274;10539;1481514594;4
328;17845;1481541555;10
45;15992;1481515306;4
20124;9405;1481529081;10
6940;11226;1481523966;14
6724;5899;1481541983;6
6802;7462;1481519310;6
15080;17233;1481540262;4
25543;7628;1481529347;18
1672;18166;1481532069;4
16038;1218;1481543252;18
12619;27554;1481536038;12
11247;6684;1481529173;16
19850;27375;1481520267;16
17871;24747;1481544698;10
26085;23119;1481547684;8
25502;4226;1481542545;16
7940;17036;1481541423;6
11594;23524;1481514089;14
3372;19752;1481528132;8
4582;1906;1481536233;16
5996;6348;1481547300;14
7367;9478;1481537323;18
16139;23489;1481543392;14
7977;24347;1481548943;6
16783;25368;1481509602;14
10268;7848;1481536610;6
7814;18209;1481543877;8
23971;380;1481541515;16
27382;8021;1481530993;4
7830;18319;1481542379;8
8554;14152;1481515776;18
6273;23003;1481549277;8
20673;27012;1481527727;12
5401;16894;1481545179;4
9666;19900;1481528099;14
27318;23109;1481540279;14
1975;12185;1481526605;16
9280;4543;1481513466;6
2416;12372;1481528635;4
8118;8048;1481550980;10
22651;8416;1481537752;10
4654;2893;1481534412;16
4208;10722;1481526343;10
19804;9843;1481529727;12
13999;11055;1481543801;4
1221;12631;1481548847;14
9833;429;1481515596;4
10207;8025;1481536475;10
16873;25195;1481531401;2
6404;5673;1481546203;2
20155;5976;1481512016;4
2836;258;1481511328;4
2758;4883;1481511923;16
7170;19712;1481537266;12
25081;27180;1481536159;2
16880;27442;1481512461;8
8447;7326;1481522209;6
6866;9411;1481524063;6
4329;21088;1481510175;6
17485;3772;1481522066;10
19211;7915;1481518192;10
20932;23004;1481524593;12
16321;13929;1481526005;4
25189;7298;1481540502;4
27101;10406;1481527970;8
20983;7544;1481520805;4
4842;12775;1481539125;6
10213;5871;1481533923;10
18338;17418;1481536425;16
1084;16140;1481548255;18
9473;5099;1481519756;6
9838;18821;1481510681;12
9287;12868;1481543594;6
22463;10252;1481549934;10
18152;5517;1481550385;18
10265;18940;1481512011;2
19967;10008;1481521504;18
8396;17414;1481550349;16
4753;10164;1481514795;6
12578;17241;1481524170;18
20397;27440;1481524191;18
27187;1225;1481545677;12
12071;8876;1481544795;14
17482;17269;1481525358;18
7711;22159;1481546006;4
12920;19092;1481511397;4
14703;11091;1481530464;18
15295;4945;1481510820;12
6722;25074;1481541106;14
3081;15347;1481519462;2
1734;15106;1481527248;2
18814;12293;1481534215;10
2645;12244;1481528041;14
5489;3125;1481548734;12
4858;8324;1481537814;14
18835;2173;1481511360;14
27135;10007;1481530515;14
26;5746;1481533219;10
1733;17143;1481534561;18
1409;8828;1481535124;10
7161;8033;1481528751;4
9494;14983;1481543636;18
13114;1454;1481535198;10
6502;22530;1481517029;18
6371;8322;1481513406;8
20040;6984;1481529039;12
1572;1695;1481536518;8
10273;4704;1481543036;10
19983;2947;1481523269;2
19803;21312;1481539191;4
20688;6184;1481538675;14
14860;19210;1481522281;4
1418;9403;1481548003;10
22997;6118;1481549752;8
8025;18912;1481538954;18
27204;23063;1481518277;8
25188;2124;1481537979;6
1969;20352;1481517449;10
7670;8593;1481511837;14
13809;4978;1481530702;6
8001;24952;1481545616;6
1261;895;1481548826;14
4179;18836;1481523768;12
17143;10717;1481517157;16
24650;12139;1481550526;6
8798;13974;1481536853;2
7840;15237;1481543263;12
1017;25048;1481526596;6
4667;11122;1481535855;14
4220;27484;1481530016;16
14434;20145;1481529523;2
21485;11785;1481516034;16
9449;11062;1481536893;6
13078;3939;1481523691;2
1131;17870;1481537789;16
4038;19535;1481541013;10
9412;8353;1481541566;14
12046;6632;1481524903;4
9279;4585;1481539889;6
139;6433;1481550943;12
16318;27297;1481530530;14
27413;27132;1481523342;12
26317;8755;1481515766;2
10512;11226;1481512638;16
13950;27295;1481512973;2
5807;10124;1481516789;12
5036;9296;1481542853;18
98;3125;1481529537;14
9990;8088;1481511348;4
22976;10574;1481534364;12
49;4905;1481519222;10
8430;27020;1481539954;12
6369;4723;1481527536;6
8571;622;1481548956;12
5530;2645;1481515283;8
9060;1530;1481521699;18
9678;11860;1481537739;4
18334;16929;1481513369;8
13214;17921;1481509717;6
10024;9988;1481525713;10
23754;17257;1481523948;6
9530;2275;1481515821;6
24349;364;1481524445;2
8873;17415;1481541826;6
2382;8757;1481513167;6
17006;27483;1481543683;16
7343;5709;1481535834;2
3460;23666;1481522072;4
7344;6533;1481544596;12
10668;336;1481521423;18
5743;12160;1481550246;16
8904;6452;1481534904;8
6165;8698;1481516793;4
5700;18879;1481529646;6
7260;7303;1481537900;14
27032;8095;1481519048;16
22927;25344;1481522007;18
9368;171;1481510760;18
19527;22922;1481528111;18
244;15249;1481540447;12
1112;3984;1481527006;8
1991;27280;1481538508;12
4362;1765;1481533944;14
4035;49;1481531002;10
10279;10315;1481513620;8
5384;27556;1481545340;4
15250;318;1481520151;8
24679;19066;1481543598;16
4892;8389;1481519496;8
10012;17430;1481546009;10
23337;6706;1481549735;6
27099;10066;1481543167;2
10026;20125;1481532876;10
3386;2523;1481527964;16
8545;6630;1481533121;18
12278;11220;1481510317;10
7555;6311;1481537110;4
6944;1139;1481517089;16
3614;10522;1481537020;14
23662;12619;1481517899;18
19737;12770;1481531248;6
20423;6455;1481526980;2
10327;27399;1481522646;14
1922;5882;1481543065;14
18906;9950;1481537346;4
15734;1519;1481540127;8
19417;4593;1481534889;10
20239;7637;1481536532;14
11211;7802;1481547658;8
12770;9297;1481532566;14
11052;9061;1481535942;4
11062;6485;1481547625;18
22538;19712;1481541095;12
24176;18823;1481514954;16
1192;24058;1481518323;6
1688;15139;1481551006;6
9105;1287;1481525813;18
15403;2643;1481514925;6
8754;20411;1481514021;4
7553;20517;1481548339;14
9159;20528;1481534357;4
6796;3685;1481514486;6
7422;7461;1481534458;18
4249;7517;1481524543;2
22976;6016;1481529798;16
20359;16797;1481536870;2
8655;5734;1481548698;8
6819;3376;1481519215;10
22578;1322;1481526457;8
11826;17337;1481511430;10
7457;3398;1481517952;4
7324;5740;1481529005;8
7159;7887;1481534602;16
7379;25174;1481539913;4
3403;879;1481543122;4
7278;2745;1481550106;14
12627;1354;1481520137;16
21481;10682;1481548124;8
26031;9166;1481527149;18
25364;23038;1481515182;10
1654;18074;1481549464;4
19212;16186;1481534490;12
5089;13213;1481527968;4
11239;22297;1481539904;8
4331;7799;1481510406;6
1095;24126;1481532869;16
3850;5389;1481511026;2
1497;24571;1481543902;8
3272;10684;1481516817;14
20071;372;1481512906;14
1034;20225;1481548738;18
10927;10190;1481515743;10
9567;9525;1481546718;4
7554;19508;1481521561;16
27175;13199;1481531351;8
22968;2817;1481545097;10
3247;21454;1481536645;2
5641;9219;1481549270;12
6360;24569;1481524612;10
23355;24585;1481550999;10
7582;9860;1481515015;4
1535;14823;1481537626;10
21374;20936;1481510781;4
12815;27278;1481519883;10
275;11377;1481514687;4
8330;22961;1481528570;16
12238;2963;1481528410;12
18212;27510;1481539357;18
3728;5750;1481523360;2
440;2523;1481510199;6
27344;4585;1481533696;12
18811;10016;1481547051;6
4312;17211;1481509604;6
1691;5007;1481543047;14
25430;8836;1481512938;10
1311;10360;1481514539;6
13971;2340;1481530261;4
27432;18900;1481521845;18
3388;13200;1481542159;14
18073;17537;1481549866;8
15188;5651;1481548487;16
27522;11642;1481531067;8
12031;18897;1481537425;6
1104;1891;1481544307;16
14448;7342;1481518477;4
1203;12696;1481532199;4
26112;2115;1481549475;10
18339;17500;1481531545;8
7417;4932;1481545187;14
8463;12730;1481539540;10
380;9104;1481527557;12
7166;5431;1481529925;8
18895;2761;1481531698;12
1563;5364;1481534242;18
2130;17583;1481514014;6
6665;3120;1481531991;2
1554;12032;1481546126;14
17026;9371;1481530920;18
24928;24285;1481548781;18
18071;10413;1481518724;10
10263;5921;1481531473;8
10096;6149;1481546403;4
15990;11623;1481518091;14
25;1165;1481522466;18
23549;7474;1481515387;6
7308;8195;1481525933;8
6136;2954;1481547471;10
25706;9428;1481550897;4
11124;184;1481544118;18
4871;6877;1481510245;8
13774;187;1481517306;18
4503;17789;1481510447;8
22307;6520;1481541269;10
3589;562;1481529526;2
6119;2121;1481522667;8
9564;10833;1481536019;4
17262;14577;1481530265;2
27232;11065;1481536786;10
1691;14138;1481538857;4
11801;9432;1481546933;6
6296;27290;1481531273;12
23866;11085;1481547012;16
172;17472;1481547031;6
3927;8743;1481513748;18
5764;7844;1481532197;18
3378;8443;1481510190;4
15737;100;1481542798;18
10425;17308;1481516570;10
1875;22317;1481540172;6
10832;25069;1481533078;14
3162;8029;1481537992;16
5741;27417;1481520903;4
21089;1064;1481529943;18
5487;8336;1481510234;8
11814;3469;1481541466;2
25365;220;1481536248;18
22934;12787;1481537518;4
22526;7391;1481546074;14
10027;18245;1481512073;2
3595;11806;1481539220;12
15116;19552;1481542298;10
16934;27281;1481523384;14
11949;9753;1481542823;8
19308;5919;1481550246;4
8806;23002;1481517651;16
1227;22292;1481549138;12
5476;6334;1481536925;18
20415;10537;1481538329;16
17198;7843;1481517095;14
8389;6560;1481527891;2
27520;6241;1481547065;18
6192;14436;1481535447;12
15744;15027;1481513092;10
8941;23831;1481524292;14
8448;9736;1481539907;6
2380;15308;1481531293;8
27282;12726;1481511873;12
15241;3700;1481547901;8
11747;7848;1481520639;12
10237;22640;1481515707;14
16824;23859;1481530151;12
24745;9255;1481547669;16
9806;24724;1481550632;10
17149;1539;1481536857;10
10235;7773;1481514019;10
23620;27031;1481546384;4
25543;10075;1481535134;18
13138;3989;1481543841;4
7570;25161;1481516244;12
1398;15409;1481530883;14
10687;11140;1481543873;18
17149;12092;1481527202;14
10031;4272;1481516343;16
21217;17456;1481524663;8
3246;5401;1481546071;4
1291;7582;1481538206;8
21410;25170;1481528304;8
10208;12134;1481514708;2
9156;1245;1481514746;4
6932;1616;1481540857;4
20925;10472;1481515947;14
10493;7522;1481532882;14
15926;8036;1481510626;10
15225;9815;1481520867;4
24296;1448;1481538002;14
17035;26394;1481531130;8
4740;13211;1481517788;8
12058;1042;1481514482;18
24685;19992;1481538205;2
16803;88;1481525199;8
4019;10022;1481537148;16
5866;24126;1481536513;12
7586;2392;1481510494;16
8795;17882;1481531631;10
23546;3721;1481515229;12
15491;8425;1481510920;2
23520;6859;1481515784;2
27315;5028;1481543725;6
9797;12296;1481518920;8
21087;26259;1481543063;18
27052;11808;1481549498;18
3623;9560;1481545674;6
6577;5089;1481541997;16
19861;109;1481540602;6
23352;19069;1481531045;16
9736;16864;1481541340;8
7481;6161;1481524733;12
1913;14878;1481515492;6
1562;1298;1481528874;10
24278;8088;1481532107;4
4928;8466;1481536783;4
19941;3465;1481544398;12
5298;4893;1481530116;6
26192;8171;1481520101;12
7959;26039;1481542258;8
1522;14127;1481510009;14
4897;1372;1481525217;16
4926;18071;1481525280;2
11960;2015;1481543115;6
25383;21288;1481543699;18
3464;20005;1481526076;12
11026;3974;1481517711;18
6200;27207;1481540154;8
17611;1676;1481512423;12
25042;19091;1481522634;4
20036;17006;1481546984;10
11588;11594;1481528819;18
11624;27296;1481538172;16
19089;25528;1481544946;4
2640;7936;1481520795;8
3416;10005;1481537620;14
3690;8049;1481535368;8
19091;19797;1481509994;10
5741;6948;1481533797;4
12321;4804;1481517263;4
26169;11849;1481549713;18
1935;8954;1481525521;6
15225;3755;1481542250;14
5750;2283;1481516021;2
1794;1648;1481534962;16
1793;14964;1481535976;6
15480;4736;1481528200;18
19538;9791;1481550503;8
27020;8573;1481525297;18
16849;10416;1481549151;4
15518;12065;1481523933;6
17273;5705;1481550193;8
19825;5390;1481545906;2
22489;23107;1481548973;6
22472;3949;1481526739;16
10529;8970;1481522511;16
5901;5509;1481545278;16
6008;23543;1481515708;14
8970;25190;1481548145;18
6658;8299;1481547251;6
14650;19970;1481511174;16
10193;9750;1481529590;14
12328;10106;1481529565;16
14710;269;1481514925;18
15744;5774;1481539686;2
12042;18202;1481535086;10
2025;1080;1481545518;18
3119;9368;1481519057;12
4622;14164;1481513720;12
13814;7803;1481535599;14
1712;7466;1481518268;12
20053;7328;1481526064;4
11173;24654;1481551088;2
10671;14447;1481511131;18
17193;3083;1481535883;8
8798;12745;1481521049;4
11862;9671;1481545135;2
8684;7611;1481550058;6
7608;3268;1481533459;16
5866;27232;1481512657;2
20069;13030;1481515639;4
156;18092;1481539253;16
19476;8377;1481541646;12
27478;18958;1481532158;10
22539;3770;1481550410;10
11232;21837;1481537920;14
17403;20963;1481510967;6
1298;17578;1481525368;8
15492;7517;1481536942;6
2319;10320;1481543394;8
4346;5032;1481530655;4
209;26145;1481527032;8
16852;6928;1481539196;10
8638;14924;1481543449;14
20239;24708;1481517134;16
18260;6267;1481511065;4
1450;24479;1481536440;18
17163;435;1481546079;12
16317;16856;1481544319;6
20951;13262;1481535522;4
16894;1414;1481534938;16
18209;4358;1481518409;4
10111;27279;1481534254;8
9947;7090;1481541320;16
15788;2117;1481536941;12
17121;6531;1481521404;6
5035;4875;1481543101;16
1550;4774;1481524131;14
17302;7399;1481528761;4
1713;9494;1481513138;18
8053;18196;1481512746;8
4787;10093;1481526622;12
11827;2411;1481541708;10
14552;24724;1481542208;4
19559;12652;1481550539;12
5261;10023;1481549434;16
24089;7694;1481524093;16
5775;1712;1481545305;12
2122;1797;1481545891;16
6370;17004;1481518352;14
21717;19957;1481539798;2
57;10564;1481526263;4
9297;7910;1481532817;4
7592;16878;1481532307;8
3261;4041;1481534239;10
22489;1721;1481509620;2
3751;11009;1481521001;18
384;4859;1481523400;18
7142;9296;1481511987;16
4876;6421;1481532080;16
14560;13973;1481530237;4
8504;7336;1481513073;6
20366;11154;1481536831;18
5360;1857;1481533431;10
4919;14661;1481522957;18
7058;4239;1481526683;12
24352;10193;1481547491;2
3702;3781;1481535875;16
1321;12568;1481523675;4
3921;1383;1481546070;18
9848;20392;1481545964;4
7794;12335;1481535345;14
1773;14433;1481519459;4
25447;11920;1481526090;6
6220;16910;1481547859;16
19898;8986;1481528979;16
19312;8579;1481515530;16
8383;6247;1481510128;6
3789;16134;1481527501;8
6516;19780;1481538766;14
27269;25390;1481526928;18
25323;20890;1481546600;16
3057;8052;1481547891;16
7278;7356;1481534806;18
15735;1185;1481549748;16
4700;15962;1481533558;16
337;2866;1481545811;16
10317;2143;1481511242;2
5870;9515;1481513689;10
16178;15103;1481519395;12
11596;18068;1481544633;14
8599;19;1481509859;6
13875;27165;1481522064;14
10074;5916;1481543041;4
10066;6023;1481543202;16
1852;1680;1481513531;6
9899;9003;1481528277;6
8641;2338;1481514003;14
24360;10220;1481540706;14
10699;10906;1481531913;4
20686;21300;1481549836;6
566;2879;1481551137;16
15470;9414;1481551139;18
7474;9993;1481534055;4
14697;9312;1481535758;12
11209;7889;1481513886;14
21472;15299;1481519295;10
11668;11794;1481518901;6
24164;9103;1481535918;2
27187;3721;1481548058;4
7014;19826;1481536512;4
11056;1328;1481539818;14
270;327;1481529653;8
27297;3945;1481519473;10
23823;17305;1481541898;10
5753;21715;1481518893;8
234;8685;1481532430;16
1332;1743;1481516567;12
17290;26145;1481546204;8
7614;10174;1481534697;12
1933;9167;1481515292;8
24744;1041;1481538688;16
6730;12139;1481513236;8
20327;6241;1481528760;14
18173;21252;1481546713;8
10419;7143;1481517072;6
2610;26119;1481522276;6
25162;20085;1481521322;16
10771;10773;1481549229;16
14543;5895;1481536800;8
25062;9881;1481516928;2
9482;10436;1481516069;16
7689;23893;1481526948;8
9221;6273;1481519402;12
9842;17168;1481548614;6
8046;8835;1481521797;8
1389;11822;1481518986;18
27046;6610;1481547905;4
9509;9968;1481530051;10
132;6225;1481510803;14
17030;10183;1481546625;14
11106;12292;1481521440;16
17458;7498;1481547780;18
14911;14184;1481510076;4
10320;875;1481539908;2
24726;20986;1481542255;16
27484;7906;1481514403;14
20683;19772;1481549062;2
27383;4237;1481531562;14
20144;19985;1481511826;4
2754;14136;1481545762;12
10195;10651;1481519159;12
15019;15244;1481547349;6
8691;11575;1481518470;16
26263;12920;1481513030;16
6810;6137;1481514998;12
8754;20445;1481523329;16
10226;4659;1481528911;8
5643;9206;1481544112;8
4662;7;1481548817;6
25376;3363;1481524206;12
15131;17882;1481516595;6
16847;7173;1481531703;6
10880;13209;1481543519;16
244;8136;1481541985;16
11619;8651;1481540282;10
25040;6884;1481518638;16
8421;10295;1481530123;12
6919;19806;1481523483;4
19490;10803;1481528610;6
322;17027;1481536104;14
9441;8571;1481520390;10
6413;7766;1481537084;18
12818;7108;1481510910;8
23646;1696;1481539618;10
6108;24708;1481518062;6
14909;5998;1481527274;8
21305;20297;1481512792;10
12813;1026;1481543283;2
3280;19990;1481544094;4
14643;18442;1481541740;16
17464;6793;1481549626;6
6766;19273;1481521073;14
21230;4184;1481544631;10
11177;21729;1481550949;8
9674;12074;1481519041;14
27013;11481;1481545726;18
4258;2841;1481533200;6
15;19801;1481512892;18
303;10205;1481516650;2
6586;8910;1481519151;8
19758;7336;1481516276;10
16861;20538;1481522684;6
15470;8532;1481549317;14
15475;9488;1481522742;2
7836;4600;1481527514;4
2996;8450;1481541630;14
1123;24690;1481540139;16
3769;6684;1481524902;10
8531;429;1481543141;14
18069;11234;1481530473;12
935;12413;1481513196;12
9565;20317;1481527876;18
12284;20153;1481524261;14
13981;11109;1481550591;18
20572;3074;1481546250;10
13863;21799;1481547861;8
8303;6543;1481548477;16
24179;24565;1481534874;12
9814;19234;1481519735;18
9407;1447;1481540961;10
19307;6690;1481539878;6
5697;20536;1481512099;12
15189;19816;1481541285;16
23330;6147;1481517717;14
3506;20536;1481544412;14
9737;8602;1481549417;12
20289;10576;1481519798;10
11785;2276;1481520467;16
4542;7917;1481540447;6
11717;10263;1481514947;14
117;8121;1481533513;2
3095;5276;1481519115;12
3930;10812;1481518402;8
24655;7960;1481549204;18
1014;8131;1481511706;2
1451;11770;1481524317;14
10813;10671;1481537171;6
20906;3271;1481516776;4
10067;23862;1481522781;4
14880;20599;1481511776;14
15478;3583;1481542156;10
3592;22131;1481534564;12
5010;18934;1481533678;12
13984;15479;1481537578;14
1779;5034;1481510520;4
14574;240;1481525316;10
6011;25069;1481549462;4
4864;21223;1481539258;18
27397;21230;1481524279;6
6481;19866;1481528055;18
23364;283;1481540070;14
19866;11790;1481540422;14
12413;18946;1481518073;2
3935;1353;1481533544;14
11635;11135;1481511805;10
9153;11558;1481546779;4
6477;6214;1481548020;10
4573;1391;1481510922;12
8386;4606;1481527883;16
17472;5910;1481513465;18
3258;3981;1481547331;18
27181;15978;1481550173;10
10388;972;1481548939;6
4657;22258;1481520858;16
3907;10538;1481549116;14
429;7884;1481534942;14
197;15508;1481545316;14
3161;10240;1481539313;16
4045;10250;1481521493;6
12187;4013;1481543524;6
10670;1219;1481509859;8
8556;16535;1481515398;4
6861;13681;1481521456;18
19798;12360;1481521100;18
17360;2793;1481546661;10
3791;14130;1481532783;18
3599;1151;1481544984;6
1812;11017;1481514073;12
2335;3464;1481550938;8
5297;9247;1481543938;8
4226;5843;1481521339;12
6316;7817;1481541438;18
11594;8832;1481526893;4
7433;8756;1481513952;8
1518;25504;1481549308;16
2646;9025;1481544522;6
23760;1112;1481539091;6
5510;14810;1481544868;12
5249;14262;1481545312;10
28;5405;1481547180;4
12374;5627;1481520382;16
19917;927;1481529005;8
8429;6581;1481527030;10
879;18081;1481509546;14
16022;15229;1481527991;14
4289;4283;1481542190;12
1422;13974;1481527922;14
3164;17373;1481546395;4
15244;27033;1481539934;4
8571;24733;1481510763;16
7608;23752;1481548877;16
19022;3728;1481542950;4
14239;10224;1481511721;4
7064;21413;1481521857;18
12815;6918;1481543115;12
4350;27206;1481527084;14
10188;1666;1481510167;14
9470;259;1481526934;6
8882;24172;1481519517;8
6600;7407;1481540958;2
9566;8806;1481524089;10
12221;3790;1481533167;8
12358;23625;1481534733;6
7772;19814;1481539946;14
14567;9953;1481518940;6
23696;179;1481524497;4
7190;8303;1481511665;8
10593;12698;1481537515;2
24501;22254;1481513271;4
20545;7308;1481522137;10
15370;9549;1481515521;8
23444;5099;1481524302;12
2122;19764;1481538244;12
6620;25513;1481536897;14
20713;23730;1481509764;14
9431;11904;1481534421;16
26373;5376;1481512525;6
17584;3717;1481541754;8
367;27396;1481514378;4
21081;2757;1481536597;4
8974;4820;1481547913;14
6380;10443;1481529820;2
8556;14240;1481523415;14
6576;11;1481547457;14
8327;7606;1481519607;8
22999;27543;1481510799;16
6389;23522;1481541148;2
2750;1131;1481549093;2
25284;4898;1481510776;14
1733;6576;1481519283;6
4993;8478;1481547078;10
16199;19283;1481518588;4
5905;17502;1481544595;18
15118;1844;1481546977;12
7607;4191;1481524379;14
7592;26185;1481544473;16
5809;6762;1481513225;18
17250;15029;1481544339;4
393;11956;1481547156;14
15225;10999;1481531498;2
9194;4043;1481525671;6
2395;6555;1481546881;8
6329;4964;1481532091;4
5028;19276;1481532763;10
20014;4266;1481518408;10
4607;12565;1481517428;12
1218;21279;1481534508;4
4527;5863;1481533781;10
23753;23049;1481511359;18
6799;11991;1481519181;8
13004;22651;1481511465;6
20517;8649;1481538714;6
18299;23644;1481511122;12
5953;6618;1481543363;6
3333;25163;1481523861;12
1766;6478;1481527804;12
24357;27510;1481531466;6
2751;11121;1481527846;14
22509;5821;1481550663;6
4676;7606;1481519672;14
9151;11910;1481527799;4
7422;9777;1481516893;12
26094;17283;1481545474;16
18092;1038;1481521785;14
12696;13196;1481519857;4
7353;15076;1481531167;12
27000;9430;1481520863;4
6642;10317;1481526491;6
10696;7082;1481527659;12
5997;19299;1481543405;10
12185;18080;1481534371;6
3927;6669;1481525913;14
10582;21269;1481516230;16
18105;1004;1481522486;2
1553;17388;1481510797;16
7629;4592;1481526660;6
1868;5084;1481532480;2
4641;23550;1481542328;18
22133;9609;1481545001;4
17783;5750;1481514764;8
13910;10486;1481547847;10
25414;9218;1481514585;8
4564;10699;1481531143;8
1329;303;1481549778;2
14614;5861;1481550782;14
12780;20807;1481523738;8
22960;9988;1481544877;2
17843;7249;1481549124;10
1370;22311;1481549914;12
23032;16905;1481534068;2
4858;17044;1481513886;6
27548;5747;1481527334;12
8977;9999;1481544231;10
27104;19856;1481525682;10
23805;19528;1481516473;18
2773;19211;1481516820;10
1380;1272;1481525046;2
911;27205;1481547434;16
958;24955;1481519538;18
8956;16891;1481530397;4
10070;1773;1481515899;16
4806;9393;1481549919;12
14704;6579;1481534007;16
11694;213;1481530005;14
7059;1110;1481518548;18
439;7467;1481524011;4
13862;1087;1481546242;8
13763;14125;1481524167;14
9846;1592;1481542717;8
10910;17573;1481510754;6
24426;6571;1481526433;12
14168;6982;1481517143;2
4255;3083;1481515644;14
1496;400;1481538457;16
5417;5017;1481523388;12
7452;17880;1481516689;16
25468;25522;1481525135;6
10912;6376;1481533130;10
4746;22602;1481524108;16
20529;5914;1481540066;2
19040;13914;1481519953;10
6274;15119;1481526794;18
24180;14246;1481523272;10
11905;11088;1481541452;4
17174;1078;1481529764;18
14913;2797;1481513046;10
10383;10314;1481519492;6
8959;6653;1481540173;10
4600;10239;1481528191;6
17533;7458;1481533377;12
4776;4223;1481531783;6
8299;15460;1481540219;12
20937;27060;1481527520;8
14125;3060;1481537495;12
4665;1492;1481545542;10
20062;5613;1481523488;10
3395;15391;1481541275;10
20681;10925;1481531835;8
5023;21713;1481534821;12
8151;1577;1481511075;8
1332;2143;1481537386;14
12057;20527;1481513235;10
8478;1611;1481520425;6
10411;6476;1481513341;6
25062;12756;1481540739;8
1421;1793;1481529276;18
8573;14197;1481529688;2
19052;81;1481535856;8
8503;5301;1481530635;18
17425;17157;1481531804;14
6924;19851;1481544324;10
114;25343;1481546344;2
24745;1988;1481510411;4
14659;9894;1481544230;18
14691;4346;1481522322;18
22307;7967;1481533273;10
16532;14880;1481534330;18
18177;4259;1481547991;8
4965;24918;1481512224;2
9464;21217;1481541105;10
7085;7404;1481537036;8
5240;17421;1481515867;8
7889;20694;1481515332;16
18131;964;1481534330;4
21000;14192;1481539679;18
6729;1223;1481517467;18
17270;8976;1481547215;14
3070;1371;1481532203;18
5409;11699;1481527541;14
2819;10504;1481525389;10
9736;18892;1481539026;16
4756;6268;1481529866;18
6464;16302;1481519267;2
312;4560;1481511101;4
964;26039;1481532754;8
27288;1589;1481547141;4
10814;1765;1481513847;2
1247;12141;1481539261;4
73;4750;1481524300;12
16892;14124;1481511495;6
10313;10249;1481532520;12
17843;27493;1481524189;12
14118;16317;1481534853;14
6284;4347;1481544287;8
12087;6722;1481534705;16
2338;12812;1481545426;6
1646;1197;1481517814;16
1401;4761;1481517910;18
9999;27288;1481543194;6
8931;14559;1481512283;6
3614;10098;1481522028;2
6255;20525;1481537418;2
7104;2983;1481520172;2
22931;6171;1481546790;4
4661;4550;1481519107;18
6478;7083;1481538072;10
19024;12335;1481527154;8
6479;13774;1481513980;4
7697;8748;1481549870;18
9844;15989;1481537840;8
26216;22179;1481518162;2
19936;10886;1481510561;16
1126;6668;1481537757;18
397;6616;1481539058;2
3246;1036;1481513924;12
12782;17030;1481538148;8
22159;4752;1481516377;14
23302;8633;1481528003;14
11064;11004;1481528640;12
1811;19825;1481526716;16
1626;27086;1481537303;2
23519;6439;1481548465;4
6376;8682;1481512818;10
9368;11138;1481517143;12
23054;12325;1481550838;6
4195;11215;1481548376;16
26040;6705;1481509504;10
7645;8912;1481523723;8
26165;8422;1481540985;2
27180;14808;1481529629;6
5122;4974;1481534095;12
3533;8888;1481546389;8
24563;22651;1481528853;16
5284;5025;1481514499;6
6020;8221;1481537685;10
3755;6413;1481541228;2
10804;20455;1481547933;4
403;4830;1481522398;12
7166;26139;1481511965;2
3554;11413;1481521059;14
15369;6021;1481513965;14
5263;23333;1481546139;14
26373;8130;1481521388;2
25156;19027;1481511861;2
6788;4855;1481547508;16
16805;1706;1481548011;2
10711;6612;1481514559;4
9243;25341;1481546486;10
1283;2369;1481532657;8
8815;4188;1481509713;16
12087;305;1481522244;14
6678;11127;1481546076;12
5817;5491;1481545308;18
8050;21321;1481516047;16
8478;2423;1481519521;2
2115;16026;1481516186;4
20196;2389;1481530997;18
17462;19587;1481535079;14
27440;1213;1481511128;2
11070;5863;1481546868;2
1580;20951;1481529939;12
13854;9530;1481530479;4
2322;9463;1481537260;4
18444;10929;1481534598;16
1993;963;1481545354;14
14636;14661;1481529104;18
21444;1325;1481525399;6
6582;6155;1481545120;10
5647;10891;1481548600;18
14911;6472;1481539538;4
279;9564;1481523856;2
3426;14497;1481517115;16
8991;18960;1481526593;8
2033;16933;1481525823;6
10636;24753;1481524616;6
10010;2393;1481517090;4
10502;9021;1481514652;12
10674;1532;1481511779;4
5804;4680;1481519111;18
17419;1131;1481540401;6
9240;6500;1481515314;6
12185;16652;1481512844;18
18052;15139;1481539966;6
7365;11955;1481529440;12
2846;17454;1481533065;8
21795;10283;1481532404;6
24478;1728;1481524829;18
6461;8094;1481538279;16
25049;26040;1481535586;12
385;366;1481531098;18
15931;10252;1481541376;16
3745;983;1481511006;18
8752;8505;1481530419;4
26185;1889;1481520885;14
8137;18857;1481518174;8
20627;7565;1481540995;8
19298;20865;1481540495;6
26039;4568;1481514314;10
22648;11071;1481529925;16
9561;6595;1481518671;18
1312;14893;1481519935;12
9758;1424;1481544052;18
15521;5476;1481549108;18
23048;21279;1481518658;6
13902;7033;1481525335;18
17418;23001;1481519750;10
27537;11621;1481549730;10
14511;7176;1481524735;12
24724;6381;1481517788;4
3287;13902;1481532709;12
2726;9112;1481520559;14
20868;27408;1481525221;18
11102;14964;1481539280;14
7512;7550;1481518132;18
3614;1441;1481528408;6
19932;18963;1481542798;6
6852;1879;1481510920;4
14620;205;1481517653;12
10422;11790;1481546479;4
20775;8648;1481537791;12
10108;8480;1481550637;4
9443;6401;1481510052;4
10260;6239;1481526190;8
1152;1990;1481517453;10
19760;20704;1481538688;16
26156;960;1481512402;2
21269;11371;1481540422;18
17149;4622;1481538490;12
3855;7794;1481515066;12
6383;14810;1481518035;12
18874;16531;1481512832;6
15521;20151;1481550735;2
12693;12760;1481549145;6
17386;23016;1481512654;18
20455;9104;1481529896;12
5976;13183;1481529930;16
4756;20807;1481549223;8
8832;19718;1481544280;14
1291;3641;1481537850;14
6225;14981;1481550022;14
4734;35;1481519715;6
13726;19302;1481509795;18
6840;27325;1481536537;18
9298;2733;1481524109;8
9413;11215;1481518409;18
3898;3964;1481521932;2
1637;11142;1481548399;6
2023;14446;1481513671;2
15347;17176;1481545877;2
3600;7609;1481510479;6
8970;8343;1481516689;8
11945;27538;1481520560;10
1342;8479;1481525834;12
404;14662;1481529478;2
5081;3899;1481550223;2
562;15240;1481520594;16
10176;4666;1481549303;14
19922;19079;1481527260;2
5441;9794;1481521171;2
14240;13200;1481545639;4
9517;8878;1481542285;14
15356;17266;1481536755;16
19022;20336;1481542631;12
3485;23541;1481516839;18
3409;20629;1481541860;10
19486;20535;1481536655;12
15731;17414;1481543403;6
11244;9180;1481518118;8
17299;14184;1481531064;2
5492;10103;1481543279;8
1408;967;1481535058;18
2611;10930;1481542507;16
3062;1896;1481549563;8
7469;4015;1481543134;4
23333;2382;1481540974;12
4748;4702;1481531700;4
11414;12799;1481544798;14
19833;3395;1481530056;10
20857;7498;1481512441;16
19269;15762;1481528928;18
10835;20040;1481539420;2
279;19781;1481516412;10
10531;7809;1481544432;10
5901;7093;1481549136;4
7188;11112;1481510177;18
2739;6629;1481546494;10
24731;4230;1481532669;14
9421;9003;1481548010;2
5758;186;1481510069;12
324;1664;1481510814;14
12158;20100;1481528197;4
2319;16936;1481520351;18
3393;2823;1481540953;8
4275;4804;1481531798;10
27332;11007;1481535829;12
308;5277;1481550909;2
7049;5828;1481523671;2
10510;15998;1481537790;8
7462;25178;1481541747;2
1022;8961;1481551001;12
7110;1360;1481520649;16
7059;4251;1481530523;14
21500;160;1481524752;18
3691;23833;1481544047;12
11403;9491;1481550076;6
3281;13930;1481511648;2
17292;18199;1481529037;10
14269;23046;1481526090;8
2987;12368;1481525899;6
26211;4551;1481541163;18
23165;1668;1481526621;6
15222;4032;1481514287;18
10220;6653;1481527865;8
14797;17529;1481536433;16
19908;6533;1481520713;16
7490;15244;1481544493;6
1615;1647;1481528625;14
14859;19947;1481544476;2
8750;2874;1481518318;18
4730;4697;1481510060;12
27468;5979;1481539806;10
11224;10512;1481512064;16
21375;108;1481546574;6
22315;18199;1481539187;2
27327;248;1481540533;4
10080;7567;1481546278;16
27547;6525;1481538808;8
17423;3147;1481518724;2
14919;24282;1481532362;10
20955;9567;1481534706;12
7684;17275;1481549001;2
21833;6352;1481534786;16
25043;11953;1481531078;10
9180;13195;1481547252;2
10632;7357;1481536405;2
23191;9463;1481532130;8
8993;27414;1481518454;14
19092;1082;1481514494;12
158;8990;1481539357;18
8556;16890;1481546464;6
8990;7491;1481511741;6
15319;6841;1481532945;10
7813;18865;1481538649;2
17921;1070;1481526279;12
8635;7343;1481516242;18
8828;3071;1481519571;12
3612;10182;1481534115;16
19831;10881;1481528548;10
5103;12560;1481530162;12
142;15762;1481512318;18
12818;1228;1481512530;10
6319;1892;1481544486;8
13811;6148;1481535888;14
6107;17352;1481527346;18
27411;18341;1481517728;2
10597;9478;1481547621;12
20917;6974;1481515274;8
16824;13947;1481510329;16
21719;21492;1481517024;10
7504;8413;1481510195;6
5981;5759;1481528269;18
14254;24089;1481520876;10
13260;387;1481546060;4
19528;14901;1481536249;10
315;9766;1481545986;16
9013;27388;1481512403;2
2403;22967;1481536172;16
11576;1253;1481522176;12
20534;8471;1481524414;10
15465;18416;1481550062;14
16795;282;1481528481;8
11259;18862;1481513864;10
213;17257;1481538887;10
6767;12562;1481514611;14
17306;14219;1481530771;6
20645;4541;1481535260;16
25320;14427;1481543680;6
9151;1713;1481547522;4
9759;14636;1481534325;8
4954;7531;1481526652;18
3900;11014;1481510660;12
319;21308;1481550875;6
13189;8506;1481539811;4
10371;25172;1481543216;18
8410;25320;1481520817;10
11371;4356;1481549709;14
2802;10123;1481524262;10
1217;1016;1481525960;10
9189;2170;1481529549;16
14700;9198;1481509884;6
10231;2983;1481512249;14
11405;14872;1481529335;8
23853;20955;1481517384;4
3947;14903;1481542194;14
20530;23648;1481523056;16
27048;16044;1481535503;16
22473;9059;1481544981;8
24711;5763;1481532565;16
6009;13872;1481546929;6
19882;20193;1481517127;6
6614;18889;1481550580;18
10210;8975;1481525440;10
4548;2811;1481519095;14
6856;15081;1481525658;10
20534;24180;1481519643;4
18335;19058;1481549238;2
1694;23030;1481532846;10
27315;9534;1481540259;14
14075;8940;1481543992;14
994;24529;1481520389;10
18105;25327;1481520544;2
23062;1010;1481531260;14
26999;22454;1481544247;12
17332;1062;1481550581;16
7403;9476;1481540834;2
1414;10655;1481545548;4
10795;5509;1481519332;14
7300;16914;1481544309;2
10572;25346;1481542138;4
21461;20586;1481511403;12
5866;26036;1481533413;10
8583;4865;1481538254;8
14693;19236;1481518371;8
3250;7491;1481539706;2
15765;25069;1481528413;6
1201;12045;1481547063;4
430;1166;1481512684;6
2137;12809;1481539167;14
18815;21268;1481549333;14
8484;11066;1481512969;16
4838;8050;1481518259;14
1611;6810;1481537047;18
3640;10325;1481543933;4
9522;23521;1481533642;6
14158;24673;1481539587;18
1796;4955;1481514094;16
21279;10348;1481523484;6
3605;18312;1481517485;8
21222;21736;1481510538;12
16915;18938;1481513267;14
7603;26102;1481516322;18
10245;1882;1481537080;14
20293;5993;1481528562;10
17893;22645;1481528889;18
2731;10240;1481544417;6
4588;2427;1481509614;6
25397;1598;1481512895;8
6590;15764;1481510835;2
23444;16802;1481523254;6
10317;4208;1481540607;18
12700;1435;1481526470;12
1038;13947;1481537681;6
9669;6975;1481523127;10
1334;10094;1481510972;4
22942;10595;1481547157;2
6454;21081;1481542568;12
21500;7426;1481540247;16
12425;27164;1481532398;8
1591;3983;1481522108;8
5394;19897;1481510986;12
10549;2739;1481514649;10
15747;10226;1481533552;12
25160;4723;1481536546;8
27377;365;1481509635;6
6668;21279;1481537838;6
1582;24173;1481544757;12
18201;8957;1481520379;8
17414;15319;1481527036;4
6370;1590;1481546597;10
4336;22296;1481546660;8
27336;5265;1481536433;12
1838;2754;1481534924;8
2279;20290;1481548868;18
2834;3047;1481525736;8
18866;12232;1481523705;16
10360;11128;1481530887;16
5741;1913;1481532409;6
5507;13771;1481539939;6
3992;363;1481530679;8
8752;8168;1481536238;12
8473;9067;1481528900;18
8450;4922;1481544630;8
8910;20534;1481518502;16
27097;9541;1481518663;12
18908;13185;1481536840;12
1096;10612;1481542894;18
4486;20937;1481546370;12
15222;14896;1481516335;14
3391;20193;1481515150;2
8835;12147;1481547204;12
1186;27549;1481525861;10
366;27550;1481525416;18
12418;20076;1481514435;2
22680;27292;1481548700;18
7646;8768;1481549523;14
3604;11055;1481514568;18
15916;968;1481535806;2
4009;20297;1481533607;12
10123;15080;1481521395;12
6168;1043;1481542821;16
19535;1412;1481535911;10
22650;4524;1481539868;14
6793;200;1481523027;16
6355;5996;1481550868;10
9996;8508;1481533241;14
7938;14447;1481537612;6
5833;7858;1481522751;18
26144;8920;1481531278;2
24062;18911;1481537843;14
37;2417;1481541220;14
11558;3690;1481509554;4
48;3280;1481518127;12
6377;352;1481517767;12
5018;20118;1481516350;6
7783;20681;1481546821;4
7569;16780;1481551127;10
16126;3014;1481533459;2
4841;20318;1481540691;12
9024;10015;1481510844;18
15356;9305;1481543606;2
1413;6682;1481521004;16
11130;2987;1481521595;6
10605;25369;1481514607;10
2967;10222;1481547660;4
6917;23142;1481523193;10
10811;19043;1481549994;6
16097;16890;1481527803;8
4878;6818;1481550505;14
1639;10425;1481520439;4
5840;8014;1481509742;14
4622;14209;1481521095;4
6402;17155;1481529166;2
3998;8563;1481513158;10
23180;27158;1481530906;6
3854;19749;1481530648;10
9457;9750;1481518540;10
4874;1498;1481545999;6
4056;12411;1481513542;14
5329;20427;1481544527;2
10386;4976;1481544916;14
5488;10219;1481550857;12
15419;2407;1481521316;16
11158;9433;1481510642;10
20586;287;1481547810;10
18898;8488;1481512461;10
1633;3614;1481536602;10
11398;14128;1481516362;2
2411;6255;1481513612;2
8550;20693;1481541760;16
9674;7958;1481524546;6
8480;7641;1481540046;16
15082;6665;1481515718;4
1216;3601;1481527738;6
27157;8310;1481527382;8
11808;11823;1481541428;18
6926;5943;1481517715;16
14562;9424;1481539347;10
1428;2116;1481525272;18
17547;12401;1481510798;14
17537;4723;1481524099;18
21714;10436;1481537818;8
5961;5956;1481536201;14
6885;16809;1481510762;6
15721;8935;1481510528;12
25056;2728;1481532072;10
8173;201;1481525423;4
9986;344;1481547534;12
11057;6981;1481532429;12
15026;2135;1481517444;4
14165;1864;1481528905;6
3020;25173;1481541515;14
8878;1660;1481511171;10
17500;27356;1481525712;12
8585;3789;1481539098;12
2024;992;1481533213;2
1037;18890;1481533413;16
8480;7464;1481533820;4
9982;15347;1481528385;16
19372;27141;1481543638;2
6663;972;1481525896;2
5528;1427;1481517624;12
4784;15721;1481531444;10
2846;19576;1481527187;14
2138;58;1481520203;12
16894;10188;1481532743;2
6817;25368;1481516252;6
23020;12076;1481531925;18
26477;7943;1481549537;14
1896;7543;1481549554;12
18050;5881;1481517760;14
409;17398;1481530065;10
9881;9018;1481532892;16
4676;8576;1481522788;14
7358;1554;1481541203;18
10568;3162;1481529786;18
23021;899;1481547110;18
6570;6936;1481544466;8
26112;1044;1481521029;14
4855;23061;1481535630;8
8485;17148;1481512120;8
1220;22645;1481524840;2
8847;2151;1481543787;12
3535;15491;1481537578;16
10191;1919;1481550354;18
7999;6118;1481542751;16
3413;1603;1481524679;2
20336;22994;1481523445;6
14488;11946;1481526531;14
10531;22640;1481544696;6
5725;3622;1481546445;4
2426;9434;1481539398;4
15075;9516;1481548891;8
4600;17213;1481524559;2
3017;11946;1481517562;6
3003;9341;1481536343;18
24572;244;1481524375;2
2276;9635;1481528929;8
23753;2752;1481529113;4
20123;21388;1481515770;8
18884;11575;1481534247;6
5889;7680;1481524723;12
6960;374;1481551109;6
12366;6809;1481544401;14
7438;9525;1481526703;14
7276;337;1481540370;12
17266;27322;1481511221;12
1848;16198;1481536265;8
6209;7563;1481532285;18
27007;13678;1481538434;14
26107;22643;1481550030;18
15373;10851;1481527867;16
14154;6569;1481519114;6
27002;3852;1481516162;14
2364;1085;1481530215;14
16185;24174;1481523001;18
8285;14640;1481527085;18
564;4240;1481517247;16
15754;20295;1481522607;12
1332;6807;1481527622;16
10771;6675;1481526012;18
19556;19883;1481534193;2
1394;19583;1481547073;2
8827;7997;1481526236;14
4524;22487;1481528335;14
17878;18078;1481509974;10
6508;9206;1481512337;18
4674;15519;1481532532;2
19770;10229;1481521451;10
4980;5122;1481539101;14
1565;15998;1481539916;12
4282;17580;1481525898;14
10013;7470;1481524921;10
6860;9426;1481522616;10
20881;22571;1481510857;12
11121;21375;1481520978;12
8109;4351;1481516353;8
25169;1180;1481529992;4
16635;6629;1481550006;6
19887;10325;1481521491;18
25280;22997;1481532337;16
6209;14435;1481527522;10
10162;11565;1481510820;16
11090;23757;1481509968;14
23140;15419;1481534767;10
15370;10112;1481527575;2
6148;1992;1481541676;6
17240;9872;1481549099;18
11945;5502;1481530861;14
1918;10081;1481527975;6
4220;19716;1481530967;10
1145;12694;1481538497;8
10541;27449;1481512718;8
10726;4701;1481528428;8
284;1033;1481522664;12
8303;12403;1481540474;16
20088;12057;1481545599;10
19528;14925;1481528131;2
15755;14879;1481538219;10
9879;19598;1481535717;14
5877;16905;1481526961;4
10686;17026;1481532288;18
3629;8117;1481522830;16
8588;22969;1481514500;12
1120;1293;1481513800;12
21842;7070;1481528744;4
3426;12809;1481527604;8
19307;19819;1481536524;10
5744;1922;1481527984;12
8134;18175;1481545457;14
25376;1426;1481519405;18
9433;8555;1481520356;12
25023;8091;1481515189;8
23646;5047;1481549920;16
20453;7282;1481524619;10
23013;382;1481527880;18
22577;7619;1481514223;12
20481;4324;1481539739;8
24950;15470;1481515031;16
15086;3917;1481516676;10
6293;3505;1481510417;16
213;19712;1481536371;12
24584;14578;1481510055;8
7524;115;1481549838;16
3680;21295;1481512783;4
20658;2644;1481529262;8
27309;21214;1481513905;2
8562;23489;1481513259;18
10830;2372;1481519829;2
429;9645;1481543583;8
10295;4882;1481537375;14
27329;5891;1481518706;16
15303;5742;1481516652;12
7605;8157;1481514182;10
8933;16333;1481542702;18
18936;5871;1481515526;12
10222;18815;1481517219;4
9281;27444;1481513807;4
22537;20657;1481521685;10
18808;22134;1481545338;8
6379;27548;1481520940;18
14255;5741;1481543341;10
23349;3263;1481521705;16
3510;6141;1481523753;14
23076;14703;1481529921;10
2829;13212;1481551070;10
17333;7337;1481550277;4
20657;280;1481515685;4
10837;6765;1481516505;8
26108;3619;1481516228;8
1163;9203;1481528086;8
26502;1044;1481521484;6
22997;17449;1481542407;16
9246;5675;1481531422;2
4362;6823;1481513573;10
14511;19420;1481527993;12
1412;6501;1481549299;10
9845;24174;1481549600;12
13911;17290;1481519018;14
26147;13260;1481526918;16
10603;25514;1481548848;18
17153;23614;1481527881;2
10802;1636;1481530319;4
9792;10031;1481519018;6
19527;12232;1481545322;2
4328;9432;1481536800;10
11086;7294;1481523304;14
20910;18438;1481534784;8
11478;21303;1481532569;18
11954;968;1481523530;16
24;18115;1481543552;4
4705;8492;1481512991;10
12374;9763;1481542005;18
1180;1517;1481545527;8
26185;19964;1481512595;14
20576;13862;1481529853;6
12746;285;1481520611;14
2964;9283;1481542634;18
277;9757;1481514007;18
22503;5694;1481520506;16
6211;5673;1481513210;2
15015;11782;1481541595;14
10568;24584;1481519176;14
20157;6384;1481540218;2
16201;3987;1481517306;10
11210;27137;1481537684;2
6252;7165;1481519984;8
10675;6161;1481521028;4
1588;9429;1481511280;6
25339;2527;1481542664;16
6986;4545;1481528385;16
27549;1689;1481527958;14
4695;3901;1481525153;10
4557;13977;1481547823;6
4214;2752;1481515085;16
9783;8361;1481546799;8
1388;5709;1481523673;6
6277;11386;1481534089;2
3538;7856;1481524654;14
122;11023;1481533312;10
3703;20424;1481547223;2
436;4901;1481516000;18
1147;11094;1481543017;6
19882;23039;1481512721;2
7963;2367;1481547549;8
17421;10526;1481542332;8
16885;7697;1481528324;12
6181;27163;1481527656;8
27034;25414;1481541552;2
13781;10026;1481511145;12
99;14165;1481516271;6
27206;20928;1481526214;4
1888;13771;1481510420;12
26999;3425;1481515902;4
10547;7712;1481546730;8
13910;11605;1481518992;8
1985;5689;1481522733;18
7782;13213;1481526266;16
3277;23110;1481538454;2
13219;8925;1481528945;14
5050;17436;1481526788;18
2408;12413;1481541435;16
8025;1318;1481520499;18
9157;10180;1481536239;4
24176;15242;1481517121;4
7903;22932;1481546753;6
18130;10383;1481546999;10
9904;27164;1481550801;4
7335;59;1481541856;8
4776;9525;1481532278;14
4855;9469;1481538563;16
8689;20486;1481529893;14
4831;3507;1481536958;14
14800;23082;1481539710;12
8907;10470;1481518846;16
19075;5895;1481548138;16
4996;9636;1481546203;8
27298;1247;1481528465;16
1307;20609;1481550937;8
10258;14696;1481549035;10
21490;4994;1481525826;6
19831;8328;1481525224;14
3499;14665;1481525453;4
19776;23328;1481513763;14
8942;25443;1481511573;16
15926;7465;1481516863;8
16036;13137;1481544474;2
2838;21000;1481515667;8
7893;27327;1481525758;6
19052;285;1481519117;2
3469;8405;1481529838;14
1383;23761;1481511089;6
1009;10272;1481532016;8
4743;23446;1481530499;12
27206;1554;1481544363;10
8685;19889;1481541000;18
1924;992;1481526900;6
10986;1799;1481542870;14
13902;27143;1481551037;14
14874;9480;1481531941;16
27099;10926;1481528497;8
16927;4217;1481518751;16
1605;21400;1481532420;6
10596;9109;1481547533;12
18898;3349;1481544854;18
1603;17481;1481518420;2
11597;2377;1481509924;14
25366;5975;1481533760;4
12387;27383;1481509566;18
16362;7495;1481528126;6
7350;9771;1481531642;2
7847;4655;1481542042;10
25526;225;1481534654;6
14821;25320;1481511784;14
10124;9856;1481531776;10
25001;1456;1481510831;2
14624;2819;1481515622;18
7599;22648;1481532251;2
17152;22134;1481515790;16
12414;11910;1481524937;2
7780;5929;1481529855;2
11225;27094;1481510190;10
24449;11039;1481512662;10
9482;23049;1481547728;6
20402;24745;1481533231;14
6310;21071;1481549466;2
25375;2962;1481512148;8
12037;22527;1481528129;14
24933;1684;1481520998;18
1901;8119;1481545439;12
2163;2881;1481535751;14
10915;12786;1481544412;14
27278;1157;1481550428;2
8396;970;1481518067;8
3945;239;1481536873;14
5333;3004;1481531917;16
163;22276;1481533982;14
10328;3085;1481520399;14
19534;12767;1481540401;16
33;25344;1481539277;16
19236;12398;1481522625;10
23344;12352;1481536293;18
9441;1670;1481547038;6
7031;100;1481528902;6
18889;18177;1481543238;14
19741;7247;1481532453;14
6266;10697;1481524922;14
7689;5244;1481516724;2
12137;12013;1481519581;8
8866;22642;1481544298;2
12307;21724;1481527037;2
885;5727;1481541142;16
11399;9472;1481538868;10
8885;24423;1481520499;16
15352;14158;1481547452;18
22317;25366;1481527482;10
4610;19869;1481528449;6
15731;11391;1481512309;4
1390;6594;1481531367;8
9444;9734;1481526049;4
5080;9899;1481543871;6
15213;9528;1481550185;8
1385;7806;1481547320;18
5845;19588;1481510019;16
13346;317;1481521126;8
17280;1015;1481524649;14
10200;6300;1481513624;4
17279;8013;1481549812;6
4998;10072;1481545831;18
2397;5379;1481527667;10
18113;8380;1481531342;16
8361;20465;1481531978;14
1127;19920;1481534670;2
9214;6550;1481526441;2
14040;13772;1481525070;12
5419;11986;1481520632;18
14623;24457;1481518473;10
12788;6287;1481509929;6
7829;18346;1481548508;2
20935;8299;1481533952;10
26101;18350;1481548693;18
10461;7162;1481519240;4
8249;21736;1481523028;14
16856;8366;1481530980;4
1439;5778;1481539450;18
16916;2120;1481529727;8
25076;12866;1481546171;6
3719;13974;1481542411;6
4779;8035;1481511680;4
7605;9532;1481546099;16
8937;14808;1481548155;18
24360;21094;1481521761;8
3748;17793;1481542565;8
10068;1358;1481523004;6
107;11622;1481543433;8
10888;9210;1481527764;4
2018;5532;1481546680;4
1219;11140;1481515462;10
1919;8836;1481548807;14
22501;6441;1481531573;16
5385;3374;1481516591;6
10023;7879;1481535820;18
7044;20064;1481544587;18
3689;9162;1481546532;2
2418;1371;1481527510;18
9999;15309;1481522683;16
4831;26203;1481520494;4
11120;1532;1481526193;8
7359;10007;1481545788;18
2408;7366;1481537572;4
5634;7395;1481548619;18
13930;9734;1481546266;14
1738;15159;1481550374;2
6443;6576;1481515446;14
22489;16301;1481515652;14
3790;12591;1481521103;12
6777;1958;1481514158;12
8946;1573;1481519316;14
5678;7236;1481528280;14
13861;24719;1481551061;6
23109;8828;1481527917;4
26184;1096;1481534922;16
27008;25447;1481527337;18
17501;2323;1481511806;14
25048;18902;1481519837;8
9876;27173;1481549210;16
25468;7831;1481515051;16
3690;2743;1481533223;6
23058;3627;1481550714;2
3975;12239;1481534898;8
4869;10310;1481534934;2
5416;14947;1481520548;4
4221;27295;1481545906;6
17405;438;1481520384;4
8582;24984;1481545886;2
434;9865;1481525120;4
19967;5976;1481517558;14
1451;25449;1481513415;2
3122;19082;1481509529;2
4710;7360;1481536215;8
12188;9820;1481520080;6
5696;10531;1481550318;6
9021;6547;1481546442;8
25367;15097;1481544010;10
11611;19045;1481533689;6
10028;7049;1481549826;14
14451;13003;1481510309;6
10268;18190;1481538058;12
11405;12770;1481511133;16
7851;27085;1481549338;8
15032;4998;1481516891;2
18179;20773;1481511414;16
3937;11605;1481540876;16
2123;16037;1481520488;8
5602;11880;1481550145;16
21305;81;1481533653;8
14230;1002;1481542581;10
9411;8341;1481526242;14
10362;7569;1481522143;4
23439;19883;1481533853;16
23622;6787;1481540360;8
2750;5297;1481551084;14
8383;3970;1481516295;2
25180;26102;1481517110;2
7988;9485;1481520888;10
10540;1252;1481514675;18
7849;10010;1481521814;2
20590;18081;1481525370;10
10507;3466;1481532643;10
25246;14546;1481541455;6
7558;19763;1481544326;2
11685;18865;1481522634;10
2400;23023;1481547283;8
11003;12145;1481512365;14
20626;1019;1481538864;6
13773;27280;1481539598;4
9865;1615;1481520110;12
12413;150;1481547022;16
10556;14569;1481511980;2
11099;9182;1481537260;16
14936;1356;1481514555;14
17528;16195;1481530967;18
8987;6599;1481535803;8
7521;13874;1481522231;18
4264;8362;1481543342;10
16883;17770;1481545634;10
18464;8003;1481544322;2
6598;9371;1481524378;16
194;7041;1481538091;14
8336;5695;1481529514;4
5045;5632;1481543056;12
12582;10011;1481522698;16
17406;1532;1481539325;16
5043;8181;1481526462;18
12787;8954;1481523108;2
3154;11959;1481545114;4
23354;5968;1481537855;10
13796;7793;1481513124;14
8586;18906;1481533473;2
16813;21487;1481532915;4
25054;11090;1481550137;16
1102;27396;1481512212;14
20532;23115;1481520976;8
24416;13883;1481533155;18
4830;3510;1481525146;16
3685;1698;1481512944;16
382;25188;1481546547;12
9025;5808;1481528678;18
2137;6453;1481527988;2
19436;15097;1481549136;12
8698;11482;1481535985;10
14807;23101;1481546889;10
6373;9761;1481513189;12
9472;8238;1481519311;6
3080;2026;1481523809;4
9660;7700;1481535351;8
10203;4661;1481533874;14
13941;9453;1481510367;10
4016;12286;1481549542;2
8795;8016;1481548475;18
3641;12336;1481523222;14
23852;23805;1481517794;14
1459;147;1481535700;12
19211;4549;1481542979;6
11110;19826;1481546994;16
10809;6441;1481535483;2
145;5592;1481517919;12
27027;2645;1481535793;10
5937;17845;1481548598;2
24259;16127;1481529797;6
24478;11249;1481527513;16
7072;23320;1481537797;4
18334;12788;1481529414;2
20531;12278;1481549771;12
5910;14913;1481539170;18
16140;4675;1481517918;8
15317;10198;1481549983;6
4895;5598;1481522590;2
6486;9027;1481520861;18
9144;44;1481513860;6
11824;988;1481511289;12
15516;11033;1481534197;6
24569;14798;1481509635;16
6365;371;1481534000;8
7606;21747;1481517043;8
10723;8513;1481526995;2
23665;15648;1481535860;6
14155;4254;1481540087;18
4606;10930;1481550837;16
22306;7610;1481510946;16
11088;12418;1481532601;18
6762;5810;1481514276;10
5677;4580;1481513720;4
7948;62;1481516600;8
8534;4346;1481512705;16
3642;22443;1481510580;10
6500;10525;1481518225;14
27547;17472;1481531807;10
7855;6153;1481550518;10
1124;20971;1481547159;6
21252;8952;1481542987;18
15072;9882;1481515396;4
273;14129;1481533301;6
4504;15225;1481533859;10
3324;18866;1481532656;4
27376;1769;1481524706;8
11364;5918;1481537271;10
24430;6308;1481539858;18
6999;26473;1481523621;12
4673;5804;1481527520;10
7395;5677;1481530169;4
24622;10804;1481528785;12
6566;8436;1481542399;10
2811;16903;1481532005;4
2118;7635;1481549025;14
1267;18938;1481514224;2
19759;19235;1481534184;14
5842;25326;1481547727;12
6620;18879;1481536488;2
13297;2808;1481535066;8
1771;2768;1481535703;18
27409;6105;1481546857;8
14654;3018;1481542524;18
6003;8231;1481524101;10
7852;10538;1481534422;4
2158;5926;1481541919;4
9868;11606;1481546085;14
8350;26085;1481525305;2
24963;5717;1481539826;16
6763;20985;1481517197;14
16049;10653;1481513686;2
19762;5417;1481544612;6
15463;26182;1481518291;16
21069;4893;1481515746;6
21747;6265;1481513969;8
11895;25088;1481530210;16
24673;24957;1481510427;6
20642;8492;1481512574;4
342;16635;1481543234;12
10357;7875;1481548659;18
10674;8961;1481518728;6
12143;27094;1481525912;14
6189;25169;1481534654;18
12214;5596;1481521485;8
12428;24284;1481542509;18
10192;20694;1481513431;2
14807;12061;1481544381;8
9819;1101;1481538185;2
17473;16819;1481516886;4
1270;6918;1481528255;10
3273;6900;1481520473;18
1879;909;1481538162;6
7088;14272;1481536391;16
8501;4530;1481525383;2
617;4750;1481531366;10
26482;24423;1481538520;10
15029;6401;1481533961;4
11860;18846;1481530631;8
23349;22968;1481536912;2
2158;6441;1481533750;4
24929;1461;1481544977;6
11400;7341;1481522396;18
1625;363;1481546443;8
7443;20576;1481538225;12
16198;15084;1481510624;18
10524;7461;1481535211;6
4953;12746;1481511585;10
391;2758;1481541817;8
22540;8596;1481528700;12
10509;9408;1481516211;14
7983;6301;1481546334;14
3287;22134;1481523344;4
18355;24511;1481518339;2
13807;24747;1481510279;8
17568;1348;1481550362;6
6969;1176;1481548983;8
15448;17581;1481543930;2
8003;3383;1481515491;14
21269;14447;1481547587;14
5695;10766;1481542309;18
1659;7933;1481540299;14
11769;1278;1481513913;6
25062;2948;1481547618;12
18067;9988;1481514175;4
2152;10501;1481534607;12
1501;19911;1481538354;8
20968;7846;1481513650;12
12241;6369;1481523717;14
10229;5035;1481523787;6
1647;6669;1481544209;4
11903;10414;1481525624;14
22648;27380;1481544071;12
15014;5904;1481517541;10
9553;8693;1481536903;2
7801;12374;1481543394;8
1777;27105;1481516783;12
1973;14245;1481520129;14
1633;23191;1481520107;12
4263;7977;1481522770;8
11244;8906;1481545736;4
19022;3781;1481520482;10
27198;26068;1481510593;14
27207;20114;1481520134;2
6191;3781;1481518807;18
21;21375;1481545668;8
12781;17006;1481550955;2
9552;11685;1481509629;10
17156;6512;1481543976;10
13773;4911;1481514213;14
26259;1985;1481509850;12
7053;3954;1481532143;10
18813;20945;1481537088;18
6700;6630;1481518265;16
9055;1739;1481548825;16
1359;2947;1481550456;2
19051;21270;1481550188;12
2953;3294;1481533179;10
17026;9345;1481550001;12
973;63;1481532317;6
25071;13214;1481545423;10
4800;14580;1481524802;2
3263;6356;1481536097;8
263;186;1481543196;4
15390;7822;1481536703;4
5084;11501;1481540831;18
9500;23653;1481529364;16
26188;20695;1481524847;8
14138;10102;1481535145;8
4665;5375;1481533218;12
3614;7461;1481535253;8
16798;1622;1481510482;18
2389;27027;1481527554;16
20461;3678;1481533467;2
9267;6474;1481529870;8
5547;23738;1481512866;2
19792;7850;1481527051;16
6943;3539;1481547113;18
9549;23365;1481512285;12
8493;8565;1481546145;10
12088;9982;1481542315;6
21214;27424;1481531187;6
1952;24969;1481528629;16
11112;22453;1481539316;4
22527;8300;1481522280;4
17171;175;1481521953;8
875;11109;1481512528;4
6488;10634;1481521645;8
10892;20120;1481534690;14
14152;13138;1481551056;12
27418;14999;1481510693;8
3610;23009;1481517126;6
15738;7354;1481521203;12
19549;20906;1481521326;2
7688;11778;1481530287;14
6797;10689;1481529956;2
7166;953;1481533479;8
15118;6159;1481526860;6
969;100;1481548245;2
435;21368;1481537394;14
27205;11558;1481521507;12
8034;8367;1481515544;12
4661;8972;1481537543;10
1301;8234;1481518555;16
5772;47;1481525556;12
4966;20786;1481527251;18
2165;17041;1481519290;16
19507;1300;1481545464;6
24953;4044;1481547486;12
9216;3507;1481531563;10
3747;17302;1481534142;6
1863;20983;1481527761;4
6235;1792;1481517331;10
78;20682;1481531030;12
5946;18877;1481509635;2
17415;338;1481525044;8
27132;19648;1481516065;18
9508;19960;1481525071;4
23805;17143;1481515516;4
21461;24139;1481545876;6
25113;4862;1481538146;8
9476;12091;1481510862;2
9008;6358;1481524150;12
19576;20357;1481542945;18
4257;27475;1481537940;10
21000;22306;1481539276;10
2526;9994;1481514716;8
3898;14705;1481520115;14
4036;11057;1481530289;8
6998;12118;1481523528;18
4837;20910;1481531694;14
27159;13810;1481544218;10
2814;11621;1481531899;8
18838;17191;1481533192;12
16843;25328;1481536263;18
2734;6687;1481533773;8
11087;12178;1481525671;12
9241;10159;1481528197;2
10087;9306;1481519634;8
5976;14812;1481531781;16
22463;1117;1481513185;4
228;8777;1481543449;6
20014;20481;1481537819;12
2139;8248;1481525337;12
21373;18834;1481532887;2
14925;9104;1481541582;14
4486;8442;1481549151;18
7892;1451;1481513335;2
12148;10999;1481549157;10
9665;21834;1481548694;10
8397;22178;1481535074;4
23046;959;1481527165;4
8323;8927;1481529521;4
23755;23445;1481547196;16
27136;18307;1481523115;10
6598;17574;1481534430;4
16635;3996;1481542350;12
25356;6413;1481520296;10
6661;7513;1481538682;18
48;1166;1481515849;16
24749;12226;1481523145;6
5511;12372;1481536429;8
6145;233;1481511410;6
19024;5003;1481545256;8
22508;9550;1481530131;8
409;1432;1481529702;4
12813;10687;1481549709;6
905;17160;1481517034;10
14245;6485;1481548135;12
15226;5598;1481510618;4
9969;19530;1481514404;2
5110;8305;1481531362;16
5440;3274;1481515703;10
2423;132;1481533295;6
323;19791;1481548786;2
19972;22938;1481546589;12
26304;18807;1481529074;10
913;14543;1481511357;2
12641;2025;1481541942;16
6578;11617;1481521268;10
5731;8419;1481543508;12
7335;11770;1481528345;8
3723;12352;1481520522;6
4842;905;1481538117;16
14887;26308;1481541821;18
8048;26100;1481541466;4
8644;24138;1481511789;2
1329;14164;1481538769;2
1735;15097;1481544584;14
4241;5708;1481540555;10
9060;5283;1481539313;10
10375;5032;1481513052;14
27334;24996;1481513893;14
25339;70;1481526023;18
9946;3289;1481512122;4
23619;24392;1481532681;14
17169;7925;1481512070;14
9316;27314;1481532544;18
23748;5110;1481515707;2
20599;6489;1481526848;16
1350;7574;1481510421;8
9770;4691;1481528566;8
13287;12944;1481527202;14
6289;3694;1481519086;4
132;17513;1481524899;4
62;6401;1481533212;12
11170;1853;1481541013;4
13260;17312;1481550757;14
2824;14866;1481548674;8
10321;6122;1481510416;8
3373;19885;1481544364;6
15117;6417;1481521461;10
6775;19825;1481536364;12
7030;9890;1481511892;18
1201;3513;1481549169;2
9360;13131;1481515135;16
17425;6110;1481515782;8
15786;3626;1481544170;4
1986;18069;1481524665;10
3448;6245;1481531840;16
9304;6938;1481541524;18
27162;8230;1481542721;4
21495;7897;1481521920;12
2814;17211;1481519800;2
19436;9152;1481541033;6
12087;2139;1481535661;14
6811;7356;1481532129;18
12059;8014;1481534638;8
5352;27166;1481536671;2
4704;27158;1481534547;2
25057;22431;1481538562;2
10180;7596;1481537073;18
7436;11000;1481546939;12
9960;6927;1481520143;2
231;16649;1481528654;14
3912;1259;1481541041;2
11784;25050;1481522311;18
7356;10718;1481523959;6
25171;3164;1481527706;14
10582;19278;1481524892;2
14447;10838;1481546753;14
18117;3952;1481527118;8
11176;1704;1481540523;14
23833;1562;1481539831;12
7358;16883;1481514848;10
2016;22219;1481548451;16
1729;6622;1481511316;2
8942;27551;1481514136;4
3904;12046;1481517002;18
6822;9532;1481521587;10
8131;26301;1481519145;6
16098;11842;1481527572;16
11608;2962;1481521021;8
6148;2158;1481516490;8
2413;21386;1481534097;14
7042;3683;1481537895;18
11701;6150;1481540206;6
3016;163;1481542390;6
8396;21269;1481520334;14
13262;8885;1481532435;12
21798;10375;1481524318;4
21300;6362;1481518399;10
8346;937;1481522384;6
7359;23327;1481532685;16
1339;8175;1481545317;4
2881;5434;1481509636;16
9960;5735;1481535070;2
23083;15296;1481522779;4
13864;3749;1481523891;16
18909;27171;1481522335;6
17053;7531;1481534618;8
12062;17483;1481523657;2
8168;16051;1481522323;6
14890;18091;1481546377;18
4837;8836;1481525266;12
3414;962;1481522608;10
1072;8165;1481515802;18
19778;3276;1481548600;14
7686;11902;1481510207;2
10330;18835;1481537191;4
4850;27177;1481518032;8
18213;7330;1481516824;12
15082;20055;1481515614;10
1503;10922;1481548563;4
8111;1454;1481545967;18
15513;22927;1481523059;12
292;2121;1481527352;2
9990;899;1481522671;4
1647;25167;1481541380;14
10398;16143;1481550605;18
149;11960;1481543882;4
4230;7871;1481535276;6
1546;22215;1481520758;2
21084;7832;1481517131;10
16190;8317;1481519107;18
10772;10265;1481515581;12
4033;21727;1481550002;16
20116;12247;1481541473;10
7602;26205;1481511508;14
4311;1923;1481537338;10
26185;16832;1481526114;10
14992;27507;1481524196;12
6017;22506;1481537354;14
26104;17573;1481538851;4
21300;5763;1481521851;4
23346;20913;1481524035;2
10096;13821;1481535990;14
1369;10672;1481512629;2
11113;20831;1481549545;8
13873;11013;1481524289;2
5707;15998;1481549135;8
17583;13820;1481529092;4
6618;16016;1481510452;18
27555;9242;1481541104;6
9979;27054;1481548559;2
14906;1716;1481534498;6
1896;9243;1481547703;10
3403;1406;1481536907;8
1952;4033;1481519390;8
9841;8053;1481515117;18
6561;1105;1481514548;6
9404;8994;1481550493;18
2157;25364;1481516067;8
23623;10210;1481542595;4
6814;16301;1481521265;2
6390;10710;1481547877;18
8006;10641;1481516771;18
25087;9346;1481537086;8
10680;9880;1481539387;2
1150;11776;1481546749;16
14142;13124;1481549765;4
12565;8641;1481547493;6
21360;16914;1481518427;6
5394;11018;1481533393;10
5433;7038;1481522439;18
5280;16834;1481542138;6
6792;1024;1481528349;14
20295;3267;1481540318;18
4025;25362;1481518984;14
23651;4844;1481527310;4
9894;3925;1481530064;4
5712;6765;1481523960;6
4757;7835;1481521806;12
17149;3535;1481540833;14
11624;8958;1481527871;2
9025;20013;1481534649;14
7793;11718;1481549576;12
14630;19963;1481534248;16
19423;13188;1481527642;8
25362;16811;1481517670;12
17880;17516;1481535428;10
8394;23117;1481534946;18
3585;14903;1481528687;18
11956;373;1481541916;16
24283;7336;1481546250;6
11040;7011;1481517594;8
10734;16016;1481529766;14
8492;27331;1481531213;10
5248;21385;1481510142;16
9223;3902;1481511662;6
25358;17386;1481534024;18
10314;8491;1481527903;8
20485;10672;1481522269;12
19842;5804;1481519022;2
9443;6187;1481530977;16
26164;8295;1481516145;6
26259;7523;1481514017;14
6919;17616;1481527440;10
5047;27207;1481534591;6
25542;8274;1481513902;2
4728;9877;1481543922;10
18097;6516;1481525370;4
1420;11943;1481544779;16
12227;9813;1481516607;8
3022;10260;1481521191;18
18193;11947;1481521283;18
6893;11378;1481515813;6
27142;5037;1481546843;14
7788;5875;1481522185;10
6946;8109;1481513346;16
10104;21230;1481551139;16
3788;23813;1481528135;4
5469;1959;1481537209;2
3771;24142;1481514285;16
131;20951;1481548924;12
8318;4353;1481538836;6
10729;13884;1481525379;12
5715;43;1481514230;18
7023;398;1481530225;16
6199;23544;1481531661;16
27446;6298;1481551030;18
5699;5896;1481525918;18
3717;8415;1481515671;12
21452;10266;1481549885;18
15520;8353;1481547232;6
25076;1796;1481547100;16
14661;13290;1481520398;10
1699;10069;1481544634;14
10620;5885;1481546386;18
3419;14901;1481525764;16
24701;7535;1481548238;4
25468;192;1481546721;8
17459;8018;1481547154;2
3993;15319;1481510589;4
3295;3000;1481548109;8
17361;10833;1481549274;4
8763;3916;1481539131;16
9544;17308;1481514366;4
12033;5700;1481550892;4
6733;12334;1481545170;12
23751;1638;1481530031;2
7246;6440;1481510423;14
2118;16800;1481530904;6
5243;11695;1481534838;16
3376;3261;1481534911;18
18884;11235;1481536588;10
4751;3850;1481510991;10
20011;10826;1481550062;14
9536;6728;1481518504;14
25174;6458;1481522458;8
14706;7563;1481541813;12
11800;24179;1481534726;8
22625;1625;1481539895;2
5644;20787;1481511864;6
3022;14931;1481521093;10
12416;11776;1481540114;10
20846;8543;1481513010;10
9777;18180;1481531366;14
9807;27054;1481536516;18
6719;13678;1481519896;12
10426;23728;1481537839;14
5980;25373;1481518914;12
2988;566;1481533747;6
9015;7085;1481547166;12
6604;15116;1481525144;14
20887;4315;1481517160;8
11989;27534;1481540828;6
12404;8006;1481550840;10
7523;19285;1481531016;10
19593;17274;1481534558;18
14515;3610;1481514812;16
1322;6814;1481526428;4
16141;25535;1481510132;4
19919;6456;1481544421;2
12060;22993;1481531490;10
16856;15077;1481528296;8
11955;6770;1481515499;4
933;1557;1481543576;12
3467;2877;1481517550;4
5047;16936;1481539782;4
7308;1421;1481537995;4
27478;8091;1481514273;18
18355;7646;1481549310;4
11086;14546;1481537665;16
8230;7157;1481542612;2
4906;5007;1481545080;12
4227;4504;1481523982;14
8544;24479;1481535037;10
26185;25513;1481532242;18
5981;7864;1481537513;6
16807;24375;1481517473;14
22317;6276;1481535902;4
3535;22963;1481521775;12
11009;1572;1481514415;6
20606;18863;1481539081;2
7835;12120;1481536926;2
6206;1230;1481541686;12
4235;15030;1481516871;10
9874;10640;1481517074;18
10311;6792;1481521480;8
5244;10504;1481536982;6
2170;26395;1481535012;4
24585;10786;1481540440;8
3913;24294;1481527932;18
23640;27161;1481542164;16
26244;177;1481517090;4
1771;8406;1481509653;14
27202;14979;1481516028;4
15075;7861;1481548480;2
11618;9984;1481513976;14
26035;17021;1481533700;18
17413;4840;1481520695;4
5379;9980;1481521082;12
17616;9803;1481521356;14
271;20357;1481532007;12
11596;6806;1481550425;6
3352;21444;1481539039;14
27033;4733;1481518633;18
10037;10238;1481529987;4
8640;27429;1481530877;18
6266;23304;1481515662;8
1857;6808;1481532714;18
9877;22571;1481531635;2
14152;25070;1481543019;14
17213;4242;1481526163;6
20587;9409;1481548871;8
16291;17428;1481536247;10
25518;19221;1481525727;12
3545;27172;1481539600;2
19583;18347;1481537495;14
6124;228;1481511608;14
1286;14437;1481513274;12
6977;3629;1481524429;8
21374;2963;1481520888;6
11885;7571;1481521750;2
23348;8950;1481522905;4
14875;23892;1481534192;2
2774;8052;1481538011;16
22180;5628;1481536426;2
6321;1179;1481514483;10
3623;9321;1481513050;2
11149;12694;1481522755;18
11795;12060;1481522859;12
1135;7413;1481551012;16
18872;1517;1481539988;4
12707;8876;1481548688;16
2815;15421;1481534852;10
2343;10257;1481537368;8
23900;21294;1481518672;10
9568;11416;1481526750;8
27507;27162;1481536730;8
10093;2025;1481534716;8
9743;14555;1481518404;6
20546;17250;1481550324;8
7347;2140;1481520113;16
2877;12136;1481510531;6
6391;22922;1481527612;6
10516;6172;1481524183;4
2163;11563;1481543819;10
6156;21463;1481540126;2
19966;8745;1481526238;18
25035;1993;1481544174;12
3544;8943;1481542402;4
12793;3497;1481518577;14
14999;24654;1481518420;16
16317;10704;1481547008;8
4919;6551;1481549015;6
16042;23488;1481547059;4
11624;18838;1481545615;14
3281;6853;1481545280;8
5506;8300;1481517772;14
19078;2463;1481519746;10
25356;10094;1481549489;2
1883;5418;1481520296;18
1796;7609;1481533781;14
5019;17269;1481522435;6
21498;22450;1481524998;8
7642;6298;1481523158;16
14568;6643;1481540413;8
12764;4197;1481522768;14
21497;1263;1481539998;8
14707;10176;1481533447;2
20936;1449;1481549968;6
1927;11067;1481532848;16
14820;8489;1481548173;16
4801;23098;1481534320;18
19887;18960;1481523657;12
8782;2017;1481541320;8
9305;4891;1481529310;10
5861;11158;1481543193;18
2962;6851;1481538743;8
22497;1387;1481537755;18
5398;17302;1481543255;16
25493;12035;1481510636;12
21218;15754;1481544474;18
14980;6159;1481547885;6
1345;11565;1481522015;16
13985;3583;1481526978;12
17393;8139;1481538589;4
24671;4220;1481551025;18
17470;13128;1481516904;18
10905;18463;1481541984;12
10066;8130;1481518975;12
15482;7811;1481530397;14
26091;419;1481542340;10
6636;330;1481549455;10
10655;12794;1481534322;16
7464;25021;1481516000;12
16889;9897;1481521291;10
20288;13811;1481548121;12
9027;8120;1481547140;12
22578;12234;1481536513;2
3952;14444;1481524187;16
11220;8404;1481526589;16
25374;2970;1481540238;8
14153;24238;1481540363;12
9433;7485;1481532808;8
26039;15991;1481521502;4
23164;6631;1481545393;4
11618;10999;1481519330;16
8148;17902;1481541790;4
10434;17584;1481538679;18
11173;2020;1481546159;6
4003;5973;1481513310;8
7164;4551;1481543038;6
1357;402;1481537279;8
22533;4974;1481514919;10
9159;8993;1481520541;14
10374;26138;1481527479;10
8187;6374;1481541412;8
13876;24753;1481515003;14
14154;6590;1481540457;12
162;1154;1481550419;6
9500;23862;1481550997;16
6985;14794;1481518714;12
8335;1487;1481539585;12
9474;27473;1481529565;6
10324;17509;1481540201;12
7084;10648;1481528995;16
8484;9455;1481547912;16
19764;16021;1481527727;14
11729;1424;1481530447;16
11024;4523;1481542102;14
8346;18069;1481532759;12
27134;6417;1481541323;8
1279;10411;1481510276;12
10761;1596;1481519912;8
7519;13758;1481537972;8
10830;8534;1481519286;4
6022;26244;1481511383;12
2132;5633;1481539486;18
101;12695;1481521474;4
19497;22252;1481539928;10
4697;18188;1481529128;14
6855;4282;1481545794;6
11827;2344;1481545788;8
15329;4565;1481528572;18
4825;2997;1481542486;6
5079;6692;1481529842;10
9774;5633;1481524471;16
21379;1537;1481519171;10
7899;27422;1481548943;6
9969;7715;1481523250;6
5632;4843;1481509907;10
8285;1282;1481550401;8
10183;10724;1481522884;4
24685;14631;1481514557;16
3918;1339;1481536803;4
6233;1620;1481542054;12
18912;15767;1481526955;4
18811;7878;1481549254;10
14120;11154;1481516638;8
15250;3985;1481541442;16
8920;5908;1481549337;16
4304;2420;1481541281;10
3279;9257;1481525093;4
3270;7332;1481518601;14
25360;4042;1481513588;6
8290;8959;1481545376;4
14122;5033;1481532611;4
11075;7172;1481532432;8
9969;25258;1481516237;4
22643;8442;1481530802;6
9366;18838;1481541772;14
1327;4597;1481541170;16
1679;14628;1481521050;16
10886;3639;1481530955;16
131;1391;1481526544;6
5812;2372;1481522678;16
7684;6360;1481549594;6
19867;12090;1481539929;8
5297;12317;1481523603;12
3468;23444;1481528374;14
4524;21302;1481519890;4
4501;22460;1481544660;8
17030;3988;1481514343;14
18117;25165;1481512166;10
14857;5742;1481536374;8
20068;24425;1481526560;18
19827;4266;1481536998;10
17459;8551;1481539268;14
13677;6815;1481545010;12
20673;7162;1481511880;18
5245;7890;1481529377;8
5878;10666;1481523533;10
23887;10831;1481525223;18
150;6631;1481515542;16
4991;8162;1481512095;4
14445;16124;1481549989;4
197;5050;1481538919;12
15160;1855;1481546169;16
357;21493;1481539594;6
60;9478;1481514942;12
186;4204;1481519183;10
9063;11141;1481535623;12
25547;6138;1481542232;14
15107;19051;1481525350;8
160;11763;1481548892;12
3161;127;1481540597;8
1985;3932;1481544623;6
2129;17398;1481547199;14
10033;1149;1481522727;14
5819;18904;1481515430;12
4902;14988;1481512835;10
3931;2869;1481540996;8
6970;2453;1481544012;12
17455;12782;1481526109;2
18103;7620;1481514351;4
957;14436;1481538096;10
325;26471;1481525354;4
1060;26480;1481520950;18
6439;27280;1481522696;16
7293;1349;1481531561;6
23807;21445;1481511336;8
5247;3568;1481521221;18
9190;17527;1481535146;8
197;15371;1481525976;6
2997;11991;1481519075;8
193;5491;1481544731;6
7014;27458;1481511124;6
4180;23446;1481535048;2
12360;13081;1481534257;8
4824;24689;1481516170;6
1772;2027;1481532965;18
3268;11698;1481538198;10
4900;6978;1481538642;16
3623;27195;1481509743;8
8600;20995;1481530645;14
23894;16858;1481520487;18
12088;1571;1481521099;14
23805;18958;1481550748;18
9536;5672;1481509578;18
5282;10358;1481511208;8
10723;12561;1481513935;4
14648;14917;1481540621;8
5119;25320;1481540513;4
6990;6455;1481519357;16
11086;905;1481525255;4
14811;1811;1481528014;8
5751;7613;1481513225;8
21808;12085;1481540222;18
6852;2947;1481515364;2
23347;8417;1481540716;6
5501;8636;1481550941;16
4046;3584;1481534724;18
4358;1897;1481546738;14
8319;10531;1481524207;18
11618;3380;1481522561;14
18534;442;1481543885;2
6725;6241;1481526352;4
267;9860;1481527072;16
14219;19090;1481513239;14
19489;17611;1481511398;6
19806;8352;1481515584;6
19825;229;1481524861;2
5486;14443;1481542294;8
17170;7439;1481515615;18
21306;5503;1481526959;6
10261;8365;1481528228;14
18328;12029;1481532083;10
7401;20109;1481520338;12
10026;8356;1481529064;14
14432;20120;1481517688;4
198;8745;1481533427;2
9684;1862;1481529860;8
2792;12576;1481534719;2
7816;3681;1481522282;4
16138;9852;1481514751;12
8698;14910;1481513341;2
16138;4978;1481537347;4
14262;11985;1481535362;6
27157;2333;1481532154;6
6480;8658;1481550087;2
11024;16911;1481544942;12
10215;2812;1481546484;6
8306;15131;1481541701;10
7075;14202;1481535940;2
9897;1483;1481520165;10
17375;4204;1481533508;14
11897;11629;1481542877;16
32;27521;1481520130;12
291;1733;1481511995;18
17053;17875;1481522520;4
14917;225;1481550009;18
24750;2645;1481542473;16
25386;20906;1481545839;8
5247;3280;1481546928;14
11404;8352;1481523545;2
3267;6032;1481541887;2
25707;10464;1481528923;12
917;11943;1481520101;2
9281;25503;1481526196;16
23161;4272;1481532672;18
22645;14894;1481539389;16
150;12069;1481550902;12
9426;9970;1481509608;2
4929;12181;1481513144;2
13197;8299;1481548564;6
8999;10635;1481519085;12
2773;20427;1481526834;6
1102;8341;1481530025;14
418;3742;1481533049;2
8813;27418;1481518943;4
1052;20127;1481549465;2
27313;10276;1481523475;2
14632;14207;1481541436;10
6376;15346;1481513551;4
27038;14252;1481528720;10
7587;10091;1481532473;2
9672;20189;1481541998;16
1701;22493;1481525187;8
19582;21084;1481533123;4
8187;10012;1481529433;4
12409;12292;1481547260;4
14152;8123;1481509755;10
21490;5046;1481512524;10
9429;4895;1481539545;8
20687;13187;1481537472;2
15389;9809;1481529348;2
18114;22450;1481515328;12
24272;7841;1481513901;12
23054;1699;1481536194;6
5293;16099;1481520956;12
8511;13807;1481540356;6
14782;10695;1481510122;10
20035;9393;1481546067;2
27466;13560;1481522069;2
7475;3788;1481519375;16
1579;18884;1481540752;6
16093;12177;1481529942;4
1494;117;1481538432;6
8534;381;1481544870;12
17526;14885;1481526455;2
5115;6267;1481538625;18
17757;22651;1481526944;14
2621;12418;1481549586;10
10281;16914;1481514969;14
7672;3260;1481524705;6
8756;4299;1481542041;10
6144;1927;1481538338;8
1666;5974;1481541173;14
20007;12354;1481517691;8
15078;6173;1481528222;8
26051;10192;1481522848;2
20357;7417;1481547783;10
4213;27473;1481524671;12
18872;22178;1481547086;8
10638;23159;1481550999;6
10308;13198;1481521445;6
2400;17213;1481525982;6
4187;6623;1481529369;4
13204;151;1481543190;14
5346;294;1481527945;12
21499;7872;1481515668;4
3626;20148;1481546898;18
16535;7843;1481543736;4
1195;4043;1481534688;18
20976;1067;1481537504;14
5888;3941;1481519740;4
10311;10906;1481524718;6
2143;17002;1481513392;16
2339;79;1481543885;14
5909;9897;1481512896;14
17242;20360;1481517923;6
14570;1165;1481532073;2
22614;4690;1481541611;10
2027;11698;1481510038;14
20599;19234;1481547680;6
22273;6987;1481514715;18
8815;5925;1481539202;16
13889;7308;1481509995;4
7871;1276;1481550823;4
8642;6416;1481515570;8
1365;18098;1481537779;6
2814;10852;1481536223;10
16808;6643;1481521246;6
3904;14153;1481543340;8
11398;19737;1481532244;4
6683;19960;1481512821;16
6875;9938;1481524815;12
18081;8353;1481535692;14
44;20075;1481536793;8
27445;9794;1481519913;18
9870;8029;1481533814;4
6123;17310;1481532693;16
424;3370;1481524145;12
16144;8323;1481532083;12
8302;1859;1481536734;10
17029;4581;1481511279;8
11093;420;1481550984;18
5889;12212;1481531682;6
14554;6676;1481533198;8
12798;3617;1481521959;16
9831;27374;1481531604;14
27547;6444;1481537982;12
14186;12214;1481531295;14
20465;25168;1481509759;12
4035;1955;1481524391;14
8498;12407;1481512622;8
1104;2149;1481521061;4
19582;4813;1481531944;10
7627;16369;1481532147;18
16101;20510;1481547120;12
7586;5774;1481535606;2
14272;3904;1481540587;16
11270;5399;1481544225;18
1154;8903;1481520582;18
335;8668;1481543956;18
4355;21296;1481540557;18
424;1159;1481540381;4
13197;9425;1481513650;16
26219;4855;1481509574;4
7138;24987;1481533966;14
12314;9163;1481530414;16
6872;20243;1481527566;6
7957;13200;1481540649;6
13930;11857;1481514265;8
11399;12646;1481542601;16
20071;4778;1481514368;2
11727;1855;1481512739;18
8942;27426;1481513208;4
20045;1491;1481536840;4
9297;10709;1481519034;10
20479;4207;1481537693;2
12285;2803;1481533960;14
16118;3611;1481550632;16
19788;13002;1481530614;8
13188;12693;1481515558;10
5500;8683;1481512139;12
82;10495;1481550802;16
27481;2387;1481512394;4
4294;312;1481544106;4
8703;1065;1481514378;4
10384;17547;1481526482;14
4799;19284;1481544152;2
19935;14166;1481542470;18
985;12293;1481514780;18
4736;12712;1481516874;8
17480;9148;1481542998;6
6857;8544;1481527064;2
4199;10634;1481509546;18
9150;10541;1481510974;8
7544;14988;1481523737;18
23549;22501;1481531891;8
10311;15419;1481546629;8
9077;1134;1481516353;4
26240;2610;1481535938;4
3349;19817;1481512893;6
27009;1515;1481512470;4
27555;9513;1481511499;2
3968;15995;1481542235;18
3001;18764;1481541705;6
11803;11243;1481509770;18
17848;7777;1481534567;2
2640;19813;1481544684;12
1908;17155;1481525212;14
7975;6171;1481536088;6
4850;7049;1481525519;4
2834;6995;1481532129;10
16118;1141;1481549531;16
1846;12283;1481532744;10
3737;10670;1481547080;14
15734;27444;1481510894;2
18810;1969;1481543946;4
23614;13214;1481527220;6
8550;9869;1481524608;16
4175;41;1481516642;10
8022;25056;1481533468;10
3535;17593;1481525286;14
7794;1165;1481517293;14
5702;1444;1481524287;12
18899;26108;1481544840;12
1412;2129;1481521230;8
9556;26479;1481528016;10
12352;6856;1481516743;18
5981;7980;1481524780;16
1660;27324;1481532211;10
14890;410;1481526317;18
9638;11482;1481539810;4
3095;1178;1481529033;10
14451;21723;1481517486;8
23123;7856;1481514013;16
10650;2145;1481522504;18
20298;10330;1481541857;2
2524;20713;1481546532;8
19758;6354;1481535852;8
5547;10488;1481524897;12
2646;4822;1481546906;14
1864;7944;1481542730;10
2523;12238;1481514601;18
5012;16807;1481536255;18
18085;8018;1481509880;16
6892;1789;1481529791;10
14427;18154;1481539736;6
7034;5393;1481512454;16
6199;9159;1481542447;14
27489;24429;1481534778;12
17413;11179;1481528219;8
7292;21362;1481540833;10
14810;9738;1481529269;12
10720;10665;1481522128;2
6417;27488;1481510528;14
5855;3986;1481540329;8
11947;5693;1481542543;18
22972;11743;1481529211;16
2766;3751;1481548303;6
6815;12406;1481511809;6
5522;5975;1481546686;16
16652;7700;1481536264;4
4758;12157;1481539360;2
315;4245;1481511055;8
3266;21269;1481540308;10
25412;22578;1481524061;12
20037;22500;1481538460;10
22132;21389;1481523536;2
9670;4221;1481511027;18
5413;22643;1481516841;8
11855;27556;1481550456;8
8959;14189;1481515331;8
24238;10641;1481545761;4
7836;7904;1481530395;16
5012;21005;1481526522;8
14040;4946;1481533869;16
15474;26479;1481511642;2
3403;17875;1481510452;10
5491;7713;1481533424;10
22996;8910;1481545394;12
14143;12405;1481519552;4
23849;5474;1481515959;4
10837;11717;1481540546;8
2283;7297;1481539531;6
348;25159;1481518404;10
5259;3913;1481541618;2
10238;1797;1481532702;18
20240;10561;1481534678;18
10262;3683;1481509752;10
14048;24708;1481545219;10
6582;11602;1481531750;10
14192;13202;1481515733;2
5083;989;1481534475;16
12092;21097;1481545630;14
10092;9024;1481527879;4
11023;25046;1481547936;2
6665;19089;1481518116;12
8295;25190;1481516124;2
9274;8863;1481542026;2
18202;9329;1481546685;14
10072;6989;1481534777;14
9486;26309;1481547607;14
18337;6612;1481511014;6
20110;26127;1481536758;6
10524;20064;1481520432;2
9828;1592;1481535670;12
11782;9989;1481527698;16
6803;9209;1481525221;8
10764;9745;1481541982;2
18911;1067;1481516318;4
20330;20089;1481514547;6
6126;9447;1481550036;14
49;19232;1481536016;14
14282;10460;1481511977;2
6132;11031;1481513641;8
5737;18144;1481545632;2
27052;297;1481524138;10
7520;16293;1481513146;2
11138;10546;1481532907;12
14921;4582;1481537011;14
9405;7980;1481536060;8
7465;7909;1481545944;2
7847;1201;1481542196;2
15371;3702;1481550880;4
11870;21090;1481542730;18
8974;27328;1481548665;4
10330;1874;1481538976;2
24352;23762;1481534125;2
5477;8768;1481548826;6
1642;11377;1481515070;16
23787;10261;1481544747;14
256;7791;1481543663;10
1893;9960;1481532534;14
18155;24373;1481511395;8
8352;8828;1481546896;16
23012;1162;1481530952;6
26;27324;1481549396;16
237;23052;1481531881;14
6997;10564;1481514665;10
21728;27559;1481539932;16
4983;2158;1481524366;2
9505;9539;1481530328;18
17570;693;1481516130;2
7623;8127;1481521207;6
16914;19788;1481526896;14
9266;4843;1481525782;10
8976;18465;1481521033;14
24659;2744;1481536062;4
6576;11130;1481545430;12
2119;6839;1481519480;14
4988;27201;1481529890;18
6866;15475;1481529855;18
8025;8866;1481514387;14
5740;16040;1481516976;16
26313;6000;1481541816;4
13976;6231;1481541312;14
1977;26152;1481550189;14
3905;5807;1481536825;4
1894;13855;1481519804;8
6461;15078;1481543709;16
9005;12119;1481548792;6
5402;8584;1481529468;16
11948;18196;1481549475;4
26999;23450;1481549744;6
14918;25513;1481510539;4
178;16861;1481525215;16
7404;12355;1481518336;16
1971;19423;1481532959;18
24752;2777;1481534674;12
18335;6987;1481521420;8
4786;17422;1481528431;16
22145;6317;1481547579;6
21719;15488;1481533013;12
3057;6181;1481539689;12
8961;11904;1481531258;18
8549;4232;1481547729;2
23877;3147;1481532959;10
9065;21283;1481542761;6
300;15085;1481549538;16
12793;23623;1481539245;8
3975;13899;1481546358;6
18424;20328;1481550119;12
5121;2013;1481533470;4
8411;3028;1481547043;8
2807;6159;1481530893;4
75;8049;1481518607;14
7535;7091;1481514908;4
3285;1642;1481511988;12
5864;10640;1481522889;8
1230;8533;1481524188;2
3077;19059;1481547121;6
8953;7583;1481518577;10
3381;4580;1481532117;16
15750;14812;1481510719;4
3996;12095;1481548472;14
10929;20754;1481546789;16
25399;11363;1481520514;12
4503;9915;1481534439;8
14614;4626;1481545504;12
9777;8889;1481516337;12
1530;3072;1481520890;4
9628;20301;1481538502;4
23107;1213;1481539657;8
3623;25051;1481524203;4
20607;6338;1481512872;4
1615;3288;1481514983;14
1214;16094;1481511467;14
13288;19830;1481516573;12
21322;21382;1481548892;8
4521;6371;1481515944;18
20588;6700;1481534783;16
4642;9003;1481538857;16
6529;11631;1481523309;12
16099;2780;1481510608;4
5296;27418;1481515257;8
202;10612;1481535281;2
1075;7524;1481543875;14
21300;2407;1481517853;4
8306;1630;1481536692;2
12411;6022;1481546909;16
6195;9525;1481517773;18
26068;14256;1481528687;18
959;10529;1481530795;10
4873;21736;1481509901;18
27535;14242;1481549474;14
7090;11235;1481510215;10
24449;23521;1481513498;2
9995;22603;1481516362;18
417;6772;1481531200;2
25089;7469;1481527519;2
14150;9307;1481525701;14
4351;10189;1481541679;4
13802;5002;1481531036;14
25543;5480;1481522263;2
22961;9538;1481511496;14
6024;10100;1481525977;12
3468;4013;1481544755;18
7075;26312;1481537754;18
7034;24927;1481536733;6
10070;8361;1481540098;4
15311;1873;1481518278;16
26373;11575;1481540465;10
15533;10239;1481514948;14
14665;20439;1481538369;6
11480;6487;1481545284;18
6343;1984;1481512647;4
7586;8130;1481537339;10
8446;14420;1481543285;10
9311;23892;1481542462;18
7086;10270;1481541115;8
5949;6668;1481521312;12
12818;4834;1481530852;4
6975;24748;1481518504;14
4929;7813;1481539918;18
16362;26072;1481517724;6
6454;16635;1481527418;14
2404;25370;1481547444;14
8510;1629;1481520871;18
7857;342;1481531978;18
3717;12700;1481519697;16
1743;2464;1481543662;8
1679;6996;1481527168;16
7454;21305;1481523539;10
10097;24296;1481529244;2
19064;8471;1481542626;16
9368;6362;1481525993;8
20673;6676;1481540453;4
19992;19058;1481516567;12
1157;4229;1481543691;2
3499;5475;1481512889;16
1865;8522;1481547504;18
6863;6363;1481526267;10
8744;11629;1481547283;8
15354;17537;1481527868;8
17154;7699;1481522411;10
17921;12654;1481533606;8
9058;1533;1481550888;12
250;11636;1481510865;4
14708;3693;1481519790;16
15470;7709;1481545509;12
19921;14560;1481523755;18
8647;8953;1481546112;8
5033;14246;1481543531;16
6961;10634;1481510317;8
7840;2143;1481540216;14
10594;24533;1481530388;10
9630;8504;1481525036;4
993;2154;1481529006;8
25327;15994;1481546013;6
6542;24282;1481539492;12
1851;9282;1481521370;8
17293;14259;1481517756;6
17029;562;1481542016;2
32;6206;1481516051;2
4843;20901;1481510565;14
27415;7675;1481550675;18
9628;4209;1481533872;14
6663;3964;1481543916;12
15735;6374;1481533960;8
4509;9356;1481534638;14
1460;20454;1481544854;18
17391;27056;1481530457;2
3261;14130;1481514807;12
17269;18884;1481525188;14
17168;6664;1481518253;2
19944;15299;1481526578;10
3678;10472;1481516562;8
11696;16201;1481525399;18
5735;3008;1481521942;8
2880;14917;1481526533;12
22585;3771;1481548964;10
12378;25140;1481515289;8
305;5770;1481528442;16
11027;16041;1481520532;16
12767;4207;1481521903;10
1558;25401;1481550644;10
19279;9528;1481518334;4
6573;11478;1481536328;4
9979;10881;1481518704;12
8553;20657;1481534361;14
4210;9359;1481540579;6
6234;5917;1481537324;14
24352;7337;1481511545;2
9538;8572;1481510043;18
25500;1245;1481515645;16
5676;12043;1481518510;18
1315;11127;1481531225;14
13999;2755;1481529570;8
271;2170;1481542742;6
16827;2777;1481537932;18
19053;5895;1481538426;8
8941;20292;1481519106;12
27051;20108;1481545482;18
14184;267;1481523002;18
937;7997;1481546199;14
7110;5516;1481535648;18
8321;279;1481535193;10
22969;9474;1481544518;6
23546;10112;1481541546;6
12058;10538;1481517828;6
3255;9248;1481551021;6
25065;20642;1481524324;18
21494;7362;1481511486;18
19087;3253;1481529086;2
5729;19;1481520279;16
112;25191;1481547166;2
5925;5287;1481509959;8
3071;12091;1481540299;10
11234;25166;1481525496;18
561;13802;1481528510;4
6364;20933;1481524043;4
19432;1794;1481510174;18
22961;27002;1481512404;2
5516;20419;1481546049;10
11178;6151;1481532194;2
2034;23900;1481522431;16
9324;6220;1481523304;4
7352;17607;1481526992;2
10698;19760;1481547299;16
181;7461;1481511479;14
10610;21384;1481537310;8
6567;15018;1481537261;16
19761;11068;1481533813;18
9362;3268;1481526845;8
10266;7621;1481535928;10
13137;9775;1481536140;10
8918;5003;1481533864;18
128;19548;1481534978;18
23741;9761;1481547868;10
24669;13946;1481544426;14
7820;17572;1481538434;4
8026;15486;1481538141;16
5391;9421;1481531651;8
19228;4303;1481511592;10
2746;16181;1481531652;10
7182;10911;1481525464;16
21042;4501;1481544763;18
1855;16888;1481523761;8
3533;15461;1481526221;2
359;4484;1481547455;16
21737;16532;1481547830;6
24564;19790;1481531610;2
7083;12153;1481517924;8
9103;11891;1481517941;4
24937;10838;1481545043;6
18896;24953;1481545148;18
19911;20792;1481517884;4
7588;20691;1481540646;8
21484;5082;1481514903;4
11087;4572;1481544123;12
8901;2352;1481533654;10
9767;9626;1481548585;4
10409;21413;1481530511;18
20951;7343;1481521912;4
2363;20317;1481541649;14
6442;4823;1481521492;18
12327;6031;1481518487;6
1792;23468;1481524369;14
12780;20122;1481536612;6
10722;8027;1481532411;6
9751;6238;1481531455;18
27011;6610;1481542357;8
1134;12631;1481543871;6
5707;18107;1481530551;8
11202;10248;1481540123;6
24472;10188;1481530048;6
4510;14983;1481525700;16
17133;12764;1481549131;10
5774;4706;1481534096;6
23811;2399;1481535461;4
8747;25383;1481517243;6
10217;26314;1481526415;8
8018;14807;1481536289;12
154;5819;1481538434;14
1196;7886;1481524691;2
19321;22582;1481514925;14
1880;23118;1481550430;14
181;12325;1481541784;8
5905;26303;1481519602;4
24682;25393;1481521976;2
13810;2283;1481519266;14
6409;3506;1481529703;12
229;26102;1481533480;12
1194;21292;1481547061;2
17280;2145;1481512763;4
14544;13882;1481523627;6
21413;7769;1481513254;4
5889;20979;1481518054;4
7031;11485;1481520044;14
20445;10750;1481520459;18
7857;27262;1481535434;2
7617;5696;1481536114;16
22640;24346;1481511362;4
14079;1590;1481543251;16
27034;25076;1481545351;12
21500;11061;1481548957;8
20412;14435;1481520373;14
22938;20140;1481549734;12
15403;18946;1481534501;6
23889;27028;1481539476;16
5993;5029;1481516274;8
15336;19779;1481532369;12
6142;3953;1481510153;8
9285;16848;1481540887;16
20947;17006;1481532561;12
18348;3707;1481545416;18
7352;5974;1481547035;16
10310;6765;1481549928;12
12648;11815;1481550726;14
5016;4350;1481509949;6
1370;9490;1481547166;2
15214;19494;1481527697;2
6654;9652;1481545525;12
16199;9314;1481533373;14
7897;49;1481526870;4
11397;27042;1481549695;12
23858;1087;1481515323;8
13296;18821;1481522183;16
14141;8740;1481513582;16
17471;2425;1481524556;16
6223;432;1481522148;8
16321;8223;1481531542;2
4771;7032;1481545509;8
3512;968;1481530736;16
8758;18070;1481539131;6
11563;27549;1481549852;2
25165;17922;1481530476;8
19737;9819;1481533809;12
14689;407;1481542795;16
2164;7084;1481513276;18
12156;19991;1481547632;10
17359;9448;1481540638;2
5732;8502;1481517557;16
1763;11226;1481523293;10
23697;20921;1481526292;18
1338;14620;1481545813;14
23729;6267;1481541578;18
6205;7060;1481533464;16
19232;19063;1481530790;2
9511;24714;1481534540;2
17303;18102;1481529735;14
24700;1606;1481539416;16
27297;5609;1481545549;12
4723;9811;1481534444;12
6210;4785;1481520880;6
14551;24981;1481529377;8
3856;108;1481531298;8
5772;17483;1481523922;12
9759;8585;1481541526;12
17457;7812;1481538936;8
879;9876;1481516920;2
4925;1796;1481516967;16
27413;3610;1481515317;14
17570;19311;1481522632;12
11616;9664;1481514745;14
229;4767;1481536921;2
4849;23662;1481541475;18
16140;1360;1481550817;6
6937;19942;1481548353;16
18159;11098;1481536986;16
10323;19040;1481522717;14
7333;25327;1481549476;10
6455;14252;1481531428;8
1270;16131;1481513722;4
8635;6921;1481514055;4
24138;17514;1481539111;8
19775;13856;1481545423;18
11004;9801;1481541329;16
4542;27180;1481537464;4
3856;6122;1481520068;8
8987;6668;1481534970;4
11232;152;1481510685;16
1731;9309;1481513314;2
19990;1441;1481550033;4
24997;21814;1481534348;12
8914;11779;1481514444;6
20901;25080;1481529199;2
6524;208;1481529062;2
23013;1349;1481533084;2
11083;232;1481528341;10
21808;8835;1481545901;10
5961;4338;1481534477;4
1366;3935;1481532164;8
11915;166;1481546158;12
14988;22213;1481518055;14
5047;1922;1481515697;18
4311;4316;1481540489;12
20958;8498;1481518808;12
9675;8333;1481512045;14
4232;17001;1481549827;18
351;35;1481546708;12
10185;11702;1481547282;16
4917;7091;1481543678;18
1371;15486;1481539574;8
15320;13204;1481524039;18
7040;17705;1481530273;12
53;10511;1481512055;6
15350;2775;1481546805;2
19835;15125;1481514316;2
11616;3989;1481511968;12
23743;4541;1481526214;14
7157;6336;1481531963;16
19272;21222;1481529851;8
442;10021;1481516278;16
14108;19967;1481522809;6
1013;16811;1481541511;16
24708;4576;1481515426;4
4877;25192;1481548724;16
2809;23884;1481534190;14
3376;9962;1481536351;10
14002;5999;1481544792;2
10111;174;1481529363;4
1266;1156;1481549944;4
10436;1403;1481533677;8
199;6640;1481547962;2
20943;225;1481548880;12
16125;7864;1481528526;18
6241;11482;1481544223;18
14893;1909;1481549402;16
12333;8520;1481515980;12
11042;23303;1481523684;2
5943;17278;1481528314;4
21489;12389;1481534579;2
338;27342;1481538530;2
6189;27289;1481522538;16
8665;7418;1481550748;16
23861;258;1481539032;6
8963;14871;1481544855;6
19882;12230;1481534649;8
5943;7814;1481534157;14
23445;374;1481544919;8
1811;13620;1481518589;4
10315;2122;1481543576;6
27294;11804;1481541097;18
1904;4296;1481512345;16
7420;25321;1481520201;14
11594;1027;1481550977;4
20895;26317;1481515320;16
10529;15024;1481516559;4
5760;22498;1481514710;10
9347;20117;1481526960;10
6596;20857;1481543313;8
4875;23854;1481528023;14
12787;1767;1481539110;12
2796;2786;1481529374;18
3974;18165;1481540717;16
23356;24481;1481532917;12
4004;2124;1481531375;16
6692;9888;1481518695;10
2966;5102;1481534164;10
1068;17537;1481518286;2
9488;7616;1481540277;8
5645;24174;1481528230;14
2158;1214;1481523952;2
14166;6982;1481548444;4
9427;24417;1481513763;10
10722;9975;1481510651;16
10004;23621;1481514108;12
7479;19026;1481517494;8
18052;1739;1481515943;14
9324;21218;1481532270;6
23110;101;1481528676;12
1230;13786;1481538445;2
27384;20400;1481516142;8
12309;7021;1481549373;8
1878;16802;1481533198;2
5944;6929;1481540938;18
9;8899;1481512718;2
21362;6919;1481548533;6
9867;27543;1481534010;8
2161;2819;1481543995;6
10506;9950;1481511475;18
8448;12404;1481530829;12
3088;12813;1481518752;12
22995;10795;1481512555;2
11410;136;1481535724;6
15029;11373;1481541525;14
9806;19285;1481527237;12
11206;20081;1481538799;8
4852;1403;1481547252;12
24501;27402;1481524906;2
6300;10202;1481519491;10
6467;20225;1481543979;8
27481;8238;1481536549;10
16861;17863;1481533515;14
917;25368;1481548143;2
21723;4302;1481537946;2
9193;24128;1481523377;16
19831;12695;1481549262;8
12305;24695;1481530785;16
20110;1592;1481525524;12
5240;23178;1481519142;8
26266;26041;1481522820;2
3165;4692;1481543791;4
5517;5720;1481546319;10
22613;5713;1481520611;16
5770;19490;1481521392;16
7372;5492;1481540440;6
42;11024;1481530356;12
17024;11725;1481516052;8
24373;19581;1481540980;12
27551;22148;1481537554;14
15116;15781;1481529560;10
1379;200;1481510934;8
9306;18117;1481550053;16
10849;14782;1481512779;14
8554;4591;1481514642;4
14698;23319;1481527036;18
14288;7680;1481539270;16
5645;27377;1481537005;2
17387;6705;1481547650;16
8183;23320;1481517303;6
6769;11375;1481544922;8
6317;4211;1481510112;8
3245;21303;1481514324;4
6687;22603;1481540892;16
6602;6416;1481526676;8
8022;3738;1481521982;18
5500;12773;1481532722;10
7315;1453;1481547702;8
5079;9810;1481548014;14
3575;21389;1481523625;2
5865;13209;1481535015;14
12140;4033;1481537444;14
8580;8554;1481549507;6
3970;7852;1481535942;18
22644;20080;1481522067;12
1221;26319;1481548125;8
7351;5999;1481530500;4
10501;12283;1481543365;4
4486;10560;1481549412;18
11102;4541;1481509831;8
1450;24585;1481516038;6
6451;6641;1481519592;4
10000;9680;1481511990;8
356;10594;1481511247;14
9893;8305;1481526579;10
14884;7822;1481537526;16
10612;11567;1481543058;2
891;8919;1481547805;4
5831;9514;1481529113;12
9203;6545;1481519173;10
57;7829;1481515342;12
9981;25043;1481519182;16
8767;2787;1481520213;8
4263;9153;1481529343;6
33;9645;1481541454;12
7883;11270;1481528472;10
5486;13138;1481545423;14
2757;15249;1481509829;10
19860;7465;1481533870;10
16918;11062;1481525071;12
23445;3164;1481536258;6
6660;9993;1481527329;14
15421;8350;1481548328;18
10922;5926;1481513384;18
23519;5439;1481523305;2
8352;5885;1481519002;18
4358;6231;1481539450;8
12573;19548;1481523781;10
7697;8410;1481529136;12
20244;5999;1481549088;16
14811;15226;1481545165;2
2175;1907;1481538633;16
5596;12158;1481541895;12
17395;8634;1481539142;12
5117;27344;1481520832;12
16297;14693;1481540263;2
4560;15736;1481545158;16
22930;3380;1481514795;6
5417;24659;1481511346;14
20953;2288;1481513571;12
7937;10021;1481549985;12
8108;19560;1481515056;2
5529;5809;1481513021;2
22143;6002;1481529175;4
23619;11806;1481511959;14
9686;7958;1481533677;18
5885;21481;1481523701;2
24449;1959;1481522147;14
5783;14802;1481538552;12
10210;39;1481542337;14
19861;15339;1481541866;4
6631;11702;1481531784;4
8524;12646;1481537567;6
7689;27127;1481522635;16
1033;1082;1481547737;18
10462;4184;1481521734;10
4564;5332;1481544354;18
10319;12620;1481546863;4
14149;11958;1481550567;10
14569;7208;1481529478;12
17257;6259;1481535468;14
6655;9667;1481534704;10
9500;25196;1481521363;8
20465;21385;1481538175;16
22451;18859;1481549687;10
24670;2279;1481539919;14
9856;27343;1481532751;14
12289;10547;1481523642;16
8658;10675;1481544246;12
1223;24657;1481548178;6
23304;9498;1481539648;4
4804;7260;1481545008;16
3926;980;1481518437;8
11123;1844;1481537596;4
7269;15309;1481511171;2
10102;1018;1481550655;14
20244;27105;1481531144;10
353;17253;1481516537;14
5808;15253;1481534573;10
8985;4314;1481510150;10
25085;24986;1481529531;16
22968;22450;1481545254;10
27439;20137;1481543619;8
16180;7072;1481544908;18
19850;11179;1481533852;12
4524;219;1481542593;10
24753;8957;1481522379;14
18811;5521;1481520255;8
25383;73;1481523764;14
20955;2741;1481522190;14
17025;26500;1481530871;6
344;27387;1481518016;18
9791;27004;1481546034;8
23522;18307;1481551025;18
23444;2015;1481522193;2
25181;256;1481530793;12
27336;7389;1481536007;4
20067;2356;1481531549;18
14189;2823;1481546906;10
14416;5649;1481519051;10
21492;12147;1481510780;2
25388;933;1481522077;8
14163;9530;1481509942;12
349;21486;1481513852;6
3977;11765;1481537623;4
26302;17296;1481520543;2
6309;399;1481518168;8
5855;26317;1481540245;12
7938;242;1481535885;18
21212;11501;1481545300;10
13944;1015;1481542531;16
10821;27468;1481538111;6
6614;4736;1481532351;4
5738;6007;1481532427;10
3061;208;1481536068;14
9346;6495;1481536784;18
12020;14878;1481520658;18
11000;8916;1481531372;10
25167;80;1481541395;10
12159;12647;1481537018;6
1876;5469;1481523866;8
4238;4544;1481536302;16
20937;10260;1481541250;2
27051;2757;1481536827;10
15471;14800;1481539398;14
11615;1559;1481517263;18
3781;8723;1481514348;8
23696;17293;1481537837;4
8444;5760;1481540460;12
24957;13128;1481545353;12
11739;2799;1481513873;12
6471;5630;1481513217;10
3705;7505;1481531666;14
19063;7550;1481524946;10
23525;25810;1481509592;6
8586;6474;1481522133;4
3910;27440;1481523522;4
6337;6933;1481547471;16
7463;12774;1481541849;8
10573;16811;1481535247;14
10701;8634;1481512574;12
12097;6302;1481511796;4
7771;16848;1481515390;6
15763;14820;1481511717;8
426;27315;1481517322;2
4750;20938;1481546150;14
1087;136;1481528679;2
14001;3009;1481518836;12
4762;1431;1481522962;14
7715;10512;1481527550;8
13198;5426;1481513130;14
11133;8600;1481529177;4
1365;23468;1481514646;2
25531;19865;1481537825;8
17789;17790;1481531288;16
13883;8566;1481515189;8
7450;10202;1481530107;4
15230;16652;1481542300;16
13973;23063;1481535834;6
8391;6891;1481516775;4
9663;12775;1481533833;10
8849;2464;1481540209;16
20316;8483;1481542991;16
9323;19801;1481524398;2
11150;9952;1481523318;10
3249;6168;1481516826;6
17054;7417;1481536275;12
19935;4624;1481520219;6
2134;23522;1481515297;16
22650;1050;1481547368;18
5277;14692;1481524465;4
1742;3461;1481536370;16
565;7814;1481535100;18
21718;11021;1481514352;12
25356;12712;1481527603;8
1555;9530;1481513817;4
1989;4795;1481550565;6
937;5783;1481511279;6
9879;6252;1481532974;10
11226;3295;1481516769;6
8562;8992;1481524434;8
6648;4337;1481550689;16
27472;3256;1481516567;2
19581;2804;1481518598;12
17001;21293;1481546836;14
21401;6536;1481540835;4
8553;9766;1481509686;16
13290;17467;1481542522;12
15470;1394;1481532247;14
16808;7588;1481533005;14
5955;5906;1481536960;16
6699;4795;1481529904;16
1970;1873;1481513333;2
2322;5262;1481541492;12
16933;16885;1481540497;10
10659;3777;1481547387;8
4205;18844;1481546309;16
11702;24671;1481519489;2
6944;4036;1481518819;16
15214;14917;1481549693;2
10500;15446;1481539812;6
5849;19829;1481521253;4
10179;19937;1481528143;6
5388;6873;1481547394;18
1740;1064;1481516200;8
3252;27391;1481542282;6
6169;6188;1481519113;8
971;14560;1481522675;18
4572;19762;1481511246;10
16140;10501;1481530631;18
8384;11215;1481537383;14
2981;7885;1481547567;4
5735;10513;1481514223;12
15077;23854;1481531793;2
10720;7934;1481535986;8
10771;4354;1481519681;2
1379;5414;1481518349;16
21921;4752;1481543605;12
11800;10094;1481541802;10
24138;12695;1481550540;10
1678;6637;1481546936;6
15480;7903;1481516001;6
10177;2947;1481522904;14
5921;10849;1481549051;16
2747;274;1481546148;8
6984;6496;1481532361;8
6864;17535;1481549001;2
1006;5718;1481549604;2
5480;5891;1481515720;14
2842;16117;1481540689;18
18105;15022;1481537990;6
1842;24742;1481538617;4
19088;1772;1481523640;10
7554;10102;1481522412;16
27036;8690;1481537311;14
4054;14961;1481524455;8
5412;17032;1481535738;18
18912;3625;1481548038;6
25414;6726;1481550460;12
23112;4952;1481523230;12
11870;22969;1481521343;16
7519;20656;1481523327;4
15011;23885;1481538885;10
10229;5530;1481520721;10
1087;1294;1481545502;14
15480;20933;1481531240;18
8516;6486;1481538318;16
14614;18906;1481538058;18
170;10014;1481523890;16
7083;7616;1481519637;2
5099;8320;1481551002;14
24562;2373;1481526464;18
3910;6706;1481527857;6
8086;14115;1481549267;4
20123;10276;1481520248;4
4756;9952;1481532943;2
24987;1953;1481510210;18
18960;26329;1481532723;8
312;25035;1481512901;10
20943;125;1481539424;10
1073;24962;1481523836;8
6244;15311;1481524604;10
26041;26240;1481549309;8
4004;5955;1481540007;10
11061;5844;1481547490;12
10215;312;1481546060;12
11477;3748;1481530589;6
9214;10257;1481518397;4
9180;3060;1481523376;14
24179;4668;1481516532;2
9191;1314;1481511023;10
14559;11037;1481535150;4
12619;17611;1481520491;4
14999;10572;1481520621;14
20917;20977;1481522773;8
9903;14808;1481513422;16
5514;19823;1481546701;6
4028;27034;1481545372;18
2809;2293;1481512231;16
6265;3935;1481529848;4
25511;10698;1481519526;2
10799;8034;1481533133;8
10571;15137;1481517768;14
16046;1101;1481546608;14
7333;165;1481550732;12
5876;25034;1481531101;18
27328;10766;1481550747;16
3728;24782;1481530990;6
22498;2141;1481519370;6
18307;5711;1481536415;2
7679;8279;1481546157;2
23336;16841;1481550258;10
27198;95;1481550045;12
1120;6251;1481549024;14
14559;9010;1481536723;18
9741;20782;1481542328;2
8046;11700;1481519253;6
6154;18844;1481546863;10
3702;16783;1481533717;2
4196;19549;1481536308;16
5244;6808;1481537033;10
19039;9877;1481514577;4
8327;3004;1481538880;10
7693;10555;1481531240;6
12707;2753;1481509618;6
14551;10425;1481532606;18
12696;18952;1481514460;6
11605;9365;1481546693;14
4947;7483;1481518834;2
1698;6675;1481517946;6
5359;25171;1481522605;10
11605;22447;1481543892;6
6841;6687;1481531828;4
239;3964;1481519863;18
198;14704;1481548187;8
3852;46;1481545359;12
11172;14120;1481526863;18
14264;3789;1481532843;2
11810;4548;1481541051;4
17866;5726;1481550875;12
8352;310;1481540953;10
6633;19520;1481540416;10
7394;11201;1481534931;16
1519;6254;1481526894;18
20936;21800;1481515762;10
7637;22922;1481538197;10
7710;10806;1481520456;4
9274;1090;1481548839;8
7251;3612;1481541002;2
10313;20244;1481527097;4
17299;5033;1481525442;14
10330;27429;1481545766;16
1156;16178;1481531873;10
216;19077;1481513525;16
7641;12419;1481510451;10
10620;16119;1481547408;12
22480;16333;1481509603;6
2838;22625;1481526638;8
1588;7029;1481533582;16
365;10797;1481545441;10
9478;25342;1481539616;12
2162;9026;1481541140;18
1659;10094;1481526640;10
1142;17500;1481512667;14
6959;21713;1481534975;6
3973;45;1481521713;8
112;4552;1481514838;8
3022;10880;1481519562;8
6656;14242;1481551013;2
7891;9189;1481545805;18
329;18805;1481512908;10
18898;25261;1481532657;16
8998;26112;1481528947;18
10748;25021;1481545516;16
10020;10611;1481547984;4
10203;27013;1481525907;10
12559;19549;1481525769;18
2843;20491;1481525993;14
1794;14927;1481512956;6
9458;1962;1481532133;6
13973;7934;1481543396;10
963;24726;1481543858;10
22536;23523;1481536291;4
3772;4768;1481516405;8
17474;9215;1481518077;8
19454;1918;1481550808;4
7318;26031;1481549713;8
2150;15355;1481513286;8
1416;21486;1481525472;10
3853;5930;1481541179;18
1180;2801;1481544290;4
5638;5110;1481509558;18
5355;5875;1481516246;12
13995;2143;1481526628;2
11761;169;1481512876;6
9538;10030;1481521116;12
7163;5489;1481515028;4
14133;9916;1481538956;18
9178;8419;1481539993;4
17500;27048;1481547761;2
4024;10499;1481536456;14
1031;4676;1481511217;16
19287;13226;1481529213;18
5082;4220;1481517837;4
6166;10881;1481543636;2
3590;3272;1481550658;10
300;6413;1481517992;18
6311;2362;1481533281;14
15244;3605;1481536102;8
23000;1057;1481550799;6
16809;8977;1481511196;10
2322;25531;1481516704;4
8514;9828;1481517588;18
8887;12017;1481523025;10
85;17904;1481532050;18
6371;22577;1481530069;16
10122;20602;1481525383;12
27282;12411;1481532930;4
9484;6283;1481540932;6
13912;11217;1481539389;16
16014;14495;1481550864;16
24294;13774;1481550731;18
21404;8802;1481520827;8
45;11136;1481531952;18
25493;10504;1481549137;16
1485;10305;1481524771;4
27460;27385;1481523337;10
8130;5298;1481516688;2
881;8872;1481536347;10
8890;10072;1481513334;4
11906;10106;1481538658;12
17846;17241;1481544465;14
26029;181;1481531432;18
14550;5434;1481512887;6
1536;18866;1481509764;4
7934;13263;1481513433;12
11479;10288;1481519906;18
16191;23031;1481518606;10
9521;12229;1481511402;2
1499;5598;1481539584;18
7056;8592;1481531144;6
5356;4562;1481538023;2
25062;10668;1481534480;4
23787;2365;1481543134;6
2609;2877;1481511189;18
7083;10420;1481518519;8
10095;23158;1481543043;10
19072;4856;1481525004;12
9978;7851;1481521126;18
18823;6190;1481545354;14
5522;5713;1481542628;14
1251;14951;1481526213;18
1088;17440;1481509699;6
23010;15133;1481515507;2
3953;11241;1481518836;14
3754;13003;1481511646;12
8751;4765;1481533174;18
13814;6413;1481532964;4
27343;7625;1481544050;8
27331;13813;1481516461;18
8168;18151;1481511653;12
4681;10367;1481513008;14
7780;21388;1481535753;14
20341;6706;1481511451;14
12391;19066;1481511208;4
21436;3505;1481549088;12
9883;14580;1481528237;10
17758;10407;1481532689;10
7959;25167;1481533583;18
18876;11001;1481546868;6
18165;14634;1481544436;12
11410;27094;1481544023;12
26479;1261;1481525205;14
27553;3295;1481526335;14
21094;12142;1481513869;6
10640;23625;1481525129;6
8149;314;1481518327;16
7602;12419;1481535906;12
25493;6524;1481524532;6
14240;1442;1481529377;16
19528;8911;1481524432;2
17146;13620;1481511911;16
2363;6443;1481531665;18
19213;23347;1481520814;6
8900;27405;1481527960;8
13290;12649;1481517835;18
3543;3748;1481539115;16
366;7591;1481526773;4
9248;7327;1481527096;12
14778;383;1481527703;8
16678;14143;1481534119;8
92;23142;1481528414;16
11563;7637;1481547219;8
7316;1594;1481546441;6
5027;22303;1481532481;18
6528;20071;1481529113;4
22461;8711;1481531305;18
19836;19588;1481526407;6
18131;3024;1481534368;16
6655;18177;1481517627;4
5920;14273;1481520751;12
224;16812;1481516420;6
9404;20923;1481526104;14
27019;1732;1481528982;18
14434;16294;1481532461;14
9900;9192;1481528869;2
1501;15459;1481524054;10
17281;17471;1481550410;2
6363;242;1481519417;16
27295;11739;1481545711;14
8556;23857;1481525342;14
21369;3601;1481547037;16
11039;11061;1481545008;18
9805;5900;1481520350;8
1163;14156;1481527976;12
14811;3324;1481519837;14
23971;23753;1481518780;16
13778;114;1481520863;6
10926;8407;1481515885;12
6852;6799;1481530602;12
11846;4852;1481546526;6
16890;6346;1481510130;6
25434;12145;1481514091;12
27426;11121;1481521049;2
26315;7357;1481523951;16
5875;24701;1481530522;12
23663;4951;1481513875;16
8634;23630;1481544290;16
9649;14802;1481533328;10
9968;15990;1481529258;8
1278;1096;1481515772;18
26999;4963;1481537030;10
13944;14885;1481540116;4
10556;12030;1481540182;14
9955;1719;1481520040;12
8164;17531;1481520247;8
7447;17891;1481527272;2
13786;23046;1481518567;14
8023;12582;1481532212;8
8462;8330;1481516188;4
8586;1026;1481525892;4
18185;27435;1481541257;2
10070;1622;1481538642;12
17040;8703;1481542064;14
20967;12409;1481535836;12
12277;14996;1481529599;18
2394;16806;1481518610;14
1057;26103;1481546772;12
1300;6207;1481526850;6
4297;1123;1481543016;6
1626;6574;1481536476;18
7495;26114;1481525160;14
5808;15226;1481524357;10
9189;7781;1481513804;8
2355;12354;1481547106;10
14810;25363;1481537890;18
25066;1047;1481548287;18
17209;6818;1481529535;6
20151;8775;1481518544;8
27386;139;1481544810;6
6164;10202;1481516931;14
11236;20643;1481514648;12
12354;3625;1481537589;8
22678;1685;1481522108;8
8353;41;1481526537;8
15761;5878;1481542268;12
15236;11174;1481537267;6
22462;10829;1481532743;6
23452;9316;1481514631;8
1318;20983;1481535625;8
4027;2791;1481537688;16
2387;2980;1481549690;14
17508;20539;1481536995;8
19571;27472;1481522454;10
6369;3575;1481543496;2
7089;15011;1481544272;14
1552;1879;1481530675;12
4207;13790;1481515032;14
23000;12314;1481548819;2
15749;19496;1481539982;10
4242;2334;1481542148;8
305;4677;1481533020;4
20069;11948;1481544788;2
3416;991;1481516008;12
25323;1161;1481518459;16
3713;3457;1481517008;6
19951;8697;1481511316;2
1578;9883;1481542479;16
8316;27058;1481526707;12
17846;10616;1481550055;4
7493;8448;1481516300;14
7111;14623;1481542990;14
3069;14713;1481514182;4
27426;1844;1481531058;14
6127;7825;1481514753;4
21462;11136;1481519851;14
2375;16843;1481543658;10
3497;11396;1481525650;18
9008;11105;1481518156;14
4182;9737;1481509882;10
15114;380;1481545341;12
14197;5281;1481550097;4
5977;27468;1481539407;8
3461;8865;1481519403;8
996;18260;1481548303;16
17294;18821;1481534415;16
22613;17263;1481528813;16
4290;4848;1481532317;2
3745;13794;1481539855;8
10461;8290;1481547781;6
16802;6216;1481524035;14
16811;12219;1481544712;16
4904;6522;1481511201;6
7425;12653;1481514829;10
8382;11066;1481543806;10
13241;10273;1481514726;6
340;12070;1481519274;10
13939;18885;1481528447;12
6866;1855;1481518535;12
7628;10997;1481539083;10
1872;5948;1481518944;10
18216;11906;1481514976;4
2323;12245;1481516362;2
11857;20987;1481511433;18
24478;14252;1481531190;10
25360;358;1481509586;8
22501;9518;1481534817;14
9204;19286;1481524270;4
6440;2809;1481531290;16
7854;7591;1481546936;2
9101;20117;1481516370;10
2799;20919;1481546770;16
1101;20864;1481515724;10
16187;5282;1481531693;16
6217;25377;1481519246;8
23304;1073;1481519893;4
1167;933;1481523045;12
18903;6119;1481518603;6
10638;24142;1481546239;16
20473;4575;1481518018;8
22653;7624;1481526339;4
6719;9274;1481512291;14
20935;14982;1481521085;10
14125;4210;1481531298;2
19917;6538;1481527404;18
6499;4799;1481541134;14
5727;5975;1481523194;18
7314;25401;1481543711;8
202;18907;1481541706;12
1236;9670;1481516086;12
6409;18046;1481546132;16
2173;10709;1481534741;6
9208;19299;1481515332;8
24925;17286;1481518233;2
7144;17877;1481540210;18
258;23170;1481515967;12
21071;12025;1481529719;8
10080;22955;1481525700;12
13296;8393;1481539498;14
231;12650;1481541764;10
6534;9390;1481528202;14
6344;8479;1481516377;8
7883;5844;1481545961;2
17135;17034;1481529451;18
17039;21416;1481517952;14
24753;21076;1481534860;6
27019;23108;1481534363;16
20357;18895;1481540951;4
12182;25258;1481514692;6
18813;5504;1481520131;18
1103;6335;1481524305;14
1653;20012;1481527649;16
6410;19739;1481529121;8
4529;21402;1481521917;6
25391;11705;1481520202;12
1637;12647;1481526155;8
19285;8500;1481521659;12
20454;24427;1481517302;14
25392;10203;1481510917;10
18808;24571;1481518126;6
25366;26314;1481528420;14
2371;23084;1481522383;6
4579;3754;1481545516;4
1620;16008;1481529951;18
8121;10252;1481542177;14
1457;5719;1481525142;14
20981;1674;1481535530;8
5261;6799;1481536759;14
6376;22936;1481536761;18
19216;9255;1481543432;18
19825;12148;1481521352;10
24968;14143;1481528755;10
4784;16334;1481517511;16
8387;279;1481520930;4
897;10378;1481531791;16
1884;10837;1481514029;4
25089;22463;1481548892;18
6266;23069;1481522823;8
1518;3000;1481527418;10
10521;5128;1481525627;12
6632;1620;1481533197;12
17862;22928;1481517146;18
15909;8516;1481512278;18
12187;4557;1481528894;12
1973;7460;1481547827;16
20340;14934;1481523921;10
14690;14514;1481517546;8
12030;10720;1481547561;4
17270;8949;1481540524;14
24410;4032;1481541821;12
10270;7021;1481545680;4
15082;51;1481537070;8
18074;1816;1481515678;12
4363;94;1481524104;2
370;10875;1481541337;18
7877;19374;1481519392;18
1317;12055;1481527746;6
17547;22626;1481532652;4
20576;14794;1481550393;14
11594;11063;1481511352;12
3410;18907;1481532509;14
6719;14198;1481536642;8
16298;10191;1481514800;18
7263;12787;1481538874;12
27053;6798;1481517459;2
9061;4350;1481542086;16
19321;10772;1481522818;8
15736;7836;1481523145;8
8004;2348;1481549172;6
2330;3376;1481535843;18
8367;5379;1481518039;14
16933;915;1481531072;12
23854;2753;1481510566;2
13887;23061;1481527885;8
19060;6538;1481535956;12
25075;6022;1481523377;6
20789;4217;1481526167;10
10373;13859;1481545472;10
1533;26313;1481511752;18
9109;7357;1481512308;16
23320;7042;1481512597;12
2365;15748;1481545243;18
3712;27384;1481510081;6
13821;17231;1481546603;10
7052;3134;1481519534;10
11018;327;1481546178;8
3997;233;1481540437;8
6474;7443;1481523651;8
10721;1987;1481534982;18
1972;8191;1481535296;6
6963;20979;1481520800;8
5718;26322;1481548889;2
18305;11028;1481528136;16
9298;8828;1481540248;12
10332;3598;1481516799;10
17884;25052;1481534269;12
2025;3390;1481541361;18
25071;3511;1481532859;6
14244;24731;1481544872;18
24061;10685;1481538971;4
14587;12240;1481527882;12
8053;10713;1481516841;16
10881;27034;1481520138;14
373;5923;1481546691;8
3122;9019;1481515215;14
82;8129;1481535286;12
17291;3682;1481515905;16
20361;11904;1481519303;18
14189;3255;1481512180;16
25063;19741;1481548030;10
8150;26169;1481541532;10
1134;21089;1481539908;18
2173;6925;1481541164;10
1801;8432;1481530201;10
6567;20399;1481510120;10
3973;8711;1481546105;18
7009;7831;1481538306;16
4294;340;1481534973;16
17041;1914;1481517289;12
158;22493;1481531862;14
24256;20117;1481535280;8
10541;6628;1481540718;16
1749;6211;1481525370;2
3880;52;1481519742;16
9156;8482;1481546191;14
9011;17283;1481526043;14
20950;1890;1481520812;16
6155;2829;1481522180;2
45;20827;1481545059;2
5911;7267;1481518777;4
2367;128;1481536704;12
15104;11806;1481545872;6
1660;3990;1481547844;2
22940;11115;1481529937;6
16138;1976;1481523210;10
1654;20191;1481548444;14
2330;9738;1481537547;16
24396;8556;1481523828;16
3087;5864;1481510421;6
6444;17152;1481531022;2
20927;973;1481518015;18
4641;6013;1481523071;12
24952;6474;1481517050;14
12411;4557;1481516771;8
9985;11485;1481516585;2
9903;15407;1481520334;14
175;13852;1481543871;10
21091;20532;1481510979;4
6969;20071;1481546697;8
1453;23866;1481532000;4
22499;19297;1481518821;10
9959;1843;1481519881;10
24571;8221;1481535374;8
4595;6589;1481514551;18
6232;10217;1481533607;16
7825;1499;1481532690;4
11225;14805;1481548592;10
22497;23517;1481523744;18
23453;966;1481517948;8
6777;1036;1481518612;4
25177;1877;1481515892;6
20867;3736;1481532084;10
11170;17507;1481514619;16
24654;4028;1481536996;16
23970;6720;1481520426;14
7548;23106;1481516834;6
8090;13864;1481515110;12
27382;7264;1481514750;14
13872;24137;1481519804;16
15745;6031;1481521184;2
9822;27508;1481519412;2
7604;16809;1481522354;12
10174;27010;1481536409;18
18263;4517;1481536074;6
8443;8476;1481523875;10
15320;2843;1481517002;2
1742;19824;1481539429;16
7624;12714;1481520261;16
11026;4206;1481520922;14
202;11136;1481525286;6
4751;2966;1481529237;18
315;5969;1481523262;18
420;1113;1481528136;6
19806;6483;1481526401;2
12327;17441;1481516776;4
11695;27385;1481536646;12
8398;2281;1481524587;8
11390;155;1481528573;16
4965;17922;1481509926;16
14283;10926;1481542661;14
5400;17519;1481533241;6
9861;25320;1481546146;2
7584;9471;1481520102;18
7937;25076;1481524148;18
6151;18339;1481531702;4
3915;12214;1481550398;6
7977;22274;1481527420;6
20775;12396;1481523386;10
1393;14807;1481517757;18
431;2834;1481546608;14
21376;6130;1481511888;18
1558;25391;1481537620;14
16861;1483;1481513623;16
9515;18423;1481549254;4
988;7817;1481522748;10
3936;12025;1481527801;10
14894;11377;1481539154;12
3081;20754;1481538778;6
1073;24752;1481548329;4
9149;14288;1481543561;8
4670;6535;1481512460;14
1972;6184;1481536134;18
1139;9514;1481527432;8
4343;19857;1481533212;4
22443;10906;1481544433;10
20827;16838;1481544473;6
11254;6228;1481517562;10
14252;20069;1481545706;16
2609;157;1481529815;18
8152;7590;1481534904;12
20928;7017;1481535089;10
27415;4105;1481526812;4
17421;23180;1481544903;6
988;5261;1481528763;18
8802;10475;1481539716;12
14810;19068;1481548394;10
27314;6170;1481541294;6
15471;1448;1481519683;18
25161;9741;1481521029;16
17539;21500;1481523789;10
20978;10727;1481539662;6
1201;26330;1481543767;14
9436;19815;1481526761;2
6134;16935;1481521926;6
8638;9025;1481515883;18
10717;5719;1481536576;12
18960;9009;1481525081;2
18802;24064;1481513345;14
17349;14932;1481543122;6
9306;9150;1481539131;14
3491;15648;1481549658;2
11243;6854;1481519754;2
7156;14190;1481537974;2
12322;27321;1481539127;14
1646;8757;1481524617;14
1645;2818;1481521299;10
10002;10800;1481530402;8
23304;8747;1481548766;14
24521;11855;1481519412;12
18893;4773;1481517421;6
7869;6185;1481543590;16
26218;2980;1481536643;4
9518;118;1481534524;4
1131;3009;1481535352;6
6238;18173;1481515507;10
24685;11684;1481547642;4
7261;4891;1481512179;14
20920;2753;1481526910;2
14973;7594;1481527908;12
14261;3449;1481536902;2
2787;962;1481549438;16
6627;6686;1481515333;14
13184;20330;1481532998;14
6474;4999;1481541269;14
8429;7972;1481537406;12
3001;24136;1481520601;18
897;31;1481545957;10
5051;2035;1481531552;16
3934;9659;1481518555;4
15448;9845;1481524678;2
3754;10273;1481536188;12
17290;4317;1481550665;16
6724;1394;1481525678;12
11943;12141;1481540228;18
9362;13426;1481519258;6
14665;27468;1481512311;14
15100;23524;1481514382;12
3123;24540;1481540302;12
27395;27199;1481548167;8
11121;18466;1481519782;6
20354;24255;1481522207;10
11856;11144;1481545443;12
23155;8036;1481512519;18
4023;11414;1481512949;8
14197;5825;1481518809;4
8523;22213;1481528683;10
11725;8751;1481522148;8
1142;6476;1481542159;8
12403;9216;1481546815;12
14622;7925;1481536176;2
23001;4925;1481548035;2
27162;165;1481528298;18
15763;18894;1481545303;2
27376;8389;1481523035;4
6416;1589;1481543539;12
13189;18834;1481510245;2
1654;19228;1481536877;12
1656;3448;1481547220;2
3402;10099;1481516775;14
3746;22135;1481522154;10
5719;406;1481511616;10
6659;953;1481536053;10
25052;12591;1481533270;12
1347;10074;1481523605;18
14947;9390;1481531454;4
8303;8371;1481534478;8
7625;3403;1481549532;4
5997;15325;1481522851;4
1736;23619;1481543155;18
8310;6383;1481532139;12
15389;12146;1481514683;18
1145;15247;1481522922;16
1183;6581;1481516484;16
15788;11940;1481529392;6
11256;9191;1481513132;6
5864;7614;1481533303;4
5873;19832;1481520283;2
14571;565;1481544579;4
9830;8122;1481541536;6
12026;6807;1481539696;8
1174;8322;1481549216;12
25067;9832;1481539401;6
4936;4189;1481522501;16
15127;14899;1481518442;10
10362;50;1481541461;6
15431;15738;1481534854;8
409;8914;1481525812;6
193;1913;1481518949;16
12368;14134;1481530005;8
5689;13219;1481548510;4
3072;7814;1481512299;8
6279;8997;1481540605;6
14638;5685;1481546988;8
2023;4980;1481549510;10
7420;12295;1481533517;4
11576;11788;1481514336;6
1400;19835;1481543553;10
4996;10811;1481528221;2
26303;8183;1481532463;4
27291;8923;1481538901;12
2315;22939;1481543331;12
5479;14004;1481517914;2
23334;27324;1481513007;10
5240;130;1481533477;2
3955;22131;1481550138;4
21843;18880;1481530355;14
12519;19054;1481550854;6
1486;19868;1481515759;8
24278;2767;1481540108;10
6592;27010;1481510140;2
13188;6472;1481528689;2
9509;8531;1481545628;6
23003;3164;1481537635;10
5377;27023;1481525387;4
1016;12047;1481531794;18
22921;10207;1481546038;6
20036;1032;1481511947;16
7478;1731;1481513526;14
9877;25083;1481521539;6
21232;15135;1481540947;18
6674;9161;1481536427;10
9301;19918;1481514842;16
2126;15078;1481525129;12
9764;17440;1481518439;10
8751;13;1481527211;2
7081;1728;1481543861;8
6777;12756;1481531604;12
346;275;1481543639;16
6215;8890;1481547023;8
12228;9255;1481537959;12
8303;3853;1481527530;2
2766;2165;1481539396;12
6137;8884;1481549287;10
10981;21414;1481518733;10
19714;1337;1481515414;10
6416;16848;1481512264;18
14106;4539;1481531589;6
25374;6878;1481537845;6
4960;8510;1481523295;2
9429;27509;1481536551;4
4932;2343;1481512850;16
13788;1492;1481528685;4
14631;20627;1481528662;12
27557;21737;1481517327;2
3703;27478;1481539464;10
221;13818;1481538926;10
7967;23616;1481512321;16
7627;11101;1481549096;6
24375;1275;1481532560;16
4590;16142;1481520256;4
9523;5855;1481534366;16
20156;3949;1481531827;10
4043;17862;1481542628;10
5779;4896;1481550177;18
7394;10875;1481528666;18
23496;8033;1481527935;8
8324;23054;1481529402;6
6400;9368;1481531521;12
4691;11058;1481550718;4
22263;8683;1481527297;18
12156;9860;1481537283;10
4844;4563;1481548138;10
6549;9882;1481524001;4
4008;17611;1481529369;8
10385;21374;1481516643;6
6119;1706;1481541678;4
17009;25158;1481545072;12
16832;19235;1481518463;14
187;3262;1481520493;16
7782;7404;1481509868;12
1907;8348;1481528003;12
14270;27013;1481534834;6
14158;6475;1481543312;10
14124;15307;1481537380;10
8477;17288;1481543821;8
7389;27459;1481523316;8
6852;7557;1481529333;12
10499;7236;1481511288;10
11718;6174;1481523450;16
9394;6196;1481541304;14
2168;24416;1481544376;14
16841;5696;1481544497;6
7190;5641;1481531814;8
17488;14140;1481543626;8
1797;12575;1481548609;14
10739;3949;1481526085;4
19953;24424;1481517753;4
9023;5842;1481540700;8
9872;26317;1481539594;10
11618;24481;1481541795;2
6587;3392;1481539720;6
20341;328;1481547290;8
24622;1878;1481534374;12
21094;26474;1481549937;16
1972;18850;1481510608;2
2793;23329;1481540377;2
4413;14663;1481537490;8
10683;10915;1481512547;6
14510;18903;1481542151;18
10288;3390;1481519074;10
10506;12376;1481547198;12
7510;27232;1481512034;10
14901;16862;1481513561;2
20782;1116;1481519467;12
1390;1556;1481539540;10
899;23009;1481515841;6
4831;1060;1481550400;2
19829;9652;1481525762;8
5995;1959;1481518727;4
6547;15463;1481543558;4
26107;1953;1481520019;6
8952;14794;1481531834;12
1209;23738;1481534080;8
10421;11083;1481519990;6
155;15099;1481519450;4
5088;10045;1481512587;14
2383;12103;1481544382;10
15421;1401;1481510731;10
953;16131;1481541947;4
27472;16044;1481528075;10
11373;23761;1481520636;18
27143;17877;1481512201;8
6310;23742;1481517621;12
9362;4689;1481512372;14
7672;9647;1481540138;6
26156;39;1481527375;12
14822;19571;1481545218;18
9432;12162;1481524388;14
10653;93;1481546124;6
2337;7586;1481517018;10
20225;21802;1481529898;12
27534;5642;1481533663;2
17378;11387;1481521949;8
24126;27285;1481531061;10
7087;5244;1481532662;16
16318;6940;1481540716;12
20946;1497;1481547518;12
1955;1439;1481529022;6
4300;20148;1481545557;2
18436;925;1481513045;8
27556;10237;1481534963;4
16635;14494;1481546182;6
18885;8484;1481527334;6
7647;11396;1481509822;18
11396;11767;1481531074;10
2762;27206;1481532813;8
1188;24709;1481523380;16
15033;20985;1481511440;8
8111;7540;1481522595;8
4516;6989;1481543688;8
17384;20419;1481522913;18
23353;6833;1481539271;2
17332;913;1481529965;2
10467;7899;1481527560;2
15346;9367;1481541332;18
2413;14624;1481522039;12
15353;9255;1481535777;18
8687;266;1481544747;18
9968;3155;1481532602;12
5385;6531;1481543790;6
6864;13889;1481523326;12
3700;8333;1481547894;8
4557;9647;1481523040;8
6215;7906;1481545774;2
23900;19807;1481528179;8
7820;17359;1481522407;16
3985;8891;1481550897;16
4315;7615;1481542517;10
21723;14964;1481547724;6
27133;11110;1481512867;18
6232;428;1481541729;10
11237;21463;1481511991;14
11091;3572;1481547999;10
1910;9360;1481523414;18
20980;9609;1481534107;14
27413;8388;1481511153;10
17040;6770;1481532000;6
25042;7501;1481550037;16
6700;19779;1481532724;8
19306;19532;1481514767;14
17512;26187;1481517639;2
23891;9218;1481548933;18
25069;3021;1481510685;12
1350;20090;1481537669;12
4762;119;1481533866;18
3542;22430;1481549849;14
2165;1398;1481518701;6
4594;10212;1481538483;8
4027;7529;1481519872;10
5532;1616;1481530234;2
6876;10371;1481525773;4
25068;5278;1481518511;8
1969;222;1481509587;2
318;6237;1481515905;2
10309;18071;1481529205;8
6600;19425;1481519365;10
6588;1927;1481541207;14
18886;4803;1481516197;16
1959;135;1481545941;12
20769;1597;1481531573;16
7977;3081;1481511608;12
8696;6325;1481527617;16
16656;10110;1481533299;8
6625;4319;1481546985;10
1885;2783;1481522969;16
26031;26476;1481518435;10
14198;5728;1481525150;4
17332;18150;1481510028;6
21042;9198;1481543623;4
6892;12647;1481526398;6
27458;20982;1481538814;6
4918;6316;1481542664;14
6309;341;1481519133;8
18052;27088;1481533003;18
19888;8834;1481512774;6
4824;901;1481520718;16
16678;10033;1481531868;12
9358;11139;1481538415;16
4008;5477;1481514773;12
10541;14913;1481525574;4
6570;3012;1481541969;2
917;1895;1481515017;14
1067;2322;1481518844;8
5914;4927;1481521012;14
1590;21004;1481546028;18
19834;1671;1481537724;8
9368;6573;1481531843;14
20089;20943;1481518721;12
19992;17467;1481550597;18
20794;26330;1481517673;18
17396;7910;1481550984;14
19817;19861;1481518974;12
1766;21472;1481541274;18
18876;14892;1481531091;12
20153;16191;1481533300;2
6526;11719;1481548948;16
10426;9060;1481513383;10
15018;10182;1481512642;16
9837;64;1481540664;14
9797;15235;1481520767;16
19532;7944;1481517874;10
7439;11642;1481531141;14
4274;1573;1481513940;16
25047;24061;1481534159;10
19076;23141;1481545520;16
23619;8952;1481521673;6
13080;5360;1481521967;16
10273;10100;1481539116;10
21492;20627;1481544154;6
10268;27013;1481524864;2
20157;9834;1481523895;6
7898;1695;1481537550;16
13929;14120;1481524385;18
20420;8447;1481516910;12
7047;2725;1481541847;6
18847;357;1481521940;16
20525;1644;1481526563;12
7904;10718;1481523685;6
5082;6506;1481515096;6
48;25045;1481550689;18
23884;15762;1481533245;14
27277;15459;1481546846;14
14075;24446;1481549653;12
10521;11112;1481530824;4
1852;16137;1481539247;6
14571;3047;1481547683;18
2787;11916;1481549669;16
5607;5505;1481541246;6
26188;18310;1481514819;16
16915;1776;1481519863;16
5879;6380;1481539274;4
8512;18166;1481543246;14
10385;27018;1481530389;12
7379;1983;1481524651;16
6187;24964;1481545847;4
1017;16007;1481524049;8
7516;19723;1481512059;2
7956;12178;1481545357;8
1134;8467;1481544505;4
14625;10572;1481517216;4
6548;22964;1481513722;18
15026;4877;1481510001;10
18314;11780;1481510526;16
8682;22445;1481537283;8
6236;4557;1481523174;12
1975;11039;1481549515;10
17892;20155;1481529329;4
7777;6625;1481530308;16
18847;20082;1481511456;8
9573;7592;1481524099;10
24660;1348;1481549948;8
10736;11025;1481537580;12
3640;4361;1481526967;8
6516;25531;1481526396;8
7074;17272;1481535520;12
19310;9746;1481511565;14
11219;27195;1481534527;12
12147;21413;1481513874;16
8031;12767;1481517953;12
22965;18332;1481519181;8
11988;2146;1481510237;12
4593;12245;1481518412;12
12581;1152;1481539332;4
14564;6686;1481530617;18
7806;3285;1481547126;6
8467;7188;1481511977;8
4999;5516;1481530953;2
13903;2383;1481514330;4
424;13770;1481515533;6
5939;9464;1481549438;12
21214;11906;1481538564;14
4700;8126;1481539489;14
3497;20083;1481518844;6
1306;7510;1481526895;10
1181;11989;1481544561;18
12157;3716;1481529067;4
12029;25190;1481522376;14
3284;11789;1481543003;4
6967;7885;1481513177;16
11082;14230;1481514227;18
11036;4566;1481516263;14
1890;9790;1481533977;8
13863;2348;1481538347;10
7543;18859;1481545666;6
9229;1019;1481540815;8
6772;13902;1481519232;18
18938;2464;1481545736;2
4796;23050;1481521849;14
13822;27290;1481521917;2
7056;2167;1481536411;8
10539;3688;1481537765;12
991;18323;1481517822;18
148;23862;1481529004;8
6590;10700;1481534193;12
6360;10804;1481551036;14
8251;14202;1481533222;18
6167;10803;1481511383;10
1485;19942;1481545212;4
2386;1407;1481529681;10
5334;24842;1481515258;4
11104;6559;1481524782;10
1712;21004;1481523413;12
6736;7695;1481524187;4
10019;20128;1481522271;2
23041;6301;1481510119;16
5747;8465;1481522581;2
15514;15484;1481518630;8
27286;1513;1481548923;18
7186;5091;1481521157;6
6318;5949;1481517095;8
17474;19830;1481521257;18
1930;1156;1481525314;4
14246;9547;1481540319;4
3910;15755;1481543024;14
7811;14982;1481532234;8
18074;23623;1481520978;8
23549;17576;1481527906;8
10881;3853;1481512519;6
2776;6272;1481519085;6
12707;8697;1481516198;12
12761;20416;1481550707;12
18080;2282;1481519397;16
3715;5817;1481545610;6
6526;7622;1481540231;14
9170;27210;1481531662;6
24564;1576;1481528406;10
19476;20284;1481534498;12
11476;11069;1481532115;16
6421;10311;1481535279;16
15777;8253;1481518590;10
11767;23173;1481551088;8
7795;6161;1481528647;18
9573;11387;1481535709;4
15131;6113;1481545647;12
12325;8818;1481539998;14
15087;26035;1481527553;16
10786;8411;1481543370;18
9466;15785;1481520075;6
8344;7011;1481537653;2
2741;7976;1481510405;4
3163;22142;1481516517;18
9481;20116;1481540096;12
11062;21412;1481548783;12
23178;1337;1481522859;10
20299;7163;1481514980;14
23653;27522;1481520084;10
19220;3937;1481541177;8
4776;22796;1481518355;14
12139;9986;1481524421;8
19533;2125;1481512214;16
3371;24742;1481543274;4
1695;6625;1481519518;2
27542;24685;1481518275;18
5501;7812;1481525428;10
18820;6232;1481544999;2
2035;9393;1481543366;10
15303;2996;1481517040;8
27381;8440;1481532800;16
4679;18899;1481532983;2
6420;5522;1481538996;4
5510;19425;1481543996;4
8352;16119;1481545547;4
27447;6213;1481536005;18
6134;4007;1481535660;12
3330;115;1481531263;10
20325;5044;1481514255;14
5469;363;1481522856;12
1270;27460;1481541015;18
3457;9773;1481528869;4
7548;2167;1481544689;16
23016;19052;1481546495;12
10845;11155;1481512714;8
4847;17471;1481539449;8
19436;22503;1481515929;10
16014;25414;1481525651;6
20925;9680;1481540174;16
12064;306;1481529791;8
4244;11784;1481516645;2
3985;14263;1481550172;12
20411;23520;1481524089;2
241;1259;1481549217;4
394;6690;1481536288;14
7909;23141;1481526910;12
10594;1160;1481540867;4
20983;3942;1481534114;12
8231;1015;1481513005;6
120;16296;1481520414;18
4563;23002;1481522762;6
11797;6645;1481524011;18
3689;4600;1481518777;12
2804;25365;1481527075;8
8967;3757;1481517252;16
1083;6702;1481539309;2
22651;17296;1481544581;12
5975;3748;1481514518;2
17360;15475;1481550406;16
20240;25171;1481521467;2
7456;12012;1481533856;10
5935;25399;1481539209;2
9803;10211;1481524966;6
17903;19510;1481536304;14
4957;7485;1481521832;18
5120;8930;1481539956;8
14282;14584;1481546610;10
27468;1383;1481535528;6
7332;21465;1481539781;4
19739;14579;1481520205;16
6993;5346;1481543454;12
18088;10539;1481527670;18
7110;2837;1481534218;12
7769;3147;1481544235;8
14137;10206;1481521582;10
21509;6401;1481519449;8
136;2408;1481520578;2
19476;17513;1481542575;18
20522;9841;1481538630;14
24745;23330;1481533222;8
9026;6763;1481538934;2
8894;5397;1481537069;8
19559;356;1481517484;6
247;25391;1481513514;4
27323;4854;1481534418;6
9635;5243;1481548860;6
3001;9550;1481538999;18
16889;20573;1481520901;8
6112;8563;1481536521;12
25358;4798;1481528320;16
10279;9271;1481544332;16
27184;20953;1481544892;18
112;5806;1481528795;12
19059;14544;1481510714;14
9789;6874;1481530810;4
14801;16042;1481522674;16
1706;22536;1481546618;16
17403;9545;1481544278;14
2276;14857;1481518340;14
8305;2402;1481532578;18
17042;6616;1481526689;16
17360;2395;1481533855;12
1179;25173;1481531881;8
18808;15746;1481519993;18
10206;4525;1481530045;4
27430;11986;1481519390;12
14219;27036;1481509808;16
10696;6012;1481543787;16
200;18151;1481526263;12
27292;23887;1481535409;6
6647;18194;1481511680;16
1726;20907;1481525355;10
4684;4575;1481529776;6
238;6822;1481531003;10
12793;3402;1481512966;14
16797;21401;1481522696;8
14806;10283;1481535998;4
16022;24734;1481543198;14
24930;9248;1481518067;10
7819;5354;1481523657;2
9204;19422;1481519845;4
8942;20868;1481520205;2
27035;19027;1481533730;8
1433;27015;1481529923;14
6854;1748;1481536439;18
19947;14136;1481510796;16
1460;19310;1481515944;12
6213;10701;1481509884;10
1779;1329;1481519982;2
20416;7631;1481547732;2
10121;1293;1481521299;8
1428;12887;1481521461;14
17265;17333;1481527119;12
6793;13786;1481512087;10
8489;24970;1481521809;4
19040;1519;1481515154;16
27206;5643;1481533699;8
5486;9447;1481531008;10
301;5914;1481525063;18
3972;111;1481519672;6
20117;7064;1481521658;18
18303;14948;1481517018;16
18212;9846;1481533309;8
18334;11152;1481528232;6
8075;1879;1481517419;10
3898;7438;1481540315;12
1636;5845;1481526999;6
4664;19028;1481536049;10
1011;10118;1481515129;8
2386;564;1481540355;18
3406;1376;1481537950;4
5884;19881;1481514913;12
13946;14874;1481518111;4
12354;3532;1481542097;6
5106;6474;1481539238;10
306;4206;1481543911;10
7079;620;1481519829;6
9476;3934;1481512533;12
26482;10098;1481525131;4
23642;5126;1481541161;18
2948;10489;1481514111;14
19871;278;1481549746;2
12710;22588;1481526607;16
24687;12244;1481533444;16
4595;11142;1481528527;8
5692;8952;1481540691;14
16808;10459;1481509852;10
20922;25023;1481526647;4
24469;2727;1481512037;12
10265;6526;1481529969;18
6593;12567;1481544022;4
10122;17875;1481547215;8
14804;23033;1481517254;12
23160;6649;1481539270;6
7505;4922;1481513867;2
27335;6253;1481539381;6
8365;9868;1481512989;8
21383;18889;1481525399;10
7406;8361;1481518089;6
23518;21759;1481510963;4
9885;3954;1481515637;16
11064;6998;1481542114;8
11070;1798;1481511456;12
7002;2611;1481528037;12
20576;10093;1481540468;12
9196;1398;1481532497;12
6958;11108;1481542237;4
13298;23303;1481550671;4
3533;17486;1481510906;18
1186;8536;1481527960;4
17403;11005;1481532052;14
20547;6356;1481513484;6
22942;3777;1481546017;18
7107;4502;1481525746;2
4003;20133;1481537439;2
20708;1281;1481521040;2
13290;11373;1481521541;16
10889;9528;1481539747;14
10998;17757;1481521324;16
8554;976;1481518539;8
14496;7476;1481549778;6
8495;8330;1481536774;2
10801;14889;1481516834;10
5729;146;1481539557;6
7816;17795;1481518783;8
23100;60;1481525154;12
17529;16314;1481511141;8
6495;6211;1481510040;4
1544;4337;1481545503;6
1116;7800;1481512255;8
7438;5692;1481539888;16
13911;6489;1481522370;16
2756;10915;1481548516;8
1274;8541;1481528853;2
7583;27056;1481550845;18
8016;20973;1481549075;16
10648;9638;1481515956;4
6475;18303;1481549306;18
3624;2287;1481522193;4
2400;246;1481541381;14
13256;3390;1481533867;12
6598;12132;1481544184;2
3947;6696;1481549130;14
24563;24481;1481551034;18
10380;24284;1481549940;14
11154;1586;1481540421;6
4774;7634;1481540514;8
17376;15216;1481527160;18
2282;12784;1481539214;12
6000;6167;1481529595;2
1558;8514;1481526273;12
23178;131;1481511407;14
1337;337;1481549613;2
15520;4759;1481532797;14
5708;27376;1481517523;2
7032;10501;1481519804;18
7317;18338;1481512774;6
27432;3384;1481522753;16
240;22132;1481513175;6
15119;6718;1481509976;6
24687;19780;1481544980;6
16294;7797;1481510852;12
9526;17454;1481519414;4
1733;318;1481546179;4
8581;17535;1481544038;10
14894;10473;1481550856;4
19471;11062;1481546525;16
1653;19721;1481539238;8
9024;3906;1481509681;18
10197;17044;1481536023;12
2143;14806;1481510508;16
11921;11015;1481541813;12
9792;5354;1481530337;6
9205;24707;1481529262;14
1120;14639;1481533762;8
24937;8657;1481535595;8
19045;16293;1481537209;8
4548;20928;1481544317;18
2328;26038;1481519402;12
5894;11905;1481545514;14
15994;1740;1481532250;14
18811;6656;1481521941;8
18837;15023;1481548806;16
15078;7774;1481536763;6
8573;15302;1481527931;8
5110;3027;1481540513;2
2353;4214;1481523182;8
9100;4313;1481515917;8
6317;24138;1481524907;8
17449;10473;1481541984;6
12293;8817;1481538820;8
11051;1800;1481518442;4
2271;8553;1481530588;10
14821;14704;1481538525;2
26139;24449;1481512072;16
4852;14779;1481544052;18
17507;25449;1481537526;16
22976;18857;1481546143;6
9867;6209;1481520782;18
4684;2331;1481530692;4
20862;26192;1481518743;8
5471;22134;1481539322;14
16033;27378;1481543797;4
9509;26218;1481515888;10
27423;5929;1481549147;14
9341;10115;1481537800;18
6285;6625;1481537929;10
9437;7252;1481511326;14
5332;10981;1481510441;8
9007;11725;1481517988;10
8377;1217;1481527223;4
249;16800;1481548370;12
9472;23891;1481551015;14
1450;20401;1481538417;10
9534;4267;1481533751;4
26260;21303;1481519473;4
16199;21002;1481523969;6
8363;943;1481545454;2
9856;3352;1481527666;8
18436;12087;1481547175;2
14436;8446;1481534500;2
7;23066;1481535516;8
6208;7454;1481538514;6
10102;6782;1481530456;10
2464;72;1481512554;8
6219;12619;1481521549;10
10268;12181;1481517686;18
6645;7892;1481551025;16
4239;1362;1481511041;6
25385;14133;1481546514;2
18348;7464;1481518145;8
23540;308;1481529449;4
14914;1892;1481537472;16
1209;1078;1481540995;4
11727;3953;1481515028;14
10641;17790;1481536819;12
23101;7489;1481546221;18
10213;11396;1481526338;6
27409;30;1481515971;2
3723;8600;1481539913;14
7455;4593;1481545084;14
12871;18908;1481547876;16
24651;4207;1481523387;14
6282;1872;1481533823;2
14143;116;1481512897;10
1400;3426;1481542546;6
12028;9771;1481548063;6
5104;18894;1481511268;8
9010;1327;1481536376;6
5502;1246;1481531393;2
1737;11212;1481516111;12
10812;20982;1481548132;8
9951;16368;1481543282;14
24688;18338;1481546409;18
11064;7864;1481542738;14
8106;63;1481536421;12
18534;4754;1481542942;8
8638;19559;1481531092;4
5040;14919;1481519987;2
2282;1552;1481543227;4
18866;20544;1481540133;2
3399;12426;1481548512;14
9123;9567;1481523052;10
9359;14798;1481520684;16
9917;22972;1481532593;16
20481;6593;1481547604;4
15099;19972;1481513967;14
1979;3623;1481531857;10
5712;19818;1481515368;18
10189;24480;1481539672;14
8440;27125;1481514137;8
9010;2333;1481539189;8
6416;7461;1481514927;10
15252;17352;1481540375;4
10352;17535;1481533511;10
15092;14626;1481541590;8
7778;8804;1481513147;8
27409;15762;1481549215;6
20642;8647;1481528674;10
16136;26037;1481543377;14
2794;6852;1481519023;10
6852;10613;1481518099;12
1634;5598;1481540589;12
19923;1840;1481523309;2
9023;19871;1481512596;4
10362;19991;1481535061;6
25500;19207;1481547556;16
10208;9123;1481539313;8
1863;6529;1481536428;2
9991;1357;1481532605;14
24930;8370;1481544295;2
1208;27137;1481548964;14
5743;5547;1481543467;12
9460;11831;1481547898;10
3706;7387;1481514426;14
10424;3745;1481525789;10
13798;217;1481517757;2
18907;5808;1481517468;8
1308;15513;1481511859;18
12046;6927;1481537763;16
21722;365;1481537478;18
11201;25487;1481511697;10
9149;10489;1481542099;12
2037;3953;1481509575;6
3449;22497;1481514143;16
19543;25059;1481523033;16
6642;1252;1481510088;4
144;1285;1481535211;14
17211;17862;1481523922;4
16038;2772;1481528974;4
915;4183;1481515274;10
17881;9746;1481548195;10
8301;1152;1481534314;10
11911;21731;1481550790;10
9990;22263;1481541258;18
23140;14239;1481513904;2
21402;5864;1481526992;12
1064;3964;1481538487;16
7645;20073;1481522812;6
7575;20685;1481537767;12
9064;16517;1481533417;6
931;9443;1481521647;16
4809;7480;1481540978;16
7078;11376;1481538067;8
18181;18047;1481524898;12
8410;7774;1481543834;12
4326;3004;1481535263;6
9870;1396;1481515435;4
9962;3011;1481539189;18
7812;21307;1481515817;4
11415;8359;1481528299;18
8919;14901;1481520116;14
14118;16304;1481537844;12
8421;1104;1481530643;12
11391;1931;1481520441;4
1812;19789;1481516917;8
9005;20410;1481521612;16
11846;2401;1481529673;4
9157;27200;1481545445;2
14629;6668;1481512321;18
3970;22927;1481514866;12
203;4869;1481513794;8
5033;9100;1481514487;14
3880;17424;1481527325;8
9438;1285;1481538208;16
4338;24963;1481517455;8
16194;3694;1481542595;10
11955;4255;1481542422;4
24568;6001;1481509902;16
14244;18804;1481543846;14
5823;19971;1481549526;10
5818;5093;1481538735;2
13220;5036;1481542233;14
3250;250;1481549625;6
17903;7012;1481521925;16
5909;8349;1481514618;10
166;14962;1481521317;4
6215;1899;1481544269;10
1981;23448;1481524763;14
15482;22992;1481527841;16
6803;4557;1481528657;14
14438;6621;1481535170;10
2816;2015;1481523799;16
10569;14936;1481530640;18
22498;10388;1481539300;10
19494;55;1481525608;10
1341;3382;1481510037;2
7640;14239;1481525772;6
6522;5609;1481533234;6
6542;1073;1481540741;2
11699;24662;1481543207;2
11954;6523;1481534936;8
10029;25430;1481544133;16
27427;7398;1481518998;8
21714;19550;1481528067;6
17294;1571;1481544130;10
6384;5283;1481525703;2
18882;15478;1481523204;12
17310;19878;1481512542;18
6970;12040;1481524631;4
9977;20576;1481513449;8
10832;23628;1481542601;12
8779;9061;1481511444;4
8573;6536;1481519796;18
23740;15374;1481550404;8
5294;24670;1481531182;10
10033;17376;1481549234;8
5047;11945;1481536691;12
5886;9277;1481510823;6
14656;14129;1481514013;10
23823;883;1481549883;8
7109;22455;1481545253;12
10443;3575;1481514954;6
3952;13823;1481530171;14
1268;8344;1481522567;16
5954;2394;1481547151;10
12650;5932;1481532140;10
1308;18844;1481530143;2
6682;5406;1481529553;2
21;10638;1481540706;16
23490;2419;1481535778;4
5973;10637;1481517109;16
12655;13854;1481533483;6
25370;24256;1481542047;10
4951;19059;1481550476;16
25443;27342;1481535119;4
22451;23347;1481548058;10
8921;8407;1481522809;2
13862;9461;1481532582;12
25172;4012;1481533373;10
22992;19079;1481515952;2
22871;21800;1481536764;4
1763;9670;1481540266;6
17352;566;1481528189;6
6529;6928;1481523267;6
12090;7523;1481514930;8
15419;4553;1481550391;12
16861;10267;1481525068;14
11944;22957;1481536588;12
3078;5806;1481527446;2
11693;6874;1481523329;10
2889;4585;1481522728;18
5592;8919;1481541427;2
2764;204;1481534741;14
301;16795;1481535061;6
2348;3387;1481540607;12
20143;4775;1481539460;14
14435;10597;1481530264;18
20021;1046;1481525397;2
6810;9517;1481515868;14
27344;13813;1481519877;12
6716;4834;1481542107;14
1907;17790;1481514617;18
23365;6243;1481533387;10
194;4671;1481511264;4
27099;4882;1481547813;6
9328;9439;1481530681;16
9978;27412;1481549377;2
9255;245;1481541729;8
23755;18157;1481541330;14
2117;382;1481510829;18
5043;9541;1481541487;2
4226;19298;1481539534;6
11746;25397;1481545660;10
4187;1520;1481548004;12
18335;6379;1481518470;14
9685;10221;1481550401;4
7862;17168;1481516728;14
5354;2779;1481513494;16
6443;4595;1481526920;16
24964;7044;1481531263;16
25232;17526;1481537800;2
1745;22490;1481527171;6
1765;27404;1481524907;14
6888;3000;1481541534;4
2122;25081;1481548086;4
26;19028;1481538212;4
25283;23447;1481539338;10
17581;7282;1481549763;2
19297;24162;1481550980;4
1907;7510;1481524142;14
26322;5073;1481520337;4
25432;5429;1481517227;6
27013;7938;1481510011;6
9207;13297;1481510178;12
376;3705;1481509935;4
12153;21799;1481510814;2
23022;380;1481524519;10
9207;27425;1481536213;2
14135;6194;1481535680;18
4918;7634;1481526406;10
3595;7100;1481547530;10
14448;18815;1481509914;2
6109;6770;1481543567;12
21806;7777;1481511871;14
1865;4942;1481516104;8
23336;27321;1481522983;14
36;1404;1481549886;16
18820;1327;1481527669;12
22934;12031;1481524824;2
24347;11910;1481543988;16
215;1135;1481536435;18
19942;26204;1481514782;6
15087;17255;1481519101;8
16811;11478;1481533510;18
6365;6608;1481527246;2
20244;3119;1481544833;10
4254;19486;1481520454;10
24932;1584;1481539636;8
5895;923;1481545546;14
7555;7811;1481550685;16
68;2880;1481532862;2
2370;22607;1481528836;4
18155;1043;1481526151;10
6804;17418;1481533052;10
4917;6538;1481546666;14
414;17297;1481542206;2
8637;1969;1481531991;10
8094;10470;1481547676;18
13679;20510;1481516130;14
8885;12813;1481550395;16
3000;7039;1481512187;8
8310;238;1481540938;2
5102;5354;1481526999;10
18465;2820;1481547111;8
5433;22533;1481544626;10
3383;1719;1481548191;2
7543;7088;1481533217;18
6019;14780;1481549247;18
6852;8761;1481528001;10
16836;11177;1481535917;6
5954;7815;1481538582;14
20406;6915;1481548902;16
15463;3613;1481512622;4
2148;5877;1481531581;2
365;2167;1481537938;6
14711;17256;1481547476;16
9510;4990;1481543009;16
23170;5522;1481534569;2
6315;2773;1481530227;18
12774;8537;1481549773;8
13985;2159;1481538739;14
6919;7337;1481532100;10
25128;256;1481540055;4
24354;5934;1481531864;10
6541;9522;1481536845;12
12287;23737;1481550512;10
4529;8508;1481534566;12
16885;1372;1481536491;12
5842;6927;1481530301;18
9315;21713;1481523365;8
2134;1604;1481531225;14
7480;9516;1481545167;4
12283;1343;1481520332;4
14432;5930;1481527332;18
10409;4797;1481509923;18
10512;21407;1481546059;6
11815;3913;1481522866;12
22588;15235;1481523848;14
27557;7271;1481519990;12
24257;20769;1481531273;6
9314;23738;1481536831;8
12781;19776;1481529625;10
2280;1619;1481535011;14
24986;13943;1481542172;8
4812;20045;1481522047;10
1395;12241;1481530781;16
3594;24931;1481549256;8
7814;7770;1481548600;18
97;26306;1481511538;18
6733;3638;1481522610;2
6677;9363;1481530148;4
9684;9890;1481518369;4
22267;5693;1481541843;14
15374;12132;1481546392;12
27297;15450;1481510248;12
3468;14648;1481542697;14
1319;15159;1481515532;2
1051;7468;1481522026;14
6718;7264;1481516812;8
9876;1306;1481532380;16
12645;11960;1481533527;2
6500;7541;1481533483;16
8388;6120;1481532650;8
19823;8223;1481530573;12
13288;18864;1481518762;16
23755;11239;1481517758;18
8554;19914;1481525326;18
4562;15020;1481520352;18
8570;13028;1481524690;18
5952;25528;1481511680;2
7886;7077;1481511779;8
5911;4296;1481527497;8
16190;6108;1481536712;18
11727;21413;1481516861;12
10610;1538;1481543575;12
7012;365;1481526011;10
1126;7882;1481537277;2
7368;4805;1481547941;12
11208;9522;1481539979;6
17572;10529;1481547745;14
13185;17398;1481534523;8
5283;6299;1481548803;14
10093;25057;1481550163;12
5100;1236;1481518113;6
11239;12418;1481541425;14
27336;25189;1481544123;14
14657;25065;1481539045;8
7617;10564;1481531151;18
8759;5999;1481510721;6
27477;7832;1481530139;10
10551;1045;1481533268;4
23867;15311;1481535038;10
8300;19814;1481544919;10
5354;18301;1481548451;2
14913;5472;1481515636;16
620;11798;1481511623;6
8544;9288;1481527952;2
1096;1553;1481536852;18
11059;7868;1481539032;2
18082;16321;1481547469;12
27137;14426;1481516061;4
19303;9899;1481512190;14
17601;18175;1481521850;8
25175;17417;1481517510;4
20984;11705;1481539367;14
10597;4191;1481528914;6
4957;3578;1481550604;12
5778;14875;1481550334;14
6247;6784;1481530592;6
5472;15491;1481514280;12
20395;8353;1481513931;8
5826;12391;1481537457;16
11588;11224;1481550086;8
17351;22446;1481535075;18
11603;6364;1481534451;14
881;1957;1481545073;8
12187;5734;1481510146;2
7155;5701;1481513186;8
20933;13817;1481514298;2
23488;6725;1481524717;2
5284;3267;1481528626;6
1969;23347;1481523828;8
8538;1660;1481537145;6
6966;6559;1481538088;8
10283;15781;1481550018;6
6629;14246;1481514059;18
10617;10982;1481536870;2
2415;3485;1481518208;16
4607;19297;1481516800;10
19091;10007;1481526777;8
4510;7175;1481516154;6
8350;9845;1481526767;6
8347;9466;1481537336;12
177;10525;1481533592;8
27551;7536;1481532570;10
19082;8089;1481550328;4
19944;11035;1481537568;2
8989;22307;1481532724;10
23159;5081;1481512900;4
22432;79;1481545543;14
7714;6364;1481543827;8
17291;22922;1481539083;14
19286;1642;1481547226;18
1892;6926;1481540752;16
6141;11749;1481516194;12
27401;1423;1481514964;18
27326;308;1481523968;12
11268;371;1481521061;6
5261;4915;1481518716;6
14915;17578;1481538239;8
12034;20400;1481546915;14
8372;11822;1481519711;14
25541;3390;1481530758;10
10292;1282;1481519306;4
11150;10653;1481525193;10
2365;12795;1481525883;2
1566;61;1481549937;12
17306;13346;1481519090;8
6567;10507;1481529675;14
4015;16535;1481522238;8
5822;5631;1481518159;12
25365;16884;1481522811;6
12421;27003;1481533115;10
23173;7318;1481527088;18
4543;4901;1481510071;2
12560;8766;1481515841;4
13802;8755;1481543270;8
4896;1858;1481521169;18
9963;6560;1481548095;6
2889;6415;1481525511;18
1431;24521;1481520404;14
14451;2783;1481510661;12
25156;15996;1481549321;4
1217;8160;1481516539;14
9830;1968;1481544502;18
3124;1982;1481539473;18
1329;19304;1481548129;10
1646;5780;1481540998;8
4762;21213;1481527887;4
13820;9904;1481547034;8
17845;3693;1481510741;4
1175;13800;1481537878;2
1978;1141;1481520756;12
17293;84;1481510209;18
16198;15009;1481524774;4
19985;1026;1481542227;8
1641;11742;1481525492;4
27034;3127;1481524444;4
188;362;1481512559;4
249;17564;1481545282;4
5408;2345;1481549507;4
4503;9756;1481550371;8
10354;5652;1481549765;10
5916;1623;1481525387;10
1153;4025;1481513459;16
21223;9360;1481548232;12
2336;10800;1481525575;16
8920;12073;1481519310;8
24062;6968;1481516099;4
9560;1063;1481525787;18
15738;25376;1481532987;12
15235;20708;1481526177;8
6400;17004;1481513775;4
24087;11232;1481515489;16
5916;10619;1481541613;16
6634;7363;1481536979;4
18301;15349;1481544043;14
10376;8436;1481527855;2
9967;1902;1481538947;10
5110;5505;1481513239;14
17421;20573;1481538878;16
12222;25183;1481520588;16
24442;16812;1481548816;4
13939;20130;1481526045;2
20035;16334;1481517315;2
1261;23831;1481541008;10
2824;25405;1481545520;6
8511;21463;1481534567;16
11211;11411;1481534291;4
6005;7900;1481542335;8
24928;1021;1481509692;6
11798;9567;1481528615;18
5360;11414;1481547877;8
7358;23488;1481542492;14
7461;1908;1481522610;6
9976;20144;1481532591;6
27296;12321;1481548625;10
9457;11095;1481510775;14
10779;8880;1481534475;2
15513;6550;1481521920;18
22651;1603;1481531223;8
6278;25069;1481540407;6
7157;7442;1481521828;8
1604;5833;1481541474;8
5626;9867;1481546875;2
6591;6828;1481509789;18
2737;10681;1481528602;16
11897;6577;1481536063;12
3068;10317;1481535030;10
8414;27471;1481544284;6
2378;10348;1481541374;8
1068;6503;1481517332;2
6301;4954;1481522232;4
25012;19963;1481548004;12
21080;972;1481517335;14
6168;1726;1481518753;18
11243;14451;1481523943;18
11075;18068;1481521306;18
300;24088;1481524545;12
5762;6661;1481524721;14
9893;24445;1481520763;16
1043;19222;1481532693;8
19068;12560;1481548866;6
5711;16808;1481537544;10
4199;3013;1481513092;18
24965;16821;1481545618;14
6118;8392;1481523034;16
13260;6115;1481524024;8
7021;8478;1481546121;2
15034;9602;1481539882;10
317;27141;1481536331;8
362;8971;1481526491;8
1028;7631;1481548487;18
12155;11814;1481550598;6
10801;981;1481542935;8
20536;13238;1481517991;8
10259;5882;1481545916;10
2033;19851;1481510760;10
4049;20140;1481512407;14
1724;23811;1481551018;10
24445;18146;1481513240;8
9545;9342;1481530801;10
1211;5677;1481530281;6
24981;14962;1481511896;18
8502;11822;1481528794;10
9137;9841;1481511779;8
16294;9198;1481531818;8
9846;9022;1481549657;10
20326;24951;1481516262;4
10006;10163;1481533260;16
10546;1816;1481520681;6
10929;22508;1481539027;16
7526;6144;1481542337;2
8253;1684;1481538735;12
1140;17019;1481540910;12
9682;8975;1481524906;18
1523;6172;1481539135;18
19823;11855;1481549871;14
24692;1354;1481515703;10
19527;7948;1481536781;10
4268;12021;1481545346;6
27537;3570;1481523650;10
17507;276;1481514512;14
9106;4813;1481522238;2
26302;7441;1481511728;16
3419;19234;1481541762;2
6479;6173;1481517105;14
17305;18261;1481551080;14
8500;2996;1481512586;14
22607;3703;1481531981;4
1304;8092;1481520244;4
1410;1449;1481527109;2
4980;11619;1481519680;16
8876;22460;1481547537;4
4273;20968;1481533516;14
8633;1166;1481527011;12
14262;2988;1481524140;2
20318;23648;1481545316;6
9946;2157;1481541884;16
9773;20985;1481524439;8
18861;24087;1481510172;2
1978;8747;1481537974;8
1433;3120;1481519941;16
26114;11120;1481538928;14
24137;17528;1481525774;12
13003;20050;1481519234;10
5426;12707;1481546861;16
7405;22219;1481538184;12
22967;23855;1481511703;6
7833;5596;1481530521;16
15787;8550;1481549815;18
15319;9534;1481527387;14
10410;12036;1481546551;2
3990;7435;1481533534;6
7832;19963;1481547721;10
19900;7962;1481518524;10
20645;18844;1481525656;6
17262;13899;1481547630;4
9318;23863;1481540210;12
22317;1890;1481522427;4
15519;17361;1481525262;14
8369;10766;1481544743;8
2347;24394;1481521346;10
5379;11808;1481543519;4
6274;22531;1481528198;12
10799;202;1481510930;2
4329;20143;1481532233;14
7174;5332;1481525277;12
10446;7462;1481539154;2
7765;10464;1481525748;2
1255;1214;1481538747;6
14703;1460;1481535242;8
6184;20401;1481542453;18
8587;11804;1481533372;18
8025;352;1481547002;18
13260;18840;1481525446;16
24373;8430;1481517657;14
20083;1033;1481545642;4
5120;5035;1481525871;16
2366;26470;1481542870;6
19993;3980;1481511618;14
1553;4034;1481529315;4
18047;13287;1481549365;12
27478;21747;1481512909;4
7174;1694;1481514093;16
18836;19223;1481513582;6
17396;11176;1481521534;16
18533;2644;1481510449;16
15101;12226;1481549326;8
14163;19851;1481539243;8
260;17296;1481538991;2
10115;6002;1481518094;14
27208;19941;1481533661;16
23114;3623;1481525215;16
10186;20983;1481514584;6
7248;7854;1481519601;18
27552;174;1481531468;10
15236;4296;1481516790;4
9272;7278;1481512812;8
13678;14128;1481517289;4
14906;23178;1481514737;18
4190;4504;1481532222;6
9566;12064;1481524330;14
4262;8864;1481519823;12
20536;19814;1481547043;16
17904;11082;1481517880;14
4006;1126;1481542552;16
19219;17455;1481545967;10
4930;23101;1481542020;18
8836;24451;1481536320;10
1633;3066;1481530980;4
18802;5441;1481528789;4
1185;13972;1481520559;12
11210;15098;1481536056;14
15980;25489;1481532919;16
11402;4516;1481545019;18
1147;8518;1481523931;12
23348;19078;1481537999;4
10749;6532;1481519645;8
23114;16982;1481548544;18
17795;26265;1481526326;2
14209;6473;1481541110;14
14545;23830;1481550640;6
7441;8395;1481530117;6
16902;7090;1481516548;10
6203;13901;1481537131;4
6656;8586;1481514547;2
7084;19549;1481512746;6
23037;21224;1481511850;16
19739;9056;1481527191;18
23832;6360;1481542504;8
9798;15018;1481549435;4
1126;3717;1481524849;2
19069;11770;1481512048;8
10529;15353;1481539757;8
7897;200;1481542876;2
27434;10612;1481515173;16
19889;13216;1481536251;4
11080;89;1481541153;16
13724;10203;1481518720;4
3512;27539;1481549695;8
20591;2797;1481512782;6
17422;23116;1481526252;2
9210;25070;1481529464;2
10684;24128;1481543813;2
10279;27031;1481524632;14
15114;2403;1481514327;2
8704;4697;1481513263;14
26476;12816;1481550012;14
5352;164;1481542458;16
19571;1115;1481527786;4
11101;6232;1481523160;14
8574;7366;1481526169;18
27299;8836;1481531556;4
10786;1716;1481520639;10
13680;9670;1481539872;12
4666;1270;1481541734;16
22626;10564;1481540434;6
16840;19872;1481523984;6
26101;1370;1481542559;2
22940;6298;1481512391;6
11114;9296;1481538530;12
5434;6555;1481549532;8
2835;27278;1481546147;12
5873;15029;1481543968;4
7566;17332;1481511901;16
1645;5807;1481530896;12
14133;5971;1481527906;8
7091;8550;1481531764;14
5642;14896;1481543423;4
26039;7714;1481510982;2
15317;14434;1481526176;4
1553;6203;1481538847;16
6971;1372;1481531221;16
20326;5828;1481534961;6
7365;3773;1481542764;16
9170;4508;1481535797;18
283;2412;1481546220;6
12641;8693;1481521171;8
3248;14246;1481516488;10
1091;17261;1481541523;2
4625;12336;1481512575;6
2348;23062;1481510171;4
9277;23302;1481548169;10
5677;2804;1481532811;12
11701;9522;1481534273;2
6148;6711;1481535603;18
10560;14136;1481512678;8
26083;16144;1481544149;2
1381;23756;1481520394;4
2736;24354;1481535072;2
7956;1904;1481517183;18
366;5264;1481530579;4
12159;11018;1481517872;4
14665;25169;1481513500;14
16918;22653;1481518967;12
8818;17866;1481519857;4
13780;187;1481543596;14
7088;11;1481549530;10
3692;10367;1481524249;2
7687;16178;1481535396;6
2171;7165;1481548048;18
11691;7592;1481541678;6
21071;12103;1481521058;2
8570;7607;1481543950;2
7583;20712;1481511885;8
2465;23110;1481518932;8
10204;4671;1481516428;14
5415;17034;1481550396;8
9532;27188;1481515317;6
19851;8162;1481514648;14
13;7467;1481546290;12
8249;20193;1481540165;12
1331;3466;1481541154;16
10564;9841;1481519322;2
6995;1346;1481510812;12
3999;154;1481530727;2
7899;17273;1481540833;8
3162;13678;1481527300;16
10423;2787;1481537755;10
25036;27492;1481527198;2
8499;1334;1481541393;6
10046;4665;1481543700;14
14199;23038;1481519789;8
7463;10738;1481512562;12
1576;4859;1481535206;18
11811;23019;1481545914;4
10553;2726;1481530696;2
4360;27426;1481548037;18
10189;24296;1481519157;18
25344;1099;1481522231;18
9149;6028;1481528169;14
4564;4896;1481521946;16
22454;11033;1481532224;6
23886;5681;1481539973;14
9440;1263;1481535924;2
20342;14653;1481528233;4
10317;7312;1481518784;14
21717;1534;1481511614;16
14141;1170;1481531726;18
2833;4903;1481534690;6
24711;4744;1481544394;10
12321;2418;1481527222;4
8346;24128;1481521185;2
14547;20015;1481524844;14
24182;3950;1481539189;8
3627;3273;1481514726;8
1641;17150;1481530108;12
2170;6680;1481546817;8
11862;25325;1481548146;12
65;12062;1481518095;16
3930;10265;1481549345;2
22494;16848;1481521944;14
16849;10210;1481537887;12
20976;6632;1481533916;6
27520;12746;1481517952;16
14926;8816;1481538465;2
6945;1571;1481534523;10
3766;5959;1481515008;16
11154;1224;1481550965;16
23178;1581;1481535830;18
1285;1973;1481523408;12
27425;23850;1481535449;4
5021;22992;1481538216;6
15088;11016;1481514531;4
27521;23317;1481529923;4
8743;7183;1481531138;2
8291;25075;1481523526;12
3264;1902;1481512014;10
3260;19425;1481527394;2
17794;23152;1481524689;12
10515;4990;1481518938;4
229;19224;1481548325;16
25384;3029;1481526201;10
292;1904;1481515697;18
4566;6144;1481518558;10
12041;8738;1481528980;16
8406;7889;1481541970;10
18946;2128;1481540494;14
9413;18173;1481517997;8
21217;14262;1481523407;4
1954;2118;1481550932;18
6000;1033;1481509789;14
11384;17400;1481550532;8
6278;24174;1481547455;4
20074;18346;1481547463;18
2024;6378;1481525228;16
23737;10100;1481518151;12
19539;1403;1481545082;6
11718;10506;1481530818;2
7548;9967;1481547364;8
19758;8541;1481530295;18
6251;25002;1481525075;14
2393;5844;1481528150;6
11413;19056;1481510188;4
4853;14703;1481518308;14
24669;23086;1481544036;2
3420;19960;1481518355;4
5287;187;1481510803;2
1597;27468;1481524325;12
11788;9979;1481539746;8
27417;3371;1481515905;10
22461;18088;1481548202;10
17043;9499;1481529519;14
22928;18075;1481541345;4
6356;6202;1481544247;4
5643;18881;1481527340;18
15998;22459;1481523899;10
4286;1685;1481541214;2
17922;21379;1481516353;4
363;1903;1481519907;14
7621;23865;1481525103;6
11390;363;1481523197;8
5847;7694;1481528032;4
9019;15307;1481544018;2
5674;7066;1481535283;6
11793;4509;1481543659;18
25068;8916;1481524417;16
21843;27449;1481517134;12
8507;5047;1481540126;6
411;27378;1481532889;4
8395;7465;1481531798;16
19956;16884;1481546292;6
14899;8048;1481519429;14
8833;16141;1481512651;16
19216;3912;1481545101;16
1105;26108;1481548884;6
16802;10109;1481546290;14
2750;23443;1481518245;6
11791;17390;1481546925;6
271;5997;1481548530;18
2129;4568;1481542611;18
15474;1158;1481512673;14
9368;15446;1481548275;14
7880;6461;1481542707;14
8411;12761;1481536098;18
992;12370;1481539720;12
22615;4583;1481517808;12
4957;5895;1481540107;12
1412;5399;1481524687;8
20192;5997;1481538625;12
11623;2845;1481511087;6
4924;22540;1481529802;12
1708;3914;1481510513;10
7296;20687;1481548169;2
21318;16795;1481526948;2
21842;158;1481512192;8
13559;11159;1481539036;4
15127;10907;1481515178;2
5705;11248;1481549186;8
18157;7794;1481545208;8
23176;1457;1481537288;14
19559;25065;1481524734;10
6470;6396;1481525800;6
1532;17444;1481532421;18
16827;8757;1481529693;4
6239;20025;1481536041;10
12518;6799;1481511717;14
4262;5114;1481544264;16
8425;10696;1481524395;4
1221;15080;1481522091;6
7489;27179;1481528402;14
25383;174;1481532630;12
4993;27141;1481537731;14
19595;9027;1481546852;10
6694;10683;1481529626;14
16179;20035;1481528292;12
1458;5719;1481531023;4
24284;4298;1481543657;18
1176;5953;1481545263;4
3120;168;1481526419;12
14514;27414;1481549265;2
15479;21442;1481545162;18
12047;27005;1481542873;6
9454;8016;1481543527;4
20852;236;1481524953;18
20866;12284;1481518593;8
5642;10641;1481547885;2
1746;2168;1481533919;12
2021;20975;1481535716;14
1152;364;1481517376;16
3249;27466;1481534642;8
12153;15248;1481521159;4
11477;4820;1481522324;6
14820;39;1481538371;6
1106;13870;1481516152;18
12698;23544;1481530354;12
1129;6381;1481538870;6
9561;907;1481516945;10
23665;9879;1481516352;8
19756;3997;1481511220;18
7553;12744;1481530472;16
23849;14581;1481545348;16
9013;12815;1481543652;16
19790;6326;1481517342;6
4565;10685;1481511021;12
8021;27543;1481550066;4
19990;9847;1481536146;18
16297;3462;1481537929;4
20655;10082;1481523209;18
6353;5728;1481534613;6
5871;11121;1481516274;10
5243;3006;1481532598;14
2143;6636;1481526849;10
16191;19940;1481548779;12
1896;291;1481520882;2
23616;20986;1481530495;8
27413;8372;1481521954;8
12420;3250;1481537046;12
27102;6254;1481539951;14
6873;7837;1481514482;6
6985;19573;1481516719;18
6458;2395;1481531220;16
3078;10591;1481536712;4
17163;18341;1481539037;6
7843;29;1481520727;16
4760;21807;1481537455;4
1942;25250;1481537695;16
15129;7442;1481515416;8
6797;6779;1481529246;14
24708;27344;1481522598;2
15212;13977;1481520757;2
10697;7884;1481543406;18
17252;1636;1481531860;10
21377;5033;1481550036;6
6181;24673;1481549244;10
27467;20311;1481547626;10
8230;3620;1481532072;10
9673;8236;1481545804;4
5003;4912;1481540297;12
6459;24533;1481520056;10
1068;19846;1481519257;4
7715;2745;1481526992;6
13798;4593;1481517681;2
6226;2776;1481527808;2
15475;1717;1481549807;6
12278;2845;1481533495;16
7907;15295;1481550937;16
6301;25080;1481533280;14
11563;5895;1481533893;16
20418;16915;1481525287;12
1955;7330;1481525027;18
6353;12358;1481510889;8
8026;12076;1481547898;2
23010;5745;1481536056;14
6336;18180;1481517975;16
21485;19821;1481512422;4
8570;16819;1481514069;10
12152;2610;1481528538;10
4662;9775;1481518926;18
12185;7892;1481534779;2
12305;16043;1481511585;10
27425;1720;1481525677;4
6143;3945;1481545830;8
5846;17893;1481527433;8
24662;7042;1481539727;2
4844;20586;1481549249;16
11398;2390;1481521133;6
24238;1989;1481544377;16
15980;185;1481535621;6
1299;8477;1481524374;10
22479;19026;1481527408;14
8590;1704;1481541302;14
4524;9333;1481549237;12
6151;10929;1481531599;14
14962;18883;1481539231;8
14626;5739;1481516717;16
393;6917;1481527042;16
15475;8527;1481533028;16
11483;11386;1481547933;4
12002;10186;1481539922;10
25374;12063;1481525987;2
350;10723;1481535707;18
8884;1209;1481540061;10
13977;7939;1481547505;10
13987;4878;1481537657;12
25181;10246;1481540920;2
8153;16044;1481535819;14
11157;7145;1481538427;2
25286;11870;1481548252;18
3969;21300;1481536140;2
18191;2996;1481530972;16
18052;4867;1481530774;14
21596;8785;1481544425;16
6803;1253;1481534279;12
5250;7171;1481544403;6
4827;7085;1481529053;8
7871;27379;1481547644;2
19861;14804;1481542723;6
2345;7984;1481512589;10
7615;10045;1481512765;12
10192;8456;1481529080;4
12567;20587;1481543113;8
239;9201;1481512389;18
2325;917;1481523628;10
4735;2351;1481545672;18
20156;20154;1481548742;18
172;1836;1481512285;4
25263;18312;1481510162;6
15030;6366;1481543798;8
27482;1795;1481538297;2
16296;15379;1481545721;18
17191;18861;1481528779;4
9469;6411;1481537382;12
1075;8377;1481511228;10
23728;8140;1481523171;8
17001;10547;1481519551;10
23642;9475;1481524067;10
9561;6252;1481530255;18
19575;12047;1481513277;4
7030;13075;1481522491;16
1670;2377;1481519126;8
9538;5012;1481535588;8
1010;13219;1481531384;2
3927;15317;1481543176;8
10073;4167;1481531627;2
8939;38;1481510984;14
5969;21296;1481531599;10
4876;14981;1481537236;18
25360;9395;1481521808;16
24445;18880;1481526988;14
15298;10689;1481517410;18
4358;23328;1481543167;4
11106;11869;1481526869;4
11862;23303;1481535083;6
5518;9685;1481538828;14
21360;5811;1481526561;10
7799;6219;1481532233;12
9417;11885;1481509902;4
1984;27182;1481532899;10
11792;1224;1481523597;18
4855;3950;1481544737;8
5433;1720;1481535337;14
3537;7800;1481538778;4
7298;21376;1481523026;6
14928;2376;1481528860;2
1765;25502;1481537073;6
22538;15117;1481529226;16
7266;23525;1481549138;8
15082;6329;1481530382;10
23666;25376;1481528492;12
11210;5976;1481524130;10
2465;8723;1481541876;16
2144;7566;1481515351;18
5101;15102;1481533031;6
9665;18144;1481520829;18
17290;9517;1481540269;8
14584;6699;1481542650;8
4255;2948;1481515533;2
8827;3993;1481517075;14
9207;11054;1481520750;8
6210;13290;1481512290;10
11019;10723;1481525760;6
4610;10046;1481513444;14
158;22482;1481520634;18
7103;21731;1481533320;12
1052;18911;1481550239;8
20786;15980;1481515975;8
11065;11950;1481522542;2
1453;1056;1481545684;12
11043;8817;1481545704;16
23851;6975;1481546358;14
25385;7850;1481522253;4
4962;11055;1481541786;14
24710;17306;1481510519;16
6933;14431;1481533682;16
18843;11019;1481536716;10
381;25072;1481539414;2
70;17213;1481526249;2
7390;18183;1481519856;4
17800;14193;1481515627;2
1441;21375;1481543452;2
9314;19937;1481539393;4
24660;17303;1481544766;8
2157;21809;1481533061;12
18873;322;1481528079;12
11792;9464;1481525234;16
10255;903;1481537109;2
12238;9520;1481528504;18
1311;11478;1481514704;8
3935;10672;1481546842;8
10694;8575;1481512896;10
26169;1563;1481518511;4
13;14403;1481520037;10
12023;25113;1481529436;10
23523;14187;1481550700;6
27133;16197;1481536069;10
12043;3074;1481542546;18
4852;1771;1481517294;4
27546;11244;1481522408;6
5124;17488;1481542897;4
2757;20055;1481512680;14
9365;17503;1481530096;16
4574;24128;1481542892;6
8150;25286;1481534848;8
6916;8295;1481544816;18
6168;26260;1481522667;4
10014;20481;1481540545;6
1333;5517;1481524248;4
7262;17482;1481543552;14
1548;17483;1481522070;10
6201;6436;1481517904;16
10282;4851;1481550920;16
22453;4558;1481532677;8
9992;11952;1481551099;14
21746;10495;1481529498;14
4705;12869;1481511275;2
10733;6524;1481519732;16
15295;1183;1481546749;12
12353;12787;1481515498;14
9369;8953;1481516912;6
6880;14441;1481539612;6
16200;11220;1481537237;8
8569;1420;1481519857;2
9432;8944;1481540005;2
6812;175;1481544802;2
1631;8351;1481521715;18
20446;12015;1481545935;6
6204;6403;1481541103;6
11625;1488;1481522416;10
4234;15243;1481536200;18
19588;14698;1481539851;2
12576;22576;1481515503;18
14891;18472;1481531219;12
7583;7097;1481545665;12
9123;12398;1481518750;10
405;7261;1481539010;4
20959;14560;1481533861;14
151;1120;1481510551;8
19910;25166;1481540770;2
27086;27547;1481529094;18
15034;10037;1481517897;14
7358;24724;1481518289;8
4855;6779;1481539676;10
9476;14125;1481531914;8
8447;7324;1481523866;6
8543;1099;1481541912;12
9164;25344;1481537619;16
3971;7831;1481526375;10
19272;24996;1481523921;16
17211;368;1481518987;6
12184;4775;1481534217;6
11400;15072;1481524449;14
2997;12642;1481534874;6
11009;7994;1481536477;6
21302;14426;1481528162;2
15319;4965;1481509936;12
13288;19040;1481527324;6
2757;10699;1481538928;10
6361;8598;1481512141;10
16008;8762;1481521323;16
14574;1740;1481529775;16
12315;1895;1481540450;18
10694;27179;1481546543;14
9461;20110;1481549837;12
12057;3719;1481518896;2
21402;14433;1481537029;2
8364;11120;1481541373;14
3719;13080;1481545170;6
26262;10070;1481534598;10
4296;15020;1481525104;16
3927;24745;1481524977;6
4578;8983;1481544772;18
419;1160;1481519718;16
1013;19819;1481544066;2
4234;2288;1481515700;14
17257;3272;1481511340;12
17241;11943;1481540314;14
22306;6718;1481541505;14
6875;4193;1481543341;2
18907;9839;1481513103;18
21736;25378;1481517938;18
8111;360;1481520784;2
8329;16184;1481516126;12
4304;17547;1481548640;12
26309;19587;1481542333;4
7169;8585;1481537090;18
20539;3127;1481534851;10
11259;20423;1481519019;10
18845;403;1481517445;12
11885;6872;1481532335;6
6688;391;1481511425;4
8446;10112;1481509608;18
11098;14510;1481529609;14
5385;5395;1481521669;6
4758;24971;1481546607;12
17293;5818;1481548752;2
8975;10880;1481547676;4
17053;23158;1481550665;18
12559;13852;1481513307;6
20357;8896;1481539077;10
25320;7781;1481541092;16
7041;23467;1481518231;8
9294;11159;1481525023;12
12069;17257;1481539851;4
7038;11016;1481513441;14
1563;4807;1481540055;6
38;7544;1481521799;4
1172;6434;1481531198;8
9333;1077;1481525904;18
9889;24182;1481536929;16
14866;18423;1481540791;10
20356;3927;1481522102;6
12039;1630;1481509966;6
17349;7838;1481549845;6
24571;949;1481544578;14
12421;11501;1481539252;14
23540;23653;1481524927;12
9964;8527;1481531535;4
3133;8552;1481524014;4
3741;19493;1481540174;18
11398;22463;1481522989;2
12710;1326;1481548063;2
19224;8579;1481517997;14
1497;20109;1481513599;6
12083;4956;1481527077;18
5105;9296;1481538489;14
24681;23619;1481539544;14
6304;4042;1481518279;12
8475;14445;1481510501;2
1089;14241;1481539274;18
1681;9424;1481530483;16
15784;7065;1481530940;6
2363;20994;1481528809;14
6479;17397;1481535684;8
20302;5714;1481510281;8
22502;14620;1481517838;6
23630;25164;1481516252;4
6215;1765;1481526043;14
20756;4577;1481533574;10
6892;3980;1481540153;6
13976;18886;1481537558;4
23451;24971;1481545309;2
11135;23076;1481529984;12
2950;362;1481542531;10
14932;10473;1481544181;6
7387;17850;1481516497;18
8360;5006;1481534508;8
989;20590;1481519968;8
22962;3613;1481544992;18
7642;27104;1481521204;2
4574;9299;1481517765;8
12228;10500;1481511671;6
5293;6260;1481523990;18
145;1535;1481522619;12
3417;12696;1481515188;12
5016;19531;1481513570;12
6407;25171;1481515492;4
5987;3554;1481541251;14
7056;5476;1481519111;12
11399;6382;1481545405;10
7781;120;1481547724;10
8484;10737;1481543804;8
332;19832;1481518837;14
9541;8399;1481547239;12
13780;5399;1481547867;14
11001;9670;1481513491;18
1889;6541;1481548808;10
7014;15074;1481544817;12
3997;23543;1481546059;6
5978;8253;1481542324;2
2412;16139;1481533519;8
3607;6246;1481513796;12
9956;3600;1481544357;4
22940;564;1481546021;6
10497;12318;1481513219;10
4830;21297;1481515627;8
17278;7565;1481524823;4
19817;9447;1481512558;8
24058;10066;1481510399;10
26312;1141;1481534000;18
1043;14651;1481533134;12
7976;1378;1481534738;12
10515;8277;1481531098;6
11069;18850;1481537460;10
180;5987;1481527368;8
6308;8123;1481509545;16
17419;8996;1481537992;16
15019;11386;1481527058;12
8146;8756;1481517551;10
27132;8941;1481514553;16
13869;19063;1481548842;18
8547;165;1481542657;12
11606;8993;1481534161;8
20065;2775;1481550816;4
7137;6463;1481510910;16
17457;5701;1481531863;14
3545;11691;1481519438;16
4229;4704;1481527527;16
24969;210;1481544230;6
4964;1232;1481539104;18
1427;3258;1481510670;12
9188;8464;1481522312;6
1246;19959;1481526565;12
15766;10668;1481550421;4
13796;21003;1481534879;14
985;8565;1481544072;18
1878;6557;1481514408;2
15164;6232;1481530028;2
3596;25191;1481520079;16
4806;4334;1481532289;6
12766;9684;1481527452;10
8162;18130;1481544226;2
8951;5508;1481544147;8
1152;19210;1481528602;4
8950;325;1481531924;2
4234;4205;1481511055;8
3544;1033;1481513833;6
4684;14924;1481543615;10
7358;382;1481522671;14
8091;298;1481518433;14
26158;4036;1481538219;18
17155;7089;1481541147;14
6343;5017;1481535663;8
6913;13131;1481520175;12
19960;6628;1481536830;14
3401;25246;1481526529;10
982;8396;1481509884;10
17537;7625;1481511223;16
6300;18344;1481516517;6
8473;11;1481542733;8
14244;11960;1481512716;8
17160;13803;1481546471;16
1363;24568;1481522013;14
4809;6712;1481522132;10
10004;7762;1481531543;18
4690;9170;1481530179;10
5114;11588;1481543453;6
22480;8236;1481529703;4
7590;11051;1481519774;10
17151;15071;1481525086;10
22460;9516;1481549971;6
3713;1262;1481535257;6
13943;21294;1481535661;16
20999;10799;1481523785;4
19060;8887;1481536686;2
8584;7958;1481540020;8
10515;14914;1481529919;6
11152;1701;1481535416;14
14950;19915;1481523709;6
10782;19936;1481537121;12
20050;3707;1481547143;2
20674;3269;1481510277;8
17395;3025;1481523655;2
27555;27199;1481532464;2
18153;20091;1481527683;6
13177;14289;1481548853;2
2868;12770;1481545308;6
15371;25176;1481519568;16
11075;1586;1481540979;6
2737;16295;1481547827;2
1708;3383;1481539158;10
6256;6550;1481525389;18
15301;9666;1481547380;2
5842;16918;1481513526;12
8475;15159;1481538700;8
113;12097;1481520023;18
7517;7767;1481537642;10
25173;966;1481521228;16
20575;23486;1481521970;2
16934;10207;1481511157;18
18821;8585;1481535735;18
27269;10434;1481518865;18
2781;8228;1481531420;2
8385;14581;1481536032;18
10295;4758;1481540420;10
4784;9499;1481525641;18
23546;3124;1481539476;8
12317;7862;1481521494;6
3371;3219;1481520542;18
1575;19486;1481515828;10
18809;3415;1481530390;2
2419;10638;1481512107;14
20890;6203;1481515526;18
4194;21713;1481541568;16
8923;10256;1481514950;12
14701;11576;1481549984;14
4257;23084;1481510663;16
14923;12773;1481522575;16
7090;13763;1481523804;18
26182;27557;1481548223;18
8806;17481;1481545816;8
21387;2880;1481509998;16
5283;25533;1481546418;2
11577;16848;1481550854;8
5995;27096;1481512298;4
5511;11485;1481525054;12
27095;23628;1481540468;8
9277;6956;1481534405;10
10576;10695;1481547894;12
27326;6482;1481521362;10
2275;168;1481519015;4
5744;4216;1481525997;4
13079;891;1481537040;8
12572;4826;1481532436;18
5642;2274;1481537898;12
4994;10668;1481546413;18
9569;19795;1481515307;10
5507;14434;1481514483;14
1815;16827;1481539944;12
8228;4526;1481539515;4
21080;5828;1481538715;4
23047;20091;1481522928;14
9152;9162;1481510857;4
5775;9669;1481514981;14
17389;19625;1481534322;4
14432;22460;1481540503;16
24654;3250;1481512818;18
25189;17286;1481546826;10
12028;15008;1481528248;10
27091;5532;1481541500;4
10386;5818;1481546366;8
17042;6599;1481516599;10
13196;22969;1481522614;10
1224;3448;1481535983;16
23180;387;1481533082;8
3536;13987;1481520355;6
14875;27056;1481540075;16
5388;20792;1481530495;6
25414;1836;1481529218;12
3979;2875;1481517368;6
23729;9460;1481518727;4
4995;7698;1481524309;12
1677;20591;1481550186;8
23526;24562;1481537822;16
17039;9681;1481524083;14
13180;6539;1481546814;12
15336;4669;1481513061;10
4881;7840;1481538157;12
9413;8593;1481538355;12
1390;6684;1481532619;10
4625;7368;1481522939;4
2890;15980;1481529728;2
5710;7908;1481533031;6
25041;7464;1481530200;12
9871;8930;1481528140;10
7262;9560;1481526646;10
12159;26127;1481521328;14
16807;1749;1481543208;6
15307;8003;1481511733;4
8648;6003;1481536601;18
9144;13126;1481549700;2
10729;19954;1481542316;18
16037;27550;1481510315;16
10289;9751;1481542227;8
980;2322;1481540251;2
6470;22;1481517269;6
8235;15114;1481537008;2
1026;5921;1481542247;18
9802;8130;1481535817;16
3991;17880;1481541485;6
17512;5849;1481545019;2
1917;8977;1481514839;18
6860;6430;1481509676;16
2795;11563;1481545562;4
5855;14648;1481516993;12
24279;5248;1481530960;4
21078;14660;1481528207;4
1291;3087;1481523656;18
7812;24178;1481518549;6
24690;6838;1481540902;12
5644;11170;1481515626;10
14892;85;1481537702;2
20782;232;1481518192;6
23652;4776;1481542463;16
10786;13260;1481517428;4
8992;3678;1481547502;18
4748;19873;1481533504;18
6498;6542;1481544598;16
7477;2367;1481515150;16
15393;16678;1481515721;18
6107;19797;1481528234;2
18903;1912;1481526515;6
7856;1929;1481511920;2
4827;13003;1481537757;4
14804;1913;1481538494;4
15521;4597;1481538890;10
7628;12278;1481549449;18
12648;1321;1481517937;16
20769;1152;1481539971;8
17285;9169;1481526780;12
6900;10524;1481549867;2
17418;24926;1481517937;18
5427;7628;1481515001;18
22640;19718;1481549964;6
945;20131;1481539901;4
10413;1090;1481523291;8
9766;4314;1481536016;2
5548;7362;1481526858;10
8238;20301;1481522791;4
16334;19041;1481546419;2
7846;1394;1481540735;14
19918;6972;1481543814;6
957;9319;1481550960;18
14243;20913;1481541339;8
235;7778;1481526543;10
20807;19554;1481540852;16
178;1375;1481541828;14
15480;18190;1481511311;8
25040;15125;1481518425;8
20040;21231;1481513018;12
18305;17003;1481523740;2
336;8302;1481546466;2
3746;3340;1481544864;16
3542;1226;1481540307;6
25547;1152;1481550392;14
5825;14973;1481512357;16
4524;8984;1481522498;16
7142;6216;1481532631;16
11685;11699;1481509837;8
19063;5614;1481519987;6
4754;18303;1481523764;8
27541;412;1481514772;16
7043;20053;1481531560;2
27342;7451;1481520305;2
20530;16935;1481546658;8
11258;5850;1481517483;16
2786;3010;1481542694;6
24681;1214;1481547852;18
9027;9157;1481509935;14
20864;18878;1481513935;14
16885;17512;1481534608;2
23892;9479;1481540169;8
10288;18200;1481534001;6
3572;7813;1481540354;18
1562;21313;1481538688;6
5892;20990;1481524856;18
21802;10802;1481531778;8
4552;17873;1481532543;6
3906;26036;1481509962;16
3694;9418;1481510825;10
17579;25440;1481509799;6
2367;11946;1481514538;8
4578;12238;1481538290;2
17269;5868;1481520160;14
2315;23060;1481514269;4
8120;17459;1481513660;10
6381;9536;1481545203;16
10281;1382;1481530568;16
9473;1593;1481527225;16
25058;4919;1481538409;10
27102;19916;1481525840;12
268;4679;1481522431;14
7415;17351;1481517959;16
4759;15721;1481517403;6
24373;8194;1481543060;12
12115;7392;1481512978;14
8579;20927;1481549308;14
25514;8936;1481515293;16
6241;11173;1481546269;16
24137;19829;1481518475;10
17534;9796;1481513222;2
8781;6800;1481523373;16
6413;18867;1481516236;6
7861;1257;1481551000;12
19079;4919;1481513110;18
9319;3071;1481537613;2
15390;10983;1481515625;12
1598;26157;1481550271;18
14906;2453;1481522338;4
3596;9158;1481549970;4
13806;27210;1481548683;2
6400;4258;1481537606;16
5280;8310;1481547089;14
16880;105;1481515423;4
7619;7009;1481536588;8
14909;20656;1481528149;4
20626;27536;1481518695;14
25414;14928;1481533462;16
9471;18865;1481539588;12
6616;8765;1481519379;6
14545;7571;1481522012;2
19277;3771;1481541548;2
2791;15317;1481527269;8
9456;17922;1481519723;14
10367;10271;1481547121;18
1160;7483;1481525114;12
6396;21097;1481509558;8
20526;7924;1481538234;14
4894;5650;1481549804;14
10622;26138;1481512155;8
9028;2826;1481540481;10
348;15473;1481517202;18
10374;159;1481548752;18
8897;24966;1481531258;12
11409;3727;1481548168;4
15131;6161;1481535085;8
6250;23262;1481534129;4
1457;6769;1481528438;2
16836;11246;1481516614;4
6496;9794;1481544081;10
21218;2950;1481530713;12
23752;4525;1481532150;2
24937;1006;1481515008;8
1725;27294;1481538419;4
25062;10356;1481512343;4
13800;12280;1481545746;6
8013;3395;1481523719;16
233;15010;1481512254;2
9290;4570;1481525055;2
5257;4952;1481524238;10
1399;15162;1481529414;2
8557;13822;1481526972;8
24709;6142;1481515063;2
1892;3292;1481526410;6
7526;21209;1481509966;18
1748;4936;1481540403;10
3422;23824;1481520936;10
4325;10093;1481531734;18
1136;23180;1481544266;8
20125;3629;1481547241;12
20144;15781;1481534570;6
13974;19043;1481531759;16
8372;6014;1481526680;14
17001;154;1481548926;6
6864;1957;1481528425;10
9734;17549;1481550400;4
11961;15336;1481540340;6
12409;8417;1481545415;10
9216;7363;1481534842;14
20415;15241;1481546485;4
14663;7600;1481541302;8
19954;2391;1481539565;2
4297;21374;1481515790;8
18338;8033;1481550270;14
19850;2879;1481534123;8
8973;3610;1481510400;14
141;19945;1481529005;12
973;27549;1481536091;6
10111;25542;1481530727;8
12413;20587;1481536254;10
27034;7588;1481533671;2
9522;20922;1481510465;6
1068;349;1481519004;14
6820;9665;1481532549;14
14992;1853;1481525225;6
7978;2126;1481529113;14
9490;17301;1481523800;16
15378;12643;1481509693;4
4642;5386;1481526893;2
10675;20523;1481517212;10
15235;11477;1481517453;4
22653;16811;1481542178;16
27382;10378;1481538960;10
11829;23036;1481535200;8
9212;24283;1481530200;18
408;8929;1481545220;14
23971;19825;1481548789;8
21302;7948;1481542671;2
6819;18461;1481549417;2
10694;16040;1481525899;18
5998;2160;1481511131;12
12137;6605;1481551080;14
8058;7577;1481540989;6
19272;10632;1481521629;14
26471;8195;1481518641;8
13884;14914;1481551076;6
189;19763;1481548424;6
17003;11363;1481519782;18
10639;27425;1481519335;18
1990;24749;1481549641;16
2394;6637;1481549936;4
18873;12951;1481526919;2
21399;7836;1481537063;16
20100;1385;1481515905;10
1207;7713;1481527119;4
25177;252;1481526976;18
10672;8972;1481533127;10
27483;11565;1481533817;8
8298;5946;1481525980;2
8803;15215;1481543164;2
10709;335;1481550639;18
7092;15735;1481522116;10
126;19937;1481525915;14
14901;7967;1481541149;18
7623;12405;1481533915;12
7909;23622;1481524855;2
19538;4354;1481524153;6
11412;1165;1481545870;12
6481;23102;1481524195;4
11255;2015;1481533082;8
4592;958;1481523026;10
20335;6580;1481543083;10
26330;6305;1481536000;10
4822;9865;1481541762;2
6960;18212;1481509756;6
5010;24658;1481543357;4
6634;7172;1481520730;14
22976;203;1481540624;18
3978;1616;1481513374;2
14706;14556;1481532794;18
14863;7495;1481519872;16
3010;21232;1481519093;2
17533;14879;1481545847;16
15998;22922;1481537078;18
7379;4628;1481521782;16
16308;9833;1481516414;10
27295;19826;1481513263;12
10910;11940;1481544626;8
12391;20403;1481512715;2
21714;11906;1481526438;10
4205;1007;1481515654;4
4359;21493;1481540185;10
14142;19486;1481517768;6
11807;10605;1481511814;16
1104;21090;1481546399;12
2736;20361;1481530278;18
10722;10037;1481511604;4
19305;9137;1481522322;16
14577;23327;1481525180;14
8933;11625;1481545706;8
19718;3461;1481535415;10
11591;27132;1481522630;12
23854;12714;1481537576;8
6176;23518;1481540468;2
22530;16144;1481544437;14
3424;9530;1481514824;10
23622;1079;1481515786;14
14639;9278;1481532447;2
3604;11121;1481533475;16
2748;10180;1481548679;12
17183;199;1481521756;18
1656;4879;1481527248;6
7699;17002;1481517511;6
6796;9151;1481549555;10
560;14252;1481535561;12
17572;14259;1481525336;8
10164;2370;1481540345;6
8892;24277;1481513994;12
9243;4189;1481542829;8
5081;26308;1481520433;14
21747;12583;1481523324;8
2871;359;1481537090;12
23177;14920;1481530721;10
1145;6985;1481527703;10
11413;3999;1481542412;12
16040;24238;1481543046;2
10510;3748;1481516861;10
317;18077;1481510925;10
27522;11157;1481538080;18
12354;10012;1481522650;6
11777;20881;1481528946;14
7772;23;1481514537;2
21497;22542;1481526102;18
11627;8504;1481547879;4
6003;6628;1481538329;8
8171;8884;1481521523;10
22535;11106;1481522265;12
4034;4676;1481517638;18
21501;7420;1481527329;14
23650;1070;1481519139;12
9675;24742;1481509854;14
18893;975;1481517280;12
10748;7401;1481547155;12
20092;8435;1481543568;18
19276;5844;1481548612;4
25042;20922;1481530571;10
20713;21411;1481515189;18
10269;8414;1481535136;6
20369;2372;1481531635;6
5416;9791;1481550817;10
1085;7909;1481543412;14
13929;23863;1481542156;12
8137;9505;1481524565;12
18863;25265;1481545551;16
13177;4922;1481519619;18
5896;5276;1481519437;8
6821;20071;1481515035;10
11684;2315;1481531354;8
2343;4003;1481550205;18
15499;7859;1481518487;12
3988;8302;1481533522;2
6554;25167;1481524276;18
18247;7145;1481516944;14
14862;12072;1481539753;2
19956;14580;1481523223;6
1359;26070;1481535530;10
3755;6277;1481526679;8
5006;10412;1481538826;14
21080;20114;1481535063;2
6831;5427;1481541407;4
15484;23050;1481549682;12
1423;17026;1481537452;8
11718;9470;1481529131;2
14550;268;1481522538;10
5090;19953;1481541469;14
1635;14570;1481533248;8
1581;19771;1481535436;14
6499;6471;1481541658;6
4290;23623;1481523136;12
23347;10123;1481517803;18
5699;27041;1481531559;8
20189;27007;1481524502;4
3030;9160;1481533861;16
5905;6452;1481520565;14
7488;23444;1481514858;8
412;2743;1481522714;14
110;9000;1481549541;6
3698;22621;1481535940;10
10358;18881;1481517173;10
25182;7439;1481519368;6
6156;3588;1481511086;4
9769;881;1481513222;18
12310;11391;1481523951;2
11226;2757;1481524204;8
24473;19876;1481539734;10
6928;437;1481522764;12
8299;27537;1481531196;8
20406;1190;1481520411;18
353;23167;1481513225;10
13198;9190;1481545060;8
14924;1177;1481533995;14
1925;12103;1481519251;12
19545;25164;1481510409;10
20288;23336;1481528793;2
26205;7031;1481534104;2
1850;18802;1481536126;18
6679;6348;1481550997;14
9159;13780;1481530788;8
1625;2784;1481545217;8
11224;1117;1481535930;6
9424;12212;1481530511;6
2355;379;1481516234;16
2824;14880;1481527132;8
11002;20125;1481540713;10
22641;7561;1481534593;4
22468;1327;1481528840;18
3278;9901;1481520562;6
5938;119;1481530264;2
1458;6720;1481512792;8
8513;1644;1481547283;10
14707;8579;1481523348;12
5879;9469;1481529403;16
19529;24738;1481515309;6
2130;7997;1481520844;2
11063;23000;1481550497;14
19870;2728;1481545667;18
7325;20427;1481534702;6
10194;5018;1481542557;12
4547;7163;1481526729;12
2756;1287;1481540131;2
22293;23003;1481522976;18
27374;15355;1481543713;16
1582;12307;1481542021;4
622;10650;1481510757;2
4350;5746;1481527978;8
3970;17190;1481534885;2
11136;8595;1481522511;12
5634;26207;1481510245;10
1369;9838;1481536575;4
9647;20895;1481525973;16
150;21713;1481509657;10
25180;6003;1481547246;4
1586;14681;1481548889;10
1139;11701;1481544841;10
12146;18858;1481532412;12
6814;1811;1481536895;8
4766;11114;1481529140;14
382;17043;1481533886;10
18847;19726;1481532814;4
20143;1328;1481529565;8
15139;23033;1481510822;4
78;4503;1481522667;10
3004;5298;1481525657;10
26392;17389;1481513344;10
14229;8993;1481517314;8
10191;5969;1481533570;16
7982;6115;1481519856;18
1049;16014;1481513275;14
26302;221;1481546923;6
18328;11051;1481536351;4
3538;8221;1481515622;8
18102;11824;1481532875;18
25077;1289;1481509765;4
5;12428;1481543092;4
11159;10459;1481523474;6
5052;7261;1481531025;8
7768;10324;1481525136;10
13905;20080;1481545256;6
9998;1191;1481530752;12
20933;14163;1481522427;16
14915;9148;1481535520;10
30;4996;1481514360;6
9174;269;1481522502;6
2732;9210;1481542375;16
12090;3997;1481511594;16
10922;11762;1481534017;14
9751;5629;1481510040;6
25171;5403;1481538534;10
27177;23168;1481524979;4
25190;3031;1481519130;8
24964;9656;1481534476;4
21292;10575;1481528121;2
8290;10185;1481518635;2
24373;5853;1481528575;18
22971;6525;1481518896;8
16117;9556;1481525857;14
13003;3601;1481542654;6
281;17146;1481543238;12
20465;9307;1481532377;10
9310;12222;1481550200;6
9999;4501;1481538936;10
7064;17508;1481529372;12
7336;3286;1481548528;18
3540;116;1481534980;12
10735;10615;1481529218;6
6553;6372;1481536590;16
18885;17795;1481541731;12
20146;4199;1481537230;18
2386;8965;1481526288;10
13986;5839;1481542637;4
26111;1300;1481542966;12
16848;11409;1481550880;14
13138;18817;1481531326;8
23031;2819;1481548670;18
20024;2810;1481525097;4
22641;11089;1481519668;10
1515;9383;1481542000;18
3850;10019;1481510687;10
6804;19821;1481542788;6
27468;6309;1481532634;4
22644;24572;1481545588;10
13011;9771;1481532006;14
7788;3542;1481517374;4
1628;11687;1481550131;12
7961;8697;1481546247;10
6115;21216;1481511505;10
23002;23016;1481510045;14
14186;8356;1481513528;12
9884;7522;1481537278;2
9187;3754;1481517340;8
10422;16194;1481519414;16
25050;23754;1481525423;14
6590;12867;1481513038;12
25052;2738;1481510133;16
16351;16124;1481523210;10
6578;15753;1481523896;4
1866;18068;1481545088;16
9440;6720;1481521629;14
17291;16916;1481530226;18
5654;6410;1481512614;2
27488;4042;1481537723;8
404;2758;1481527315;2
5688;27443;1481509903;4
61;1931;1481517339;12
15987;3597;1481519657;16
3616;14209;1481540051;8
24176;4016;1481544523;8
4967;14858;1481528066;16
13942;1360;1481536953;14
4951;13803;1481524414;10
26219;12721;1481546500;8
15761;19842;1481523540;4
8643;9830;1481524553;6
20953;7830;1481540558;2
9846;19210;1481549902;10
19279;563;1481545645;16
7148;7823;1481536096;16
15403;14691;1481526570;2
23852;11223;1481512375;12
21081;9871;1481536539;6
14903;20982;1481538809;4
7040;7960;1481542095;14
17414;4017;1481512166;6
3279;4894;1481513284;4
5987;9371;1481510295;8
9523;1904;1481530622;6
1210;23652;1481515986;6
18809;5359;1481532672;8
25156;5910;1481515026;12
21089;1215;1481524065;6
13913;5827;1481549783;16
20302;10321;1481536613;2
6791;10828;1481541157;4
8752;9831;1481516133;12
9539;4006;1481522355;6
1257;4016;1481534780;12
10198;5929;1481516394;4
6451;16848;1481527559;12
4859;5012;1481541017;2
4581;3951;1481526983;10
4022;5100;1481528712;8
19252;20878;1481513077;18
21483;1610;1481515464;2
25036;14821;1481511311;12
19552;417;1481527429;12
3688;11762;1481522098;8
27053;17425;1481530498;8
11150;6650;1481527922;18
5433;27329;1481532470;2
4213;22494;1481518357;4
8944;23002;1481511698;18
20291;1584;1481539742;18
3057;23350;1481543525;4
2127;23036;1481532141;12
27406;8597;1481526001;10
2733;1670;1481548566;16
9904;3743;1481519294;14
6412;14660;1481516632;6
6366;12072;1481515485;6
6475;26;1481517309;8
22459;22430;1481532124;6
14558;7167;1481520102;12
15421;20110;1481518393;18
6978;22999;1481519363;16
14642;12144;1481522410;4
21488;13940;1481515735;14
4680;9915;1481529603;4
7053;7479;1481514694;10
22473;8515;1481540689;2
5469;15351;1481520869;12
15465;8519;1481525641;8
7070;23161;1481512835;16
4357;10208;1481532663;4
8341;9798;1481537463;6
3406;4352;1481530988;6
17844;21092;1481516939;6
20645;5750;1481522230;16
18442;10651;1481537533;16
12091;15994;1481521769;18
13196;22495;1481518360;18
3465;1547;1481543643;16
37;150;1481551082;10
1763;6852;1481535642;16
9778;19804;1481513281;8
8122;4750;1481537723;10
16133;25371;1481548811;10
19960;5784;1481513071;4
284;3001;1481527746;6
3273;5089;1481511971;16
7965;8756;1481534729;4
8095;14576;1481533826;18
5875;17121;1481535082;4
27127;329;1481542093;12
2274;1925;1481522378;12
12643;21233;1481540289;14
17441;11232;1481535629;2
7398;7712;1481533848;16
17462;1550;1481526750;18
11416;15786;1481514909;10
9681;5614;1481536863;12
1424;11805;1481514767;18
11222;329;1481548651;12
23337;12070;1481530056;8
11969;12090;1481532014;14
6016;17498;1481519608;18
12580;27429;1481516663;12
26293;9809;1481515320;8
8322;7955;1481513695;2
143;21719;1481547887;10
6286;21808;1481515086;4
332;18436;1481517517;16
24933;8908;1481516570;16
6928;24752;1481542117;4
10680;18099;1481516636;4
17527;250;1481512953;4
18150;2384;1481534505;12
4919;16335;1481531187;14
1122;15322;1481520092;18
4947;19598;1481531322;4
27332;4966;1481531650;18
1859;13776;1481524512;14
3726;7060;1481532855;8
11760;11945;1481516322;18
11827;23366;1481550316;2
1664;8892;1481534017;4
6107;21499;1481510943;12
7620;23526;1481534354;2
9199;19971;1481550160;4
18907;6678;1481549295;12
20831;309;1481545499;2
17388;13785;1481542086;2
6995;10178;1481535205;10
11070;186;1481533642;4
4053;309;1481538145;2
9867;17789;1481532152;16
4958;1117;1481517878;12
1868;21472;1481517904;12
23538;21367;1481531336;16
15032;6786;1481522093;2
1093;8547;1481529803;8
20679;7862;1481544767;2
6811;4710;1481547809;6
297;2804;1481515786;12
12815;6015;1481515958;16
6026;9187;1481514095;10
338;6736;1481512845;12
10875;5850;1481527581;8
20195;5479;1481535323;6
17705;8427;1481535904;12
7361;14665;1481513087;12
27485;1748;1481524287;12
1667;7887;1481531056;14
9785;27554;1481519801;2
23971;179;1481510933;14
4362;14878;1481521848;18
20089;22937;1481514298;16
23142;6481;1481529646;16
7406;5279;1481518107;8
21802;21384;1481527581;14
27142;13812;1481513792;18
911;42;1481541923;16
8502;9862;1481528254;6
14900;12089;1481534679;8
27380;16558;1481521618;10
16649;2465;1481530566;8
1147;22607;1481527246;18
2143;3939;1481526697;4
17255;23519;1481514118;12
7877;10267;1481516405;16
2333;8283;1481524909;12
2996;9498;1481516724;14
10375;5547;1481520039;10
7082;4003;1481546553;10
6206;10814;1481535089;12
8655;12042;1481537912;8
6249;17171;1481537768;8
9953;1903;1481531129;6
321;17376;1481522057;18
11704;1733;1481515033;16
1891;26307;1481530054;16
27286;4881;1481547198;8
19887;18508;1481534734;10
6915;1122;1481544904;10
8634;25528;1481524379;6
1302;24750;1481520561;14
17271;24410;1481540450;12
20480;9754;1481546524;10
10810;7107;1481514575;18
203;15370;1481535482;6
12813;5638;1481547354;6
7782;6110;1481537921;8
5475;11951;1481528742;16
1290;21253;1481522340;10
6535;8689;1481512918;16
26104;11244;1481525054;8
433;19826;1481529914;10
15480;4338;1481541773;16
3506;16558;1481510242;4
973;7344;1481528626;14
6364;15222;1481531253;14
6127;24511;1481525879;12
9734;4503;1481546410;6
8694;73;1481549000;8
9668;11140;1481530219;16
12868;1731;1481518881;10
3377;4894;1481543442;16
3534;1608;1481549770;18
1255;19960;1481524975;6
25195;1766;1481526695;8
16125;22607;1481530103;18
10416;1856;1481534341;18
4294;1602;1481528177;12
3532;7598;1481525692;16
16799;4177;1481543979;4
10737;20104;1481531414;4
24451;1538;1481548528;4
7816;18075;1481520897;10
12294;7585;1481531011;12
11246;27520;1481522330;2
27039;17233;1481540957;4
7035;27326;1481520873;6
11111;1888;1481519954;10
8437;15133;1481524900;18
20532;4181;1481540804;18
10378;16097;1481543743;8
26500;7583;1481513809;6
10416;8542;1481522724;6
27261;27210;1481539608;6
294;20930;1481521995;2
8327;9671;1481515961;4
18130;14136;1481541368;12
20919;14451;1481516816;16
9278;23339;1481536232;4
1734;7439;1481545468;6
23161;14164;1481528181;14
205;1001;1481518478;4
23549;7482;1481524388;2
1364;11244;1481544842;6
1143;2452;1481527015;4
13909;3853;1481543903;8
24989;1195;1481528653;18
12295;6964;1481547251;16
12133;24950;1481534827;2
27294;7829;1481531677;14
8825;15090;1481548637;8
2036;8822;1481536697;12
4314;6316;1481522165;10
4351;5089;1481539401;14
2764;2745;1481526519;10
11642;8514;1481524852;14
16131;3627;1481545404;6
2823;7478;1481545136;4
9197;1044;1481547269;12
19802;6464;1481541266;18
19199;5721;1481525342;12
13426;2381;1481514014;10
16648;14219;1481517676;18
8075;24622;1481535429;8
9169;9805;1481547595;6
25326;22482;1481510920;12
25431;10107;1481510742;4
7436;3994;1481534088;6
9144;9892;1481527984;2
2893;4352;1481543271;12
7984;18073;1481537694;18
27184;15240;1481511418;8
6603;9546;1481522624;2
7302;8150;1481526152;10
24061;17373;1481533430;14
5765;17335;1481511035;10
6017;4294;1481511445;4
11411;14621;1481515545;6
1912;74;1481529725;16
12693;14985;1481530530;4
24272;12712;1481544437;6
13678;7395;1481520614;12
22447;9371;1481549538;4
11727;20685;1481532577;12
292;6820;1481542581;4
378;24752;1481547122;2
2136;22485;1481550872;4
8908;13876;1481542116;2
7890;9821;1481528220;12
27198;18319;1481543882;14
5501;2795;1481546688;10
20327;12305;1481549514;6
9682;25492;1481512456;12
14552;18887;1481539856;12
13222;14149;1481523086;12
9416;10597;1481519094;12
8277;175;1481546729;12
10179;3409;1481547131;14
2464;10837;1481515981;14
25171;323;1481511093;6
14259;20439;1481527938;16
14795;15479;1481514549;18
4221;10312;1481511898;16
215;21094;1481532498;2
11869;5489;1481516741;12
4773;6878;1481533600;18
8152;4331;1481530173;10
14980;7521;1481515797;12
7519;5751;1481536971;10
19313;61;1481534231;10
1498;5502;1481551009;2
3285;6355;1481546676;18
10405;9519;1481511206;14
5428;16816;1481540444;6
24470;10218;1481531453;8
1620;20100;1481516688;18
27266;26051;1481513593;10
3962;10761;1481550283;8
20138;3946;1481530560;16
315;6880;1481547740;4
10283;3906;1481536223;12
10606;3590;1481549332;16
24472;7791;1481511015;18
15019;4682;1481510576;4
21310;27011;1481550097;6
23302;13888;1481534253;4
8799;4892;1481538279;12
8474;1382;1481540070;12
7851;27061;1481526811;8
17388;21759;1481549888;2
1902;4626;1481522044;6
22501;8454;1481546803;2
20925;8274;1481528595;8
6696;2787;1481548757;14
14891;23831;1481550355;8
2879;8298;1481538492;4
1706;4669;1481518304;4
8987;10672;1481520897;14
20460;396;1481537923;2
17482;2998;1481527837;10
19305;6271;1481548372;12
2132;3027;1481537791;4
18821;5775;1481544774;18
5910;1929;1481530577;8
22971;19550;1481514843;2
8391;19299;1481511667;2
7051;9065;1481510778;4
1072;11594;1481509873;10
1611;25393;1481511158;8
14625;4897;1481518541;10
216;24664;1481525760;2
3370;20681;1481524403;8
6196;6364;1481510846;6
23191;10603;1481523209;4
6290;20318;1481549553;2
24347;14887;1481549200;16
2606;5681;1481513016;6
19544;1104;1481535560;4
8768;6682;1481512813;8
2725;7496;1481530141;18
7793;10666;1481541238;18
17904;17150;1481544211;2
23170;5768;1481515318;16
5879;10641;1481511423;18
13680;13949;1481541359;8
4706;25034;1481541140;18
12572;8965;1481514638;14
25526;20138;1481533902;2
17330;25327;1481526595;10
5957;11558;1481549812;16
1453;8872;1481548662;6
8301;14702;1481510050;14
24744;9545;1481537425;14
8446;27433;1481511474;16
4820;257;1481541637;12
23884;20195;1481515860;16
12380;3902;1481532704;8
14195;9477;1481537765;16
18836;11230;1481518240;2
25169;11619;1481520047;6
9901;20125;1481536802;6
8688;4199;1481549349;4
11793;20454;1481543167;6
27468;25543;1481544171;2
1573;2420;1481549523;12
9738;6764;1481516316;6
14441;1530;1481529217;14
22296;10849;1481548476;16
24659;20288;1481538982;12
27550;9106;1481527470;12
7536;21804;1481548625;4
3790;5364;1481514766;12
9432;1987;1481514314;16
2835;17268;1481524636;14
6298;10521;1481514399;10
23012;21801;1481530560;6
8640;5126;1481545636;6
3752;27270;1481517455;12
1365;1107;1481550242;2
10379;12067;1481512547;18
1370;16928;1481545173;18
5265;17845;1481518576;18
8091;213;1481521270;8
8480;7463;1481543371;12
9609;4850;1481524956;8
27490;23328;1481536130;14
4566;18080;1481522324;18
13900;9991;1481517013;2
24282;6575;1481527407;12
1573;3934;1481530206;8
4361;17582;1481533975;16
3032;5032;1481546006;14
6205;20626;1481530598;14
14956;20431;1481535097;18
18963;20922;1481551105;8
17404;17843;1481523936;10
2395;13928;1481529244;18
11061;16021;1481531757;2
19498;18107;1481524011;2
14269;7977;1481525768;2
13874;6803;1481535296;10
14554;2397;1481534746;18
15926;1654;1481510316;18
14271;10192;1481526319;2
9357;27459;1481510104;16
19842;23109;1481526528;8
10398;9746;1481524060;16
27199;4627;1481547312;16
11618;8025;1481532533;8
985;4780;1481547958;18
58;14554;1481524314;2
25061;14209;1481549444;18
22269;20536;1481518774;6
7913;3988;1481538832;16
19919;10885;1481510755;16
6279;24449;1481549361;6
12868;15100;1481527176;4
26477;20071;1481546028;8
5286;3029;1481547926;2
16193;8400;1481549219;6
1512;7833;1481536951;18
1105;4683;1481533414;18
3003;11904;1481542301;2
8695;21596;1481539283;12
15320;27444;1481519854;12
21461;21403;1481538765;4
17286;25369;1481521702;2
9210;13495;1481516470;14
5028;5957;1481540556;10
12814;11779;1481522843;6
4181;11009;1481522323;18
17334;11092;1481519466;2
6827;20080;1481550621;10
251;6127;1481544030;16
22494;6458;1481538379;2
18952;6680;1481514258;14
9681;6354;1481543481;14
5433;6640;1481526444;6
17257;6016;1481546133;6
1551;1885;1481522486;6
15998;12240;1481511569;6
10620;20225;1481516435;12
7340;25364;1481545634;4
17467;1190;1481541947;10
27547;8328;1481514116;14
7864;7825;1481514215;18
3495;14810;1481512509;16
17483;1699;1481542573;16
6018;10114;1481530465;10
25383;4034;1481549340;8
25388;17308;1481530225;10
6238;12177;1481537312;16
11002;10094;1481523984;10
22627;8689;1481541068;16
11988;6521;1481541667;14
18156;5748;1481528019;18
1708;13948;1481535493;10
22145;1333;1481518033;10
4195;18214;1481531987;18
16194;1921;1481510052;6
11691;2612;1481543485;16
22650;1983;1481536647;8
5844;10327;1481524148;4
20544;25413;1481522595;14
8742;3969;1481540670;16
1268;9198;1481540597;16
2635;1446;1481519863;6
19303;10282;1481532384;2
16852;1049;1481509523;16
14572;9839;1481544745;12
9791;19917;1481513634;4
6021;25411;1481540469;12
2734;3701;1481523579;6
7242;4806;1481546892;16
7910;23443;1481539955;8
4874;11597;1481540519;16
5052;18809;1481546247;14
6358;112;1481517948;18
19491;2415;1481540319;6
11993;1070;1481522132;14
2387;25165;1481536720;4
3927;19059;1481512245;4
5627;12764;1481523977;12
7688;14553;1481514616;6
13883;7416;1481519516;12
23352;5725;1481521506;18
12282;5754;1481543624;4
9346;12699;1481535886;14
22535;14624;1481543661;8
14986;1686;1481532375;10
5914;6798;1481527913;16
974;8533;1481529166;2
4825;2782;1481528087;18
13873;20754;1481542683;18
16656;21483;1481544444;4
4282;11271;1481545083;4
1531;17272;1481547475;8
7053;1380;1481540744;16
21308;6959;1481527400;12
5531;11414;1481516434;6
1112;3597;1481524604;12
8503;10105;1481510294;8
23761;417;1481529038;10
21410;8816;1481545391;18
7389;239;1481526732;8
6549;11575;1481518361;2
16099;9310;1481524723;4
16808;27411;1481547888;16
24689;13771;1481550556;16
10824;5647;1481537198;4
7278;6265;1481515867;16
19951;25044;1481547660;2
1596;9345;1481544424;6
1888;6383;1481543646;8
4878;19598;1481547395;10
11719;25179;1481531711;4
23786;327;1481530134;18
23336;18909;1481521486;18
17904;1156;1481516596;2
18848;7047;1481546641;6
18883;8874;1481509885;6
19771;1157;1481520692;16
3969;16532;1481528992;14
11214;40;1481516743;14
8235;5478;1481509592;16
19213;11127;1481534082;10
17253;11944;1481512363;12
3134;12153;1481526165;14
9425;25362;1481519399;4
5689;7843;1481513139;16
3949;20827;1481510601;16
1913;11605;1481538618;2
21232;20303;1481530694;12
1062;21739;1481550476;12
7873;24394;1481511865;2
12798;6191;1481543169;4
21386;17870;1481550596;16
19089;4699;1481549991;6
2970;9739;1481545492;10
18763;6408;1481524661;10
7388;20395;1481516834;8
11961;7712;1481516059;16
19960;20111;1481521371;2
8004;14921;1481538538;18
27291;236;1481546049;4
7972;9266;1481542066;10
20921;19860;1481545398;12
7188;19815;1481536570;8
16801;10811;1481531789;4
14149;18466;1481538965;16
20367;12352;1481520725;6
13075;9199;1481541942;10
13262;12293;1481526293;10
5870;7440;1481511821;10
11767;17539;1481543890;6
14654;13987;1481538119;10
4506;22928;1481542952;6
11807;3974;1481514557;16
13297;4273;1481544956;12
8930;1644;1481538576;10
17584;145;1481545480;6
10119;22485;1481545186;6
17862;8925;1481515494;2
1095;7686;1481526248;6
24749;11668;1481512607;10
6576;10269;1481517022;12
2819;12241;1481524011;12
6993;17449;1481517426;18
19045;949;1481529634;18
2869;15433;1481522631;14
13781;11034;1481543432;14
15767;7103;1481509911;16
17268;7541;1481517257;10
12178;10828;1481515161;14
10594;12387;1481514675;12
8931;13187;1481518673;2
8701;5723;1481523502;18
10701;7551;1481516992;10
20041;5980;1481511418;4
7303;6338;1481517895;18
14956;5904;1481520985;12
1607;14858;1481510146;4
19595;9686;1481520804;10
23486;18822;1481528280;18
25285;6127;1481532009;18
6383;15961;1481517103;8
5654;6813;1481509683;2
7440;9394;1481529281;6
8305;12572;1481538689;18
23970;4679;1481532389;4
20225;7552;1481512931;16
1066;9667;1481510396;14
10561;8542;1481518880;10
1793;81;1481514021;2
2319;1747;1481512864;10
27052;4923;1481511775;18
8329;1585;1481514785;6
8094;19573;1481515899;12
4328;9989;1481549261;8
14444;22680;1481511062;4
13784;16007;1481533546;16
20786;20092;1481509912;16
26184;16531;1481530254;10
7148;1975;1481538106;6
11402;8795;1481516490;8
15320;4244;1481535745;2
20947;12136;1481509869;12
6655;3604;1481535947;4
22506;15240;1481542762;16
7145;5333;1481517278;16
15223;6479;1481527597;18
15403;12015;1481518913;16
22499;10874;1481538350;4
9271;9963;1481548241;12
27459;6401;1481526857;8
10093;1745;1481515077;18
6187;18464;1481548824;6
7300;15352;1481531159;10
23353;5093;1481526160;18
26302;9869;1481511655;14
8279;11231;1481529749;14
24665;9664;1481516706;18
3417;23891;1481520837;12
1174;14125;1481523016;2
8319;27449;1481542430;4
9383;8022;1481539868;10
13798;25402;1481534634;10
8121;2802;1481545906;2
19819;23486;1481548084;10
8352;11007;1481537148;18
22646;10507;1481549694;10
23003;20066;1481520817;18
23179;16651;1481550094;14
12762;2644;1481518860;8
9976;2773;1481540529;18
8640;2761;1481536442;16
11129;27017;1481546098;14
7620;16178;1481532137;8
2284;12293;1481515142;2
1200;22462;1481522931;12
4350;21728;1481517414;6
20921;20370;1481538507;6
19491;7049;1481542325;12
15508;8089;1481543225;18
52;20014;1481521789;14
19200;26314;1481520669;4
20088;27480;1481526217;8
1644;3414;1481518306;10
19571;21088;1481530824;14
7407;3592;1481518939;12
171;7595;1481536343;4
8018;2833;1481515748;16
18816;3605;1481532640;16
20656;24762;1481515727;18
7156;6528;1481545345;6
4294;1908;1481547452;16
7272;9509;1481547029;10
27559;6822;1481525528;14
22963;14930;1481540466;16
18334;20025;1481543519;18
2827;24162;1481538396;10
22182;13081;1481539635;18
1399;23060;1481539642;6
8884;23011;1481543803;18
27324;5881;1481541852;14
1972;140;1481541421;12
13942;25467;1481512136;14
2967;1340;1481515804;18
6222;7598;1481541274;16
22588;17240;1481512571;4
18802;161;1481540980;4
11477;17789;1481548731;8
4610;2788;1481524040;8
14707;27210;1481537978;4
6364;27143;1481528830;14
10727;5363;1481510626;10
21227;16333;1481515440;2
15324;1953;1481526441;2
6287;10108;1481535661;18
14432;7554;1481547402;4
26478;21305;1481540511;8
14115;9148;1481550144;14
62;6797;1481533422;8
11052;8976;1481520013;14
10877;20920;1481517628;14
20301;7975;1481544071;10
26373;7582;1481517434;6
5243;4292;1481518335;12
7768;5844;1481513101;8
4826;6541;1481515027;6
8146;10665;1481533536;14
14040;3713;1481542379;4
16892;11040;1481527774;8
6378;19716;1481536705;10
9182;20575;1481538799;18
19864;5982;1481544292;10
22615;8026;1481545884;8
1713;2379;1481539302;18
17282;1815;1481535499;16
13224;22649;1481522861;6
24283;16353;1481534126;4
10366;1052;1481536703;16
14635;3075;1481513751;12
21297;15326;1481537031;14
261;8516;1481548115;12
25060;23644;1481516862;16
8162;6310;1481510503;18
1053;5692;1481539335;12
8015;2845;1481522836;2
3261;26072;1481514928;4
6935;6869;1481537820;12
18880;18305;1481540386;6
20534;15318;1481513324;18
5817;7809;1481530811;14
16121;11224;1481523332;16
9739;8815;1481534632;12
12095;17021;1481540332;18
6931;10513;1481539348;8
1486;7616;1481510855;10
10617;9834;1481516802;18
8748;17349;1481549131;10
3777;5266;1481529836;14
8565;8034;1481518218;18
1773;6354;1481537760;18
1602;4842;1481522974;2
8647;11261;1481520146;10
10637;17436;1481521455;2
18343;25250;1481514297;12
3972;13794;1481543207;14
12047;16180;1481529050;10
4937;20775;1481520481;10
27509;13880;1481522054;2
137;19941;1481527729;14
17143;4225;1481511468;6
3008;1203;1481521593;8
8900;19872;1481516238;8
27125;19041;1481532170;4
320;19528;1481548328;16
6489;13900;1481549758;2
12641;27332;1481542926;4
2392;7814;1481524644;6
4542;20480;1481519167;12
23054;18173;1481528766;12
1876;693;1481534413;16
7324;2762;1481550221;12
6625;4625;1481542979;14
21806;6406;1481511622;4
1512;26101;1481540807;12
24472;1923;1481543486;6
7984;15097;1481550903;10
1766;17233;1481532833;14
20138;24430;1481535004;4
11089;20122;1481536715;16
14702;7108;1481534711;16
25520;19739;1481529190;16
1153;6918;1481519416;10
4284;1915;1481548711;16
3624;6435;1481548437;12
23865;7389;1481522326;8
9305;4358;1481544731;6
1653;9206;1481525831;2
3165;10824;1481543331;6
7948;8058;1481519488;16
20521;4330;1481533370;8
14782;23034;1481530661;16
15995;10683;1481527385;8
7442;17509;1481515662;18
19777;6533;1481544119;12
5045;10711;1481520072;18
109;1386;1481542357;18
5122;21384;1481516860;6
14934;5504;1481531898;12
25065;19779;1481515221;10
24132;25058;1481514337;16
3021;2137;1481548786;2
4012;27454;1481549907;16
19958;10216;1481549758;6
5725;6402;1481545502;18
23167;6544;1481536675;18
12091;22461;1481531410;16
6673;19229;1481549381;2
10292;11159;1481532898;8
15464;4363;1481523569;16
6987;7964;1481550067;4
5434;4710;1481512496;2
5010;4306;1481517704;14
15355;13221;1481513628;18
1909;9440;1481520028;18
8516;3088;1481538139;10
19319;4585;1481511830;8
21844;20439;1481523977;8
24176;27321;1481524235;10
11141;18846;1481528375;12
19723;3790;1481512445;4
9436;14563;1481520100;6
27038;9015;1481546348;18
3021;21005;1481510551;4
12214;302;1481519121;12
367;4193;1481546734;16
23850;13260;1481511526;12
4273;9981;1481532673;16
1258;10639;1481550588;10
14261;1793;1481514997;18
2397;12355;1481515804;4
4747;18071;1481525669;16
1991;426;1481518137;12
109;21077;1481515479;18
9680;1597;1481531257;2
4520;9023;1481537884;8
25326;7560;1481541079;8
3982;8328;1481544199;6
929;19551;1481520348;14
22316;4959;1481523202;10
171;18841;1481550617;6
1068;8956;1481545717;4
1413;2794;1481542582;10
5401;15378;1481511247;8
20021;3914;1481545706;6
1183;19278;1481540208;18
21293;6805;1481545986;10
9663;5003;1481549063;12
4670;7084;1481511155;10
17381;4700;1481541040;4
10022;11478;1481524315;16
4895;3021;1481514074;2
21406;2321;1481530018;10
17435;15318;1481543658;10
15762;303;1481530982;16
14244;6390;1481542428;14
1221;10622;1481518681;6
1194;200;1481515661;2
4907;10786;1481546887;16
9996;27019;1481511154;6
19826;565;1481522230;12
9508;24161;1481545467;8
6520;14194;1481525836;10
22626;23041;1481544705;14
2387;14207;1481537798;16
3702;3286;1481545198;10
127;4311;1481522838;10
959;27030;1481550011;10
5389;235;1481519973;6
3639;25;1481532292;2
3118;11032;1481547449;14
15356;8813;1481524394;12
27007;18103;1481523482;14
6671;5035;1481541716;18
22494;17530;1481543581;10
2793;8816;1481511684;4
5122;10427;1481526118;4
15241;2017;1481529290;4
10261;4693;1481550594;14
1352;14269;1481524308;16
10207;8138;1481514162;4
15369;18867;1481513720;16
6190;21718;1481531513;12
1415;5899;1481546378;10
1503;1077;1481533545;8
13978;16533;1481542024;6
21802;6159;1481524278;12
25012;14403;1481538983;6
27390;11071;1481537717;8
4590;24172;1481537786;8
8466;5107;1481549651;8
3505;13979;1481513469;10
25402;1058;1481531926;14
18879;11241;1481543976;18
16046;4243;1481545230;2
7801;24688;1481550835;16
8827;10443;1481523114;2
6768;20655;1481511538;2
22530;22542;1481547284;12
12943;7086;1481510020;6
7582;24690;1481526841;14
15114;6538;1481538834;14
11253;9483;1481540447;4
7183;8409;1481519593;14
9554;20906;1481523633;18
14700;5469;1481546246;8
24762;12709;1481541350;18
5809;24257;1481547777;10
9188;5846;1481533144;10
966;21315;1481544956;10
8371;14189;1481533297;10
8306;27005;1481523560;16
883;12614;1481545459;2
20293;5770;1481532459;12
21221;7064;1481542072;16
7800;27130;1481513681;16
13814;5016;1481525618;14
19046;5409;1481536257;16
8767;7470;1481520838;16
21227;13126;1481517225;18
3340;17922;1481545586;6
27174;17539;1481515748;16
17891;11921;1481517953;12
21397;6128;1481539579;12
10875;2285;1481515255;12
4037;5006;1481534787;14
11588;3288;1481519105;18
14579;1360;1481536177;2
27481;13972;1481538357;12
19311;8929;1481544946;18
9682;6020;1481510143;2
7070;2389;1481539167;2
6191;12286;1481549053;12
978;7051;1481535876;6
9019;21843;1481515704;4
6552;20688;1481544967;18
4695;18212;1481517269;2
7261;2745;1481548946;12
10116;19595;1481511617;16
167;6203;1481545544;4
2978;7924;1481526279;16
26094;5696;1481546317;2
8643;12796;1481530129;2
10806;23037;1481538543;10
9671;24376;1481544189;2
11739;14637;1481549530;12
6122;20075;1481537796;14
5947;25048;1481523743;18
4997;18936;1481515920;6
17893;6767;1481540910;14
15252;26138;1481540106;16
25319;22293;1481548619;14
420;20121;1481524514;6
6000;5297;1481536456;6
17585;10002;1481512219;10
26207;693;1481544402;10
10676;21496;1481544492;16
10386;6952;1481510792;8
3595;5736;1481516795;4
13426;19834;1481529816;12
23877;7367;1481529300;18
14121;6287;1481510950;18
9563;12143;1481516926;10
4926;5117;1481542451;10
16928;17025;1481534907;10
7248;12591;1481541722;6
6356;3769;1481520591;18
7444;14587;1481512024;12
8173;9427;1481513621;4
20147;14496;1481517610;18
6505;3937;1481533727;12
12215;317;1481546096;10
25195;8550;1481521345;18
5890;12035;1481520284;10
23750;22607;1481544019;4
1090;24733;1481509686;6
6840;1705;1481514576;16
18806;16937;1481534620;6
7362;1154;1481539008;8
6145;4244;1481551134;4
7089;2280;1481524693;14
9878;7390;1481511854;16
7408;5897;1481514689;6
9980;4249;1481524629;14
85;8110;1481514841;4
7034;20881;1481522743;10
17350;1532;1481520132;4
12708;6788;1481549394;4
11791;13794;1481538422;16
22550;4207;1481523318;4
14933;7550;1481548805;2
1987;12045;1481538084;10
18848;15325;1481516838;18
7955;9004;1481531428;12
15516;3971;1481543581;18
10726;7608;1481538461;10
17902;7607;1481539645;4
27054;5910;1481530068;4
21318;939;1481532722;16
6731;25339;1481526735;4
126;1043;1481543543;12
3325;8336;1481542975;16
7529;9425;1481533055;10
22531;7461;1481526558;12
26244;9564;1481524018;8
8549;3123;1481542743;2
1851;19915;1481529039;10
25372;8339;1481526868;2
14428;985;1481546598;4
14926;20410;1481542763;10
1119;4520;1481546508;8
15309;6136;1481534898;14
10250;26305;1481530299;8
8728;10252;1481530996;12
11018;14927;1481549433;6
27047;12699;1481547220;10
3789;17275;1481532543;14
19571;6516;1481531079;4
17280;3621;1481547588;2
11232;2400;1481535613;18
14641;9754;1481526056;16
8515;5265;1481535065;12
6869;3406;1481531948;10
13884;15224;1481535995;8
8558;7501;1481549764;18
1920;1138;1481541274;4
23867;292;1481523603;2
15764;16558;1481510470;4
11270;6109;1481518237;2
11104;2765;1481526310;4
16049;6724;1481527472;8
5739;16183;1481518057;8
15784;6942;1481521118;18
7626;25397;1481535263;16
13823;7343;1481544330;6
15433;22645;1481540226;16
19940;17257;1481539434;6
1378;13794;1481530956;2
2402;5631;1481547342;16
13859;1142;1481532731;4
11616;16098;1481545282;12
5868;8817;1481545783;18
9671;27286;1481521931;12
8765;19507;1481535363;6
20674;20453;1481548889;8
72;20443;1481544034;6
17293;12090;1481547570;8
22678;16186;1481536846;8
4588;1669;1481528597;8
13620;7962;1481545037;10
10207;8329;1481535131;6
19948;3091;1481519470;18
9815;2427;1481532313;2
9798;22273;1481514078;2
2817;1337;1481535941;16
9994;3127;1481511031;12
3253;8353;1481532283;18
8564;17533;1481529644;2
4783;19496;1481550369;18
6925;11904;1481517080;10
26184;18350;1481511893;14
1217;8463;1481511649;6
24964;25543;1481543162;14
10212;3014;1481540520;14
11614;996;1481532341;12
2315;5723;1481527372;18
18908;9531;1481527464;6
5635;23356;1481533136;18
12521;5522;1481527895;10
5837;9628;1481528231;14
6299;6172;1481519528;4
2731;9983;1481531350;14
3424;6839;1481546029;16
1051;7453;1481535206;4
2022;4558;1481546695;2
7555;220;1481530501;12
20079;24238;1481550129;12
7514;4963;1481512004;16
6312;11614;1481523458;4
17391;11051;1481539603;6
981;11014;1481510501;2
4056;11742;1481525712;12
6936;21086;1481549647;18
15785;19076;1481515067;16
27425;24981;1481536472;2
7261;26318;1481527631;10
10411;3277;1481549521;14
19093;1383;1481522223;4
15310;12064;1481548446;10
13943;16202;1481550451;12
8587;7857;1481548269;18
16812;5970;1481521404;2
27472;19535;1481517241;8
10572;6220;1481532762;8
3018;3405;1481542938;6
23857;12818;1481521905;4
17386;12571;1481513013;14
9547;21383;1481511309;6
11404;1880;1481518598;16
11696;1923;1481533368;10
6562;22968;1481520737;4
17800;2273;1481546193;10
14778;12627;1481542712;6
20131;11235;1481517822;10
12245;12238;1481517923;8
4510;18866;1481546850;2
6958;7862;1481527951;16
348;3556;1481511255;12
20109;209;1481539193;6
27228;8532;1481530865;10
3256;4977;1481538447;16
5416;19312;1481542849;8
14135;3692;1481541363;12
5856;12368;1481527325;10
14656;1229;1481526581;4
22972;7371;1481547233;8
15212;7683;1481537733;16
16914;8134;1481516046;12
7354;10837;1481543185;6
10906;10617;1481550258;4
12214;6868;1481550003;8
7076;8308;1481543042;18
17305;8172;1481520972;8
5406;267;1481549827;14
17467;6184;1481535774;4
408;5645;1481547398;8
18343;6017;1481526263;12
5811;6454;1481510430;2
9442;6522;1481542182;2
12619;26260;1481515130;2
25493;18512;1481537250;12
16913;163;1481541015;6
2344;24134;1481538460;14
11807;5716;1481515627;16
24924;27142;1481516139;2
20807;2772;1481534457;18
11944;19990;1481521650;4
10637;17904;1481544268;8
13802;11044;1481511959;10
25467;5921;1481531250;10
2026;20997;1481525618;18
4993;6369;1481518847;12
6282;10421;1481522906;16
22509;6867;1481546783;2
26119;8447;1481536936;18
27520;6199;1481543674;8
26032;8093;1481533484;2
9221;9475;1481543530;18
6884;1285;1481535080;4
1227;7867;1481549226;10
8355;27210;1481518911;14
1205;8584;1481542026;16
27291;16044;1481529332;10
8484;12139;1481539147;14
1888;25156;1481530113;16
13559;3716;1481548975;6
5867;23366;1481524301;16
2366;3599;1481516347;16
11135;19966;1481525344;2
9991;4743;1481541908;14
12368;12039;1481521399;4
22272;7457;1481545115;4
6784;3600;1481536266;18
10092;9790;1481510168;12
3617;391;1481550524;6
13185;13286;1481512572;18
181;9431;1481542101;10
4806;4337;1481518147;12
10982;5047;1481544863;10
21313;6927;1481530304;2
5867;3947;1481511928;10
3069;25261;1481511663;12
6655;1443;1481535595;16
26207;23762;1481537919;16
10177;2810;1481524957;12
7308;8094;1481517291;10
6546;11041;1481510116;16
9113;10443;1481549866;10
3754;7063;1481515383;8
23623;16193;1481526951;16
23262;17265;1481538070;14
9008;349;1481515895;16
14802;2734;1481536228;14
1975;3274;1481539292;6
7458;20982;1481526762;16
7799;21221;1481516429;6
10923;14258;1481510515;6
12333;11693;1481516976;10
23055;20012;1481528862;8
23449;21311;1481545479;2
9471;11607;1481546580;12
2396;4597;1481516038;14
3069;12238;1481513852;18
3698;10575;1481521056;2
1537;1076;1481514237;6
11145;20931;1481517675;14
5073;4679;1481520495;10
9665;12045;1481512520;12
3949;4988;1481541821;2
2286;11823;1481525316;14
7169;3495;1481520080;4
15508;3599;1481520530;12
1589;1157;1481543856;6
6873;9988;1481514231;2
1032;8435;1481532355;14
25086;20600;1481518574;4
7540;5882;1481535255;2
5240;204;1481529061;10
10006;17509;1481525277;18
8971;1355;1481533351;4
23621;10014;1481535154;8
10356;23355;1481543404;16
7772;22942;1481547655;16
6450;19528;1481550870;8
12317;2417;1481544553;6
25542;26218;1481521036;6
8324;8882;1481532542;6
19274;15353;1481523974;18
9879;9993;1481525269;18
5038;9665;1481521342;6
9969;2012;1481513756;12
7845;1680;1481541894;16
6201;4053;1481528153;12
5108;22467;1481530811;2
15318;7367;1481513915;18
1141;6519;1481531642;14
3900;9109;1481545352;16
8480;5701;1481550458;10
7823;6000;1481540646;4
9659;6315;1481529581;14
27321;5712;1481534633;12
20111;6869;1481533769;18
17258;22469;1481548895;2
15302;19762;1481536624;14
4284;4998;1481521050;12
17211;5804;1481543213;12
20758;20712;1481536456;18
12277;9411;1481520808;16
13887;10877;1481523566;18
11170;25000;1481518768;10
15763;1882;1481532411;18
15114;1447;1481522617;12
21722;19741;1481514223;16
3116;2838;1481517720;14
21495;11635;1481545873;6
1605;1213;1481532637;12
22642;6204;1481549273;16
19476;939;1481535358;14
2748;20076;1481546463;8
296;11083;1481538682;4
6416;6900;1481534574;16
1668;15161;1481544965;10
10612;19921;1481535344;18
1715;25325;1481518964;4
8018;5105;1481531882;18
25164;5928;1481530433;18
19965;6583;1481537222;8
6002;1749;1481542905;8
1836;5023;1481545228;16
21724;14584;1481532653;16
11173;5885;1481522526;6
7861;5955;1481521447;4
4272;14006;1481542169;10
360;5705;1481517113;12
14537;7878;1481536607;10
4182;10986;1481531442;2
11606;2754;1481521604;18
10319;26114;1481537223;6
10888;992;1481513003;10
7608;9149;1481516394;12
6883;17509;1481542345;10
131;25384;1481550889;4
7573;12580;1481527714;4
10243;6177;1481520318;8
12307;23337;1481548316;10
14874;23449;1481535016;12
6686;20953;1481528918;14
21362;338;1481518771;10
23262;8973;1481511428;12
16902;14615;1481545901;4
25533;17850;1481542886;12
14139;26152;1481524462;18
6019;6285;1481538051;18
17575;1109;1481533307;2
16196;24572;1481534299;2
11037;6865;1481530276;10
8757;22531;1481535892;8
20692;21500;1481546258;16
19915;2769;1481549346;14
6401;15031;1481518854;4
17019;7684;1481525150;10
10830;6981;1481526160;12
6694;2523;1481518687;18
4768;1552;1481525573;4
5500;10666;1481509890;16
15448;11064;1481536269;12
4219;24950;1481518117;16
24957;5604;1481550439;18
20155;24250;1481511255;8
3072;3900;1481514730;18
12577;8450;1481525178;12
11624;6355;1481523316;2
6884;1927;1481550822;16
16197;15302;1481550760;12
19799;25188;1481514399;14
15328;4179;1481547657;18
23650;6933;1481530554;12
16177;12227;1481513059;18
13224;25025;1481532386;4
10251;22649;1481541461;2
3934;6353;1481535537;12
23178;11803;1481535830;16
5898;6664;1481528025;12
116;3623;1481541008;18
11745;16144;1481538163;4
8570;13888;1481546304;12
15479;17500;1481513410;2
23624;11377;1481510598;2
22577;14910;1481539234;18
6890;5021;1481544381;14
10525;17401;1481511271;4
1218;2032;1481544352;10
969;4053;1481515592;4
18864;4486;1481534443;2
20982;25058;1481509589;8
10616;21319;1481521848;2
10109;5813;1481536635;4
16039;5385;1481519672;6
381;21718;1481533454;10
17464;21282;1481528952;2
1364;23155;1481533600;8
20445;4829;1481523204;18
23176;9390;1481532713;2
14557;11745;1481547321;12
13216;2998;1481532139;6
15098;7351;1481546333;4
26308;11411;1481523241;14
18902;7785;1481510469;6
8191;2411;1481523726;16
1326;3640;1481513358;4
25193;9519;1481529367;6
20005;10324;1481523788;10
4036;14625;1481522075;8
10764;8867;1481513914;12
15162;10927;1481514686;14
15072;4829;1481546220;14
27420;7832;1481535722;16
3649;23335;1481525327;14
27196;20193;1481539084;14
11823;7064;1481543991;10
256;3746;1481540569;16
7401;11029;1481546115;4
21214;12412;1481519181;6
5898;4905;1481521879;16
5374;3412;1481534671;12
11021;19288;1481516106;10
6432;11730;1481520130;16
26293;14933;1481532544;14
23173;7464;1481550070;8
27182;10634;1481520793;2
7909;1394;1481517480;14
3375;8518;1481519153;12
5357;16135;1481538444;12
26500;27536;1481511594;6
4855;10082;1481531793;12
21504;2985;1481513946;14
17243;3219;1481525428;6
13995;8553;1481550965;4
321;5277;1481547195;12
9328;3619;1481547883;6
23522;5346;1481517988;8
7619;5266;1481534658;4
5028;23098;1481527364;6
4015;4221;1481536490;10
1874;10245;1481533407;14
25188;24140;1481513910;2
10501;1264;1481525964;10
8317;9975;1481514588;6
9810;19074;1481535075;18
15499;21297;1481510442;6
10461;20791;1481527510;18
12774;5018;1481537314;16
18332;5877;1481522259;16
22921;27130;1481548949;14
15325;3007;1481528083;8
15349;9286;1481516451;16
21722;25495;1481519615;10
5718;16181;1481539443;8
27469;18113;1481538404;18
12332;23900;1481509815;4
15762;3031;1481511490;4
20573;26102;1481546939;10
5000;14925;1481509946;16
9904;20015;1481545799;8
11144;21214;1481538698;6
2404;17024;1481519141;2
9019;983;1481545131;8
11814;9763;1481543992;2
3382;21069;1481518666;10
6934;9461;1481538759;14
13790;21845;1481511333;10
4501;19199;1481540284;4
18782;4628;1481526691;18
10739;4959;1481512155;8
11744;5469;1481523937;16
10668;5096;1481523823;2
14909;8759;1481533699;2
11697;11809;1481547995;8
21483;4486;1481529528;12
2816;14964;1481544163;2
27507;19303;1481526147;10
23507;10924;1481549135;8
19938;6613;1481541047;4
3417;27197;1481537578;4
27328;14434;1481527516;2
10785;16819;1481542319;8
7036;8405;1481510157;12
6412;15310;1481545948;18
4596;7841;1481519063;14
7996;422;1481546810;14
9521;10194;1481545961;12
6936;6967;1481537309;14
271;4335;1481540328;16
3292;7391;1481523781;6
28;24249;1481528166;10
15987;5686;1481550515;18
2967;17156;1481513895;8
15311;20990;1481538918;8
27101;17513;1481512856;6
7795;12619;1481547770;16
13825;26479;1481514428;18
5551;25183;1481530353;18
21839;9986;1481544157;10
18438;21491;1481542400;14
1600;27004;1481516536;2
1380;23050;1481527844;6
5431;23855;1481523274;4
1050;1773;1481548512;12
10125;7427;1481549994;14
8147;6649;1481536999;4
1341;22266;1481522937;4
7709;10416;1481547078;12
5628;8933;1481537106;16
14703;1101;1481535304;2
8549;19710;1481529368;16
6764;3619;1481517959;4
6208;8234;1481526410;2
3755;1291;1481544833;16
15242;2343;1481537144;6
13763;8827;1481549511;4
5850;3384;1481523951;4
9983;3;1481509820;14
21296;14702;1481519714;6
9873;7108;1481523048;8
16137;7517;1481523461;4
1265;15516;1481523458;4
14951;19041;1481518994;8
1967;19304;1481537178;18
246;11257;1481524787;8
10026;19235;1481531170;14
8379;19581;1481516226;8
1064;6173;1481515072;16
3995;23171;1481519409;10
20195;9994;1481523840;8
14164;11371;1481528218;12
1421;10310;1481545486;16
13790;8137;1481549603;18
3742;1483;1481541208;14
21090;1276;1481533111;14
2768;5488;1481544228;4
17531;5509;1481546137;8
11217;13889;1481521148;4
4032;12187;1481513234;6
5841;6167;1481525941;8
5950;18199;1481510552;14
8650;10807;1481546876;8
15322;7773;1481525248;16
12287;3922;1481520753;18
20972;20039;1481511225;4
9554;21398;1481512713;4
9477;20037;1481529969;4
22662;24687;1481548107;2
6546;19213;1481519643;10
8695;12292;1481525900;18
3012;24164;1481511454;10
19887;20336;1481541094;14
9679;13872;1481530336;4
19277;17233;1481527221;18
20411;6314;1481517737;8
20785;27509;1481534818;8
24679;978;1481514366;16
14621;3406;1481549583;16
23014;14048;1481543251;6
21387;8750;1481524699;8
7817;18107;1481540481;4
8916;13812;1481540168;16
23863;1103;1481540599;4
15452;9469;1481524017;16
6170;20439;1481545577;6
14126;14665;1481512200;16
11002;17873;1481510739;8
8867;8543;1481527492;6
8405;6618;1481532160;12
1511;9281;1481521246;14
12627;3380;1481517748;4
3074;6615;1481528997;16
17518;5932;1481534739;18
6682;7877;1481521195;8
7636;8648;1481527657;16
9758;22993;1481550828;4
9998;6986;1481520438;10
24738;4506;1481535583;8
12241;25391;1481544520;16
19498;1427;1481512193;4
4820;4661;1481544326;14
7543;7996;1481517306;10
21803;12601;1481519000;14
20931;19963;1481510553;10
8490;2980;1481525319;8
27001;4567;1481514919;6
6478;25034;1481525625;4
14860;4730;1481511597;4
19555;3505;1481518689;2
12241;2356;1481513129;2
4104;24164;1481547536;18
4026;15376;1481521774;12
27163;17886;1481513013;10
400;3947;1481517560;8
4217;18885;1481533208;10
22163;6020;1481520604;10
19941;5441;1481536223;8
5548;7856;1481534831;6
1119;8295;1481544774;12
12157;24446;1481527996;18
2874;19739;1481539775;6
4703;7103;1481511604;2
7013;14801;1481541460;14
375;1623;1481519890;2
1003;19069;1481532140;8
1026;7403;1481539517;12
10635;6603;1481516357;14
7364;15473;1481545450;6
9480;1895;1481534343;2
14707;10221;1481531704;16
9829;2425;1481511058;14
9435;1745;1481519841;18
17384;8414;1481549062;16
11780;18245;1481533983;2
24666;12336;1481543171;2
9296;1679;1481531979;8
1874;10320;1481514829;8
12031;22579;1481545643;12
6278;1697;1481539097;12
6766;24429;1481539424;10
10001;1848;1481550007;6
19520;17867;1481511157;12
27142;8183;1481541907;18
14557;12187;1481550276;12
6282;8278;1481536927;8
2931;4011;1481527609;10
21368;1338;1481515978;14
3741;5084;1481540470;18
4987;21499;1481544965;4
11397;17414;1481536935;16
1589;9281;1481548736;2
377;5930;1481546895;12
4692;11179;1481527545;14
8344;9023;1481538884;4
14246;23755;1481550237;2
11841;26479;1481534361;10
4692;6471;1481546866;4
2738;8872;1481540186;4
3255;1883;1481522969;12
21840;7351;1481517506;12
6840;21416;1481526981;2
18157;1842;1481550225;18
1571;20147;1481517294;12
7244;19826;1481536221;14
1914;21473;1481512119;12
22621;3745;1481542729;18
21218;5846;1481534993;6
1904;17169;1481530498;14
7794;3932;1481528100;18
21498;24930;1481518607;2
4221;20123;1481548459;14
17386;22497;1481545984;6
3594;4545;1481529789;18
17503;20125;1481532489;14
8641;13461;1481541298;2
4208;20424;1481543891;14
3585;17297;1481526204;16
6541;27342;1481525089;14
12120;20925;1481515973;12
11609;26195;1481540909;14
17240;3703;1481530564;2
20024;9150;1481537555;8
17349;13889;1481545624;4
21716;4323;1481536253;14
8452;4892;1481537243;8
15311;16931;1481523243;12
12187;6618;1481546647;12
9464;314;1481515236;12
27554;13011;1481510223;4
5854;400;1481510382;18
20949;9815;1481517374;18
9806;9556;1481531666;12
65;3769;1481528988;16
11952;7070;1481540307;14
19533;25004;1481513175;12
4259;15918;1481518710;2
6008;4624;1481529775;12
6496;193;1481514666;6
11158;6581;1481517226;14
1694;8800;1481513750;6
19494;25025;1481513295;6
5828;16879;1481541148;18
24473;935;1481528929;2
8836;14951;1481518296;14
21494;14427;1481509728;6
1849;5912;1481542155;18
21080;5594;1481510151;8
9984;6548;1481509600;16
18876;18763;1481537427;6
9561;9309;1481512363;12
7343;21452;1481533062;2
105;8502;1481545312;2
27472;7567;1481529014;8
6653;1916;1481537852;2
99;6891;1481541498;14
2032;3012;1481540552;14
1932;19861;1481517225;10
9901;15932;1481532467;2
7353;1071;1481548373;8
23046;8147;1481515819;12
18840;10684;1481547660;18
15090;27383;1481519405;2
7176;23119;1481535502;6
21314;9112;1481527951;8
3449;16925;1481512375;8
22536;26479;1481517403;6
27131;6337;1481548507;14
5956;6008;1481510109;18
8690;6936;1481535035;4
20627;11080;1481544200;4
19300;11036;1481531778;10
22955;22992;1481522679;4
2361;1953;1481544127;18
253;14820;1481528194;12
25372;21316;1481544499;12
10245;5641;1481511470;14
8650;17903;1481537784;18
8910;22588;1481513038;12
24925;14579;1481516675;16
6389;8492;1481514618;16
6590;5783;1481543867;18
14880;16828;1481517156;6
20913;23177;1481539536;12
5118;2428;1481538436;16
16810;6250;1481545566;16
9167;7812;1481543364;8
27046;22453;1481538474;14
8402;9217;1481530225;6
2024;8973;1481549403;4
7631;6442;1481527781;8
7514;3019;1481510822;6
1181;16888;1481528342;4
3697;4848;1481517943;16
27205;8909;1481528410;6
11780;12288;1481516139;10
2025;25025;1481532451;10
25507;17530;1481515312;12
5044;4735;1481538429;2
9804;1095;1481543508;4
11416;7042;1481543897;4
20460;12116;1481546289;6
12760;19887;1481517955;6
18336;389;1481520910;16
24673;2755;1481521653;8
5701;16204;1481535389;2
27399;13256;1481509843;6
14913;16652;1481549290;16
17406;5440;1481528446;8
7436;11023;1481543991;12
977;127;1481540712;4
5391;16297;1481544896;6
17395;2286;1481544944;14
5975;8658;1481518715;16
2819;27177;1481548395;16
16184;9998;1481510208;14
19550;10781;1481549504;14
6277;21495;1481516480;8
18813;8483;1481512262;14
10877;1963;1481526402;4
10446;15036;1481524254;8
20065;6606;1481515824;10
18066;12134;1481511967;4
24672;19285;1481530423;18
17275;16824;1481528290;16
2335;13218;1481511603;14
20053;21713;1481514525;18
11476;21809;1481544090;6
25368;1686;1481522956;6
974;8634;1481531574;8
6370;344;1481517958;2
2137;14116;1481530583;12
2908;10222;1481527626;4
20888;21719;1481528649;18
4329;10098;1481543124;18
7709;20598;1481524516;12
3287;17281;1481523550;8
15015;1111;1481513293;2
15326;12647;1481534588;18
13677;14693;1481516495;4
3905;23669;1481520294;12
8703;25508;1481540874;12
18905;5892;1481533722;14
4027;23695;1481527795;2
24662;8398;1481543655;18
9456;1353;1481519549;14
17901;15226;1481549892;8
21809;19826;1481549106;6
8998;9540;1481537243;16
17378;1567;1481550327;12
18533;11035;1481511667;16
20366;18339;1481538467;12
6283;6762;1481518112;6
6477;8149;1481527999;12
27290;4686;1481541253;2
6247;14140;1481533707;10
240;12582;1481550180;18
9898;8516;1481540236;10
2288;25547;1481545077;12
12283;18113;1481550569;6
16851;16186;1481537171;18
11172;26;1481520471;4
26185;8596;1481528525;16
11101;15514;1481516676;8
7965;6937;1481522053;8
7090;19861;1481526908;14
27426;14889;1481536926;2
12421;1598;1481515915;14
4773;3690;1481546957;6
16534;9311;1481541652;18
1842;3272;1481527239;6
11849;1906;1481547196;16
17037;6362;1481514871;16
27552;5708;1481533782;4
12333;6421;1481542422;12
22961;17548;1481544385;8
19053;6010;1481542011;2
210;22450;1481521846;4
1793;14704;1481541688;4
6858;3411;1481526642;12
10087;17539;1481543838;4
875;1560;1481520037;4
4548;3772;1481545475;18
20195;395;1481534421;16
10371;10027;1481537055;2
9271;9984;1481513910;12
5101;17473;1481538274;16
2962;9383;1481550853;18
17193;15239;1481540293;16
220;8526;1481530924;16
10254;422;1481525783;18
2952;8248;1481550609;10
9565;6550;1481545066;10
8308;9185;1481515171;6
10256;9460;1481516972;8
221;17286;1481511952;14
21376;18909;1481509983;16
14254;3428;1481512369;12
6666;8703;1481542235;14
2836;14550;1481548461;16
27033;11631;1481528768;10
15373;23452;1481536360;14
8461;17155;1481519029;18
8425;10180;1481538588;10
1623;3574;1481513464;18
4516;7440;1481525287;12
18879;5250;1481539731;2
16888;258;1481529467;6
11765;10721;1481527656;10
5747;15323;1481528594;2
11598;12362;1481533034;16
1293;5811;1481520908;14
20024;19795;1481544325;2
8152;1692;1481532379;8
23452;1086;1481545712;10
6278;25542;1481547184;18
9408;1715;1481514194;14
1694;3274;1481549565;6
15786;10413;1481539674;8
9793;8936;1481548709;14
1227;2465;1481525304;16
27376;17539;1481550404;6
10367;429;1481512779;6
1383;21316;1481526184;18
987;4814;1481510398;10
6107;9678;1481512134;2
9316;11909;1481539721;12
7629;1291;1481523679;12
7475;1157;1481524892;16
23621;7418;1481542615;2
10354;10547;1481515237;4
14557;14443;1481521787;16
7334;6287;1481521602;4
27407;11144;1481543164;2
20406;4242;1481534184;10
12212;20398;1481535822;6
10114;1228;1481530002;16
10568;10541;1481529296;14
8389;10930;1481527394;4
5826;22999;1481524035;14
18850;17381;1481531571;16
8527;1098;1481550905;6
20303;5010;1481509662;4
402;10838;1481516551;16
20919;23024;1481538581;6
16143;1697;1481539141;6
26128;11613;1481533036;4
1100;25158;1481522341;8
5517;16295;1481512595;8
3927;27195;1481512426;14
5842;16806;1481549748;18
23000;25072;1481539276;2
10486;14230;1481529173;8
18848;15421;1481517948;14
7145;4690;1481550075;14
27464;6184;1481519310;2
3081;2780;1481515198;2
1881;23453;1481521986;14
8922;3029;1481518910;18
16123;22650;1481544636;6
10427;27295;1481532478;2
6778;4901;1481542426;16
12781;10518;1481529349;14
276;24410;1481549733;18
7253;7817;1481540485;18
6149;19066;1481510261;18
1028;7548;1481548899;6
22662;9767;1481513531;16
3637;9871;1481524174;8
17783;11801;1481512641;8
24695;6528;1481527173;8
19911;12756;1481514804;18
4197;13726;1481538280;12
1490;20079;1481529888;18
25495;127;1481533034;8
9522;7975;1481530822;16
10021;1844;1481534244;16
12654;4321;1481531294;12
1838;8390;1481522717;10
969;26313;1481511717;16
6772;14873;1481537407;12
10271;1145;1481523977;12
23488;5723;1481514902;18
12648;13261;1481530412;12
3630;18144;1481518569;2
6895;3499;1481525301;14
10546;5632;1481527113;8
6279;17035;1481542897;10
3756;26199;1481547028;10
13496;21483;1481542479;18
4830;21367;1481518430;18
1656;6824;1481520068;8
8512;10828;1481525150;6
11414;10914;1481547858;4
5421;19944;1481511626;16
17352;2942;1481526522;2
11786;10582;1481532156;4
11620;15355;1481542659;4
19861;5696;1481515888;6
10187;11402;1481515728;18
215;19917;1481539086;6
20867;12765;1481543798;4
1642;12347;1481517717;10
15222;23645;1481512771;16
8357;13904;1481518549;8
14630;1814;1481547127;10
14641;21414;1481535475;10
1642;17393;1481519033;2
20240;18321;1481512952;18
2646;18896;1481519317;12
8194;22267;1481535939;10
2355;10539;1481538486;4
11060;5009;1481515744;18
19941;21596;1481539265;16
16296;2393;1481529816;10
5811;2133;1481524408;14
6374;11629;1481527127;2
272;5741;1481526628;8
1213;250;1481543529;4
2321;5975;1481532186;6
15107;22268;1481528707;14
12650;3705;1481533572;4
23165;10241;1481523294;4
5732;35;1481525328;6
23525;20866;1481536336;14
3076;16333;1481522377;14
3619;24533;1481546469;8
23118;21281;1481532397;8
26083;7006;1481523481;8
3538;10987;1481519112;4
5629;5722;1481548632;12
2776;5395;1481519334;4
126;19582;1481512678;2
4921;5419;1481532458;18
11809;25158;1481526223;18
16317;11122;1481539819;18
5633;23634;1481539190;6
6660;24747;1481520955;2
10037;14230;1481517505;2
18144;4239;1481545408;6
5757;2396;1481510679;8
18146;5673;1481532289;14
13771;1246;1481524958;10
22939;11209;1481532384;10
5741;6552;1481520286;10
12159;12389;1481513941;2
7809;62;1481511910;2
5627;7576;1481536975;6
5293;5745;1481544221;6
11940;1706;1481520475;2
6107;10466;1481550161;10
18864;20587;1481534683;10
12094;12152;1481523026;2
19965;14573;1481539764;18
8187;19815;1481535025;14
24256;14271;1481516572;8
2354;13824;1481540764;2
14416;15988;1481531795;4
18874;1534;1481532404;14
25399;1126;1481547757;6
3950;6988;1481525370;8
7806;10214;1481537591;12
1275;4563;1481533933;6
14576;14511;1481512198;8
19873;5756;1481542981;4
15354;10189;1481550008;18
12873;18871;1481545211;14
3947;18247;1481517160;6
24657;16014;1481534847;6
20290;15352;1481511860;14
26108;11091;1481536256;4
19301;6142;1481535122;8
1992;7388;1481517334;14
15328;15031;1481523299;2
6768;11239;1481522173;2
7624;3078;1481529961;4
27421;10191;1481548249;6
27416;2326;1481521835;6
6660;9406;1481539393;4
1318;22957;1481544269;10
1180;7266;1481524104;4
6961;12288;1481533322;18
9319;5757;1481528910;18
6810;923;1481514468;12
17022;10728;1481536706;12
25077;5736;1481550233;8
1919;399;1481543627;2
8531;19304;1481521892;2
11396;3617;1481513682;2
16797;14571;1481547109;14
10427;24087;1481518037;4
1363;14917;1481526389;8
10272;2832;1481549268;6
10013;13297;1481518815;6
15369;1460;1481523557;12
23085;4853;1481535417;6
8052;12326;1481516521;8
12039;19840;1481529356;18
21402;131;1481550893;4
19039;20831;1481550789;2
436;435;1481540496;4
1041;7835;1481513270;6
15997;1771;1481534494;10
12411;6441;1481513846;16
17463;6478;1481514794;16
21092;19436;1481513317;10
19276;18103;1481540019;14
6307;20951;1481543259;10
1319;3744;1481515521;6
22988;6204;1481514744;10
14632;16982;1481512160;6
6144;23034;1481524586;12
10694;1716;1481541066;6
7988;21445;1481535756;18
6127;1535;1481514813;10
11409;19799;1481544561;16
4243;10412;1481519496;4
3605;8144;1481520624;12
28;14985;1481510608;6
11729;12311;1481529191;6
895;1619;1481533871;10
5718;10695;1481546297;8
25196;2171;1481527222;12
3975;5522;1481541748;16
21080;1157;1481545386;12
27325;10469;1481522232;12
3401;8109;1481547593;18
22144;3968;1481523890;16
4847;5733;1481516443;16
5489;6930;1481548274;6
1740;4664;1481527925;2
17271;7958;1481532848;8
7190;1681;1481535870;12
22493;21494;1481533453;10
6618;885;1481511675;18
1627;2820;1481515292;2
19209;1973;1481533144;4
42;14252;1481513573;6
3266;1735;1481513964;14
13287;4484;1481524506;12
398;7683;1481512340;12
4580;3121;1481519164;16
9012;19269;1481511330;16
4840;20311;1481549882;16
10325;13948;1481526585;4
7940;1490;1481534746;16
16042;8411;1481532661;12
5807;19900;1481546410;14
7814;27229;1481536674;16
20464;1200;1481545410;2
9158;10606;1481513371;8
12773;9869;1481536418;10
18876;6189;1481532821;4
25533;25514;1481515657;14
620;8806;1481532028;10
18813;24279;1481526693;2
232;3467;1481536559;16
7872;8941;1481514283;4
10990;10248;1481518964;18
12036;9150;1481540988;6
17312;25492;1481526532;10
5385;16118;1481545211;16
9015;19471;1481514344;14
4853;22147;1481521919;4
10276;2875;1481542403;6
19778;5705;1481529657;18
26329;19075;1481537900;18
9635;6381;1481522828;12
3381;21443;1481543414;10
7483;322;1481525099;2
21496;10461;1481536332;2
4736;4642;1481513614;8
16803;1366;1481526600;2
24662;15744;1481535053;6
15391;18314;1481536432;6
5499;1361;1481550792;2
1103;5469;1481540093;16
20132;15989;1481516923;4
6838;8463;1481524784;14
27171;5807;1481516213;6
4891;7858;1481537360;12
22940;12012;1481531344;2
16781;23060;1481519599;14
16362;20938;1481545615;10
26319;21373;1481514399;16
20599;12708;1481518631;18
16039;3561;1481548552;10
6176;10281;1481548562;10
27196;26119;1481531304;18
3769;6217;1481511984;12
23140;12237;1481529514;12
3076;3147;1481529123;6
8278;22987;1481526369;8
20981;17501;1481545461;12
9441;16929;1481535964;18
7802;17485;1481547142;18
27480;11123;1481535363;2
24138;6012;1481515343;10
20244;24670;1481514216;18
1838;1169;1481509714;4
4543;24285;1481528679;16
7503;4186;1481532612;8
11252;5025;1481546022;12
23536;20065;1481515504;10
14923;17273;1481512857;2
8236;19972;1481540704;10
10269;230;1481509645;14
26076;10030;1481545394;14
1105;4988;1481527696;10
11898;6298;1481544894;2
16847;9022;1481549580;16
17244;7146;1481517259;16
8032;8643;1481522129;12
3948;10913;1481527301;18
388;12784;1481521646;16
17532;10023;1481523687;2
5854;3725;1481538351;12
398;24724;1481541803;12
953;7819;1481535941;10
8892;19859;1481542934;10
9026;11631;1481546978;4
18081;15738;1481512489;10
3408;12770;1481518920;8
3642;5294;1481520846;6
11270;18883;1481512839;2
20326;24416;1481537823;12
19951;5027;1481543848;14
19024;7899;1481537384;6
10251;3771;1481537926;10
22999;1609;1481510383;18
2759;1211;1481540208;12
18862;17548;1481527798;8
14123;17509;1481543521;8
10998;3706;1481511858;18
4158;3124;1481509824;6
9808;6128;1481510532;16
3021;4240;1481542804;2
5500;5394;1481525541;14
27403;17191;1481511871;6
8364;2127;1481549253;8
5645;3957;1481548394;2
6007;7944;1481528320;16
26099;7316;1481514166;6
12699;22648;1481547299;16
27472;10675;1481524579;14
8939;21451;1481537621;6
65;24532;1481536655;4
143;6390;1481525744;10
8334;1341;1481524218;12
4359;19070;1481527443;2
4313;1138;1481525746;6
14621;8813;1481540419;8
15351;11119;1481510178;14
23054;2278;1481519955;2
17307;1489;1481539098;18
7408;17537;1481550445;12
10291;15371;1481534397;6
9411;7038;1481531539;10
11989;22133;1481515365;18
26470;17290;1481527029;12
149;20987;1481523037;14
12760;12787;1481541530;4
17547;3853;1481544411;18
8389;17046;1481518862;4
1000;3054;1481548585;18
10677;8637;1481533001;8
242;22678;1481525664;12
11953;24569;1481527892;14
3707;3704;1481532494;16
13878;10514;1481531987;12
13263;172;1481510157;16
9975;3467;1481546666;16
6765;6265;1481550738;8
19072;7006;1481530772;16
23863;24137;1481526197;12
12693;219;1481532395;14
4046;9536;1481530456;14
6349;23161;1481525705;12
22993;24355;1481533875;16
1300;6952;1481511013;2
27297;1811;1481518599;12
12294;7444;1481536398;18
10354;23356;1481545702;10
22276;19948;1481530006;18
2371;14875;1481545412;4
25173;3556;1481523661;6
13216;24529;1481546841;18
6534;3638;1481539300;18
67;4666;1481537718;10
9836;2988;1481525273;8
1137;14800;1481532663;16
1035;7333;1481537143;18
12355;8354;1481539964;4
10416;27379;1481528192;2
3689;431;1481512039;4
9443;9359;1481520369;10
5050;6572;1481533110;10
7406;2429;1481543154;12
12405;6116;1481534096;8
16303;6956;1481515937;12
9262;18512;1481536726;14
23625;10327;1481548202;6
21491;8140;1481529321;18
3488;6024;1481510779;16
6025;11806;1481538719;4
21804;4756;1481531347;18
5520;15989;1481538534;6
4264;39;1481550653;6
19887;4840;1481514846;16
5844;11092;1481519547;4
160;27135;1481541769;12
20325;25176;1481521575;6
8876;10295;1481511843;18
5698;18804;1481537678;2
897;6525;1481539007;16
8836;24724;1481528936;2
17793;9309;1481522314;16
14920;1962;1481510467;14
20125;27462;1481528170;4
6623;14700;1481512508;18
11020;15748;1481525051;2
13080;20952;1481513195;8
16894;26138;1481530659;2
15082;6316;1481509841;8
22259;6181;1481531758;18
10470;3250;1481550452;8
15117;22502;1481536311;8
14156;9201;1481522672;8
5119;17873;1481548837;10
4664;2777;1481543591;4
6243;887;1481546960;12
5858;1968;1481525268;10
20115;17330;1481536911;14
6873;10835;1481515312;14
5330;1102;1481547617;14
9150;20525;1481529517;4
9785;20978;1481533414;12
13940;16558;1481518298;18
14189;6315;1481550188;10
24952;26313;1481543584;18
6822;10467;1481545968;18
15008;1070;1481528172;12
4852;13883;1481542385;2
1838;1685;1481517174;6
25071;9247;1481510312;16
15032;5829;1481531717;8
20695;1102;1481513592;2
12347;3642;1481526518;2
5528;14495;1481519468;2
59;2336;1481533046;2
19908;4776;1481543516;12
141;7853;1481531606;2
19741;15378;1481514765;12
8995;19208;1481530457;4
5613;162;1481539290;18
22180;22310;1481547451;8
7836;15328;1481522491;10
20785;8598;1481548877;14
9527;201;1481518835;14
1683;9950;1481530491;14
5860;931;1481526235;6
11860;9545;1481512366;2
4723;5279;1481535169;12
77;4608;1481535601;6
14891;5962;1481548644;10
221;7934;1481511252;4
4739;20683;1481543589;10
1791;4198;1481534865;2
7357;2273;1481511378;18
15492;13209;1481547520;8
17844;19918;1481518808;2
14117;76;1481525568;14
14708;15463;1481514631;10
4575;21089;1481539186;16
6244;6876;1481530344;6
9682;17844;1481538784;14
14443;15421;1481534920;18
1341;943;1481524723;8
7161;10906;1481526899;14
3776;7481;1481542410;4
17299;2960;1481519218;14
25068;4016;1481520813;14
14152;10186;1481545819;18
27432;20292;1481518883;18
10659;17023;1481530539;16
7977;8595;1481528645;4
1040;6952;1481527855;8
4330;2325;1481541073;18
15465;881;1481531559;2
7046;7558;1481539341;18
7487;9544;1481545011;16
1895;22462;1481533506;14
11608;17503;1481545686;12
27277;6151;1481535669;2
3378;7546;1481520988;16
14255;2796;1481521597;14
15164;6891;1481533007;12
26195;7079;1481525104;8
21370;14494;1481531119;14
10543;6433;1481521420;2
1598;1127;1481525542;14
5357;5773;1481537251;18
1497;10363;1481529094;2
17174;9602;1481534056;6
20981;6641;1481511115;2
2144;4897;1481541272;8
8658;1223;1481534930;14
9419;21314;1481522632;6
1258;1674;1481531907;14
27085;3077;1481531347;12
1639;8121;1481524627;4
19510;19496;1481543564;2
19788;3910;1481509719;2
17792;7335;1481548590;16
10464;5508;1481543099;16
22468;1099;1481542537;6
11106;8500;1481525343;4
10159;23053;1481538704;8
23152;9406;1481544997;8
899;951;1481519516;16
1316;20123;1481532727;16
4266;12425;1481549917;10
4185;1593;1481543778;6
6485;95;1481519746;12
3927;11476;1481511840;18
8828;12407;1481544286;8
9025;243;1481515413;6
13241;9648;1481517124;10
3300;19044;1481542181;18
16133;8317;1481540532;10
9018;14420;1481540212;14
10281;8277;1481537356;6
11143;5117;1481551044;8
17283;8036;1481527003;2
6305;3545;1481550130;14
2155;1680;1481520334;2
7857;11414;1481522117;4
6798;4665;1481539531;4
9829;7343;1481524464;16
1382;15465;1481530234;14
12092;4644;1481520342;18
10032;6565;1481510727;18
8174;7925;1481542841;16
6138;2023;1481530404;2
160;25537;1481519417;8
14818;9520;1481531693;16
3245;1205;1481527430;6
7109;3458;1481516650;12
24370;27228;1481547539;4
11567;11090;1481530160;8
6520;20944;1481539651;6
5004;15072;1481534593;2
6275;24571;1481534720;18
16810;6820;1481520663;6
23187;17788;1481550967;16
3978;23452;1481511467;16
15027;10110;1481531427;14
13862;25025;1481530796;14
15329;7464;1481513213;6
396;25487;1481512034;14
13177;21482;1481541320;6
7336;14126;1481549035;2
18818;7635;1481538848;4
27195;14546;1481537413;4
27289;2173;1481509771;2
1887;5489;1481542155;10
12060;20041;1481547690;10
16336;1630;1481542640;6
1489;7965;1481519375;10
9498;13788;1481538484;14
17517;9299;1481536999;16
969;27007;1481523829;6
5360;13341;1481547102;16
11041;15104;1481531939;18
8540;17213;1481542542;14
1801;10501;1481527698;4
25052;23525;1481516405;14
10318;6155;1481522339;2
10075;18082;1481525471;6
16880;5854;1481527963;14
17518;15407;1481543723;4
3269;10472;1481530010;16
12283;20634;1481533801;12
20066;11729;1481512095;8
27087;19520;1481524590;4
4318;3382;1481542040;10
1426;14511;1481521536;12
16813;10909;1481527751;8
3630;20786;1481531706;8
7816;12069;1481548093;2
7293;4729;1481534117;12
11259;19226;1481516176;16
4263;11153;1481510789;18
4251;181;1481516184;2
891;20926;1481514884;6
10701;17530;1481550121;6
6995;3;1481529660;14
348;4258;1481545123;14
1426;18314;1481547658;6
24089;3701;1481547727;6
16130;18908;1481511510;18
9481;5818;1481546183;18
27289;22445;1481537175;12
21307;6217;1481545826;6
6015;9165;1481530929;16
7623;5423;1481550883;8
4360;3278;1481537256;12
27555;22485;1481511139;16
16801;5475;1481523685;14
4844;6429;1481515639;16
10824;21798;1481544206;18
17441;3630;1481510117;14
25036;1904;1481544976;18
8526;57;1481530298;14
5490;1311;1481539204;14
18191;9508;1481541957;4
27026;14549;1481521699;6
4189;25088;1481522974;2
7843;7570;1481515727;16
9676;23534;1481512698;8
7063;5773;1481545369;6
6927;25000;1481530592;8
16533;20629;1481513557;8
17585;1118;1481531194;18
5774;8476;1481512138;10
1188;6539;1481547534;12
18898;15212;1481543283;10
2953;10915;1481529022;4
2824;10596;1481521248;2
2798;7551;1481515073;14
17793;27179;1481523891;4
8571;7312;1481526144;6
6244;9533;1481542330;14
20932;20769;1481525028;14
7637;11131;1481516087;10
5932;4564;1481533895;12
23742;8960;1481549254;8
19885;959;1481543979;14
10230;25374;1481543881;8
20096;15347;1481535346;12
25183;11102;1481542704;6
6543;17379;1481515441;14
6611;27023;1481518528;10
310;4830;1481515733;18
11687;6238;1481512168;14
19958;12164;1481520430;2
5507;20074;1481550750;2
19595;8339;1481520330;2
20997;6502;1481534582;18
4260;5936;1481541423;2
4757;1717;1481519991;2
12211;11477;1481545732;4
8767;5843;1481547450;2
27056;17903;1481536550;12
11240;6353;1481542056;6
13940;175;1481523144;18
23023;362;1481516088;12
4282;9416;1481511374;18
11142;6599;1481548833;14
24480;18910;1481527372;2
3592;12063;1481546317;2
20539;11110;1481525165;12
10319;19823;1481543912;14
15989;25380;1481527276;4
25405;22969;1481547621;10
10269;19544;1481518736;8
1483;8833;1481548162;18
11219;11003;1481536263;8
5823;6332;1481528469;18
7777;10093;1481533367;12
1929;11373;1481526353;6
16118;7090;1481540656;16
23453;23353;1481527272;16
19873;8947;1481510220;12
12866;1556;1481540453;8
3954;9023;1481537625;2
17022;11501;1481514758;2
6551;25535;1481515352;4
27269;12798;1481515704;8
14437;7000;1481528909;8
9776;12710;1481545668;2
17576;3407;1481535318;6
25375;11036;1481514816;6
18215;20099;1481545627;6
5972;951;1481517824;16
1731;27058;1481511687;4
7401;7043;1481519270;18
1962;7252;1481536301;8
9390;4591;1481534806;6
23336;23010;1481531246;14
7538;18183;1481532822;12
18201;3248;1481516302;18
19775;3559;1481520602;10
1;2988;1481548935;18
1600;20759;1481521607;14
22179;10203;1481530370;2
4553;18899;1481539068;12
11391;8278;1481531684;14
11384;2281;1481517452;14
20928;8520;1481534559;18
3985;14963;1481542089;10
14262;1856;1481530258;8
15231;9383;1481546939;18
8541;6959;1481526547;18
12368;2464;1481548461;10
16932;5909;1481528282;16
6806;14699;1481539121;4
4180;23106;1481542101;14
8139;8808;1481548874;4
25171;7265;1481538059;18
4766;27277;1481537788;16
8499;9800;1481543272;4
24431;15749;1481539141;18
242;1066;1481527407;8
24971;1904;1481533470;14
4316;1682;1481536397;10
10720;1236;1481545840;2
13790;7972;1481518288;10
18337;6670;1481539569;6
2026;19286;1481513909;4
19089;27417;1481540897;2
8758;27035;1481533818;2
24511;6408;1481539032;14
11790;9364;1481529706;18
27055;10423;1481527556;2
7864;8400;1481517551;8
1765;6404;1481544249;10
2761;24161;1481538584;18
11631;14615;1481523261;4
5404;4033;1481542447;12
18355;4802;1481519786;6
4895;19493;1481543633;16
18436;12574;1481510523;10
390;5654;1481512391;16
17458;4827;1481518075;14
23142;14443;1481529706;16
7442;2866;1481543846;2
16040;10780;1481546597;12
10814;7246;1481542405;8
19908;3985;1481546442;14
21412;6824;1481548244;12
3924;4338;1481534052;6
4840;9361;1481517616;14
16139;12557;1481520089;2
17280;16914;1481534215;10
3902;20068;1481539984;16
1963;19788;1481539522;18
8971;955;1481546434;12
5754;7686;1481531263;2
15481;14446;1481533796;8
10694;10220;1481544308;2
23032;17006;1481534413;2
13771;887;1481545013;18
15028;12591;1481540874;6
27291;5261;1481548382;10
20071;3271;1481539342;8
3247;2794;1481529943;14
17884;2354;1481533898;12
19959;15159;1481515586;6
11911;22145;1481524835;18
20361;11054;1481532534;16
9239;26309;1481513332;18
5399;25412;1481513150;10
6216;3611;1481532289;2
20413;196;1481542741;6
6537;5856;1481509698;18
21385;11130;1481537602;8
3743;14899;1481541716;12
1088;12226;1481543394;12
12406;27232;1481510875;8
1160;10251;1481523936;6
620;17483;1481514703;4
8598;22999;1481547627;4
4827;2374;1481541774;14
7168;1326;1481518620;2
6779;1392;1481548835;12
262;2752;1481512777;2
8898;18763;1481542082;16
14710;7577;1481550425;8
274;2279;1481532483;16
3000;11400;1481531757;10
9777;17404;1481513885;12
18899;617;1481540290;18
27552;4595;1481519296;16
16191;19828;1481517085;2
5636;13811;1481535786;10
18340;12161;1481542558;10
23262;23811;1481543419;10
6628;25078;1481509965;6
10197;1499;1481550801;8
12290;5638;1481546051;6
15305;4221;1481531697;12
7627;14202;1481520652;14
20785;21495;1481541673;18
1329;22432;1481531009;16
3260;15932;1481517387;10
27467;1880;1481528557;14
17532;15474;1481537777;18
8035;10505;1481536608;10
27017;26211;1481509839;6
19764;24724;1481529928;10
11831;16011;1481529342;14
4585;2795;1481536844;16
27388;12043;1481537177;16
13819;27412;1481549697;8
9229;286;1481537968;10
6920;13948;1481516448;12
19990;17472;1481546038;14
12026;9552;1481543148;18
27555;59;1481517508;10
8058;9545;1481511730;16
25513;20064;1481513860;12
6795;17037;1481540224;6
20935;3725;1481546853;12
426;22968;1481540585;14
8579;11476;1481547120;18
4011;24989;1481517401;8
26185;22962;1481536460;8
15519;13803;1481550866;18
2879;21209;1481519081;14
12138;11714;1481550576;18
14892;9356;1481515836;14
6377;9554;1481522004;4
15320;7901;1481549524;14
9157;2429;1481527171;4
15482;1453;1481525009;12
20103;19807;1481538608;8
8347;16053;1481534696;10
23452;19505;1481550359;10
21081;6360;1481521442;14
4191;1326;1481534395;18
6639;15764;1481517937;16
13825;14154;1481533008;18
9393;13876;1481516616;12
14446;5441;1481534291;18
21498;15393;1481520576;6
1031;9949;1481516788;10
957;27476;1481548871;18
6871;8348;1481541156;8
19763;7470;1481535870;6
6236;25170;1481509720;8
24964;5023;1481513198;14
3155;145;1481537886;18
27386;21268;1481534628;10
972;9431;1481534566;8
20682;15107;1481514208;14
19848;8553;1481541898;16
7344;1046;1481513509;4
8701;3561;1481518968;16
6481;5127;1481537575;10
8641;20681;1481545301;12
6464;8368;1481549158;16
4703;25535;1481541557;12
6480;4563;1481517506;2
1590;17043;1481546538;16
6435;21212;1481528486;10
225;2879;1481549303;10
14630;15323;1481529886;18
4292;6261;1481520162;2
14137;12781;1481521510;4
4892;14643;1481515134;16
20330;12797;1481529934;6
23855;8643;1481527561;2
3970;12021;1481525636;2
8119;10354;1481537589;2
8568;4256;1481547412;16
1455;3740;1481514739;12
24782;9153;1481537812;18
11822;10982;1481531740;2
199;16124;1481546198;6
1551;6528;1481537550;12
16816;23086;1481541662;6
4335;21361;1481547660;10
7327;4321;1481534724;8
27447;3854;1481519018;2
27374;1917;1481510641;10
24058;4012;1481549697;14
12134;22930;1481515566;16
10714;6138;1481539956;10
11035;11892;1481510766;18
15137;1419;1481527657;2
9789;12040;1481521377;6
27134;128;1481517230;12
19545;4358;1481528555;12
27095;10100;1481537041;12
5397;26108;1481528671;8
25044;15135;1481519439;10
14715;8577;1481537891;8
1746;16903;1481521236;4
9971;14579;1481523096;10
12012;15160;1481511419;2
6182;5688;1481530247;8
20085;10709;1481525030;6
3615;21837;1481542391;10
388;10279;1481546339;10
23750;24278;1481532656;12
7768;25495;1481530763;2
10828;11222;1481520761;8
6234;1801;1481532111;10
25189;3074;1481528227;4
6172;16304;1481539792;10
2411;11781;1481543613;2
11124;6770;1481532475;10
11383;10495;1481520047;16
17511;21501;1481518528;10
17387;5982;1481550049;12
23526;8533;1481516846;2
26114;20074;1481545415;16
5389;27127;1481518725;2
6966;16803;1481518314;8
397;985;1481526951;6
1556;238;1481511953;2
17508;8897;1481519181;6
25706;3070;1481536525;14
22531;7795;1481549677;18
7683;19052;1481521463;8
12591;5732;1481511036;16
194;5939;1481516407;12
7081;8798;1481543161;2
16034;2392;1481538481;18
3080;4533;1481535003;18
172;12795;1481543587;18
5044;4943;1481533714;18
9210;10506;1481529405;2
3401;6886;1481533495;4
27431;17500;1481549998;14
8945;1069;1481512672;8
8030;1908;1481519607;12
14925;26330;1481541686;14
24259;10224;1481513260;16
3687;22536;1481529177;14
16199;899;1481547076;4
19547;11062;1481539650;2
9491;5354;1481520737;4
1265;13220;1481537830;12
26158;19955;1481541786;10
9522;5426;1481521731;6
10720;10547;1481511480;2
7845;17465;1481536124;12
1049;8501;1481532417;18
27278;964;1481540009;8
7281;18940;1481524731;18
5006;5720;1481527901;18
11179;3532;1481532385;16
27461;5925;1481539301;2
27379;27543;1481537237;6
14950;14698;1481548923;6
6881;9024;1481512355;12
1128;9561;1481537328;16
9464;12100;1481533353;4
10512;11217;1481532771;2
19216;4626;1481518397;12
24977;1685;1481548460;10
1708;9989;1481534532;18
4328;2374;1481531417;4
20070;18456;1481534842;14
6245;15752;1481520939;12
5018;2130;1481548993;12
24417;11917;1481530639;12
9670;4024;1481528261;10
10312;25003;1481521067;14
19091;19042;1481530190;10
18903;19861;1481544236;10
21809;24671;1481529659;14
16858;15486;1481541525;4
275;7089;1481522920;2
5081;6772;1481529870;18
14243;17250;1481546521;6
20909;12764;1481544428;2
11173;4588;1481544852;4
7094;12238;1481510715;18
1435;6403;1481546570;4
10003;6625;1481516455;14
20588;17463;1481514404;8
1677;8306;1481529408;16
7188;10670;1481529594;6
3969;2025;1481535903;12
22501;4976;1481539970;16
23063;20685;1481547846;16
7298;12332;1481548921;18
8164;15482;1481550330;4
22603;24724;1481519721;8
8026;17536;1481525255;14
6166;27051;1481548548;6
971;9815;1481535109;12
4541;9758;1481546087;6
17152;27411;1481543553;16
26244;20910;1481511238;10
7312;10313;1481532409;6
5702;1116;1481545809;4
9875;16811;1481532119;10
17459;2797;1481520761;18
31;5803;1481511326;4
9631;15287;1481544782;4
1848;18858;1481543989;14
14106;23522;1481515627;10
21209;8972;1481510496;12
24417;27464;1481528155;8
14002;20587;1481523936;18
13773;14261;1481510839;2
1701;558;1481550137;12
20758;24285;1481533998;4
2374;27204;1481510198;8
2523;6769;1481550524;14
1089;8332;1481527939;10
21090;14498;1481550666;8
7148;11157;1481550874;6
9313;23650;1481536768;10
22642;13880;1481522253;8
9959;8427;1481529337;4
4832;10356;1481520977;10
4575;6480;1481515378;2
11723;5744;1481548127;4
1046;9515;1481547374;6
19812;3164;1481530417;18
15935;11627;1481529537;16
53;10551;1481533581;6
5082;3982;1481537890;14
27141;10556;1481545603;2
2035;14930;1481539702;4
12158;11766;1481523336;14
14555;23727;1481542585;14
14403;3276;1481510959;16
25468;9021;1481515073;18
5731;12560;1481542595;4
6457;8026;1481543228;12
4245;11222;1481524848;10
12813;1361;1481532899;16
6979;429;1481510983;16
3985;27378;1481537041;4
20544;11227;1481512960;2
53;8233;1481516401;2
7829;20968;1481541065;2
17483;16783;1481538172;4
15090;7087;1481536032;6
1039;6478;1481534339;6
4186;26240;1481527680;2
20143;3413;1481542428;16
18815;8136;1481523576;14
2383;162;1481537737;4
9545;6303;1481548359;14
21296;26204;1481550113;2
6369;23329;1481537235;14
21227;2733;1481519906;10
3267;16311;1481529397;16
21373;20744;1481541059;18
22942;23634;1481510930;14
9429;6177;1481535150;6
5385;27476;1481538774;18
1708;7557;1481533499;10
11386;8127;1481517269;4
10210;9100;1481516821;2
8580;143;1481525368;10
6666;1701;1481541475;16
6992;6368;1481532428;18
2741;21806;1481548088;10
12816;25171;1481543670;8
20913;8956;1481521652;12
15295;16304;1481532502;4
6691;13784;1481547710;2
45;7400;1481521413;16
13944;15125;1481531423;18
1104;17034;1481531698;14
16333;23110;1481516764;10
2276;25011;1481529594;2
27314;10927;1481523171;18
9284;27026;1481531160;18
14635;3087;1481529962;12
10506;27298;1481546801;8
3951;18072;1481516250;18
1129;19072;1481550858;8
20949;13883;1481543802;18
12037;25057;1481509991;8
3268;1178;1481545411;12
369;27310;1481550497;4
9602;5118;1481546523;14
22607;5866;1481516651;4
20687;7632;1481525660;14
9952;14194;1481522694;12
14949;6838;1481514153;14
3607;1848;1481510993;4
27390;19988;1481544241;16
8021;11781;1481524559;4
16863;14806;1481517306;4
3458;5346;1481538081;6
10609;5360;1481542690;18
11403;18399;1481532574;8
25159;5016;1481522822;18
13344;20480;1481542108;4
4285;7147;1481540176;4
7961;5044;1481532575;6
11156;6313;1481530033;6
15018;2814;1481510890;4
4959;2806;1481510403;2
18866;27547;1481549604;10
24356;3614;1481511942;12
11250;23039;1481510350;14
18913;4528;1481510312;12
22961;21362;1481543899;18
10665;4345;1481515783;8
17150;8560;1481524186;8
18185;19776;1481512682;18
15423;8174;1481521624;14
20131;9538;1481528987;14
421;6442;1481548102;18
19022;919;1481534244;8
12090;7111;1481530697;6
25363;20959;1481514032;10
8449;6264;1481540857;12
9876;6239;1481515737;18
25080;1537;1481535810;8
304;10419;1481544699;12
7097;3972;1481521335;6
19773;998;1481516256;16
6889;10767;1481517289;4
12101;8600;1481536747;12
15748;16849;1481545455;4
5761;26470;1481528652;4
3972;18319;1481514619;14
17535;10108;1481549955;2
14186;25325;1481549552;6
24254;7713;1481529086;12
3618;1377;1481529614;4
2294;18534;1481525226;8
1459;3996;1481550619;4
5263;136;1481546435;8
5029;6726;1481513614;18
964;6983;1481511846;8
7901;13495;1481528494;12
6960;4186;1481547722;4
21497;8798;1481532477;14
24326;5286;1481531798;4
7767;27021;1481542006;6
4530;2984;1481509826;10
6214;7146;1481520439;18
17043;17294;1481511332;12
21363;5929;1481536215;10
4345;15423;1481548914;18
13286;16046;1481517058;12
9266;14577;1481522665;4
16837;6233;1481515474;16
7792;6363;1481541469;10
14203;21282;1481541253;16
8505;19068;1481536730;2
10766;16918;1481544701;4
6677;1124;1481523894;10
6571;5958;1481542895;14
8018;22934;1481527114;2
8148;4798;1481537022;8
19065;2287;1481528881;4
25543;1572;1481512716;10
15090;8885;1481536373;12
16094;8976;1481547168;8
21410;9395;1481525664;18
5840;17548;1481527950;2
9990;24426;1481514074;12
5985;24473;1481544810;16
6405;97;1481531427;8
9280;13123;1481518498;10
2399;16023;1481533067;12
14982;1024;1481541651;12
12092;12182;1481510669;12
13238;26373;1481523603;8
10715;10359;1481515319;10
4911;17550;1481534098;2
5677;8598;1481510272;12
11697;20091;1481514478;18
6675;2122;1481549502;14
8362;8738;1481531691;12
15024;5103;1481532872;10
17148;8183;1481547692;16
5943;6878;1481515617;18
1377;9469;1481518831;14
372;10509;1481537418;2
23016;21842;1481518806;8
25342;16847;1481545821;6
18073;19052;1481522608;18
434;11255;1481521214;10
3409;26100;1481510457;14
17028;1086;1481546505;12
26192;1179;1481526603;18
3461;7844;1481521812;18
4657;19802;1481536173;12
14203;4944;1481533191;4
6764;3461;1481540880;18
10224;21413;1481537689;12
4918;24701;1481533748;16
21214;8950;1481535557;8
8689;8444;1481550394;14
9297;10715;1481529401;6
9016;3984;1481534775;4
11880;3371;1481536330;10
14820;3054;1481511855;8
1837;4597;1481522988;6
8839;8275;1481541971;6
23003;23850;1481521602;4
27089;16296;1481527191;10
17455;24714;1481516087;8
5929;8593;1481527138;8
13286;12796;1481537179;8
7092;9156;1481512014;4
7483;19942;1481538270;8
7894;27188;1481514640;18
18068;12793;1481523888;10
3977;14192;1481529018;8
16198;4874;1481541954;6
1879;22254;1481538895;14
6377;2732;1481527369;6
3252;3160;1481527215;12
23832;7160;1481541130;10
14543;22462;1481530956;2
4906;8305;1481534607;8
7093;26031;1481550042;10
18344;24952;1481532208;18
5360;4275;1481541245;2
10281;17485;1481529637;8
13901;19726;1481539069;16
8008;15932;1481551019;16
24162;25369;1481543482;6
12576;8898;1481517044;4
2779;26148;1481530878;16
9246;24257;1481528477;6
9283;8234;1481527083;8
7963;21491;1481525079;16
24413;7715;1481516360;2
313;23086;1481549315;2
9253;20920;1481510976;4
3593;20573;1481531758;2
26188;10106;1481516768;2
5421;153;1481511532;14
16105;14699;1481516826;8
8935;8898;1481532647;8
5391;10604;1481548496;6
14139;8289;1481541292;12
620;328;1481514064;12
1951;7073;1481521764;16
1661;20673;1481547254;2
27203;14289;1481520873;18
7596;971;1481510141;14
18802;3088;1481521290;10
19990;63;1481523310;18
14927;14952;1481536500;12
15324;9977;1481519128;2
5010;18040;1481550873;2
8363;6183;1481520872;4
8598;2366;1481519410;12
18152;8005;1481510601;18
22455;262;1481539135;10
23160;6977;1481520990;4
9155;5740;1481534164;10
5842;11949;1481509812;12
19222;23534;1481514761;16
5249;8989;1481512519;10
21808;9067;1481524963;12
6127;1031;1481531779;18
8768;27299;1481538305;16
12784;6925;1481536928;6
21283;6937;1481541330;12
8544;4587;1481532432;8
15106;7583;1481522771;18
20022;5277;1481550347;16
13852;11769;1481526274;6
1078;22432;1481525595;6
23751;9976;1481533984;10
33;11087;1481513308;2
4871;2741;1481516734;8
4251;9190;1481517632;6
18312;17526;1481541480;16
8556;21002;1481542535;12
25363;14859;1481515920;16
17037;27090;1481518060;2
7806;23085;1481536592;6
964;17422;1481550942;16
12228;7182;1481511150;4
4033;1714;1481548824;4
20530;15739;1481511896;6
19805;6225;1481514786;16
16188;187;1481539316;4
22536;913;1481516130;6
20124;12561;1481546437;6
8646;130;1481540245;2
14653;8449;1481520425;4
14194;3538;1481511661;14
20077;20130;1481546976;8
1304;9741;1481534997;18
4917;12147;1481539695;16
1626;4591;1481532481;4
4042;22926;1481527301;6
4292;22;1481544740;10
1359;4830;1481539304;4
7972;1878;1481536743;12
3600;1913;1481531788;4
13973;22537;1481542474;6
14890;27491;1481544699;10
27548;11784;1481535725;14
12880;20643;1481510982;2
12647;6586;1481509688;18
4486;22179;1481527538;14
1451;14257;1481543349;14
16013;13985;1481538490;16
15521;18842;1481544543;10
19068;20336;1481529454;10
16795;10279;1481526952;2
19942;4281;1481526580;10
10361;1935;1481524528;14
23123;2878;1481520944;12
10025;23787;1481524391;18
10006;16143;1481534805;14
6591;26333;1481521117;16
24937;4274;1481521669;8
24164;6665;1481549783;14
13785;2386;1481544754;14
5740;11082;1481546283;18
6210;16181;1481512134;6
44;11409;1481525312;10
38;16122;1481518155;18
12181;121;1481539686;12
11826;6206;1481530950;16
14996;10443;1481514168;12
4187;7350;1481521840;18
9968;26032;1481518210;12
9317;5357;1481537139;4
5695;11019;1481520721;8
1582;17862;1481536511;2
27475;1620;1481539790;10
6654;5909;1481513140;10
14625;4506;1481528492;6
2801;7584;1481517675;12
5128;4836;1481546905;18
6597;23730;1481538722;10
10162;9307;1481542676;6
25051;26303;1481516151;8
12234;18533;1481541262;18
23039;20195;1481532841;12
24932;19986;1481528585;14
14929;931;1481532006;10
9878;226;1481525264;6
7783;19285;1481525027;4
8474;8500;1481526140;4
8816;1537;1481522608;4
18868;17550;1481517046;12
21322;5752;1481536708;18
10523;14880;1481536731;12
15327;5002;1481515217;16
7082;22146;1481521863;4
26127;27376;1481534849;8
20132;10561;1481528687;2
4768;10718;1481546926;2
1768;25172;1481550589;12
2294;2892;1481542464;4
22972;5726;1481524773;12
100;1713;1481513960;16
4290;11375;1481550301;14
10415;27137;1481537841;2
7447;6010;1481531775;2
7643;18216;1481517502;2
565;9219;1481515890;2
6469;7281;1481546335;14
27186;23507;1481512948;2
3458;4963;1481539522;6
19071;15376;1481540918;16
10001;6794;1481549534;4
2835;13773;1481519778;6
23791;20510;1481524574;18
23155;4315;1481523400;10
16858;16797;1481525673;6
18040;1520;1481514481;18
113;23107;1481512186;2
12582;8350;1481549231;18
3465;10256;1481522242;2
8024;8324;1481513726;2
7158;24748;1481535248;6
9560;27055;1481535472;2
7876;2835;1481532524;16
9104;16129;1481511536;2
18200;5047;1481513509;12
10572;14136;1481538196;10
17611;21093;1481541393;8
5417;11694;1481542948;10
20524;6476;1481534766;12
24931;17041;1481539626;10
9669;15339;1481534426;2
6311;8521;1481531944;12
8704;2282;1481548111;2
6894;27383;1481511186;10
8348;1170;1481541356;8
1082;5410;1481540707;4
6472;12582;1481520059;6
27124;10018;1481537366;12
881;21254;1481523119;8
18088;6824;1481539548;10
17054;8762;1481510648;8
4236;339;1481538864;10
10555;5837;1481542217;16
6864;9792;1481541698;12
23544;3027;1481530396;14
10264;22503;1481546663;16
8138;12518;1481534847;14
4235;19088;1481518226;10
10593;2947;1481544847;16
8576;5384;1481539404;18
16191;7888;1481526858;4
7391;27509;1481521850;16
8795;19759;1481512133;10
24126;5081;1481538622;18
6330;2605;1481535195;12
2174;4976;1481518216;14
22993;9526;1481511795;4
1965;7560;1481537095;4
23860;3754;1481510894;14
4904;24657;1481528814;16
17423;354;1481529325;10
21387;16014;1481521811;2
10614;4223;1481540515;4
19573;8992;1481523946;4
7063;14922;1481550388;12
8368;25088;1481529039;12
6327;3621;1481531045;10
10613;15734;1481524117;8
22143;6120;1481539787;10
1208;2353;1481534944;18
1013;13803;1481517774;16
9785;15989;1481531817;8
12101;16006;1481544666;4
10614;21724;1481517077;10
23488;6369;1481526195;6
7252;16043;1481518728;6
11001;10308;1481542819;10
4995;12307;1481538370;4
8421;124;1481521303;18
14857;1344;1481519331;4
21678;27270;1481530901;16
27177;7875;1481512954;16
21320;14050;1481522015;2
12562;14436;1481529439;18
20342;3382;1481523377;4
21759;24719;1481537346;10
10511;26182;1481550681;6
3697;4778;1481542277;6
1691;23350;1481530790;4
20759;1119;1481546292;18
17019;7572;1481518311;12
13198;1927;1481545914;16
7186;10701;1481538629;18
23177;16851;1481538323;16
4289;20890;1481540795;2
24373;3407;1481544099;10
23877;12417;1481520422;4
16191;4014;1481516442;6
7102;12795;1481515654;12
17505;1683;1481536037;12
1886;9662;1481548938;12
1708;2143;1481545946;8
10003;24747;1481532892;4
14818;13870;1481510915;4
25080;23120;1481533727;14
16810;8904;1481540908;6
7391;4841;1481538589;10
2814;21379;1481549720;8
5439;5718;1481547004;16
11772;254;1481550913;2
21491;8443;1481518135;12
20431;27125;1481514387;6
16803;27179;1481519876;2
18818;4014;1481532739;16
16909;11915;1481530395;6
1104;1501;1481517264;4
10725;1816;1481524962;2
27060;184;1481512829;2
14439;6594;1481521903;14
19045;1080;1481514316;14
6706;15488;1481522002;16
10739;2284;1481539510;16
27058;8997;1481541755;12
4924;12017;1481521411;4
27263;4193;1481510032;16
22142;212;1481517165;12
10116;9900;1481532302;16
18341;3015;1481516366;2
9155;13995;1481515415;8
5630;10212;1481548667;14
16142;23742;1481543394;16
2812;4877;1481541940;2
8665;10574;1481530691;6
15999;17550;1481533211;16
24932;14580;1481511401;10
6308;20288;1481518703;18
20342;15999;1481539543;18
14165;22527;1481518902;8
15032;15481;1481516071;14
10827;6444;1481511767;12
9148;6658;1481514082;10
4710;9448;1481519357;6
2809;10314;1481534703;16
13970;10537;1481523934;2
24285;3017;1481519156;16
22456;12133;1481528810;18
1375;9229;1481533049;4
10985;53;1481525584;6
22136;8277;1481549197;6
16534;3957;1481547713;12
24927;3077;1481543234;8
17309;19302;1481522712;8
27478;7079;1481549725;6
16878;8249;1481524580;6
14810;27088;1481540313;8
8118;11231;1481538072;10
15753;998;1481525727;10
1636;17252;1481519392;16
3688;25500;1481517157;4
19934;6958;1481547823;16
27380;23861;1481525489;16
4528;14715;1481546088;2
24238;22490;1481510812;14
218;11725;1481538815;4
23082;11558;1481513694;2
6660;11022;1481525185;14
120;1954;1481526951;4
9544;14149;1481546205;2
1503;17886;1481513544;18
218;14003;1481537751;6
9358;8544;1481536670;8
18849;1348;1481536311;8
9010;8905;1481542371;14
9811;280;1481548197;18
23305;141;1481518970;8
4013;22483;1481513881;2
963;9871;1481547774;16
15298;74;1481526263;4
24928;19885;1481533485;18
2279;1069;1481534006;18
24296;13986;1481542477;2
12042;8986;1481526828;4
1020;5704;1481524836;14
160;3382;1481529365;6
5735;374;1481511997;12
13678;5120;1481514570;2
4204;8864;1481539285;4
6454;16828;1481534882;4
5878;6817;1481546185;6
23176;20674;1481531771;14
21837;11142;1481549623;6
24413;11727;1481519835;8
9201;17782;1481510065;8
686;9499;1481520687;18
8477;14193;1481515816;14
1857;27380;1481520691;18
10632;17169;1481546653;6
9815;7111;1481511449;10
14918;9106;1481545395;2
7357;9367;1481535920;16
4776;10715;1481509968;14
17332;11251;1481529982;4
6266;18818;1481509693;6
9566;10913;1481548311;16
2133;8035;1481550828;10
7482;10240;1481514838;14
4622;27094;1481547295;12
21305;20460;1481541277;6
5973;5888;1481514337;18
19076;5681;1481541059;10
18834;242;1481530109;10
149;4925;1481549755;18
1766;4332;1481522538;8
2145;3466;1481518104;2
1418;21844;1481543886;8
25381;7864;1481516131;2
1344;5811;1481514641;6
27129;19547;1481550149;6
10332;20926;1481541294;10
23031;22940;1481548747;12
4666;6516;1481527274;10
13871;2328;1481527859;14
7073;4158;1481528855;6
11055;11602;1481519833;12
25187;14807;1481538709;4
267;22533;1481514859;2
26478;20519;1481532250;12
17287;10011;1481540027;4
21465;11218;1481516646;4
7451;7597;1481547696;18
46;14691;1481542010;12
12591;12093;1481512204;16
3268;10507;1481509585;12
9789;24708;1481546892;4
2334;1078;1481542166;12
5747;6384;1481525258;8
91;22645;1481540295;6
10013;12335;1481547271;18
12947;8283;1481533716;18
11219;4254;1481533593;12
16011;4751;1481533413;18
8532;11565;1481532920;8
20881;7354;1481530794;16
1578;8174;1481547102;6
23852;2834;1481534088;4
5247;4754;1481521041;18
9873;905;1481531047;6
19910;4834;1481525991;4
9820;1952;1481549013;6
16813;1281;1481523998;8
8997;10838;1481548516;10
14431;18355;1481522249;2
6016;15108;1481522213;8
8635;7360;1481544912;6
12731;1847;1481528914;16
1278;11782;1481540520;4
5628;11143;1481532987;8
1153;73;1481529496;12
16101;7862;1481527751;18
6790;10888;1481537680;18
20024;15465;1481546065;18
6216;16138;1481534145;12
11094;12374;1481516758;2
15321;8638;1481513417;4
6959;2338;1481547697;8
8400;10987;1481543164;6
5920;7262;1481546603;18
23055;8808;1481525234;2
25526;6155;1481542195;6
11206;10603;1481538728;8
9526;27164;1481536059;14
3688;4824;1481538659;6
6632;13872;1481533432;6
5732;9881;1481520050;18
1346;11235;1481511741;18
13184;9404;1481530998;8
4530;2157;1481522648;4
11114;13197;1481519164;6
5033;6370;1481510483;18
2797;13802;1481536312;12
17334;12871;1481512715;2
6711;9765;1481510054;16
18091;27312;1481549922;2
16925;22178;1481521834;4
13085;16826;1481543842;2
1209;6869;1481536755;18
5864;8879;1481532937;6
12370;7462;1481516723;14
10619;4705;1481509660;16
1868;4306;1481529761;2
8088;23050;1481521142;2
13680;7624;1481512850;18
1575;6596;1481548891;16
12654;1230;1481520207;14
16935;25542;1481527350;12
19911;19024;1481523465;18
26040;26114;1481509793;4
1377;20735;1481540093;6
6694;2394;1481541346;2
8864;19876;1481513748;18
4771;8703;1481519189;2
10004;15087;1481513489;16
10666;12226;1481513299;6
24429;6582;1481518999;2
23353;3750;1481510599;6
9739;9893;1481544241;12
16931;15767;1481510382;18
27490;19234;1481522696;16
1721;25048;1481526195;6
1299;6454;1481525942;14
3419;27421;1481533006;12
17862;3703;1481528707;12
10104;3469;1481518582;18
7100;10264;1481524733;14
8306;4723;1481541843;6
10809;3077;1481527041;4
1686;10889;1481518103;6
1055;9011;1481510809;10
9777;15223;1481526697;6
20353;1036;1481530108;2
15783;17309;1481524926;18
8886;7325;1481521960;14
16192;5360;1481510668;12
11592;5413;1481522426;12
15253;27380;1481513627;18
22159;8235;1481543830;14
3424;2940;1481532536;2
8816;3985;1481534566;8
27046;17397;1481549503;18
18802;5518;1481537937;2
8763;1162;1481546099;12
343;9999;1481528187;10
6994;179;1481510054;14
11597;8345;1481534960;2
27127;7821;1481528695;12
15372;9775;1481529098;10
24933;10488;1481540217;12
20520;19533;1481539349;18
5422;3583;1481546706;6
4925;25036;1481513042;2
40;7529;1481509818;14
24279;7576;1481513863;6
24965;27299;1481527698;12
97;380;1481544086;4
18092;9869;1481513927;2
11104;9681;1481515553;10
2645;9442;1481546102;4
12783;9994;1481534142;8
6404;6013;1481531220;2
17153;20052;1481546212;12
7476;3029;1481518914;8
23666;12867;1481533179;14
23542;3986;1481517148;2
14189;8546;1481523088;6
1145;1670;1481516551;18
16863;23669;1481525685;2
1356;11800;1481537594;18
368;416;1481549446;16
10582;4189;1481514146;4
9447;26315;1481519026;10
9502;9217;1481532959;18
9899;11238;1481527179;2
4251;8887;1481548790;16
11039;4729;1481528149;8
8370;18349;1481540784;6
10827;222;1481543391;14
1953;165;1481529614;16
23444;9832;1481548755;6
4276;22456;1481535324;4
26314;4806;1481518914;18
4227;1216;1481529666;14
3379;8934;1481542897;2
1599;26395;1481545639;18
961;11642;1481542745;12
3260;1420;1481531454;8
22144;13815;1481515167;8
5826;12797;1481509736;6
7571;8928;1481549076;2
19547;9468;1481538886;14
8600;8568;1481529922;18
6793;24346;1481527209;8
23625;20035;1481523093;12
17470;7819;1481546219;6
15224;20454;1481539006;2
20963;18899;1481529030;6
14988;18052;1481546724;14
5859;11746;1481539295;2
7414;1235;1481520778;6
5435;4665;1481545831;14
18183;7165;1481542269;4
27059;7416;1481536741;16
6168;23520;1481531103;16
5277;12278;1481543803;18
14891;10114;1481537098;14
21071;25162;1481522293;4
20548;23900;1481544148;10
4759;19419;1481521006;6
26189;14488;1481520554;14
11624;261;1481531811;8
146;3081;1481513754;18
9164;306;1481537849;18
2347;14129;1481530057;2
3584;5993;1481535254;12
6204;19208;1481523535;14
8350;15021;1481528436;6
9164;20590;1481547014;16
5814;7689;1481525805;14
1;7446;1481535933;16
8016;2156;1481529523;14
12232;14548;1481530229;12
20131;21484;1481532972;10
3245;19454;1481530357;6
27504;8107;1481545522;14
1899;12619;1481532591;18
11383;20631;1481526191;8
15137;5750;1481540305;6
10619;19938;1481516462;8
24511;6405;1481536987;10
4506;9515;1481511034;8
19417;16140;1481540142;6
5727;11601;1481512281;18
13948;12770;1481545410;14
5905;11016;1481518152;8
22649;27401;1481524309;16
3695;2015;1481536469;18
19716;7318;1481512118;6
3622;6877;1481528541;8
7473;17282;1481519196;6
6616;11408;1481532893;10
5098;6526;1481535923;6
20104;11575;1481539646;18
12765;9758;1481546532;2
25389;24726;1481519337;4
10594;4199;1481521319;10
7614;10544;1481520670;6
7795;1989;1481524725;16
1142;2328;1481547986;8
16997;2023;1481513472;16
7040;5927;1481509649;18
23165;27548;1481525363;8
1794;5974;1481534825;12
25063;27281;1481544621;10
6329;6259;1481540759;4
20981;3066;1481516813;10
3001;9435;1481523391;16
7391;6783;1481539525;14
12092;1911;1481513870;6
20453;314;1481536169;2
9518;9999;1481537303;14
8827;1404;1481531076;10
9198;2755;1481547854;14
15238;26477;1481509511;12
25531;7504;1481533374;8
7582;7452;1481543414;4
8341;6568;1481536248;14
3021;6235;1481540650;14
1697;9875;1481533254;10
4875;11841;1481532946;8
7915;2827;1481535931;6
27388;6825;1481544289;12
6432;103;1481515702;4
11621;27018;1481527138;10
22296;7809;1481532892;12
187;9520;1481514983;16
16824;2428;1481549380;4
16038;18907;1481520784;14
8638;24451;1481544517;2
27295;7402;1481537063;18
24294;10489;1481532258;2
26155;1961;1481546089;12
25083;24665;1481538317;18
7524;14696;1481537872;14
25063;27164;1481517341;18
283;23628;1481536370;12
27125;15237;1481531600;12
12743;17170;1481522798;6
18872;13075;1481541866;16
22461;9026;1481520412;2
9520;26265;1481513482;12
19281;6934;1481516196;16
7908;20539;1481544322;6
13004;9301;1481522115;8
17564;4329;1481524288;18
3088;9192;1481524041;6
6772;3118;1481510190;8
24376;23695;1481536203;2
25443;21090;1481517372;12
6612;8409;1481536505;2
3029;2834;1481516034;12
14549;5038;1481513604;10
24680;25113;1481527556;14
27466;27283;1481532794;2
15313;9512;1481547530;12
24354;10930;1481537633;16
8996;20532;1481512903;10
14106;22624;1481550541;6
24734;328;1481530043;6
5099;9296;1481520780;12
8461;7520;1481538999;4
9219;9754;1481549174;4
1579;25169;1481524210;14
6265;10618;1481541456;6
21252;6736;1481539275;16
1608;7604;1481543386;14
3744;1235;1481524197;10
1394;12096;1481535363;16
16789;23349;1481526931;8
2834;350;1481546755;12
8108;23618;1481520878;14
19210;22177;1481533607;8
25173;17581;1481515824;6
8741;13782;1481541141;10
7967;4762;1481524693;14
2336;26147;1481519542;6
1326;18047;1481535950;14
18047;3600;1481509770;8
22987;10541;1481520631;10
1504;20531;1481527767;12
1795;11790;1481530676;2
3270;9304;1481534471;8
1101;9421;1481550509;10
21319;14567;1481531639;16
2730;10262;1481512209;8
19273;8281;1481533537;16
10201;18860;1481513613;8
1049;6362;1481540940;8
6203;407;1481533163;14
10728;21499;1481538608;8
5259;25128;1481513583;14
8248;16640;1481530665;4
14927;161;1481537491;12
191;6893;1481511970;14
19721;12088;1481539788;4
1030;23317;1481547883;18
24501;25045;1481525265;2
17231;19758;1481524917;8
185;1328;1481543524;10
8147;8901;1481527040;12
5677;17904;1481532847;6
9062;13298;1481546927;6
24707;1712;1481540256;8
4787;19297;1481529510;2
22292;6722;1481514525;14
20103;8051;1481519658;6
15114;20155;1481510171;4
4167;561;1481512465;6
7782;8006;1481539416;18
27206;24281;1481526246;16
26145;987;1481527726;8
4783;11692;1481546429;2
6118;2840;1481510251;14
20775;8693;1481516169;14
6782;964;1481548413;18
1905;1143;1481511707;18
10494;5036;1481543468;18
3915;4351;1481532408;10
6971;10218;1481540445;16
23366;4263;1481535235;2
3997;20573;1481512322;14
2823;1093;1481509858;16
19869;7389;1481511688;12
4362;1850;1481526580;6
4003;23037;1481512906;18
27432;3091;1481546328;2
1567;6977;1481513627;10
20881;8464;1481510112;12
23036;4641;1481511701;12
25518;14273;1481536476;2
7299;23330;1481523496;14
1928;1287;1481518409;6
14433;9229;1481536068;10
16931;23304;1481540051;2
9848;22643;1481533544;6
22163;25542;1481529069;8
255;13079;1481527215;10
6416;22999;1481524134;18
17256;10259;1481544279;6
3541;8946;1481521390;2
10835;27508;1481548980;6
27059;7870;1481513436;6
3448;7843;1481521740;16
20354;12095;1481548628;6
3251;11229;1481520520;6
7315;5594;1481515145;10
3586;10020;1481534132;6
27541;10924;1481523042;4
1958;8493;1481518979;12
6775;1973;1481540044;8
24182;19861;1481547111;2
7456;12046;1481540664;4
4765;18199;1481522300;18
5634;237;1481517282;4
20864;7300;1481518503;6
12055;7450;1481530800;18
12121;6872;1481540367;4
247;2452;1481536885;14
12370;3770;1481515790;14
8306;8747;1481521503;6
24357;223;1481546198;6
3421;7483;1481530570;12
24997;7712;1481537110;6
2745;20944;1481522775;6
8749;14690;1481510090;6
9631;1179;1481536108;16
6585;8969;1481535787;16
7249;1137;1481510375;18
6421;6770;1481515726;4
21321;23628;1481543947;4
19425;10614;1481514454;12
27492;19842;1481517768;10
11005;4542;1481515108;18
12644;24479;1481544323;16
22292;15014;1481538474;14
1460;15214;1481543979;10
6481;3935;1481517011;18
1284;8420;1481520122;14
911;10881;1481514011;12
3768;386;1481514671;10
12309;1180;1481511038;18
21731;11000;1481512240;8
18907;8318;1481548446;12
8832;10553;1481525758;4
15738;19311;1481547982;14
1041;23037;1481547106;16
561;10924;1481548533;12
5517;5352;1481542557;6
17506;18844;1481541500;14
115;20290;1481512801;6
9751;8335;1481530208;18
8343;10716;1481516791;14
13202;3936;1481514160;8
3095;18341;1481548584;8
8418;1485;1481517863;18
104;3616;1481516744;18
7103;17043;1481541915;6
25080;24397;1481518968;2
8642;26240;1481517389;10
13909;3078;1481513699;16
18131;14661;1481532142;18
5935;20037;1481527796;16
26111;10560;1481525485;12
19598;10388;1481510386;12
4510;6981;1481515436;8
17281;8091;1481516359;8
8136;393;1481528759;8
18840;27106;1481538458;6
27408;19059;1481539411;8
4811;13128;1481525172;18
14105;10504;1481518844;4
6579;6714;1481531950;6
9951;8235;1481543130;12
22964;24446;1481540234;6
11033;1703;1481550840;16
8141;4285;1481512204;2
401;4558;1481529586;8
26139;20943;1481525888;18
8984;1602;1481537995;2
2167;9994;1481529482;10
22267;2408;1481545687;2
21463;27404;1481511483;4
6021;25191;1481519844;2
12577;9815;1481536161;16
25286;7544;1481530393;6
13030;15481;1481512161;4
7189;7102;1481539891;4
12591;3682;1481534443;12
19225;4662;1481534725;2
13;22645;1481516399;18
18335;8893;1481542186;16
13221;11694;1481523566;6
1038;9484;1481513979;6
14626;5722;1481545927;10
17429;19964;1481512514;16
20408;1720;1481520219;14
12405;18197;1481510229;14
12944;3910;1481519930;4
15479;1917;1481549876;12
188;6171;1481517734;14
18811;4624;1481519164;2
6658;8465;1481514516;14
22215;210;1481541880;18
7317;2741;1481534966;14
1494;1934;1481520016;10
16353;10785;1481526151;16
7328;12234;1481530596;10
4253;7160;1481543561;6
27342;14237;1481514109;14
23489;8296;1481515632;16
11064;8808;1481525478;8
21495;5261;1481533936;18
19555;1235;1481550318;12
21414;27013;1481536259;8
22252;9058;1481537326;18
13256;4312;1481549435;6
3006;5001;1481522969;4
11157;1693;1481545181;2
11215;6777;1481536114;18
6117;26189;1481539605;10
25044;12144;1481539420;8
13872;5423;1481510123;2
23861;26482;1481529372;12
177;25113;1481514650;6
4670;8989;1481517485;14
1039;6191;1481512557;16
8407;9518;1481515115;12
22929;24450;1481524702;16
9060;4930;1481521333;12
1548;19836;1481517004;18
4875;20196;1481512563;6
14875;19570;1481520668;10
20318;18946;1481514702;12
22504;14692;1481511520;10
17027;15010;1481541183;14
9021;14140;1481516372;4
26149;25180;1481547486;2
18154;25449;1481532970;14
10710;1729;1481516335;14
19067;22498;1481551047;18
9679;4316;1481511713;2
19495;17616;1481534736;10
12212;9394;1481517968;4
3401;18052;1481528677;4
23535;27488;1481512355;2
9206;12560;1481538965;10
4607;11044;1481543085;14
12335;3398;1481529960;10
10475;3972;1481510559;8
23665;21494;1481517144;10
1199;1364;1481531645;18
19039;17849;1481520887;14
3854;23649;1481526120;10
20035;3368;1481539644;18
8382;13871;1481537303;16
6287;14810;1481531323;14
15467;10526;1481521211;2
442;19492;1481526373;6
8548;3352;1481539519;16
16809;14271;1481541699;16
439;18099;1481527775;16
20831;7863;1481532390;4
17035;27267;1481532797;4
6680;9457;1481549639;10
18068;18878;1481533442;8
12693;7479;1481531503;8
17394;306;1481513360;12
27551;20472;1481548855;4
24918;24660;1481545752;6
12773;2781;1481532057;4
20464;7504;1481543743;16
5673;5945;1481549528;16
195;41;1481530114;18
17162;8503;1481509883;12
25382;1841;1481545576;2
11267;1645;1481510621;18
8013;1354;1481550138;8
11749;4570;1481539551;12
170;13221;1481515073;6
14426;3698;1481516236;14
6579;11601;1481527273;12
16301;20852;1481550579;10
2409;25425;1481515746;8
12674;17795;1481519446;14
6187;7505;1481541527;8
3079;4349;1481547506;16
16887;23024;1481527477;12
8133;3974;1481520124;12
19296;15086;1481545059;14
9534;6209;1481545843;4
13777;8876;1481519130;16
21282;6385;1481543754;16
2607;12020;1481521472;6
13946;2380;1481533863;10
26306;6305;1481510421;16
6771;8223;1481516589;10
2464;27428;1481536406;2
1416;6986;1481532007;18
15088;14248;1481519716;2
26101;2380;1481543997;8
10425;1846;1481517783;4
15239;19951;1481511732;10
4786;1365;1481538853;16
10501;337;1481538427;12
25011;2777;1481549875;16
14986;8249;1481541112;6
7831;18046;1481543385;14
5043;6684;1481511856;2
9199;2161;1481549399;8
69;11364;1481509599;14
7318;325;1481532748;2
6120;6979;1481538675;14
18069;8432;1481535855;16
1093;7077;1481514020;18
1876;8195;1481519313;8
1594;14269;1481532033;18
9209;951;1481523233;12
8456;9301;1481533513;18
6498;6986;1481547699;6
21446;8416;1481520534;2
11043;11100;1481547647;14
11144;8549;1481540004;8
19970;10989;1481550437;18
26111;5508;1481511165;4
2035;7014;1481531795;12
20917;26073;1481543093;6
6765;10378;1481541198;4
8638;5867;1481515917;4
11620;7391;1481544834;16
6197;7466;1481544325;2
1306;106;1481522052;14
18936;6412;1481520085;2
19022;206;1481525212;8
4731;15375;1481533989;8
10997;7312;1481550069;8
1389;10469;1481546503;10
22430;4566;1481539644;8
27172;25004;1481538000;18
2831;21089;1481513736;4
5502;21759;1481542249;4
5478;18341;1481516696;10
20048;203;1481537753;6
3736;8359;1481544551;2
18077;8450;1481534763;2
14248;21436;1481520545;8
1462;14889;1481547023;14
2142;6465;1481538322;8
27551;3023;1481545720;10
2169;3888;1481520091;6
11408;13261;1481520914;12
16889;12559;1481541142;18
23026;21399;1481532365;14
23647;8942;1481545720;6
6434;12029;1481528378;6
20400;5475;1481523063;16
23647;24253;1481520571;18
19210;14979;1481537221;2
10826;7018;1481533239;8
1920;1014;1481547717;12
10768;7042;1481550412;8
4880;10113;1481525575;12
12376;10161;1481539367;14
2739;11112;1481532131;2
9365;5945;1481530470;18
1224;440;1481518708;8
14261;19885;1481516216;4
27396;27328;1481520448;4
6475;6938;1481549119;2
7458;1747;1481533301;14
20900;10010;1481513009;6
4811;7461;1481547001;6
4745;24651;1481538836;6
5630;1878;1481547483;4
6307;142;1481515934;6
11231;6368;1481519512;8
25077;8907;1481538650;16
25250;23086;1481523361;14
11400;5729;1481539604;4
1292;3915;1481530378;10
24986;11376;1481511451;18
4863;20773;1481537717;10
11988;5643;1481525352;12
10080;24164;1481511186;8
25531;13761;1481546917;2
8381;23824;1481550970;10
11155;10311;1481540194;8
414;20392;1481517551;6
12211;10496;1481511519;8
8960;9751;1481535765;10
1264;10518;1481514508;4
10375;4263;1481541865;18
196;17465;1481535665;6
6305;27296;1481550697;2
13815;8549;1481534953;6
4904;12814;1481528302;10
9347;10828;1481530927;10
25346;11719;1481543551;16
7763;19076;1481549164;16
12646;8391;1481515816;18
23160;24685;1481532860;10
4260;6467;1481519253;4
9432;20431;1481530131;18
22315;1983;1481541421;4
6346;11786;1481526073;16
9359;6561;1481533346;18
2158;6861;1481527676;6
2808;11121;1481514631;12
25441;4698;1481547490;2
6481;18166;1481532382;16
12068;25185;1481514280;4
21086;24174;1481547655;12
19823;8474;1481529523;8
6000;5730;1481546444;18
6441;2142;1481526403;8
1857;15324;1481536345;10
1605;6190;1481532390;10
23165;2175;1481524902;2
5117;15460;1481534859;10
4666;11566;1481532592;10
27173;6859;1481542793;8
22161;8378;1481547389;18
8058;1416;1481523708;18
4685;1038;1481538007;10
6967;23748;1481543901;2
1311;5010;1481522387;8
20930;14105;1481547865;16
12761;6253;1481541050;14
407;4016;1481527359;12
13859;27176;1481512869;8
6407;18069;1481531823;4
19870;5862;1481539280;16
4267;11694;1481524469;8
21411;5733;1481509718;10
13941;11480;1481536166;6
14253;3618;1481536409;6
20114;19582;1481550402;4
7260;1339;1481511814;4
14973;6584;1481513905;6
7048;6698;1481534661;4
21462;9679;1481522441;18
5027;7081;1481541126;2
16202;6359;1481547281;16
3283;9432;1481526778;16
19236;7563;1481520143;14
11892;1567;1481542123;18
2337;8782;1481512392;16
20890;21085;1481531395;10
1026;3386;1481526807;10
11375;12140;1481539486;12
5849;993;1481544303;16
8657;8974;1481528632;16
1359;1914;1481521448;2
999;9467;1481529772;14
15517;16353;1481529992;10
9241;8576;1481510670;4
10356;6696;1481539079;6
149;11892;1481547006;16
19880;1043;1481511046;8
12158;3757;1481530551;4
17405;7995;1481528351;14
23178;10427;1481530701;16
26159;7871;1481517404;12
7835;3754;1481521546;8
4666;4642;1481511894;4
11052;2953;1481548950;12
18207;23191;1481544646;6
6965;24923;1481538343;2
2383;12428;1481549706;6
11090;7526;1481525280;16
6628;10385;1481531823;16
20888;23167;1481522158;2
17289;7600;1481518914;10
24428;17213;1481544192;6
4013;3003;1481545065;14
21096;10849;1481532660;2
9000;4274;1481530809;8
2753;6587;1481549393;8
8321;8878;1481536868;16
23444;14192;1481533093;10
11089;7466;1481536431;12
5768;6328;1481523429;16
1293;5529;1481539448;18
17157;6516;1481537074;12
6631;24932;1481545652;12
5631;15085;1481524064;4
22579;288;1481521916;12
10989;14289;1481513302;4
11009;5037;1481513090;10
13900;1132;1481513281;12
7541;10101;1481519894;8
298;7438;1481527633;4
1003;234;1481517111;6
27095;11108;1481525064;12
6025;10017;1481540192;16
20868;23336;1481541670;16
5739;14538;1481522281;10
20895;16841;1481530335;2
24955;222;1481511678;16
10925;19571;1481549626;14
2960;2171;1481534532;12
16531;8379;1481534222;12
10885;2143;1481520047;16
12709;10007;1481530403;4
21297;4022;1481550568;10
9449;8876;1481545942;12
27134;9867;1481528284;8
26169;24017;1481536949;14
1681;5865;1481510284;12
4596;4904;1481538042;16
1886;10164;1481513675;12
6378;2324;1481511393;16
23334;3497;1481520420;6
1914;10538;1481546358;16
12600;19908;1481527023;18
23305;6723;1481534450;2
15012;279;1481530611;6
8957;27021;1481513056;12
17480;3120;1481547780;18
141;17848;1481529548;8
9843;5638;1481519800;6
1874;1449;1481524381;10
5504;21319;1481535367;18
5717;14935;1481533215;14
5628;7397;1481511364;12
13138;8584;1481535022;16
11829;2427;1481535434;14
27277;8532;1481519756;12
1117;20411;1481519698;12
200;9979;1481516814;8
11120;8162;1481539031;2
6762;17449;1481519227;4
1132;27326;1481523930;6
27413;3422;1481521950;4
10018;15324;1481514077;10
18157;8849;1481548245;10
4023;8563;1481542556;14
2154;19752;1481539802;4
1954;8566;1481541311;12
6893;19494;1481543863;6
11017;1418;1481519041;2
8378;3716;1481532809;8
5388;27405;1481510742;14
9977;25190;1481521949;16
8323;25341;1481545576;18
11886;18878;1481530188;18
23026;4924;1481545852;18
6943;22971;1481509926;8
7043;314;1481515678;12
561;8432;1481541452;8
11001;8943;1481510225;4
9671;8869;1481538851;18
14113;1590;1481529479;10
8474;24133;1481518729;8
7813;9540;1481510622;18
18934;3274;1481511364;2
12757;23116;1481550593;8
19798;2356;1481541846;6
6032;16122;1481542066;4
20636;17399;1481510991;10
8326;8869;1481542334;4
18319;6965;1481529006;12
4676;5474;1481524713;18
9184;8095;1481543172;4
13181;21030;1481532206;8
27314;8822;1481550421;10
2967;1953;1481522925;8
18321;4290;1481542495;10
11907;5818;1481520399;18
16021;12786;1481527384;8
10799;24430;1481513526;16
25363;20538;1481516185;18
4258;24681;1481540431;12
7887;421;1481531179;2
13181;6124;1481534318;18
6732;9887;1481550357;6
10613;6410;1481549711;8
1626;7871;1481515540;16
27293;8395;1481512217;12
7607;15380;1481518146;8
12237;6012;1481534647;4
10009;3985;1481543107;2
14201;8350;1481518356;4
21213;6443;1481549579;18
5260;6967;1481536756;14
7760;8879;1481532191;8
14451;18806;1481510477;18
20933;12714;1481526005;14
10371;6519;1481548168;12
16301;12065;1481547640;4
6841;23522;1481531452;12
23104;14587;1481535969;8
3921;5954;1481542720;12
7493;20694;1481538108;18
19908;5819;1481511865;4
17873;7640;1481551042;4
2033;1993;1481527679;16
1635;8336;1481521645;2
28;4661;1481535028;4
3737;15373;1481516311;12
8478;12352;1481542295;14
3271;1433;1481514567;18
1126;10103;1481530891;18
4927;7419;1481549135;8
1450;8686;1481539630;12
21491;1935;1481517854;14
12002;13812;1481529201;4
141;4322;1481532638;18
9775;937;1481544090;2
8937;13198;1481528865;4
9882;9950;1481550778;18
3280;12887;1481536311;4
8003;27467;1481514196;16
6115;8290;1481534435;12
10412;27094;1481522434;8
1157;6252;1481545657;10
7059;1141;1481521072;10
13877;22442;1481511680;6
6787;1021;1481549632;2
9773;8446;1481532081;6
23748;19815;1481524249;16
24279;3598;1481518012;14
8991;1858;1481543712;2
9569;8755;1481536916;10
6660;4208;1481543458;12
3753;8443;1481540907;6
12372;27394;1481530637;2
15448;10823;1481544470;6
2792;20794;1481539388;6
13878;10014;1481549231;2
6512;7482;1481545989;8
23889;3127;1481526463;10
24970;2773;1481512707;2
985;7094;1481509656;18
15324;16862;1481544750;6
8437;9316;1481513554;6
10467;5902;1481531560;6
25046;4553;1481541256;14
9573;7897;1481528884;8
27098;3071;1481530968;18
27330;9997;1481526882;18
5926;15228;1481537107;8
130;25368;1481510059;12
24984;14874;1481528517;6
7017;26072;1481526605;18
1876;17572;1481532158;4
25369;21078;1481541094;4
6603;9133;1481520722;8
9515;14653;1481523640;2
12947;7606;1481511320;8
14108;24142;1481547617;18
15326;15433;1481519636;6
15746;16144;1481548165;6
8782;10609;1481524117;8
1686;7980;1481539560;8
4657;4104;1481549651;6
16139;11395;1481526369;6
4573;8753;1481531523;6
12748;16119;1481545381;16
19593;4916;1481514272;18
23540;5034;1481549911;6
7885;10715;1481517418;2
16931;7863;1481518063;18
26111;10466;1481526729;18
9777;17391;1481540967;10
23085;19799;1481524998;18
7841;19556;1481550128;16
7267;21717;1481528647;8
20869;12773;1481514100;10
6616;6963;1481544432;16
14710;12427;1481551036;12
5915;17470;1481519552;12
14653;14633;1481517725;18
2282;20298;1481546663;4
20358;1722;1481523080;12
3970;5243;1481523659;14
27202;13930;1481513906;18
3538;22179;1481523229;4
8893;27284;1481544216;4
3777;372;1481523919;2
8289;14002;1481517744;10
408;12035;1481512257;18
10739;6009;1481518904;18
9163;21463;1481513902;10
27323;253;1481523226;12
6217;1858;1481544599;16
3999;23522;1481543499;18
12221;6563;1481540446;2
17579;11087;1481532395;14
19802;22;1481535731;4
14900;1427;1481516231;14
8976;421;1481509743;10
26074;9;1481542448;4
24930;27328;1481547873;10
2807;4804;1481520775;4
6384;3955;1481511610;4
10409;10255;1481516955;16
27173;11941;1481539225;8
955;4993;1481515544;10
9058;3066;1481544163;18
6239;5251;1481516550;6
22499;26155;1481537810;14
16803;7820;1481510646;14
10877;11623;1481534859;12
10253;1405;1481542080;14
17791;3260;1481513033;18
8285;10849;1481523159;2
3119;6019;1481540974;4
1982;6657;1481525775;14
12700;4582;1481523061;18
9863;1283;1481513184;18
73;21717;1481535807;18
3267;11921;1481517516;16
4958;20070;1481525790;10
10268;24726;1481524671;8
3594;27535;1481541292;4
20415;2776;1481525309;12
20926;9307;1481515269;12
11018;8145;1481521659;2
16189;23031;1481545265;8
1089;1115;1481515407;14
2732;7356;1481533468;12
7417;14874;1481516896;16
8566;1274;1481534291;14
20980;18046;1481510014;16
16128;8756;1481521187;8
11090;17384;1481537138;14
23887;24254;1481533688;16
18850;4749;1481536975;4
23542;7043;1481550007;14
12026;3395;1481545021;8
8920;201;1481525085;10
4253;14797;1481517765;16
22976;22179;1481525903;16
6330;3746;1481549883;2
9442;17488;1481531170;8
879;1697;1481512824;14
7583;288;1481529507;10
14246;1876;1481546527;14
4777;2753;1481515354;16
7612;12419;1481510677;4
1686;4353;1481512287;4
23059;9432;1481541557;16
1126;1313;1481537405;8
18178;1518;1481547307;18
5640;7546;1481531986;4
6889;27457;1481522409;18
27414;3376;1481523095;14
3146;1702;1481525138;4
4785;6209;1481524878;12
10475;25363;1481537004;2
3789;10425;1481517182;6
2830;13217;1481525239;14
9751;25391;1481547046;12
23162;1530;1481516992;14
19216;4952;1481538299;14
3905;23353;1481546392;10
13216;8950;1481521906;6
6473;262;1481543985;10
23805;172;1481544618;16
4255;27127;1481538080;14
22296;6395;1481545310;12
6591;7422;1481509835;4
23157;326;1481541575;12
9313;5947;1481531810;14
5830;6229;1481518357;2
1455;10348;1481547176;2
17025;1266;1481540725;4
6539;2154;1481509971;16
8013;4521;1481532869;14
26394;4210;1481509534;8
17901;11760;1481520502;14
15371;21310;1481533811;18
21088;7350;1481518404;4
6321;27328;1481511623;2
26155;5502;1481534343;14
6529;4809;1481538561;12
1537;26150;1481525126;18
17795;11264;1481533483;6
5021;5395;1481525333;6
6989;27413;1481542844;6
10180;8345;1481520725;12
9164;104;1481527872;8
25086;23496;1481537673;16
11921;20120;1481515633;2
8970;27311;1481522040;2
9281;1981;1481534694;8
15250;404;1481547539;4
4486;24738;1481530280;8
7348;12920;1481526794;16
7495;27299;1481547564;10
9007;14134;1481547619;10
4290;3955;1481527539;18
10510;12943;1481518250;6
12043;4413;1481528861;2
6830;8050;1481533708;14
10312;7866;1481527697;8
22614;19867;1481545139;10
24708;10612;1481548174;2
2806;5837;1481527145;8
15788;27014;1481522430;12
14248;7051;1481534453;2
1729;9977;1481541829;8
6673;3707;1481545265;8
7086;5049;1481549252;4
6360;10249;1481540977;10
16915;17213;1481530318;10
22272;2162;1481512283;4
5934;14442;1481518740;10
3270;11770;1481516102;18
8592;25535;1481535831;12
4327;26076;1481544991;6
17255;7298;1481544101;8
6861;27431;1481540953;16
6536;345;1481525969;10
6900;7488;1481535632;2
204;259;1481520150;6
5514;9548;1481513666;4
12162;5044;1481530841;18
7054;10267;1481535035;6
46;2385;1481514350;16
4804;24281;1481528642;6
1352;19753;1481541627;16
14624;140;1481519463;18
3559;6475;1481513997;8
13;216;1481521631;14
20707;8187;1481539800;2
6365;12293;1481510363;10
10272;20006;1481538731;4
2363;9009;1481518373;10
20336;6942;1481511153;16
2762;25501;1481525351;4
20782;20005;1481537344;18
16046;23891;1481550500;10
1453;4661;1481515957;16
20480;20683;1481540110;14
7157;25161;1481543002;10
1092;1488;1481529683;12
15389;237;1481550713;8
21802;4320;1481517280;2
7872;15131;1481538149;16
19533;7964;1481517530;12
8531;12283;1481526798;4
3026;7529;1481517533;18
2985;12568;1481532762;10
7902;1627;1481536461;18
6668;21268;1481538954;4
3065;11213;1481539282;4
956;7087;1481516326;12
3382;15450;1481517072;4
9160;8562;1481526941;14
9561;22177;1481524502;14
24473;19024;1481537360;16
4891;172;1481528752;14
7600;27337;1481548279;8
9636;8359;1481512183;12
22215;4230;1481532283;16
16840;19847;1481526088;2
9865;294;1481526604;18
27201;2833;1481533257;10
16040;12870;1481539654;6
14163;23833;1481529863;2
20192;4357;1481519735;2
10785;16888;1481510628;12
22274;7379;1481528246;8
8135;20544;1481543567;14
16335;11115;1481514342;16
11041;17023;1481514190;14
10031;23302;1481515004;12
19548;5641;1481539215;4
167;6673;1481518046;10
1118;2813;1481520316;6
15739;5029;1481551046;4
19804;25387;1481549711;14
6639;11413;1481519212;10
10238;15075;1481516479;8
9814;20691;1481536195;16
12141;141;1481530727;12
1104;27032;1481521521;18
4506;17024;1481529111;8
19273;17846;1481550875;6
13853;1033;1481530714;18
12651;7886;1481533579;16
2426;4871;1481533754;14
14584;10686;1481531243;12
25543;11173;1481544640;14
27449;27504;1481546291;10
13873;1170;1481548123;12
4947;17506;1481515515;18
21376;27129;1481520647;2
14992;6332;1481512056;6
14558;13758;1481521717;18
17278;26085;1481517385;12
18160;25063;1481517139;8
17309;19529;1481519826;4
1090;3609;1481520812;8
11082;21085;1481509595;8
13880;9478;1481545195;14
8642;7997;1481528401;2
18067;24462;1481537492;4
7021;6444;1481510455;8
5937;1370;1481519994;16
2116;144;1481527261;14
20299;9440;1481550716;14
7008;9419;1481544875;6
3595;22180;1481516733;2
113;4664;1481510282;12
9189;22531;1481527896;8
566;5035;1481513066;14
7821;19780;1481532649;10
20878;8802;1481538329;2
5855;1513;1481526831;18
7290;1392;1481538204;4
27448;8993;1481550149;16
7162;4627;1481520289;4
2124;2375;1481540725;12
12136;27015;1481538566;14
5809;18196;1481540331;4
1491;20684;1481515089;12
7460;7700;1481542570;12
14962;11642;1481532569;6
8333;18963;1481520786;14
10833;10203;1481521359;12
3622;13678;1481527675;12
22268;17526;1481512179;14
24665;1622;1481516835;14
16007;27558;1481520445;4
11576;8693;1481538615;2
1458;5634;1481545175;6
3905;25074;1481516185;16
16140;3385;1481545126;18
10684;25170;1481542814;16
9192;6729;1481540375;6
7079;79;1481514982;4
14545;6232;1481521772;8
3398;2025;1481547527;18
2380;1399;1481547729;6
24971;2128;1481542465;8
19319;20754;1481541755;14
6639;3278;1481525864;12
8302;23335;1481521559;8
19761;24172;1481549621;8
8461;4257;1481526828;6
358;15761;1481523276;16
157;4239;1481538627;10
24450;10459;1481512034;12
12774;4580;1481521273;2
11080;23333;1481538967;14
16798;6205;1481533841;14
3003;6602;1481525344;2
6355;4333;1481511162;4
18072;19220;1481511802;10
24471;7854;1481522341;4
5485;14892;1481519578;12
5118;5983;1481523170;4
16307;25286;1481526534;18
1902;1485;1481534337;14
9819;21445;1481526555;16
1346;19840;1481544689;10
7171;14992;1481543668;6
24672;7327;1481548984;18
3464;10520;1481517168;6
4301;14821;1481539129;18
7315;145;1481520187;16
9987;20465;1481516764;16
10422;16121;1481529153;4
3290;9024;1481538426;16
5833;17800;1481525365;4
22453;18336;1481548127;2
3905;1449;1481509654;10
10709;2020;1481524137;6
14142;23016;1481536569;6
7016;42;1481525750;14
17921;6622;1481541207;10
7532;1286;1481546047;10
27402;6715;1481534421;10
18444;8847;1481524611;4
5998;14713;1481539962;18
10202;27186;1481521820;18
8947;16824;1481534866;14
21069;4911;1481520140;14
5823;1963;1481511828;10
11385;8546;1481526978;18
1683;27442;1481524263;8
5696;4597;1481546459;10
19822;5391;1481540952;4
16186;11139;1481534532;10
22662;7634;1481548453;4
3991;949;1481548930;4
7688;7054;1481540264;18
4937;1119;1481549144;2
15077;1910;1481542854;18
23450;3088;1481515768;14
22473;15239;1481524250;18
7007;10072;1481531437;4
5869;5486;1481512307;14
4530;11607;1481513419;14
6471;10105;1481533942;4
6503;11596;1481519971;8
21472;9764;1481541709;6
6404;3125;1481527254;10
23971;7282;1481540920;8
7648;1127;1481535963;10
20399;9471;1481539147;14
3788;18195;1481524861;14
21400;5844;1481521108;14
11025;1177;1481520168;14
15738;15347;1481515650;6
10322;16804;1481518944;18
3934;24670;1481517624;4
1355;14288;1481551140;12
266;8144;1481520552;16
16022;20462;1481542172;6
9206;21074;1481523785;18
11014;5356;1481521533;12
4702;2016;1481521156;12
24673;1792;1481531236;16
206;12571;1481510294;14
8645;10665;1481533085;10
23167;9219;1481541853;12
6992;1159;1481511441;8
25371;26240;1481534030;8
17481;9432;1481522358;2
17504;3707;1481536444;2
4955;11253;1481536745;18
8813;6289;1481535626;10
6937;14798;1481530180;12
895;4508;1481548048;14
27085;19990;1481536413;12
7772;5547;1481543771;2
11226;14923;1481516051;14
14891;14437;1481524175;2
13903;18862;1481540152;10
9971;2419;1481532000;2
4758;4677;1481514926;10
18076;8636;1481532718;4
20245;9511;1481511267;4
19077;907;1481540149;2
13811;11201;1481536095;12
12241;27544;1481540760;8
6677;3251;1481549031;2
3468;67;1481527261;6
7572;9248;1481538365;10
6344;7855;1481525184;12
11129;18864;1481524855;14
1177;18348;1481525908;16
4242;10424;1481541919;18
5592;5861;1481538233;10
26169;9759;1481549783;12
7891;20673;1481514733;14
154;16890;1481544097;4
4262;9563;1481546551;14
13910;5741;1481517540;8
4735;18906;1481531284;10
9185;27103;1481516738;14
18891;16858;1481532989;10
1395;27096;1481543604;10
8528;26315;1481525810;6
12347;1645;1481534765;10
22461;13620;1481518402;12
14875;6367;1481524604;6
25188;27158;1481515295;6
24680;8545;1481510601;16
25468;4902;1481530671;8
11612;212;1481547509;16
622;10985;1481535096;8
6596;1734;1481535540;12
22296;25023;1481549484;16
10926;18820;1481535224;16
5478;6604;1481509903;16
1517;3792;1481546507;10
7964;23521;1481544296;8
20110;5897;1481534039;6
5685;12246;1481515120;4
9446;25089;1481549870;12
14140;9201;1481518270;2
4786;21799;1481527447;18
20931;13776;1481548996;6
21308;22603;1481510613;6
13217;13904;1481546091;12
4852;7865;1481533436;18
20261;4936;1481515030;18
8817;9536;1481518202;14
25164;8550;1481534592;14
10813;12797;1481517611;4
12187;5007;1481529889;6
10814;19220;1481528913;12
14427;17007;1481537052;6
8163;2158;1481510981;14
11758;7348;1481529237;14
13884;10591;1481523885;12
17472;8047;1481548804;4
2812;14515;1481519346;16
5711;159;1481537609;2
6202;12290;1481542835;12
5924;3648;1481543622;14
13814;2354;1481534718;6
12775;8416;1481544104;4
6586;20455;1481512301;4
15031;10597;1481542586;12
19042;18963;1481542307;16
10263;7273;1481527573;2
11991;8525;1481537934;18
25196;6574;1481529860;14
12644;27287;1481539865;10
11244;8023;1481546394;10
939;12186;1481543403;14
1699;7405;1481522385;8
2874;20423;1481550500;18
24679;24748;1481534841;8
6313;3754;1481510212;8
11848;8037;1481542025;2
5962;2283;1481513746;16
15073;5395;1481549568;8
12150;22301;1481532900;2
22969;16369;1481514857;16
365;25324;1481531293;12
27399;3583;1481515409;16
27439;15164;1481537679;18
1336;12761;1481535581;12
6817;7066;1481519228;16
21221;26319;1481547257;6
6241;4481;1481518393;14
11485;25394;1481535676;2
10698;25327;1481542360;10
11371;3574;1481510300;8
9520;3943;1481525633;6
6384;21299;1481522179;18
8557;23040;1481524936;18
20963;11082;1481550826;18
6946;14167;1481520283;6
1884;3374;1481530030;10
1067;12347;1481520731;4
6484;21093;1481512977;8
24279;2281;1481526963;12
7936;6431;1481518387;8
4771;11728;1481533694;18
19423;3547;1481543502;10
5717;8277;1481520628;18
5844;4943;1481531495;6
85;18151;1481519831;10
5991;12142;1481516424;16
20587;16037;1481515611;4
7685;8997;1481520990;18
14142;10502;1481534303;8
5429;8966;1481528524;2
23542;4848;1481529705;14
1029;1148;1481516852;10
5938;1276;1481522408;16
17190;11220;1481519013;10
13949;13184;1481512667;14
27280;9893;1481510476;14
3250;8925;1481534508;14
27037;10603;1481515363;6
83;15304;1481539949;18
7620;2176;1481547560;12
12585;10324;1481549072;18
17785;2362;1481510589;18
7148;15744;1481511573;16
22532;5728;1481527779;16
19989;8543;1481524204;14
4285;23109;1481534585;14
5611;1960;1481544808;8
1332;4848;1481549145;14
10998;11596;1481543354;16
7023;1585;1481545181;12
27544;21747;1481534806;12
2344;3393;1481510606;12
2731;8503;1481519416;2
5518;2124;1481525119;2
1268;1056;1481549677;12
14106;22577;1481528237;14
60;23522;1481539112;10
11601;27490;1481536786;6
9988;1089;1481512464;4
6793;19278;1481532498;10
17390;17844;1481539683;8
5904;9509;1481532411;8
10114;6559;1481548694;4
6769;27422;1481510475;4
13854;3254;1481546871;6
6986;5759;1481535977;18
9737;25388;1481534434;12
10695;9892;1481545129;8
4226;7573;1481540722;10
903;386;1481520541;18
11841;9179;1481519282;4
7864;18144;1481550234;12
10571;9430;1481526268;10
4018;11029;1481540172;6
9854;12591;1481525677;10
23805;7183;1481534188;12
18091;2985;1481548437;12
7366;6363;1481547686;8
14153;11766;1481550594;6
1119;6146;1481531274;18
8342;20243;1481512077;16
7776;6314;1481514549;2
5378;14553;1481520816;8
4681;127;1481529989;6
17121;13946;1481518585;6
13944;86;1481513356;4
20427;18071;1481514077;4
7630;10205;1481528070;14
14123;6557;1481543396;8
23161;19741;1481550824;14
6649;11404;1481515834;8
978;21084;1481520996;10
27331;19299;1481538217;4
4766;19560;1481544603;6
7641;133;1481535275;2
20412;10561;1481510679;10
7954;4557;1481510154;8
27048;7974;1481543740;14
6940;1979;1481519189;14
10569;5391;1481542408;12
10028;11399;1481520567;12
4298;9530;1481510118;18
4204;4644;1481524697;18
9813;21292;1481546662;10
4508;7090;1481525302;16
22795;2795;1481531754;2
15909;12308;1481520834;12
20922;10288;1481547083;14
25502;6563;1481531183;12
12644;18883;1481530883;10
1219;14708;1481516558;18
21302;19055;1481527048;2
21377;18809;1481539396;12
20423;19983;1481538480;14
20459;21436;1481522639;10
6384;1670;1481521380;12
17413;9219;1481521133;12
10066;7326;1481527116;6
12574;25383;1481527020;4
10249;23727;1481531872;14
21308;23120;1481526892;14
6868;230;1481548522;14
8990;12239;1481537669;12
9106;23450;1481536230;16
10623;170;1481532745;4
27008;25468;1481520026;16
14256;4577;1481519904;4
7344;20071;1481541713;10
10473;6200;1481548397;18
23019;9865;1481531421;4
17332;1025;1481537265;2
7633;25056;1481522808;16
22502;14437;1481527329;16
7044;3219;1481516515;18
8647;1895;1481527098;14
7887;24249;1481545847;10
10237;11252;1481545696;16
1886;5121;1481522756;18
9013;6386;1481545270;18
20536;1426;1481542736;2
13800;975;1481536408;10
10907;8282;1481549717;8
5409;3427;1481512266;12
4654;14050;1481534157;16
1292;11622;1481516760;6
6654;9948;1481529727;10
11114;1585;1481514980;16
12317;20982;1481531971;8
13800;18069;1481518417;16
1698;7187;1481531487;14
10605;9887;1481531874;2
19220;7084;1481535077;18
16022;2876;1481529732;12
17407;6477;1481540265;6
22999;8567;1481520000;18
343;7871;1481524207;14
7058;22441;1481527825;10
17848;20076;1481548190;16
4836;12326;1481522683;12
22178;6022;1481522592;14
25044;8075;1481547763;4
14075;16937;1481520039;18
6181;13201;1481530955;16
6455;7099;1481520016;2
6019;26319;1481514736;12
200;22316;1481516946;18
7976;12772;1481543972;8
8409;18508;1481540145;18
1391;1088;1481514878;12
20399;1503;1481521227;14
16804;4573;1481534791;6
6802;22963;1481548184;18
7299;1500;1481548541;16
27025;387;1481514201;6
187;4730;1481514873;16
11159;2725;1481541421;18
9100;8837;1481537619;10
1628;7462;1481514617;2
23533;1383;1481535679;10
23178;19022;1481509885;8
7312;10885;1481529104;18
13948;10242;1481521343;16
12040;1859;1481540640;14
6196;6366;1481525502;4
17379;25323;1481545306;16
15036;8509;1481522287;16
21313;4723;1481522476;8
947;14916;1481521654;12
11751;1355;1481538938;2
12230;6793;1481547679;2
8817;12061;1481548334;10
3592;12100;1481522313;16
4822;7837;1481518736;2
24970;20156;1481533483;14
21411;10322;1481534618;12
24782;2141;1481516541;6
15476;15393;1481517015;18
6652;16848;1481539589;8
1882;25188;1481543827;12
6666;5038;1481518078;16
5485;381;1481527695;2
3134;3380;1481511021;14
20073;15085;1481510336;16
10829;5925;1481548856;10
242;6215;1481530710;4
6360;7146;1481538126;12
11371;11090;1481532138;4
3984;2759;1481520058;12
10072;16709;1481529021;4
13241;3493;1481544219;2
27143;14427;1481516908;12
10096;5885;1481537188;8
27126;23113;1481520380;16
3063;17510;1481541714;12
3723;4777;1481511285;4
8333;13859;1481537984;18
10598;27031;1481530847;8
19714;20243;1481541896;8
10651;1729;1481537233;2
4945;10283;1481547491;10
5124;5947;1481517619;10
9807;26192;1481535397;16
6330;20453;1481534938;12
3080;17288;1481518551;6
20403;20148;1481539213;8
23024;20970;1481529629;6
5645;5001;1481544815;16
7048;1920;1481532910;18
14912;10019;1481524918;16
27036;19217;1481529753;18
5861;5297;1481533547;14
26473;19806;1481515437;14
6833;8358;1481511235;2
7261;1929;1481511798;16
4823;10495;1481538644;2
6822;18807;1481544325;2
11082;951;1481516246;8
12314;10208;1481536616;10
27029;14778;1481510408;8
8389;16997;1481537815;2
387;5852;1481521450;14
18896;13812;1481548318;14
11018;1900;1481528977;16
6009;19969;1481539292;6
5970;8996;1481524049;6
5547;4610;1481536847;14
5872;6917;1481541196;18
15479;20416;1481525331;4
5942;3964;1481540219;2
2412;4032;1481538155;16
14879;8017;1481514579;8
1978;24963;1481527337;4
620;10007;1481550162;8
23318;4969;1481549466;6
11783;3491;1481512300;8
7349;7916;1481547058;16
24356;14202;1481525347;10
2765;17299;1481543971;16
22432;5127;1481549597;6
16863;12560;1481520161;10
15390;8647;1481543989;4
10835;13941;1481542578;14
19964;9417;1481510898;10
3289;10205;1481532380;12
3629;20526;1481533027;2
8310;1214;1481538842;4
117;10252;1481534382;6
5627;5899;1481525782;10
2830;4044;1481550039;4
19528;20099;1481524161;6
10325;3740;1481524691;18
10189;18202;1481548315;10
12643;8239;1481513483;14
25359;15161;1481524019;16
4226;5403;1481513576;16
6368;4968;1481519885;10
4525;24417;1481513635;10
5649;11364;1481548257;6
4847;1266;1481519773;14
27458;8992;1481537401;2
15421;259;1481533583;8
24161;20955;1481521602;16
11037;22462;1481530298;2
26084;7568;1481533960;4
349;957;1481541715;6
14131;27176;1481510572;10
5034;27486;1481539592;18
15377;3349;1481532527;2
256;8545;1481531555;4
10905;25373;1481510128;14
6995;17170;1481527610;18
4016;16851;1481516577;12
8238;7108;1481540038;18
12334;20518;1481536738;10
23049;4276;1481513301;18
14447;16534;1481537533;4
143;21228;1481517037;18
11749;11247;1481521617;16
8691;21376;1481510104;6
11026;7157;1481527204;4
17002;2156;1481544370;12
8221;7344;1481544639;16
8004;10179;1481522401;16
25194;18192;1481543788;4
25066;10323;1481534211;2
5934;5674;1481527272;8
1187;3747;1481538690;12
17516;7467;1481509956;18
6290;11258;1481528031;6
3016;14879;1481520082;14
21416;6404;1481540851;2
11950;259;1481519688;14
300;6636;1481545999;4
7875;15996;1481545734;2
12219;5807;1481544516;12
6640;9467;1481535992;10
27101;19278;1481551075;4
7573;8522;1481543937;18
8763;1909;1481522146;14
5102;12234;1481525306;6
1044;1005;1481532523;10
19898;9025;1481549889;6
13184;13887;1481546548;18
2401;9846;1481544360;6
273;8595;1481543202;16
3278;11701;1481527018;10
264;23696;1481539054;8
7825;6926;1481550478;4
3247;2155;1481542335;16
18070;4548;1481524735;10
14890;3984;1481527022;4
18907;10532;1481546289;16
19900;8251;1481534120;8
26114;12580;1481550118;6
11792;6977;1481518084;4
18075;1685;1481516554;12
1631;16827;1481529593;18
19284;23347;1481526924;2
172;8408;1481545794;6
17207;7236;1481517618;12
20529;9952;1481533283;8
27490;24929;1481509607;2
7641;11014;1481540258;10
9792;15215;1481517542;2
6720;16105;1481526851;10
13786;1957;1481526330;4
7335;7556;1481516615;16
11668;13779;1481537731;4
25414;17168;1481519929;14
2338;8395;1481530225;16
17048;15036;1481533830;4
5387;8942;1481532716;14
21005;6320;1481527307;10
10694;7680;1481538745;18
4264;8095;1481525746;12
1461;6665;1481517162;10
13212;6159;1481542184;18
21374;7782;1481511283;8
10803;9968;1481540133;12
6535;22292;1481523358;16
9767;13080;1481527183;16
16011;15533;1481535806;8
11991;2142;1481550938;10
19971;7478;1481543164;2
22989;8414;1481527903;12
23107;13870;1481530825;14
10186;2775;1481536705;2
7155;11884;1481511430;8
1555;17172;1481548019;12
8897;12780;1481518049;4
23117;12562;1481528843;4
9982;23695;1481548657;8
10475;21416;1481519114;16
7039;1483;1481541187;10
3997;13855;1481533646;4
4055;1279;1481511572;8
13314;25041;1481528843;10
1669;7014;1481546522;14
14437;3398;1481530641;12
17360;5423;1481522184;16
20243;12644;1481514928;10
18153;14558;1481529073;12
10749;20439;1481540982;12
1447;1120;1481550883;12
14879;13984;1481526642;14
15346;25321;1481550975;12
27424;20827;1481517652;8
27538;11920;1481510008;18
12142;18881;1481532314;2
11102;9067;1481536601;18
15020;17290;1481526148;14
8594;8119;1481538692;10
5286;11105;1481533886;4
10801;15025;1481531170;8
6965;17183;1481528154;8
6268;25387;1481539629;10
23319;14692;1481532747;16
11215;9100;1481547450;10
13902;9897;1481535295;14
12407;4820;1481522338;8
71;23650;1481509741;12
14823;3389;1481525615;18
23119;9464;1481527625;10
5672;10851;1481518707;16
14988;7963;1481543118;18
6232;970;1481542116;8
949;18891;1481548075;18
1877;17904;1481537000;14
4833;20196;1481536995;8
19826;20920;1481519009;10
11792;2345;1481529956;2
18898;9314;1481517244;14
20989;8837;1481549529;8
8350;5413;1481546576;10
18424;25411;1481540973;6
19232;3375;1481529129;6
9947;23039;1481528918;2
23624;19215;1481518223;8
259;20147;1481510040;6
19063;24374;1481544137;2
25388;3252;1481517907;14
16369;7543;1481545560;18
20862;6969;1481510498;4
26071;23057;1481542588;14
11146;19866;1481544433;8
1513;20628;1481513166;4
5995;17481;1481532931;18
27094;10636;1481519701;10
21500;22271;1481531831;6
11042;5405;1481534693;2
5090;3286;1481510471;14
16806;7886;1481527723;2
10804;21758;1481549244;18
8647;11484;1481521636;14
2820;20423;1481535936;4
23619;1643;1481510170;8
51;2369;1481515529;4
4182;12145;1481521800;14
19420;11224;1481518093;16
2997;22526;1481538259;2
11018;23624;1481521572;16
5510;8035;1481538614;12
11256;10505;1481511758;18
3071;7435;1481513114;2
8539;11123;1481533711;6
14635;27133;1481551096;8
2815;9739;1481511603;4
18820;4956;1481533401;12
27030;21720;1481511420;12
11814;6775;1481511990;12
6239;3061;1481516001;2
17539;27330;1481512099;12
379;10024;1481514387;18
8090;20466;1481510588;14
19934;8990;1481548893;2
1991;13800;1481521141;14
19222;3077;1481545159;18
6468;6719;1481549446;14
15765;4895;1481514202;14
3705;9567;1481511775;18
21798;5499;1481548123;14
4180;24126;1481528022;2
10459;9822;1481531437;16
12286;1875;1481524476;10
23831;8075;1481514927;8
3609;12212;1481536513;16
19042;6615;1481530159;10
25373;6586;1481540399;6
10987;3712;1481526633;18
1174;4907;1481532163;2
3943;13217;1481546995;10
8344;3637;1481530256;8
23039;27556;1481546100;14
1217;8282;1481545157;4
9406;166;1481545251;16
9113;5707;1481546630;8
10729;45;1481536177;2
6004;23548;1481542340;8
17253;13343;1481515901;8
3648;9672;1481530276;2
5017;4205;1481510881;10
1307;9978;1481514587;6
9239;16809;1481544703;14
5831;26112;1481548056;16
9485;18191;1481549705;16
2171;2983;1481520285;8
25056;15312;1481515690;12
6196;7788;1481546075;2
22136;335;1481513469;8
1566;27504;1481527899;4
8743;9179;1481511878;18
21414;563;1481550536;14
1261;1299;1481522571;16
21713;988;1481538933;16
17539;7165;1481539043;14
7368;21481;1481523765;18
20036;22215;1481545362;16
14496;24255;1481531288;14
10073;19046;1481522342;14
4017;11870;1481545703;16
8447;23662;1481519334;18
15317;239;1481510396;12
8090;26308;1481518645;14
12145;3599;1481525761;18
1281;13005;1481516859;10
8519;19883;1481524673;8
1280;21410;1481541118;8
7525;20895;1481543756;18
16119;1567;1481518869;6
5977;8240;1481547474;6
17392;11067;1481533912;14
22461;20688;1481548108;12
19269;21758;1481549067;6
17242;20946;1481530314;16
16121;259;1481517418;16
1133;10837;1481540392;6
6522;16880;1481521480;4
14887;13823;1481527065;14
9149;6944;1481517088;8
27195;13973;1481520995;2
15028;6159;1481525686;16
27405;6032;1481533198;14
6142;6450;1481546512;2
18107;8781;1481549468;16
1070;4041;1481509987;12
1562;1174;1481543127;10
3968;11068;1481529384;12
6589;24743;1481528387;6
7477;12043;1481546817;6
19038;9274;1481549933;2
901;12568;1481521092;6
2133;14547;1481533272;18
6266;18533;1481519283;8
11799;26218;1481520714;4
9061;3901;1481535247;18
4302;26216;1481510907;12
6561;4335;1481545517;2
23516;29;1481544225;4
18782;24284;1481518307;2
979;8898;1481532941;6
15030;1792;1481512893;4
10677;27180;1481544705;4
1431;12148;1481545497;4
18896;1057;1481537059;10
8501;17023;1481530116;2
18512;4508;1481537462;18
20681;25707;1481520412;10
9416;20857;1481537322;14
20862;1359;1481544106;14
20244;12139;1481543949;4
5872;17193;1481534471;10
8377;20392;1481543856;14
22647;6611;1481548706;6
13287;8543;1481512433;10
1066;6313;1481512607;6
6164;14263;1481514195;12
4800;19286;1481531942;6
8385;8837;1481549546;8
27410;369;1481536803;14
17878;2725;1481546231;8
27537;1985;1481525307;18
10314;16783;1481541612;6
10164;8667;1481539962;18
6982;9469;1481546829;6
27171;16915;1481534612;2
1547;4190;1481534965;8
20353;6767;1481535843;12
8931;17021;1481533111;6
11703;20920;1481532549;12
16883;3119;1481544701;6
1930;11402;1481546276;16
14912;7521;1481528964;16
7402;3511;1481533718;8
5346;4244;1481546194;16
25443;927;1481545950;2
27492;197;1481520591;12
27130;20996;1481544665;8
18936;5585;1481522683;12
1370;7251;1481529744;2
26311;234;1481518016;12
38;14985;1481522264;14
3030;11132;1481513731;2
14283;6186;1481511303;6
1797;7547;1481514943;12
1554;3497;1481541499;6
5952;23303;1481541116;12
12407;240;1481521284;6
13180;25035;1481523045;14
7997;1635;1481544785;2
9814;14494;1481516784;2
11416;394;1481512498;2
24952;442;1481514517;18
18764;23866;1481509541;12
2612;16789;1481533029;2
17515;1623;1481548051;8
9000;2465;1481542057;14
8567;6828;1481541711;6
12164;6324;1481542126;8
23040;9974;1481537589;10
7571;25507;1481545721;4
27416;68;1481516133;14
8181;173;1481534218;14
1014;27098;1481516738;10
5388;5109;1481536942;2
10235;7880;1481549440;6
27028;7693;1481536347;12
4507;10914;1481512808;16
6765;2122;1481545535;6
25344;6775;1481539646;4
24253;14237;1481547815;16
10108;8412;1481536600;6
1387;562;1481530706;18
7545;5632;1481523244;2
3247;3989;1481526970;10
4706;19498;1481510623;4
8453;967;1481534536;4
23106;3683;1481539803;12
5886;1197;1481530296;16
6713;4586;1481542358;4
21483;22649;1481541508;14
6604;6550;1481515278;14
6993;8546;1481528487;8
8144;8519;1481545509;12
5913;13131;1481511512;18
26188;1707;1481523923;2
9310;14240;1481539385;18
9515;10254;1481519243;6
10876;19759;1481522728;8
2874;6596;1481548416;6
1179;5740;1481529524;4
6133;19985;1481531519;2
1576;16856;1481532628;10
24450;20591;1481541073;2
11080;9530;1481531823;4
7889;3946;1481545605;8
13995;7159;1481530291;16
13771;11699;1481524080;12
11617;14977;1481529666;12
11911;21503;1481513554;16
23046;2280;1481519604;14
7083;15761;1481527389;2
17046;7887;1481523578;14
8291;11795;1481543744;18
12232;4282;1481533636;6
20789;8872;1481522042;6
20036;20973;1481546199;6
2834;5477;1481531015;10
7872;4778;1481530198;2
21081;8643;1481510879;12
7611;2843;1481547869;18
22626;11107;1481530419;6
3946;20463;1481534529;12
23618;10874;1481510541;6
177;129;1481513463;4
282;21491;1481522870;12
7901;10806;1481520121;10
10495;27180;1481531109;10
27535;25043;1481517923;8
5047;23157;1481542289;10
12757;10431;1481530852;18
7046;3898;1481531010;14
5828;10659;1481532230;8
10718;4027;1481517621;2
17172;10922;1481536109;8
24255;7168;1481545892;6
25288;26293;1481535106;18
20973;17574;1481547160;18
5378;14567;1481514691;10
19851;4661;1481537090;10
6201;25372;1481545238;18
13822;7783;1481512045;14
9158;14139;1481537204;6
16022;3950;1481526591;12
20480;7009;1481509517;18
21212;5050;1481532393;12
24565;6859;1481515642;6
14447;25050;1481525334;10
8907;6420;1481541543;6
10064;10996;1481538292;18
20298;15450;1481527286;6
5716;7283;1481513615;2
13114;9734;1481510124;4
17790;5080;1481535248;18
11771;17475;1481542913;18
1344;19536;1481550981;2
4662;21802;1481529559;12
13426;3533;1481537360;14
5634;18511;1481514969;12
20536;4936;1481530273;18
19590;24986;1481527201;12
19069;8132;1481530357;4
17782;14625;1481538858;8
22984;19276;1481520082;12
25060;1520;1481528018;10
6810;4552;1481535341;18
11946;4863;1481540997;16
25391;20758;1481526885;2
1670;5264;1481522377;12
23453;26303;1481547529;2
9867;18892;1481541491;4
1058;10689;1481532635;16
5490;8767;1481520523;8
27522;1690;1481531801;4
19549;27311;1481521861;8
11765;5751;1481546846;16
10879;11600;1481539052;18
15351;26207;1481510342;10
20852;4334;1481541692;16
10574;10716;1481545622;10
18838;8964;1481549547;16
11142;6121;1481544404;14
7300;1878;1481545787;2
4919;23054;1481544594;10
7335;10684;1481539235;4
3964;4902;1481518351;14
20473;22537;1481519918;10
4989;432;1481519652;18
8587;10023;1481537648;18
26303;1666;1481522354;18
1443;9156;1481529860;10
3947;27379;1481539024;8
9484;5825;1481511665;8
27280;3991;1481534870;4
8837;13775;1481523424;16
5995;16656;1481545449;10
6231;8538;1481515575;6
4567;11256;1481509929;8
4236;1221;1481526177;16
25283;24753;1481515014;4
14288;4198;1481543599;18
23862;16192;1481510107;4
3134;7891;1481524319;18
9755;4321;1481514382;14
4838;20541;1481520102;4
22142;16188;1481525368;18
27087;18355;1481517403;14
8760;2787;1481515051;2
17844;9390;1481538654;18
11636;18868;1481536426;16
9547;27333;1481509623;12
5920;8456;1481541147;2
27463;12712;1481512584;18
9949;13872;1481524061;18
18839;12028;1481517048;2
1072;13786;1481511820;4
8006;7172;1481548626;10
23787;1071;1481541990;18
26314;1005;1481533334;12
9003;15934;1481540333;2
5346;1019;1481514002;12
5377;10327;1481540775;12
5082;158;1481519152;10
9750;7372;1481516230;4
20757;11785;1481520979;12
21493;24706;1481540363;2
7907;8147;1481520288;12
10180;11687;1481534756;16
989;217;1481535596;16
17392;12870;1481542481;6
2806;5886;1481523485;14
24650;20413;1481525198;4
10206;10200;1481512240;6
1006;23762;1481510886;2
26394;18845;1481512295;10
2793;10403;1481537507;2
9160;7637;1481544225;10
14134;6671;1481539313;8
9435;3508;1481525002;18
11375;22459;1481510888;2
11139;27493;1481538839;12
14495;182;1481513665;10
19051;4752;1481518788;10
5945;6000;1481526776;10
5527;11024;1481530939;14
7183;11141;1481528871;18
20673;18068;1481543729;12
7166;17581;1481539820;16
1850;11232;1481538541;14
11138;14705;1481548757;2
1492;11595;1481530863;8
16023;17793;1481532662;8
14633;20994;1481522854;4
3016;10904;1481524716;14
1850;23149;1481539387;14
20695;27198;1481547078;12
5803;1129;1481525650;6
27057;2396;1481514472;4
15229;21415;1481539233;12
270;25493;1481530335;12
10572;4544;1481520341;4
11714;1433;1481543703;10
2383;3686;1481544173;2
4195;7709;1481513027;14
12693;20086;1481539501;12
18343;2291;1481512943;4
5862;7186;1481520310;2
23532;9769;1481522619;14
27095;7468;1481533349;2
25188;7525;1481515724;6
14911;4262;1481517645;16
6682;9462;1481530348;16
4695;5852;1481538329;10
10555;13080;1481527223;4
3538;2336;1481523440;10
60;17242;1481536961;16
10316;8563;1481542288;8
2947;14587;1481536418;4
19219;5724;1481544478;18
8554;7290;1481519383;14
16053;5627;1481528960;4
25059;3688;1481509833;4
17673;3547;1481522849;16
10651;20973;1481518312;6
21486;5973;1481550089;12
17377;4037;1481548640;12
19304;8121;1481522446;4
4670;8795;1481522038;2
4954;2811;1481534956;6
26184;1078;1481546000;4
15766;1602;1481517150;10
11176;4903;1481548441;14
14637;15005;1481516588;2
12035;11563;1481528602;4
14442;20759;1481538436;6
27506;20151;1481512938;12
10496;15721;1481518139;12
22938;20006;1481546037;18
8892;5989;1481545071;8
42;8345;1481524360;12
7330;6255;1481533150;8
2979;27087;1481522987;6
15998;21841;1481539735;18
7246;1619;1481534815;8
8540;346;1481533227;6
23538;11076;1481536717;14
16883;20405;1481514375;18
14446;1387;1481510305;2
4177;10459;1481543310;16
6429;4550;1481519419;4
4505;6265;1481544619;12
8434;342;1481536571;10
9526;7267;1481511479;6
7394;6489;1481549303;14
15745;9248;1481522258;14
11855;18863;1481527480;10
6976;226;1481523474;14
20261;15139;1481537031;18
9021;324;1481516330;12
11804;3540;1481511648;4
8480;2428;1481509758;14
10089;6214;1481546186;10
22;18512;1481509836;2
20418;27410;1481523253;4
7938;27383;1481539279;8
8688;9659;1481544542;14
7973;5331;1481528890;6
3387;12372;1481510347;14
18157;3022;1481511551;10
10305;5899;1481516873;18
18069;4844;1481510297;6
9525;9016;1481516188;10
97;7622;1481544400;14
19712;10013;1481521207;6
1575;5989;1481525619;6
7056;22;1481523039;8
20707;4509;1481509755;10
22987;16334;1481543690;8
3690;4926;1481548850;2
9885;20410;1481546014;16
14711;2115;1481521410;4
1424;1510;1481539485;16
4937;17886;1481540720;18
376;7242;1481510468;10
1952;24374;1481542768;2
9533;1098;1481524846;8
5752;9133;1481545007;12
20326;7855;1481526229;6
12799;12181;1481527434;2
7341;18047;1481535944;14
14075;12920;1481536018;16
20011;3561;1481543869;14
4004;14802;1481534249;2
25182;19272;1481548483;2
4025;21298;1481527924;16
21415;24738;1481517764;14
5592;1019;1481521957;8
9407;2343;1481542799;12
9807;9007;1481549487;8
10117;8967;1481515157;8
1196;23020;1481542100;4
2635;15012;1481519152;8
4780;2271;1481522871;2
2962;262;1481513362;8
240;17878;1481537071;2
9873;9759;1481540546;10
12031;20360;1481528462;12
6002;17148;1481530927;8
25441;23886;1481546017;14
4220;20573;1481543022;14
17027;20098;1481532075;6
19857;15464;1481511635;16
5518;17477;1481514689;8
17498;14150;1481534126;4
14916;8513;1481536044;12
6701;7907;1481527834;4
3425;8399;1481541009;12
19059;19989;1481528113;2
119;16982;1481512364;10
18154;8548;1481522166;8
12730;3458;1481545669;14
21837;7018;1481545125;18
943;1079;1481548287;2
9771;5933;1481524269;4
13815;25088;1481535682;8
6968;14432;1481535712;10
13794;11576;1481541209;4
23033;10677;1481521918;2
12287;360;1481546254;2
19721;7674;1481523420;12
11009;18838;1481544209;10
14641;22479;1481520011;8
1625;9917;1481511901;2
3127;20084;1481528975;6
9868;7439;1481542314;8
7268;8239;1481534710;16
6245;5355;1481544005;18
3256;24935;1481538042;8
27175;15028;1481548830;4
8337;13824;1481543548;2
8281;23102;1481525187;12
22498;12147;1481525908;12
10317;70;1481513818;2
4728;12233;1481512764;10
6469;22987;1481532263;12
23012;1086;1481545534;6
21313;16129;1481543463;14
10764;26169;1481520859;18
17515;268;1481516281;10
17375;6007;1481523195;2
7403;5940;1481519269;6
18074;6548;1481511869;10
3116;6975;1481517607;12
7259;1639;1481516647;14
18173;5427;1481550063;6
4749;4225;1481550461;6
12920;7584;1481543302;16
6249;18216;1481538403;14
8339;5762;1481535024;6
24569;3005;1481515447;2
15989;11610;1481550674;16
3074;6664;1481550056;4
3411;18868;1481550545;16
5856;9853;1481510750;18
7440;10684;1481515330;10
24478;24141;1481527995;12
7342;4297;1481541427;16
23666;1015;1481546657;18
26322;3164;1481524164;6
6293;1777;1481540198;18
10205;5611;1481521107;8
9468;10659;1481514457;10
1077;4181;1481529209;6
27199;10750;1481532598;4
27186;15733;1481512466;4
10520;292;1481526083;16
7628;16824;1481540618;6
5096;5415;1481535933;16
1975;17160;1481531022;10
1942;5515;1481538273;16
23886;13560;1481538511;2
19932;408;1481536321;12
10560;10617;1481541660;8
5430;19792;1481525344;4
1687;378;1481548240;2
23755;16852;1481539308;18
19;7051;1481517747;8
1970;2426;1481541548;12
10191;14238;1481532251;16
9448;18179;1481536858;18
7556;972;1481515442;16
12867;5932;1481545814;14
11809;3268;1481530552;14
3277;27228;1481528090;8
7522;27285;1481530612;4
11778;8976;1481538672;6
19507;15499;1481522691;10
319;18835;1481516168;8
11749;2836;1481537626;2
9441;6810;1481537575;14
7855;8897;1481536738;18
381;10094;1481525177;12
15160;20419;1481542977;8
5775;2878;1481511684;16
20088;2290;1481533506;16
6809;18155;1481533801;8
7623;19791;1481535605;12
6161;3394;1481514995;10
1321;25331;1481517790;16
10674;8416;1481519377;6
8275;17484;1481515297;2
9556;21443;1481546556;4
10289;6605;1481549527;6
20519;4522;1481542877;12
21489;12761;1481540113;6
7110;7400;1481541980;14
4025;10326;1481541553;14
18436;11408;1481536414;16
7442;9891;1481543239;8
11798;22928;1481529162;14
6854;26281;1481520937;16
34;6653;1481546392;10
19990;4746;1481510476;12
6929;7408;1481526670;18
11066;2807;1481530894;6
901;27203;1481542742;8
11241;16852;1481530032;6
8785;2356;1481546915;4
19835;19059;1481543776;12
25324;20195;1481527382;12
12099;4802;1481536168;8
2127;10700;1481539198;2
2963;5969;1481541901;12
20138;9753;1481524746;4
10500;11115;1481543451;12
5007;10618;1481547166;10
15745;8637;1481550123;2
6567;9636;1481539940;6
24585;24449;1481534099;2
4251;2522;1481525730;16
1045;10189;1481544812;8
2145;1918;1481537043;12
8781;11405;1481530134;2
17270;2353;1481515987;6
3018;13899;1481533780;4
15323;24932;1481527748;4
16852;10281;1481543714;16
2464;14149;1481510908;8
27188;15317;1481529287;8
7695;1333;1481542889;14
12024;11056;1481519435;6
22926;7433;1481511352;4
6255;20335;1481549095;18
16838;18301;1481548406;18
14873;11112;1481542762;8
25388;254;1481514658;8
6461;6959;1481526553;6
27504;19287;1481509924;2
19062;378;1481519792;4
6133;5972;1481510786;14
27471;14129;1481548222;6
9447;1532;1481533138;10
3989;27031;1481519130;12
7570;15303;1481510242;8
16885;9567;1481524589;2
10674;5852;1481536083;6
5251;4267;1481520025;6
8949;27491;1481531028;12
7001;5261;1481523991;18
22141;19436;1481542196;2
21452;7835;1481514751;6
25180;1736;1481546269;8
5121;19881;1481537609;16
8532;13761;1481545561;6
7404;4571;1481546541;8
19312;50;1481523041;2
20920;19057;1481531209;14
4326;1763;1481534321;18
27156;1358;1481539695;2
14894;1177;1481528735;2
10715;8755;1481528926;2
18069;6031;1481523156;2
394;1708;1481524938;10
14950;5415;1481547865;12
15488;4964;1481547626;6
7488;19042;1481512588;14
19417;7917;1481547825;12
1571;8941;1481519538;2
17882;14948;1481546576;18
14571;5839;1481540840;14
149;1170;1481543819;4
14812;27334;1481514141;16
5050;8052;1481518760;6
3559;8892;1481528924;12
10403;20131;1481544302;6
20518;264;1481515369;18
8534;4991;1481550595;2
16914;5265;1481526860;14
21814;22447;1481511776;12
4346;9312;1481541479;12
21003;5654;1481524777;10
8911;22252;1481524817;4
6000;18154;1481516535;10
1386;7058;1481534679;18
11409;9458;1481543822;14
14927;22501;1481535695;10
16038;7618;1481515669;8
10248;26305;1481535415;8
6977;21268;1481540418;2
17873;27454;1481527277;18
12404;6357;1481544242;14
7110;19949;1481536258;12
10105;18262;1481526102;12
4675;262;1481548151;16
13758;1670;1481540839;4
1791;1586;1481512476;14
3330;22442;1481531556;14
3599;10443;1481526412;6
6411;24473;1481510167;12
5400;4925;1481514621;2
3969;14257;1481516853;2
15318;8909;1481519368;2
5403;7907;1481539546;2
24701;27445;1481529838;4
9272;10641;1481533017;16
6024;11595;1481522685;10
5386;6931;1481517860;10
24933;6154;1481519747;18
7189;4610;1481512408;8
8936;8548;1481545203;16
4753;6151;1481524093;4
6410;4854;1481540428;8
17758;2148;1481533349;4
11563;10543;1481522397;6
8503;8711;1481522111;12
7107;15744;1481528696;18
1000;10512;1481519822;6
5975;19625;1481526400;12
6766;9000;1481537905;18
11397;10786;1481527040;10
22649;23356;1481538800;4
24283;181;1481540101;10
1988;8749;1481527752;16
14182;330;1481543062;16
6649;9974;1481517410;2
4274;27020;1481528714;6
14289;16182;1481537667;12
71;10318;1481522849;6
7893;9740;1481541421;8
7559;7571;1481516130;2
2874;4693;1481530492;14
4936;13772;1481510289;6
15403;20968;1481509594;16
10699;9797;1481544441;12
25034;15131;1481512629;12
18155;8745;1481510851;4
9361;19833;1481528939;18
22967;11717;1481526096;8
6140;23651;1481541706;12
20092;5392;1481533684;8
3363;10403;1481534460;16
3781;8230;1481518999;14
25375;7451;1481515979;14
566;3155;1481514558;6
5958;6362;1481523421;18
22495;14823;1481511367;4
2283;24349;1481550683;4
9880;10263;1481518338;18
7586;10220;1481548773;18
5018;10722;1481536531;12
10914;6435;1481528778;2
13912;2283;1481537023;12
8118;9103;1481518417;16
2335;5694;1481525898;14
1362;11070;1481528203;10
16037;6011;1481549439;2
9453;14129;1481535329;14
7000;3681;1481546215;6
53;386;1481528646;10
6155;10594;1481534647;10
7476;4546;1481540234;4
9465;5352;1481547136;8
4021;5036;1481519094;12
3912;3536;1481532810;16
8049;24737;1481519281;18
2319;5604;1481518726;2
21253;27401;1481525625;6
10405;11601;1481532514;16
8090;12278;1481547532;16
3637;1287;1481510268;4
4044;11728;1481514920;14
27471;3999;1481540029;6
426;2764;1481545702;12
20739;23541;1481521707;16
23114;3506;1481542397;2
12872;3701;1481539851;8
10909;6561;1481518546;14
17458;16801;1481516946;8
20224;8506;1481510594;4
15133;2829;1481534595;12
6540;9547;1481515472;8
4485;5974;1481520407;12
27380;8162;1481549674;6
8532;1201;1481532072;18
21308;9500;1481541809;18
394;8822;1481534920;4
1050;9060;1481537027;10
20395;19938;1481522235;10
1771;20136;1481513497;2
13780;5487;1481533033;16
3485;4265;1481533130;4
14134;23082;1481532006;4
22274;12139;1481519466;4
3997;17241;1481523053;18
13851;19063;1481533910;18
9888;1164;1481511674;16
16813;13724;1481538585;8
5052;7249;1481519730;12
3025;27185;1481512835;12
15768;6804;1481536658;10
11035;5716;1481516904;12
17532;11027;1481509813;12
4683;2944;1481543337;2
7355;8974;1481524239;16
5395;11089;1481514429;12
885;10466;1481519176;2
12247;27490;1481544920;6
14538;12641;1481516985;16
1298;2463;1481510666;8
1036;9012;1481521788;12
14288;3505;1481551003;4
13180;1257;1481513261;8
10602;2881;1481538256;2
12245;12920;1481536171;18
25549;7853;1481546686;4
19215;5471;1481535190;2
5948;27522;1481541581;6
21922;10074;1481537132;6
27463;22179;1481548654;6
18812;23618;1481512679;10
3914;8741;1481546602;8
1694;4824;1481511060;12
8524;25078;1481510410;2
8400;1637;1481532089;12
10525;4315;1481529641;18
7065;7176;1481525656;16
23011;419;1481539451;6
12565;12645;1481545972;12
14546;961;1481533931;12
11414;21231;1481531037;6
1576;9838;1481543247;18
5084;14926;1481514096;10
9425;2329;1481531752;12
3261;18946;1481548897;4
15071;5025;1481540116;2
22494;5982;1481536510;12
3699;18175;1481537194;4
2942;23666;1481548744;4
6633;6720;1481543732;16
23100;4902;1481530509;16
9950;7452;1481530925;10
27268;13345;1481532395;14
19760;5630;1481538595;12
5743;19210;1481514694;14
20053;166;1481532943;4
1659;10774;1481513460;12
9357;8118;1481544467;18
11481;6502;1481546722;2
17254;22446;1481534708;4
8869;20970;1481535386;10
21302;9016;1481550151;4
25083;10205;1481547998;2
9424;2878;1481523030;2
23046;14561;1481520594;2
1111;20136;1481530348;2
23862;19252;1481535917;10
1932;14949;1481526462;2
5778;7851;1481531090;4
15073;12025;1481548838;16
3902;25179;1481536396;8
27468;16864;1481512156;10
9057;6975;1481514677;14
17849;12746;1481519580;18
1426;6140;1481543498;8
26330;12234;1481545532;8
23750;18209;1481542053;16
6428;106;1481549459;8
6788;10831;1481545353;16
7764;20096;1481545323;8
6456;5099;1481533294;6
23496;14128;1481539908;10
5914;8301;1481520007;12
5406;24250;1481548648;2
14884;3020;1481519838;2
11067;12024;1481533493;12
6995;8552;1481517982;18
1880;3756;1481529573;8
27493;10163;1481546046;2
8465;23489;1481511220;12
6689;13679;1481541623;4
9217;17568;1481510684;16
4699;2171;1481527230;16
24565;6145;1481527839;18
1113;26029;1481530296;18
23176;3262;1481530804;12
12017;1625;1481523590;8
27051;7697;1481538423;2
27058;21218;1481525252;8
2388;5244;1481537943;18
1797;9169;1481515344;12
10011;201;1481522430;16
5105;8372;1481543790;2
9807;17163;1481536753;2
6916;9239;1481539720;16
27435;18334;1481515903;8
6875;4531;1481548279;18
10710;23867;1481535042;18
19825;6547;1481523349;10
16193;5638;1481535447;16
305;17401;1481524301;18
25340;22678;1481520406;6
7099;1264;1481537956;4
10295;9103;1481510086;18
8296;5982;1481546140;18
8486;17376;1481511605;18
5907;289;1481515711;2
3388;5003;1481510957;14
14108;2143;1481520571;18
348;27321;1481525813;14
8513;14875;1481546104;14
5101;21503;1481531918;12
25003;22138;1481534305;6
6503;6429;1481525050;2
11959;3255;1481519875;6
3123;23651;1481519706;12
2394;19432;1481517917;10
8637;8763;1481515634;8
2281;12347;1481519790;8
27206;368;1481530389;18
12013;6935;1481525407;4
979;12674;1481527536;14
1868;1968;1481528936;12
8451;10875;1481528924;8
10927;6799;1481547288;2
10599;20147;1481539481;10
10283;5018;1481515370;18
2980;20115;1481543260;2
16307;22585;1481514079;18
8343;265;1481522061;2
17334;12557;1481548556;4
124;5286;1481534239;8
6670;16909;1481520004;10
4660;6782;1481518861;8
14641;20947;1481526694;8
17295;6120;1481516010;8
23001;11388;1481538376;6
9358;11264;1481541572;8
154;9674;1481535766;8
7016;5113;1481524851;10
325;15481;1481511907;18
27418;12017;1481512560;12
3942;1280;1481539194;16
12294;9219;1481531664;18
1306;18465;1481544994;16
18188;7421;1481527682;18
11760;26322;1481550151;14
6116;19842;1481519148;4
45;3422;1481534519;4
84;11179;1481548324;4
6692;24478;1481529344;16
1681;10181;1481550330;8
14545;22495;1481528839;10
13114;2176;1481517787;10
18898;8387;1481520491;14
19990;10723;1481542797;6
6354;17019;1481514798;18
19527;16039;1481544934;6
19872;6215;1481536753;12
20261;10010;1481524449;18
7006;3611;1481525714;8
27452;27102;1481528594;8
9152;12518;1481534225;6
17053;10837;1481532938;14
9438;11891;1481520374;8
17511;9797;1481539287;6
3011;20754;1481533289;2
1670;6703;1481546229;8
8377;5912;1481537090;4
3397;4042;1481518634;10
10398;14650;1481544606;18
25061;13211;1481531927;2
18344;15479;1481538489;16
20108;8572;1481549267;16
4517;24296;1481546747;10
8163;10329;1481529736;4
25425;10357;1481529651;4
23452;10192;1481543869;14
16044;4243;1481543815;8
25547;19307;1481540892;12
1223;3062;1481520326;4
15087;22649;1481531537;8
129;1532;1481511806;12
9369;16183;1481538148;18
1426;122;1481519517;8
12412;23889;1481540524;8
20931;9544;1481523725;2
7296;6160;1481548141;8
9220;12403;1481550270;8
7268;17430;1481526634;10
15036;16934;1481550369;4
1418;19420;1481514784;14
15494;5740;1481537595;16
9159;7246;1481547204;8
5088;19313;1481537429;6
5287;23107;1481531294;6
8441;9798;1481511909;12
1083;6676;1481540002;2
9475;22643;1481546717;14
1620;12559;1481533797;18
4046;8044;1481525947;8
4750;7421;1481544110;2
24450;53;1481541750;8
12232;5928;1481538575;6
19852;17160;1481518535;8
23507;13454;1481543293;10
12151;3623;1481523052;4
6712;20325;1481511294;6
22923;2279;1481510968;14
2526;10244;1481531421;10
6188;2998;1481534942;18
4855;4481;1481528197;14
27549;18875;1481528663;18
9848;3996;1481529933;8
14118;7891;1481546457;16
10011;8366;1481548386;2
6918;5298;1481526472;10
63;2377;1481545291;14
7503;8504;1481510107;6
12146;11884;1481510276;12
1298;9000;1481535307;12
21309;1462;1481513497;2
16878;5854;1481537918;18
3698;25048;1481536756;16
1697;9881;1481548042;8
4187;9436;1481539098;18
13777;7868;1481515077;2
7582;6021;1481547829;14
4954;16144;1481517645;12
19876;2375;1481546756;4
11080;12074;1481523536;8
18822;22924;1481532701;4
1307;25522;1481515723;8
17570;1487;1481512654;6
23757;2772;1481541660;6
13203;11057;1481548852;10
19539;12280;1481521911;16
23350;15230;1481531195;2
8140;4236;1481523184;16
23807;1164;1481544090;10
20947;10226;1481540556;2
9054;23696;1481544866;8
14575;8800;1481529885;16
1145;21472;1481527117;6
16781;1088;1481532160;4
11100;1421;1481525405;10
15339;25388;1481516272;8
6149;1714;1481510789;10
2390;132;1481516869;2
1984;26103;1481531061;4
17442;1226;1481519734;2
7888;7941;1481518114;4
1041;7861;1481511962;4
18336;13200;1481542806;4
19880;23449;1481539177;16
12871;8634;1481512288;6
1568;21097;1481535272;10
5437;8869;1481548284;12
17880;21402;1481512713;14
45;5505;1481526937;4
25426;25375;1481521992;16
11591;13882;1481543435;10
18264;9547;1481528948;8
566;4353;1481519147;10
10105;9277;1481530778;10
1111;20079;1481517580;16
8634;4039;1481511957;12
10771;20686;1481545880;2
23047;14782;1481531085;18
11098;198;1481541807;2
7538;12814;1481546890;4
915;6219;1481518927;16
11993;168;1481540210;4
1261;60;1481534984;12
8390;7097;1481528286;10
10407;23187;1481534450;8
10307;12062;1481516440;6
4694;7959;1481532089;12
23533;13114;1481548325;6
20899;3543;1481538863;16
12780;993;1481512681;18
21715;2833;1481538190;2
4689;20360;1481549982;4
9969;9406;1481527252;8
15160;7095;1481525735;10
9163;1089;1481524038;12
1094;12655;1481545433;14
7538;6105;1481527631;12
4741;2727;1481537794;10
8109;3728;1481548636;8
1626;6540;1481540260;18
1708;11416;1481529473;14
14878;18847;1481520826;12
1220;25340;1481521746;14
9769;6429;1481519323;14
6110;14700;1481544656;14
1403;4262;1481537732;16
4055;24707;1481522776;16
9767;8234;1481515267;12
1381;4836;1481515560;8
1864;25518;1481549518;16
7958;18958;1481534207;18
6205;13454;1481528763;6
27434;8106;1481523110;6
13855;6122;1481516707;2
9972;13973;1481540135;4
1928;24173;1481515717;6
6821;10269;1481551006;18
12337;9948;1481514829;18
12314;21307;1481540686;18
8482;2146;1481542694;4
10253;23003;1481530021;18
2792;1776;1481527595;4
11124;11041;1481538141;14
24568;14431;1481522400;6
14264;19536;1481548742;2
12164;7467;1481530177;14
9306;23023;1481519789;12
2336;6109;1481535961;2
10636;17391;1481524110;10
10423;9809;1481532127;18
26159;2739;1481525998;8
7553;6143;1481540718;4
8174;21809;1481541515;18
9229;19940;1481533978;4
1258;3590;1481542146;14
7869;5893;1481548811;2
5826;20971;1481550396;2
1926;1499;1481516029;10
4348;6500;1481517712;8
4624;393;1481546134;8
3922;23857;1481511659;6
4360;6968;1481535741;6
12873;14691;1481516501;4
7838;1209;1481545548;2
12138;19860;1481529470;6
23640;6278;1481515423;2
16133;1747;1481510720;10
27443;2335;1481523865;12
4323;3377;1481536311;14
6457;11023;1481542094;14
23526;11004;1481521061;6
421;7999;1481511129;12
14638;2464;1481511102;6
981;15452;1481531736;18
10318;8409;1481516878;10
3990;4879;1481538143;16
325;11831;1481534044;16
2962;6211;1481510142;6
17036;15101;1481525197;4
18078;15080;1481521411;12
19960;438;1481549548;2
6404;5386;1481515776;4
20133;1984;1481545259;6
18201;19551;1481523148;16
1941;26204;1481526185;8
8409;9534;1481536310;18
9518;7939;1481512986;2
8327;10291;1481540556;8
26073;19320;1481543645;18
17460;8502;1481533737;8
1187;1090;1481524737;16
8157;1183;1481511079;14
11028;24470;1481514217;4
3727;5412;1481525975;4
12797;1122;1481538681;16
6356;8779;1481513780;6
11230;20130;1481538260;8
10251;19934;1481531893;6
25057;20354;1481538278;10
3561;4481;1481535565;10
14627;1093;1481545156;2
27106;7367;1481516722;8
3277;21213;1481540097;16
9834;9981;1481548528;4
23024;9844;1481523759;12
2982;6672;1481531413;12
2800;24950;1481543948;18
7642;338;1481541323;8
3459;1981;1481521833;14
23357;25192;1481530779;14
1484;18438;1481527360;14
9299;11264;1481511982;6
8372;11766;1481513414;4
17289;23857;1481510902;6
17207;18876;1481549227;18
25468;2908;1481527959;8
22795;6787;1481549011;10
205;5419;1481550695;12
11002;23523;1481539870;4
10680;22213;1481549413;14
5293;8552;1481540080;12
1194;4545;1481526415;18
7137;1975;1481511358;14
8296;1736;1481538777;6
4351;9409;1481537015;8
13974;1130;1481545469;2
26304;23030;1481521728;12
11076;11718;1481517998;18
8139;25187;1481546770;10
14929;6886;1481550627;10
18263;15073;1481535056;6
7444;19218;1481542978;8
3054;12714;1481513584;8
11950;15320;1481516643;16
14488;5705;1481542088;4
7556;9742;1481533962;12
12396;7336;1481535292;10
5387;24064;1481535533;18
8143;21840;1481533435;14
11631;4852;1481533929;12
18181;25324;1481530959;10
24327;6602;1481525350;4
10380;11800;1481541613;10
6321;14798;1481510817;18
15122;11158;1481529626;2
1891;9785;1481529133;4
6109;9830;1481514758;4
20629;7980;1481527010;16
4947;20869;1481533304;4
6868;3020;1481540567;12
8646;15250;1481525552;12
18144;27404;1481550312;10
284;7417;1481525738;2
18857;1263;1481528854;10
9841;18885;1481525654;4
2396;5028;1481523072;16
417;4320;1481543665;2
4350;5034;1481535958;4
6010;20151;1481527999;12
8093;24650;1481510896;6
4262;23356;1481511036;8
11915;27091;1481527269;18
12277;15767;1481537103;8
6891;18338;1481549169;4
15349;3926;1481544858;6
23055;9277;1481518373;8
22459;10465;1481521816;18
254;14777;1481512701;16
7364;12575;1481539379;6
1837;22252;1481543487;18
14262;4702;1481537887;2
27297;10238;1481520443;2
10327;6766;1481524841;16
222;22960;1481534330;4
25021;27491;1481509735;16
4854;4287;1481511222;8
26068;17881;1481510603;12
4606;5706;1481519103;2
4798;27541;1481548269;2
12091;8359;1481536877;10
1654;10279;1481529937;12
9664;19576;1481528363;4
18334;10194;1481512212;18
11234;6584;1481515312;16
11596;3403;1481536073;16
5333;10112;1481536663;10
4573;23121;1481548982;16
1351;5247;1481529975;6
4565;19828;1481541153;12
6229;5681;1481515436;12
20067;15102;1481532967;18
4669;14143;1481548694;6
20759;12099;1481531739;2
8974;19558;1481515449;8
10426;20532;1481546288;16
12289;7806;1481533076;14
7642;25196;1481529509;16
9420;15117;1481515412;18
17428;11769;1481537149;8
7837;17846;1481540400;10
19880;7645;1481513222;4
2367;421;1481519352;4
6351;12065;1481518275;12
17258;137;1481516073;18
15419;8238;1481517645;18
9686;12814;1481515253;16
7407;6996;1481519596;10
7317;7699;1481521006;14
14164;6528;1481517105;6
12710;367;1481546078;14
1119;16042;1481532113;12
11241;1608;1481519575;16
20290;167;1481519184;6
2646;10714;1481529023;6
13255;9888;1481525777;10
9190;17456;1481535248;18
339;3747;1481515345;14
5032;9470;1481530968;4
7517;11985;1481540165;16
179;12238;1481515529;18
15032;18914;1481517809;8
3694;27344;1481515649;8
4267;20356;1481515726;4
14431;3737;1481548999;4
7823;12057;1481515118;2
10833;20866;1481549926;18
5852;4227;1481520619;6
1989;13263;1481544210;10
3678;132;1481511864;8
1901;1304;1481540361;4
5919;8436;1481531011;18
7553;17456;1481512299;16
14641;21213;1481547304;8
7538;11004;1481515376;4
23741;6313;1481540873;2
19587;8495;1481530232;12
8276;23695;1481521164;6
7137;1036;1481541505;10
7001;1;1481524124;4
23787;15403;1481518645;12
19055;3721;1481530968;12
3742;22574;1481532014;8
4249;14155;1481535684;8
1777;4951;1481512238;16
23058;3288;1481537459;6
11242;5047;1481543348;14
1493;1966;1481521520;10
4575;2036;1481524047;18
10260;4507;1481550993;10
6577;15164;1481545732;10
199;1195;1481517020;6
9481;2729;1481534990;10
2948;69;1481532811;12
7485;9570;1481516038;10
23100;4590;1481521267;18
3948;9959;1481539797;16
4760;12240;1481549684;18
16177;12115;1481515142;14
1646;10069;1481517556;10
14689;20974;1481519231;8
11017;3462;1481547465;4
167;18081;1481529939;18
20944;282;1481528155;12
5400;25346;1481545047;8
20410;9948;1481513724;18
17007;16199;1481544154;8
14554;24734;1481523616;2
17923;3012;1481513656;2
8299;16137;1481533864;16
21363;1961;1481529768;2
4016;15375;1481523528;14
1599;24359;1481545826;14
22467;18813;1481524169;6
434;7290;1481532896;14
19872;21731;1481538325;16
20967;17034;1481526676;14
11119;6141;1481530844;6
17429;23320;1481541742;18
14710;7626;1481538446;6
1076;10514;1481510676;2
1531;3325;1481513230;18
12730;23176;1481509527;10
23495;1147;1481526917;10
2782;2037;1481510716;10
12763;27375;1481520705;12
14137;160;1481524180;6
9479;6111;1481523555;14
4749;6632;1481528527;18
8745;9106;1481535718;2
22213;23748;1481530289;4
992;6420;1481537691;6
11897;9775;1481532019;18
3424;19911;1481523056;12
6961;2984;1481516076;8
7770;3074;1481519965;14
7694;19559;1481551015;14
20867;1695;1481516000;18
17146;5331;1481518362;8
8905;5924;1481522709;16
20526;6272;1481547222;12
8803;3688;1481518520;18
16910;4039;1481540662;6
9286;27203;1481515109;12
14427;26038;1481516917;2
9185;7053;1481544434;4
20011;1582;1481539694;6
1226;19313;1481526668;12
13859;15518;1481543147;8
9713;8508;1481549228;12
7542;27013;1481520864;16
12244;3409;1481544927;16
6920;3491;1481518877;12
13823;11252;1481517486;12
7545;22182;1481510334;18
14703;12024;1481534746;4
15766;7269;1481529741;18
10633;4659;1481512009;2
8449;11849;1481524239;2
14547;15754;1481535253;14
7711;13079;1481524330;16
1797;1486;1481532213;12
22268;15017;1481551098;12
305;18871;1481547053;4
16798;16296;1481523029;14
17190;8401;1481528421;4
16894;25405;1481551001;6
10894;5103;1481529086;14
9895;16039;1481541889;12
9288;7815;1481531317;14
2130;23178;1481546945;8
27416;5515;1481526604;8
11201;17575;1481522618;16
11770;17611;1481534524;10
1428;20959;1481521287;2
14562;3916;1481543980;8
19224;13914;1481532235;10
18262;12233;1481518095;16
3147;2611;1481525101;16
242;4270;1481524186;14
3924;18146;1481535923;14
1043;9898;1481520471;8
14681;5046;1481544507;16
10809;4659;1481515724;2
22577;5720;1481549833;6
12029;320;1481517663;8
10195;11699;1481529522;4
7590;14188;1481523850;4
1309;12219;1481531260;10
20463;4589;1481522946;18
1990;5048;1481541266;6
23303;161;1481519182;6
27270;14565;1481512424;8
23084;14557;1481516933;2
10114;9357;1481524952;16
10015;1638;1481513178;18
8388;15347;1481531217;2
8489;23523;1481516209;18
19436;19055;1481538639;6
6176;15079;1481542549;16
14556;17031;1481520190;6
6263;2775;1481532387;16
9477;9240;1481538210;12
6690;3856;1481550592;16
9990;20100;1481532440;18
2157;18073;1481538621;10
24935;14581;1481528350;2
11799;5716;1481548758;18
21814;6141;1481525447;6
7791;3147;1481536316;12
15786;27183;1481523849;12
14889;12098;1481534411;16
5363;18508;1481525838;12
3015;1538;1481512204;12
1929;6937;1481530070;8
11397;11575;1481550669;2
15354;15079;1481541140;2
14002;6197;1481550426;18
3913;1344;1481538352;8
9311;5968;1481549848;16
15325;14269;1481535362;12
4930;10781;1481545930;8
1089;7046;1481517567;16
3002;7878;1481540094;4
3713;1314;1481525073;18
27415;1727;1481523913;10
9510;12182;1481545472;10
10530;18903;1481526961;2
6152;23760;1481523526;6
6497;11221;1481531034;8
8912;10279;1481529619;12
1727;19823;1481527906;8
8942;19421;1481544466;14
9316;23534;1481537148;16
6562;5592;1481513206;6
16105;11123;1481519853;10
10090;14804;1481549994;10
3;13199;1481536474;18
21297;21229;1481532867;6
11614;20756;1481528937;14
13217;27330;1481520369;16
10187;14807;1481519051;18
2334;17513;1481519974;8
10419;1157;1481541738;16
9979;1298;1481536262;8
8910;24969;1481520422;10
5475;4211;1481533767;8
4044;4827;1481525163;18
15310;957;1481547215;6
5722;25286;1481546770;6
1160;10381;1481543500;6
7183;27287;1481536528;16
5487;3615;1481532663;10
2797;19721;1481540122;10
12238;9133;1481541740;10
12233;9208;1481530351;6
10610;4695;1481531671;2
19953;1021;1481541738;2
6965;15370;1481524666;14
15030;10812;1481542410;8
225;23515;1481533953;12
9743;21000;1481516511;10
21414;8396;1481535900;6
19726;6418;1481509904;16
20735;8142;1481509915;4
8029;23496;1481539303;2
5006;18814;1481540245;18
10488;27195;1481514409;12
3506;12867;1481543023;18
408;4998;1481522147;6
6649;3700;1481534915;14
8017;11767;1481535615;12
15017;86;1481539245;10
4996;3000;1481549007;10
3070;6732;1481526794;10
3458;194;1481535777;18
14240;5105;1481515386;16
10671;13781;1481526773;10
14126;24950;1481522666;2
8335;12756;1481524514;6
8808;21436;1481525462;14
2986;13817;1481510702;4
14441;128;1481547312;18
9771;7584;1481550274;18
17375;5782;1481512872;16
5815;12285;1481540760;16
12148;11062;1481527046;18
7389;6247;1481535245;12
8435;4260;1481509543;18
16892;23304;1481533163;4
3411;19741;1481542656;2
6805;1393;1481519597;10
18913;1165;1481524195;16
10892;18464;1481535809;8
1746;9498;1481538440;4
4738;3462;1481528954;12
40;3274;1481544322;18
14190;3955;1481549049;10
2393;10927;1481519663;6
19278;18846;1481536669;18
9967;1076;1481516966;12
8590;8318;1481546676;2
17457;5864;1481515744;10
8027;9540;1481521824;18
3125;3121;1481544729;4
3779;7244;1481527793;12
7772;14553;1481534399;8
23650;1040;1481519864;16
15373;18835;1481518125;10
12708;271;1481538387;6
3020;9469;1481513233;6
24281;9409;1481545478;16
8322;9000;1481520642;16
7334;92;1481517077;12
4842;1141;1481534713;16
24178;17880;1481526312;14
11065;9765;1481525246;18
17033;5688;1481541227;18
17566;17463;1481548095;16
985;27325;1481518327;12
17484;6826;1481549500;4
16635;5247;1481521985;4
2798;7565;1481523869;4
12234;8835;1481531618;8
12362;11785;1481518461;4
14132;3620;1481545451;2
6581;24700;1481511262;6
990;6539;1481540156;12
7485;19210;1481511358;4
17512;1027;1481522567;6
1504;15088;1481512146;10
20685;15087;1481539081;6
3120;24470;1481512854;10
25508;12305;1481547784;12
10332;9058;1481546468;4
12619;20480;1481539934;16
6366;25073;1481550685;18
27134;19836;1481537283;8
1589;1361;1481537559;12
20225;27474;1481512130;6
13559;1536;1481544462;2
19320;5958;1481513462;6
10090;11566;1481527534;6
9228;19299;1481546266;6
4707;4682;1481541428;6
19972;5859;1481538577;2
6628;23856;1481545542;10
26139;17393;1481527058;10
20786;15104;1481515217;12
7865;7354;1481545739;8
1181;6805;1481523310;2
8430;4196;1481540244;16
2756;2417;1481513011;2
22932;2787;1481550387;18
21451;3288;1481527483;16
27440;15013;1481534905;4
2761;372;1481512428;6
17549;6935;1481525692;4
11104;3054;1481510389;4
421;11858;1481546261;12
11855;6942;1481518680;14
7075;19947;1481529481;10
7467;13810;1481550075;4
9999;1181;1481543725;10
3063;10682;1481522833;6
24929;1066;1481532939;8
22650;7815;1481524548;4
8694;16534;1481537110;6
8987;13904;1481518879;10
7791;9986;1481511172;8
18872;1913;1481522291;16
24996;12234;1481545784;16
968;27020;1481532714;10
6812;4784;1481541662;12
1688;3264;1481529965;12
14274;1977;1481517868;8
13189;3917;1481536665;10
1209;10436;1481510461;12
12411;9889;1481543310;4
9685;10911;1481524453;14
14690;21362;1481546196;12
16640;12040;1481528607;18
24690;22454;1481541603;4
4049;9164;1481546361;6
9553;19374;1481523728;6
13214;22508;1481533947;4
9315;19772;1481540535;4
16652;8944;1481544853;6
19555;26166;1481536611;8
3448;4906;1481527924;8
1910;11243;1481535047;4
17901;20688;1481530281;10
21078;27433;1481522243;10
7899;10315;1481513032;18
5279;1403;1481518194;10
7147;23525;1481532131;18
11001;9770;1481537546;18
27288;10684;1481542302;14
27330;4228;1481512921;10
4807;13904;1481542659;12
27004;14545;1481510717;14
23346;20128;1481537643;12
10821;7965;1481539770;10
19038;19554;1481536703;10
9994;15962;1481516266;16
4328;4856;1481530204;2
17894;9686;1481510320;2
16181;5833;1481546880;8
5902;15312;1481537529;16
21087;390;1481519587;8
1173;12787;1481547509;6
7148;19831;1481536190;4
7479;12186;1481517699;4
6598;4019;1481511415;12
20547;18910;1481536209;2
10736;17758;1481529894;8
6999;4672;1481535368;18
3932;2806;1481513481;8
10515;2809;1481525414;10
1109;17270;1481526425;2
5652;14116;1481548901;14
2767;17150;1481516584;18
20973;2767;1481544702;10
22259;12744;1481529808;12
5267;355;1481523602;8
6929;7294;1481548714;14
16181;2119;1481519088;10
7057;1590;1481535807;16
17879;6533;1481538018;4
290;10251;1481550083;18
7107;12321;1481520836;12
1082;15118;1481510170;12
17153;13871;1481522805;18
6866;10330;1481530707;4
21443;8021;1481541753;2
11862;6410;1481532532;2
10424;7563;1481513968;10
12090;14259;1481543371;4
20943;5257;1481514952;2
11687;9841;1481538412;2
27103;19914;1481549698;2
8806;20953;1481550587;18
9405;22603;1481539236;12
8420;4959;1481514277;12
11080;1442;1481535279;16
18213;2016;1481532246;4
6266;19066;1481532193;8
24088;17879;1481543036;6
12089;22315;1481530053;10
10494;4238;1481532488;18
10017;11794;1481541742;8
23490;4796;1481549198;10
23850;20044;1481541482;4
3462;8767;1481513420;6
2341;5405;1481513240;18
6466;22503;1481549842;2
984;27406;1481516018;8
3054;14581;1481533508;16
14963;8391;1481515228;6
8921;71;1481543101;12
11946;9306;1481527427;16
4507;20708;1481522339;2
4799;7437;1481548173;10
10593;19781;1481538788;4
6015;26103;1481527735;10
3272;9656;1481532527;18
7889;11592;1481550402;16
18301;1299;1481533597;12
23061;12405;1481524954;10
4320;5842;1481547278;8
17570;5435;1481536971;18
6656;16517;1481540070;18
9744;22313;1481538184;2
12287;3390;1481528869;16
11094;6663;1481540430;6
17527;2176;1481534979;4
9193;7558;1481549903;2
20081;8378;1481519797;6
1628;8476;1481517984;12
2148;6649;1481545218;12
7495;19309;1481542759;6
12305;11477;1481530053;12
1860;19066;1481525600;16
17303;5847;1481538345;14
225;8488;1481517340;2
17398;13774;1481519999;2
9061;6894;1481531157;6
8095;3981;1481535496;10
2033;6167;1481517160;10
17531;7774;1481528642;16
17485;6299;1481546766;8
436;1206;1481533893;16
5039;22443;1481527912;6
10217;1500;1481514854;2
6252;12029;1481509943;10
17782;23757;1481515412;18
6722;25035;1481528211;12
7144;10489;1481521482;6
2148;22296;1481528397;10
11859;3255;1481536513;4
16916;2987;1481535618;2
4595;5726;1481526624;10
10205;15161;1481513136;6
8882;20454;1481547739;2
1488;17843;1481517734;6
19970;1061;1481522443;18
10814;12098;1481533714;2
22992;22482;1481516138;12
10021;5980;1481531943;18
16852;15452;1481538555;10
1894;13904;1481529102;10
7984;25449;1481538298;10
14658;15777;1481530589;4
3699;9900;1481549031;8
7290;6177;1481534466;4
9894;20609;1481537506;10
8656;4877;1481544578;14
19531;15321;1481543063;4
16321;1252;1481517146;8
20461;7468;1481523717;8
7349;23755;1481511451;4
25187;4808;1481543321;8
19861;16927;1481512762;12
7033;7815;1481532065;8
15533;23023;1481536294;8
20932;208;1481511899;4
19556;8678;1481549434;10
6699;4678;1481549717;10
9239;24668;1481534720;12
8964;11808;1481531115;8
7859;1040;1481529085;12
8142;27054;1481541794;6
8476;8887;1481511467;14
11402;11214;1481517465;4
5097;11013;1481532905;14
7002;11246;1481527796;2
23339;6800;1481520180;2
403;4855;1481516924;18
13288;19476;1481513842;6
7575;2827;1481518454;10
27309;17198;1481541694;6
3740;8918;1481548983;16
4905;7415;1481540740;16
23350;23048;1481533248;18
11107;26259;1481525678;18
3997;17464;1481527673;18
4767;3283;1481516815;12
8935;8593;1481530718;6
6124;1043;1481533120;10
3903;19436;1481536323;18
17486;17463;1481538951;6
8408;27343;1481518443;8
1601;5783;1481534177;2
11953;1359;1481509910;4
9458;1747;1481537309;10
1408;8049;1481526342;2
4748;17272;1481545506;18
6416;10409;1481537490;16
4260;10549;1481530468;10
4192;9960;1481545547;16
8945;1258;1481522236;16
9100;380;1481528188;2
14710;15247;1481531670;18
17262;1379;1481528213;2
24743;6204;1481515029;14
10634;4864;1481520961;8
23327;4923;1481548906;16
4182;14434;1481535866;8
12620;7513;1481517834;4
10720;24162;1481549859;2
15323;17886;1481514892;12
17036;1968;1481548208;4
9882;11240;1481543683;18
27031;12648;1481527695;2
14496;12071;1481514767;16
4190;12368;1481518660;16
18897;15226;1481518241;16
1800;4797;1481534413;8
9190;10386;1481539374;12
9967;5547;1481546071;10
4579;22999;1481510463;6
12710;5981;1481522511;6
27056;6115;1481510751;6
10375;27276;1481533653;14
242;4187;1481513380;18
4808;3066;1481536055;16
6296;5521;1481539486;14
6674;8928;1481539995;6
8335;15030;1481535426;8
7462;1533;1481545499;10
13226;4700;1481519226;18
7895;7399;1481538688;14
15028;1142;1481542520;4
8366;11805;1481541908;4
6664;9662;1481523142;10
1977;267;1481515786;6
1695;21216;1481543192;18
10582;5632;1481534252;2
25024;7573;1481527743;4
7266;19780;1481535448;18
9242;14914;1481548690;2
1094;5501;1481545779;10
203;6278;1481531415;6
2910;9174;1481540151;12
25443;17903;1481527402;16
1165;1341;1481532147;10
27143;10378;1481512777;16
9531;1631;1481535689;2
183;8657;1481549827;4
6594;23443;1481515682;16
6938;23063;1481515626;16
11392;7144;1481540216;4
1660;18160;1481528772;10
10582;9016;1481534932;2
27267;9461;1481529994;8
6775;1504;1481509814;14
12164;4549;1481511484;10
27012;12322;1481514865;10
12214;14936;1481542078;6
23050;8642;1481543173;14
19837;9954;1481530192;2
5928;2405;1481541373;4
4765;17310;1481537490;12
24921;21386;1481510792;14
14113;6299;1481544479;2
18871;25167;1481513152;18
105;2787;1481518991;12
4044;9989;1481535960;2
3014;9664;1481515500;8
1083;5080;1481517431;6
16013;18896;1481538277;14
11959;27262;1481535519;16
8453;15106;1481518772;2
5120;429;1481546640;10
20244;2765;1481532779;4
10983;22614;1481522352;4
1044;2463;1481517998;4
14445;3792;1481538779;18
3737;24934;1481533935;6
4803;1523;1481534529;2
19889;331;1481513122;18
7803;16026;1481534095;18
1113;14916;1481542545;12
5944;296;1481534481;14
12387;15239;1481529443;10
4007;8303;1481533980;6
11851;6488;1481535453;2
17392;17417;1481530226;10
2336;8584;1481550675;16
8505;17028;1481526961;2
5413;6983;1481534050;4
268;3957;1481541229;16
10524;16807;1481525719;8
11085;11088;1481523271;12
6676;25265;1481525087;10
116;5824;1481526275;8
3062;27429;1481517276;2
12786;27270;1481540751;2
9901;1227;1481526219;2
5107;4350;1481550692;16
35;7594;1481526336;8
25379;17472;1481513779;4
23354;19816;1481544039;4
11244;23891;1481521659;12
3279;258;1481524536;18
4673;19058;1481521346;8
4563;12033;1481550831;14
2135;1743;1481527375;16
5956;14450;1481516405;2
8551;406;1481518992;8
16295;7976;1481521651;12
5500;27165;1481518984;16
1039;21305;1481525498;4
1772;9170;1481544227;16
23887;4296;1481516482;16
9178;6942;1481515249;4
3746;8896;1481532152;8
6233;25074;1481538240;10
4894;20686;1481513374;12
18312;8377;1481510013;16
8539;19741;1481511327;16
18884;318;1481548370;16
1559;2414;1481519700;10
12058;26318;1481543052;12
27203;11057;1481530708;18
8996;17483;1481515423;10
9204;6461;1481548720;10
20010;27278;1481519762;2
7715;16049;1481511889;4
8338;14905;1481515224;18
221;7886;1481534301;10
27172;74;1481516380;14
6639;27493;1481512173;4
9430;9193;1481516134;14
2034;10597;1481527050;8
8231;14811;1481511580;2
5331;14230;1481549190;10
3556;18314;1481520895;16
17389;9685;1481549674;4
1079;3639;1481536013;6
1970;23041;1481542585;6
6693;17867;1481521383;6
15304;18069;1481540020;12
7436;2643;1481534828;2
27127;3495;1481536057;6
27172;9442;1481533183;14
5410;20712;1481526104;18
11239;3976;1481547653;6
26;19308;1481534938;6
4749;15083;1481541758;16
22450;7470;1481532165;12
19275;21489;1481515161;12
16317;6170;1481530159;4
5416;27228;1481528107;6
7525;9001;1481510381;16
7570;5104;1481535684;8
6688;13817;1481549278;18
11122;27414;1481534108;16
14273;919;1481532630;14
1268;3294;1481527241;18
7767;4210;1481512665;12
20292;10847;1481541932;12
5989;22533;1481531900;12
10188;3249;1481545002;8
2319;4191;1481536200;10
13128;12567;1481536086;6
1280;6781;1481531629;16
3534;9651;1481538710;12
6971;5952;1481533773;6
8983;11848;1481541954;12
8532;20848;1481523746;8
225;4589;1481547588;18
11032;19898;1481521698;6
234;19771;1481548062;16
6193;1027;1481535133;16
3641;23030;1481539828;12
15461;14806;1481528190;4
18213;17045;1481526767;2
114;22180;1481528845;16
6568;1963;1481511900;10
11915;7399;1481522545;18
1303;20522;1481547801;10
10198;15777;1481530882;14
6476;1725;1481530451;4
22997;6796;1481522911;6
6133;8683;1481517038;10
18399;5394;1481526460;14
6158;14930;1481523496;6
16362;3054;1481510092;2
10518;19217;1481524374;2
10981;15014;1481528418;12
11880;4055;1481537448;12
19066;8093;1481542901;14
5937;14240;1481541245;12
17043;10357;1481522435;18
8325;4834;1481550768;14
27377;20769;1481546179;16
2822;23534;1481527298;12
22937;1455;1481547152;2
19939;17375;1481531602;14
1056;22446;1481542877;8
2771;1689;1481523933;12
27057;5333;1481543565;12
12048;9321;1481534008;6
1106;22607;1481525717;16
18312;2152;1481548677;16
21416;15339;1481531941;16
8869;10984;1481530695;4
14906;17792;1481519741;10
1973;1192;1481538885;2
6296;17334;1481519110;18
10007;26211;1481536878;10
17435;8703;1481527206;14
22493;18859;1481537412;10
7895;18165;1481538764;10
21362;7646;1481547819;8
9788;26187;1481550728;4
11364;11090;1481538773;18
24164;23616;1481528673;4
13220;24172;1481514752;8
7559;16127;1481513379;2
2734;20406;1481534332;14
26216;7595;1481512986;4
4871;23970;1481526747;18
9977;1955;1481535393;4
4008;6705;1481525322;6
6812;7072;1481545916;10
3161;17290;1481523890;16
8912;9315;1481522652;2
8249;9342;1481540412;12
3979;9205;1481546248;2
20089;26216;1481525979;8
2640;1311;1481522224;14
17046;17879;1481528334;2
27418;18823;1481546988;16
5440;18891;1481533112;8
16863;7466;1481543377;8
18879;25364;1481548168;6
8439;24658;1481546195;10
17574;17848;1481513777;8
1601;295;1481521049;16
22495;23041;1481531378;6
4481;24164;1481540683;4
11941;25324;1481532697;2
3408;2345;1481533357;12
7104;17863;1481544446;6
6833;8728;1481519632;10
3088;23335;1481516811;2
14434;23066;1481531547;8
6813;1895;1481513551;4
12178;24355;1481529705;6
6032;1738;1481518004;14
6839;20524;1481537233;10
3945;4852;1481540376;12
4273;12428;1481534259;16
14203;8920;1481547022;16
6127;7252;1481516084;12
10067;6135;1481539403;8
17771;14427;1481532813;12
27493;14587;1481514123;14
15319;19880;1481522245;12
993;4192;1481543393;16
3949;1163;1481534366;14
6272;8540;1481516695;18
9100;14432;1481528315;10
885;25158;1481527705;4
4864;11225;1481518458;16
6876;13786;1481547463;2
4983;7313;1481550868;14
16204;13131;1481527738;14
5702;253;1481534428;10
6661;5685;1481550655;14
10210;7935;1481528468;8
5764;15011;1481509916;14
23900;1424;1481541562;18
27311;3025;1481536122;4
10403;7847;1481514912;16
23625;7208;1481539343;4
1912;8003;1481545309;18
22467;19599;1481537413;14
965;1208;1481535142;12
19208;4212;1481527464;2
18508;5398;1481529921;4
7600;5520;1481523462;8
7363;6234;1481536395;6
23022;19988;1481540139;2
566;16796;1481536433;10
19822;20491;1481544319;12
20881;4565;1481534751;18
14637;17481;1481547199;18
20971;15991;1481541667;6
2785;347;1481526374;14
379;1983;1481512878;8
9671;9685;1481515814;18
4968;13286;1481512791;2
21316;19454;1481538454;12
7778;15761;1481529964;6
7076;16203;1481532900;12
2982;172;1481510884;2
11407;13826;1481548685;12
4597;158;1481511470;2
4829;3776;1481547952;16
14981;3287;1481530910;4
21323;15253;1481525857;14
7526;23149;1481534417;12
10761;8223;1481533233;18
1195;11236;1481551029;2
13131;9017;1481539033;4
14804;8115;1481537854;8
6577;17349;1481530755;6
9668;8300;1481547330;18
15989;20367;1481539986;12
4354;24449;1481544397;16
8302;27546;1481523349;12
9461;16317;1481523899;16
23534;27521;1481530550;18
27510;7362;1481538824;8
4565;15009;1481527122;6
5916;6114;1481516733;12
14546;3999;1481513791;2
4219;13005;1481539580;2
5712;2815;1481511089;12
24279;8526;1481509825;10
10221;3949;1481546377;14
3383;3949;1481517712;10
4882;26032;1481543254;12
7686;3283;1481540882;16
15305;20529;1481534458;16
6832;10767;1481532668;16
24747;15519;1481538242;8
9896;9853;1481533626;14
21717;9880;1481547684;10
8958;16099;1481545083;14
4236;8692;1481529719;18
8909;8972;1481517283;2
27011;6331;1481528159;4
8332;14433;1481533143;14
2811;18423;1481536753;12
1909;11401;1481511997;6
11772;12088;1481537188;12
9893;1639;1481520422;10
5109;9478;1481543825;12
4757;13976;1481538431;6
6143;1084;1481513985;6
19831;13792;1481537691;18
6523;9267;1481512050;16
17616;12653;1481546136;8
11591;10376;1481549336;14
4951;21096;1481540697;2
5989;8468;1481521935;2
27054;8947;1481522406;2
17170;24650;1481540147;6
9681;1294;1481512261;18
25388;9798;1481525908;8
9185;4211;1481549896;10
6542;14494;1481540539;8
16534;11566;1481541328;6
10216;3904;1481544795;16
23123;19422;1481546348;16
22621;26244;1481513935;6
25362;7366;1481535073;18
20108;14209;1481528394;10
10826;1079;1481546866;8
2125;23076;1481540221;4
12041;9499;1481539592;4
18848;2331;1481532161;18
18178;15137;1481537166;16
8013;11013;1481532123;18
15995;1454;1481519417;16
6571;4234;1481525129;12
11949;1716;1481516780;18
24423;14259;1481516054;6
19495;8589;1481543516;14
18843;2287;1481535524;8
11757;6544;1481521725;2
2361;15226;1481519113;16
2609;1103;1481535403;18
9166;21805;1481523052;12
10418;14191;1481545609;8
2748;4319;1481519542;8
13211;186;1481513340;8
2731;5384;1481519911;10
24658;9976;1481537347;18
20466;16180;1481528920;10
15117;1717;1481520962;14
19454;10316;1481542962;2
5973;7860;1481519617;8
6987;111;1481536553;18
5755;2017;1481543672;2
27174;8925;1481549563;14
17209;6532;1481522872;14
8091;5929;1481530644;18
1713;8135;1481550510;12
11704;22987;1481514833;18
23349;7496;1481531992;14
3388;11631;1481528839;12
14133;14151;1481510516;18
14548;19936;1481519342;4
10782;10710;1481549595;16
1517;6208;1481511812;16
7980;6031;1481530492;4
4207;20996;1481539373;6
21254;4899;1481532124;12
12090;3293;1481529075;18
9432;5700;1481514195;6
20990;27551;1481522028;16
10727;7767;1481522075;8
1899;17464;1481516079;6
2733;19092;1481543674;18
3065;24410;1481514607;8
5695;14681;1481537957;16
14665;17401;1481530217;8
11067;14962;1481523568;12
380;2832;1481546695;18
10649;12121;1481533391;10
5260;6975;1481533551;6
6675;1770;1481537062;16
26476;23056;1481536247;2
5594;1448;1481532824;8
9870;6810;1481519722;2
14934;9473;1481537672;6
10363;18179;1481546576;2
14639;10703;1481520245;12
14904;11227;1481549211;2
7940;4929;1481521071;14
2138;3369;1481511189;2
10923;16026;1481510366;6
1319;7339;1481513671;4
10110;17239;1481531357;8
11946;18307;1481523956;8
6599;14241;1481520488;2
12335;1811;1481518335;2
15763;8357;1481513962;6
3939;3281;1481546721;4
9159;17300;1481530910;8
18461;10650;1481523736;14
20657;4321;1481510240;16
9444;27161;1481543771;18
11397;7591;1481533575;18
24650;4226;1481544684;10
16022;13618;1481540998;2
27425;9300;1481547726;16
14572;6871;1481532054;16
19939;5715;1481534242;10
13221;8996;1481528894;16
16799;16852;1481522881;16
11399;12156;1481535690;8
4776;9491;1481529898;16
12362;1981;1481539175;6
23652;2848;1481543316;6
18846;1079;1481526735;12
22983;17298;1481509933;12
20521;27467;1481513605;18
5007;23003;1481520134;6
7553;9423;1481514895;4
11018;18339;1481539334;12
11779;24394;1481530985;4
1416;10410;1481526860;8
24282;8565;1481538405;16
20155;7109;1481521516;8
18334;9773;1481540347;10
10881;6268;1481512256;10
25516;1799;1481532092;14
10539;21096;1481523033;14
14920;5438;1481518516;10
10467;4991;1481511972;6
4238;1900;1481509858;14
9290;14893;1481543047;4
8337;2144;1481525054;14
25370;9783;1481550590;16
1387;11869;1481537825;6
18857;17862;1481544756;18
8143;13774;1481538659;8
4224;21798;1481542876;12
5265;4735;1481548264;12
6830;25084;1481512589;18
14119;14192;1481511165;8
7831;12656;1481538812;12
1563;22996;1481520093;2
2336;18885;1481547905;10
12227;19837;1481511512;18
8251;2345;1481519817;8
4698;6940;1481510807;8
8704;1672;1481534653;8
5885;8317;1481547370;2
4707;6207;1481512392;2
5892;27209;1481527280;2
17146;11951;1481535889;18
17352;1331;1481531455;16
19218;3739;1481518916;14
6961;5037;1481530034;6
13618;23328;1481542527;12
7862;9977;1481548788;4
15533;11248;1481520998;6
16826;7791;1481531708;16
1517;24622;1481525041;12
13906;6017;1481526735;4
7433;26301;1481544975;18
21268;15215;1481514687;6
12152;1006;1481543121;16
6244;17040;1481529912;8
7263;21254;1481536450;14
13947;6801;1481550830;10
17153;17038;1481537275;2
10329;7855;1481516896;8
8533;8602;1481548864;18
21370;9973;1481540561;12
22266;15752;1481544800;10
25366;6647;1481510286;16
7935;10892;1481531791;14
12645;4522;1481518456;4
25361;20943;1481517513;8
2890;297;1481512371;2
14001;12090;1481546048;6
16928;1061;1481522281;4
7254;7246;1481547491;18
15475;23885;1481528436;2
19508;14498;1481544713;12
16199;5939;1481523751;4
1111;20931;1481540010;8
14203;9550;1481531002;12
7696;17459;1481528832;10
19052;20526;1481526234;4
6420;14953;1481532506;14
17757;16190;1481546259;2
433;1607;1481534544;12
12219;14782;1481548110;16
10697;12521;1481528763;4
1444;1127;1481531845;8
1672;26144;1481526972;18
15464;8815;1481509575;4
13345;4009;1481528984;6
1432;8564;1481538649;6
23060;6718;1481547989;18
8473;5872;1481544903;4
3996;20050;1481519605;14
19990;7413;1481543100;2
4543;18861;1481547307;8
11902;17268;1481550250;12
6353;3408;1481529458;18
11226;3118;1481529625;10
24937;7083;1481549008;12
10512;10727;1481538417;16
14916;4254;1481541305;18
8052;12288;1481521540;14
26189;18098;1481525442;8
5279;7996;1481518980;4
27053;4820;1481542787;10
11226;6798;1481544090;18
1670;921;1481534419;8
85;23549;1481518080;4
23337;1628;1481511011;16
19056;6107;1481514365;12
13815;19878;1481546827;14
6218;3914;1481515594;12
22451;12062;1481539902;4
213;5038;1481515871;16
9681;1028;1481525724;2
7976;4958;1481550884;6
6412;987;1481540969;12
9978;20971;1481526161;10
5895;10638;1481523239;10
3277;1087;1481520348;12
2962;2832;1481514953;2
10508;5960;1481539599;14
10470;19947;1481514215;16
15749;10894;1481550731;4
11791;405;1481541642;4
4568;23625;1481536323;4
3505;6453;1481524961;12
3014;9414;1481547219;16
21214;27445;1481530103;6
7562;7077;1481547973;8
10668;14253;1481536285;18
9157;10398;1481543894;2
2171;25068;1481538417;6
8095;9891;1481510976;2
9017;21503;1481511669;16
21312;323;1481512994;8
11809;6866;1481513284;16
11613;5023;1481538339;12
4754;20987;1481539252;4
14711;5938;1481510438;6
4346;14701;1481523099;12
8822;15034;1481515822;16
19045;7042;1481518117;16
9881;1499;1481525671;18
27409;24662;1481543598;4
5895;9439;1481533720;2
2174;6935;1481545413;6
14583;24749;1481522523;2
13203;20104;1481535423;14
6528;3021;1481521385;10
6504;9366;1481517644;14
14434;4522;1481527933;6
7491;10734;1481521907;12
25178;6816;1481518132;4
10091;219;1481548357;10
24357;5971;1481536303;18
6336;1791;1481542437;10
20194;14660;1481524495;18
7348;6467;1481517977;10
27181;5677;1481535131;4
16118;9205;1481512733;14
8494;6555;1481522539;12
10244;225;1481515692;16
27427;17333;1481547503;6
26500;10006;1481530788;6
4575;1421;1481535099;4
1916;19710;1481533452;18
21069;6461;1481531053;12
14681;21713;1481546117;10
9972;11592;1481518106;16
9494;12418;1481537213;4
3680;9573;1481538241;2
10162;7330;1481514084;4
5004;17533;1481510194;4
3286;3939;1481523306;16
18081;9509;1481526615;2
15734;11258;1481526377;6
8586;20122;1481510921;8
23519;74;1481538579;12
7900;12296;1481538117;12
6728;21678;1481532099;18
27182;8328;1481537593;18
6559;12401;1481533668;10
19917;12027;1481517274;6
3757;25195;1481545933;4
17294;374;1481520684;10
3948;22292;1481545912;10
18847;1283;1481530225;4
5882;10549;1481532826;12
7644;4014;1481523231;16
9768;5486;1481526580;8
10697;10475;1481530945;12
3422;11022;1481530757;18
7169;20827;1481519446;14
1779;17477;1481546712;18
14136;5611;1481543315;6
11917;12221;1481541608;2
2035;10381;1481533313;16
11642;6763;1481520573;8
2168;3961;1481515159;16
7271;14695;1481546709;16
11782;9472;1481518635;16
7988;1064;1481523605;16
15311;25035;1481549949;4
1681;12428;1481542424;12
6351;11211;1481526786;4
15008;15080;1481546535;14
12788;3000;1481541457;4
10891;7611;1481539656;8
16353;26317;1481530446;6
10203;6299;1481542154;16
8837;14780;1481538240;10
18068;17894;1481523050;2
3993;1579;1481520244;12
17307;14657;1481538136;6
20980;4997;1481543138;10
20342;6826;1481548662;14
15010;10921;1481518193;6
27030;27199;1481538918;16
17268;9876;1481546870;16
9529;11001;1481522607;16
4692;18350;1481531902;16
13114;4539;1481542193;18
18071;20011;1481525771;10
4880;10421;1481517654;12
26469;11092;1481522369;16
5741;20950;1481550637;10
4732;20862;1481521786;16
11155;9395;1481515308;10
5852;27423;1481517543;6
20114;22254;1481520650;2
10018;5973;1481546711;8
11076;18845;1481518372;10
8957;21834;1481521179;8
2019;6289;1481549239;8
18533;23614;1481541412;14
7943;1365;1481540020;6
20106;14637;1481546062;8
17793;19971;1481526633;10
16805;356;1481526622;10
1980;4607;1481532832;6
6305;17883;1481516442;8
14629;10922;1481548860;8
7934;3686;1481514408;16
8799;4563;1481547625;14
27184;5907;1481530644;8
8656;26203;1481534334;2
1918;10194;1481542846;10
24968;27459;1481527574;10
22490;7610;1481537171;16
262;2759;1481511234;10
25389;19218;1481513432;2
1378;4698;1481529119;12
6254;6378;1481513907;2
25394;10292;1481514253;18
6367;18820;1481528199;4
3637;304;1481524115;14
13761;6780;1481530461;18
23855;16017;1481517176;6
18898;11174;1481542523;6
8465;12944;1481531714;16
14257;11501;1481539864;10
4672;10112;1481546285;6
6192;24939;1481536293;4
1200;8754;1481511148;16
15378;8336;1481524141;18
19966;4290;1481550729;12
4273;3997;1481534787;18
2340;7062;1481512625;4
14623;12290;1481534465;12
22928;24279;1481535777;10
14003;16863;1481529258;2
1193;1630;1481540594;12
12099;1519;1481546661;10
5502;7698;1481513156;18
19946;6210;1481548064;4
2786;23001;1481551015;2
7790;128;1481519321;12
6133;3607;1481530285;18
5301;22641;1481536010;10
6193;9713;1481548582;14
5104;3766;1481514294;12
14695;5488;1481537095;18
8594;21716;1481517374;14
11781;16935;1481523448;4
20757;7934;1481535352;14
15377;21386;1481547408;16
16517;7273;1481538155;2
6384;21069;1481531616;6
21444;17033;1481517604;6
11592;20759;1481529925;8
13909;14802;1481540178;14
6641;1111;1481549791;8
16017;4018;1481538805;8
6395;14118;1481528446;6
19226;13198;1481538465;2
3903;27033;1481529604;10
3427;3279;1481519619;6
6946;1813;1481525672;2
8960;22163;1481549316;14
11702;6782;1481526702;14
18912;12559;1481523433;8
2760;9636;1481537383;4
3898;14901;1481544379;18
4557;16351;1481534662;2
15033;21711;1481520514;6
4251;15327;1481547208;14
26072;15327;1481547263;14
4359;3067;1481520060;16
9428;6222;1481544618;8
8346;19064;1481529295;14
18076;6653;1481513557;18
12121;5883;1481520775;8
5084;6689;1481543268;16
13773;889;1481520009;4
8588;19883;1481525407;8
3985;10324;1481533927;12
27094;14973;1481526519;8
14562;14001;1481528091;16
1559;1037;1481541924;12
20413;5417;1481511592;16
26102;1666;1481533409;4
1070;10377;1481513317;10
9319;9523;1481533537;4
8110;4581;1481549797;14
10376;21480;1481533749;18
338;7575;1481541115;18
9162;12787;1481519681;4
21921;21311;1481516770;4
24250;14627;1481524423;14
8088;10851;1481541473;12
11772;8418;1481548068;4
10930;6484;1481548568;18
23020;25364;1481539572;10
5763;8160;1481547026;12
21088;3374;1481519265;2
9975;7334;1481546901;12
2364;7573;1481541987;12
19859;10694;1481542315;2
11386;7545;1481532380;8
5864;17399;1481517737;4
5730;18873;1481540313;10
6585;8135;1481522480;18
7487;326;1481545010;4
9208;7167;1481524321;4
1719;9025;1481523342;14
14657;1897;1481525008;12
6694;27208;1481514736;16
17183;8692;1481511701;4
9329;19778;1481541121;18
10282;1015;1481523638;4
2777;24429;1481513780;10
4610;14636;1481517197;16
4056;7394;1481541296;8
7712;6325;1481514229;12
24375;1146;1481511631;6
25188;7417;1481541501;10
4520;18859;1481509872;8
19918;17575;1481522897;6
18260;5846;1481545689;8
23032;6127;1481522071;14
14430;3459;1481512980;10
10383;8139;1481545823;10
6187;3572;1481535485;18
11406;26068;1481532105;4
6565;18908;1481510119;14
8359;9802;1481513571;14
2866;1251;1481515458;6
6020;16297;1481519517;16
5731;4240;1481510656;14
11821;1230;1481512701;2
9204;10420;1481525552;12
9446;4238;1481539367;14
17528;2405;1481530641;18
12216;2280;1481530932;18
10204;8955;1481521994;12
5084;7821;1481547296;8
6873;6791;1481512137;6
85;14932;1481520546;18
21365;5917;1481534004;18
4251;19059;1481544824;18
14810;5877;1481510098;14
23030;4672;1481512384;10
3982;12246;1481526168;10
21451;8298;1481517121;14
7;6404;1481525688;14
10602;14230;1481516343;12
15119;2910;1481535824;16
18213;10921;1481540998;18
8006;1703;1481533170;6
1223;2390;1481532138;16
8110;7388;1481539760;2
25047;6459;1481534167;6
6457;3975;1481539682;2
290;28;1481520546;14
11053;8276;1481533055;10
23108;12063;1481533050;14
17209;25543;1481531898;8
24762;11623;1481544300;2
17298;8438;1481543909;8
8437;8164;1481527004;14
5520;7242;1481536115;16
19211;8018;1481515978;12
5049;16808;1481516732;6
139;6126;1481532101;16
9294;25706;1481518396;8
14640;2415;1481544562;14
7188;17480;1481527514;16
4533;9318;1481531102;16
13859;18077;1481524376;4
1053;1138;1481514907;12
7573;21295;1481536865;4
26477;27175;1481513575;4
2416;11991;1481519697;6
17537;8035;1481534554;2
25541;9103;1481512283;18
14866;1493;1481544255;6
10383;5817;1481546344;6
399;19837;1481535436;18
3919;1966;1481522463;6
22444;17549;1481549326;10
19;3987;1481529980;10
4256;25188;1481534010;16
5823;23123;1481530287;4
15473;3952;1481509979;2
2410;1980;1481518775;2
151;8656;1481522557;6
6026;4803;1481512147;8
21412;12401;1481514319;18
3219;9419;1481518363;18
8657;2338;1481515402;8
25057;14627;1481509502;18
14903;24743;1481513895;16
20547;5827;1481518694;14
343;4013;1481519605;18
11071;2375;1481510618;12
17436;2796;1481516033;10
10008;7165;1481522546;14
33;8001;1481525530;18
3267;11013;1481517201;14
4311;12813;1481535793;8
6794;9305;1481536034;16
27333;1043;1481523401;8
3286;15499;1481531549;12
11616;2800;1481550090;4
9546;23114;1481542884;14
975;10045;1481546031;8
19585;8454;1481521640;4
13877;9819;1481548968;2
18442;21;1481511293;10
6877;4245;1481524602;16
4182;11231;1481537209;10
11375;12102;1481518064;18
10694;9777;1481545565;6
10002;1457;1481547475;16
972;23854;1481520497;12
401;2998;1481534172;12
14122;5127;1481522165;2
14691;19520;1481519376;10
27133;13137;1481521129;8
8115;16809;1481536556;4
1200;22963;1481515072;2
19490;25532;1481532465;2
20976;25184;1481538701;12
14576;19879;1481531559;12
5719;1247;1481524315;16
24508;14557;1481533625;2
24709;13776;1481531280;4
17439;20994;1481520158;2
17532;12156;1481542861;16
27183;6662;1481523737;2
15222;8368;1481514906;16
7021;3639;1481526530;8
6273;16093;1481523903;12
23853;9946;1481532518;6
27537;261;1481537276;6
20244;24471;1481510512;4
9897;8030;1481528182;14
16134;9316;1481532378;4
2834;94;1481529459;12
1627;10829;1481511116;10
6640;14538;1481536481;18
3547;11691;1481512182;10
27450;10356;1481549360;14
1801;3728;1481511904;18
15296;20410;1481528336;18
11259;22481;1481529156;10
9307;4175;1481550803;4
5257;15009;1481531359;6
6328;8743;1481525447;10
27414;20673;1481527672;18
7672;23041;1481534367;4
4233;9852;1481518948;16
5329;2465;1481525928;4
1630;4858;1481532567;14
14933;1023;1481515111;16
4194;17173;1481538441;6
1103;6641;1481511531;18
7423;17331;1481527032;14
8361;19585;1481541954;12
26280;13780;1481519300;16
3904;23013;1481522356;12
7242;13798;1481534506;14
6634;18809;1481536129;12
4316;23533;1481547107;4
6915;3426;1481528434;16
15108;3413;1481550788;8
13973;25189;1481551096;12
20157;24957;1481512150;10
21093;8879;1481511159;2
8124;11757;1481521502;10
6262;4904;1481517907;18
4999;71;1481512964;14
25023;5085;1481542797;12
8385;14637;1481535009;18
13778;5409;1481541477;12
7356;119;1481548864;8
5604;24673;1481545861;2
16179;1503;1481539401;12
12187;11482;1481533849;4
10116;8936;1481524017;18
4803;1619;1481522762;4
14125;4964;1481516281;8
11212;2123;1481510507;2
6002;20975;1481536947;14
971;23099;1481534828;4
14660;21503;1481530532;10
13798;11891;1481518518;2
11619;6597;1481544962;4
17886;10064;1481530160;14
9988;9971;1481527395;6
10547;10230;1481543541;10
6638;8547;1481533741;18
14141;15999;1481523668;12
18155;11798;1481530036;10
3730;23108;1481534981;10
10191;15992;1481527445;2
6021;8397;1481547181;6
1187;6975;1481539538;10
17519;15085;1481545725;14
19599;14256;1481521534;14
1411;13929;1481520646;14
210;20015;1481544852;16
10117;1154;1481523563;8
4723;10523;1481525974;12
11770;6643;1481512934;10
25087;8863;1481517133;2
20100;9313;1481547284;14
1443;19756;1481528931;6
9955;11946;1481522475;18
23850;6563;1481513212;18
207;15080;1481544158;18
1914;24927;1481543286;4
4219;6142;1481518464;18
2809;402;1481530301;14
17298;5106;1481530451;14
10230;17049;1481547563;10
6942;8134;1481537453;8
20135;14803;1481524757;2
19900;15244;1481531012;4
5081;7574;1481520160;12
3627;5017;1481520401;14
8984;1691;1481515320;2
23807;24563;1481520502;12
7052;7054;1481548722;10
9667;4259;1481546388;4
3950;27449;1481523311;6
25493;2463;1481542004;8
565;8126;1481534557;16
1606;17146;1481531548;2
8683;4041;1481535283;18
15991;8997;1481539326;2
7493;1108;1481519298;14
5952;3714;1481511377;6
10531;18873;1481546129;12
9310;355;1481510523;6
7837;22163;1481515641;6
8281;11065;1481538418;10
10814;905;1481546633;10
1302;6969;1481530095;10
24417;7962;1481532823;6
991;2025;1481547218;18
7572;2805;1481529670;12
23083;11642;1481548592;16
19868;21415;1481523354;18
19860;23832;1481522102;2
11029;5510;1481540537;16
14916;15764;1481530838;10
6592;10313;1481537595;12
6604;17570;1481536493;12
10097;16007;1481532474;16
3906;1742;1481520314;14
26469;9986;1481524023;4
3856;10443;1481517069;12
19898;1014;1481524172;18
20144;19200;1481531064;14
15301;1186;1481515151;8
8385;7714;1481518322;2
1315;26309;1481530475;10
21839;26138;1481525381;12
10180;20409;1481529195;14
6796;4937;1481517049;12
1846;12305;1481529184;10
19963;16803;1481530474;8
10031;11058;1481525612;18
3641;4875;1481539779;2
8545;21463;1481539468;2
23628;24063;1481520493;2
1456;14239;1481515481;14
4879;4579;1481528277;2
5103;8965;1481548916;10
1376;2148;1481516844;4
1374;5893;1481520085;18
10852;13224;1481536624;4
8552;7427;1481547970;8
9983;21090;1481520670;12
6706;25391;1481511940;10
10125;17901;1481510423;14
27459;4731;1481541088;8
6679;27279;1481530037;18
5735;7841;1481513287;18
17797;2734;1481520701;18
6782;23729;1481543176;2
20983;3399;1481515104;12
8438;25392;1481543727;6
24962;20460;1481513506;2
12391;18881;1481528764;2
1168;27547;1481515725;6
19087;10648;1481536648;16
8917;17333;1481514395;14
1196;19834;1481521632;14
4272;4703;1481527402;2
8490;25066;1481550683;4
3029;9528;1481509822;12
6547;10544;1481549913;8
8355;21720;1481543499;18
10398;11035;1481515340;16
7891;20609;1481528519;4
13079;5889;1481509717;14
22163;9321;1481539297;2
11106;4275;1481542907;6
5808;1909;1481531828;10
19556;1878;1481543591;2
7573;19319;1481549218;8
8438;23013;1481537703;18
4733;1389;1481524088;10
22929;5706;1481516997;18
321;7998;1481530462;8
6639;11113;1481539852;2
1567;2326;1481533244;18
17503;396;1481511240;2
8972;9284;1481540938;6
6031;21716;1481524348;8
6378;9206;1481526710;6
11700;1406;1481546950;4
8145;1717;1481533898;2
20576;11566;1481523530;10
4655;4895;1481538032;10
23176;14494;1481518134;2
5852;9514;1481541627;10
9754;5490;1481520758;8
4760;4219;1481527831;6
9479;6725;1481531270;16
301;1032;1481539126;2
4522;4520;1481520382;2
5000;19022;1481545525;18
18464;10998;1481516492;14
22996;8958;1481517459;10
6841;19490;1481545918;18
8887;20341;1481527594;12
3694;14142;1481517844;12
27015;10714;1481515973;12
8138;4485;1481527178;2
3247;17875;1481547844;4
16937;22500;1481536738;18
27163;2402;1481519584;10
8379;23305;1481537057;18
5722;1546;1481547592;12
18461;14614;1481537498;16
26207;18261;1481523575;6
22651;911;1481532242;10
2390;5413;1481518735;4
4957;5475;1481540363;10
2825;11122;1481514994;12
306;3250;1481547354;6
18849;4892;1481513331;4
14442;7637;1481536814;6
7247;8122;1481544793;8
3330;24174;1481525482;14
19573;14893;1481524803;16
1142;9663;1481515846;8
7877;7880;1481544883;10
23662;12398;1481519822;2
9743;16317;1481515567;6
6595;6515;1481546758;6
10354;2373;1481524224;6
5499;25376;1481539655;10
9361;27504;1481522133;4
3648;20311;1481542260;4
8108;298;1481533731;12
3989;19712;1481548694;8
3688;18905;1481548015;16
3391;8464;1481548281;16
27195;5938;1481519885;6
20104;6873;1481521718;4
5019;11034;1481528759;2
6300;10659;1481521297;6
4158;26330;1481529449;8
27374;1418;1481513057;16
1562;17921;1481510014;4
70;3077;1481543310;12
14917;4671;1481546835;2
5828;4042;1481549701;8
5995;18048;1481534458;12
14120;17296;1481515000;14
17552;6457;1481545912;14
12866;16123;1481527319;10
3246;22796;1481530303;4
14441;3986;1481518901;16
20401;17463;1481519692;14
8479;10889;1481516115;16
26301;20062;1481530782;12
6594;19710;1481511353;18
10808;26083;1481515326;4
21462;8575;1481541269;10
15352;16929;1481522489;14
15083;22651;1481521069;6
19781;7480;1481546226;6
1973;14584;1481521454;4
1500;3420;1481550900;8
5685;6728;1481530169;18
6866;18158;1481543573;8
14698;4545;1481509801;12
1346;18178;1481535968;10
5356;10070;1481524996;8
1969;16781;1481515584;8
7072;26500;1481513608;14
5689;19232;1481519916;4
338;23669;1481526874;10
5930;20979;1481510431;2
5689;17415;1481539965;10
27547;2413;1481525965;8
16051;13820;1481550239;2
1386;14583;1481513909;12
3513;17299;1481522733;16
9441;22931;1481529475;14
2022;27285;1481536064;2
3077;20658;1481509900;2
1732;1558;1481537397;12
18845;3013;1481523125;4
7965;11622;1481547559;4
24431;2611;1481525557;12
11266;25380;1481514250;18
8641;3916;1481541149;2
23339;27334;1481510787;8
7368;23652;1481522987;8
4198;6194;1481536232;6
8301;15352;1481523453;14
2416;16307;1481535465;10
3388;17901;1481550899;16
10256;27382;1481516711;18
20976;6718;1481549637;14
1356;18860;1481551001;4
8234;16874;1481543899;6
10512;23013;1481544370;16
17168;5046;1481534779;18
23450;20148;1481532134;6
18079;25087;1481548100;10
16336;12164;1481548042;16
13726;6221;1481542618;18
9284;5485;1481512777;16
15122;22472;1481511415;18
12156;1574;1481531945;6
3941;2273;1481528167;14
17586;1673;1481518520;10
75;15452;1481541029;12
7490;9766;1481512009;18
8907;21842;1481514004;14
4178;6562;1481540716;14
9229;7693;1481521911;8
6421;14439;1481545230;14
6798;27015;1481515549;14
4728;12002;1481536696;8
10264;4256;1481545882;10
16796;4253;1481519941;10
9409;24134;1481515968;14
5240;972;1481545128;12
23357;4284;1481533481;4
10775;432;1481541521;2
6149;11235;1481518559;18
5839;15353;1481512285;10
15306;2786;1481514418;16
10529;686;1481528918;12
25366;7581;1481524706;4
16656;25706;1481524079;4
4501;19297;1481511678;2
9469;8877;1481545520;6
27228;24748;1481547395;6
5860;23730;1481510541;4
25341;10270;1481516094;10
8003;15088;1481529675;2
9477;9215;1481516263;10
82;983;1481511568;8
1409;3699;1481533092;8
17360;8289;1481542436;2
3275;8580;1481536029;14
3068;10289;1481518253;12
9123;3269;1481530807;16
2739;19989;1481515683;16
19077;18347;1481526231;6
20425;365;1481541512;16
19872;10545;1481522112;12
8479;21491;1481532885;4
3629;15409;1481510856;18
4044;12293;1481519767;4
1498;16799;1481514694;16
5743;21375;1481516334;6
12427;2811;1481511458;14
6607;24257;1481524016;2
23177;26259;1481521846;2
15471;25085;1481528534;14
10573;27315;1481544745;2
7685;4766;1481546969;10
20157;17360;1481543850;18
1231;18201;1481545195;6
14858;14695;1481516794;12
1724;11636;1481531977;6
17422;8461;1481532596;12
1221;13758;1481541923;8
27156;19498;1481537423;6
2136;16302;1481509973;14
11060;8443;1481532734;18
10704;11668;1481537484;16
7399;12159;1481540457;10
5977;24648;1481515510;10
14125;11086;1481544381;2
14191;3897;1481534842;8
23697;1370;1481519773;4
13113;18314;1481536302;6
10724;9891;1481550568;8
986;11108;1481511406;2
11075;21214;1481523870;16
12951;12226;1481548362;16
7156;23040;1481518088;18
27059;25487;1481541744;16
8005;14620;1481547769;14
10094;11769;1481533000;12
5478;9755;1481518609;4
23346;13855;1481512030;8
1986;20869;1481520088;2
27393;8767;1481538143;12
6245;6302;1481514150;18
388;25035;1481528766;6
10985;3697;1481530986;10
1655;6184;1481522553;2
9421;27442;1481543582;14
985;16132;1481514110;14
1723;14006;1481529340;6
5530;19272;1481545058;6
23059;22926;1481514939;10
6403;21312;1481535257;14
6938;24650;1481540042;10
9664;14123;1481542244;10
10029;11042;1481539833;14
11772;21383;1481543845;2
3973;22479;1481533880;8
24748;6151;1481514196;12
27336;19285;1481529360;16
13259;18877;1481542489;14
25073;20999;1481514484;6
18099;3642;1481528001;6
5995;6822;1481540964;10
10671;7090;1481534326;4
6268;374;1481550683;14
11767;3121;1481522002;8
17792;22460;1481550221;18
25193;24430;1481521060;16
9848;3021;1481533272;4
11416;1839;1481516515;18
10904;2954;1481526383;8
12767;3680;1481521849;14
6966;9015;1481537477;8
24927;14514;1481524185;8
27327;5814;1481510659;4
2160;4550;1481522629;14
382;8549;1481521843;14
21216;5783;1481526618;10
16050;8754;1481519497;14
2795;14585;1481513222;12
4905;22479;1481533232;6
16362;24966;1481543113;10
4942;1339;1481531940;12
21496;8422;1481549904;12
16905;4903;1481526762;18
13986;11910;1481538488;2
12574;22577;1481531229;4
18166;3629;1481546913;14
11216;16798;1481543988;12
2157;6178;1481538141;8
15226;9404;1481515926;12
15987;11032;1481543949;6
11400;18912;1481549803;14
6164;5433;1481524854;10
8237;12060;1481522303;4
1577;10198;1481535289;4
12067;4213;1481517970;12
1499;25087;1481521544;14
5702;1841;1481530627;2
10610;17424;1481551108;10
8752;10492;1481528250;12
7936;10713;1481545079;6
8566;16026;1481548239;4
7548;19989;1481533100;6
23299;1600;1481526981;6
27058;23053;1481521653;16
25364;16851;1481532317;8
11240;939;1481519580;10
9163;11811;1481525448;10
3620;17307;1481512976;4
20310;10535;1481526131;14
3962;3087;1481548975;16
10231;9862;1481514846;14
11224;6572;1481516536;6
5038;12742;1481546396;14
4704;9669;1481520964;12
17305;14884;1481510184;12
8278;11099;1481548577;8
17284;3255;1481525091;8
12243;4236;1481521941;2
20527;10421;1481524552;2
12355;27289;1481548594;12
13195;1001;1481530845;10
1413;10386;1481520620;6
1042;4501;1481521131;6
1979;9201;1481548213;12
12772;7574;1481528125;2
3726;2321;1481528178;8
1303;4306;1481548377;14
5698;4009;1481510166;12
18146;13984;1481519698;14
4957;10875;1481523176;12
1840;16852;1481528298;6
23364;25320;1481550709;12
9836;2893;1481515553;14
26307;6156;1481510097;2
12412;1982;1481541767;16
27443;10207;1481517316;4
8512;12045;1481512991;12
9363;10981;1481527825;12
12770;361;1481530369;16
9536;7811;1481515068;12
4856;6667;1481510493;2
1194;6505;1481551080;6
14545;22;1481537749;10
21801;14183;1481524367;2
27549;10120;1481538913;4
7564;986;1481517530;12
6922;20370;1481545129;10
6501;1181;1481542651;6
6307;4358;1481544061;14
10386;11075;1481536914;18
9002;6450;1481534291;16
7023;10247;1481543854;2
6017;2035;1481512123;16
65;8767;1481544789;6
14992;10273;1481537765;6
26149;215;1481543129;8
24284;5358;1481547322;2
12074;5514;1481523489;4
22959;6401;1481515046;8
244;25371;1481544919;10
10733;11119;1481549671;16
12019;24937;1481532022;14
23644;6588;1481525153;12
3995;16022;1481548721;2
1724;12134;1481534749;4
10001;17361;1481530358;6
20782;7073;1481545815;16
18850;27199;1481528066;10
27005;21415;1481524870;18
7510;3937;1481539989;12
22263;13080;1481512135;18
8595;6603;1481509594;6
1381;6286;1481544999;12
4999;4732;1481545518;2
1025;19296;1481518100;16
11390;1149;1481549190;4
12097;1638;1481545262;12
7898;9802;1481535484;4
11892;8496;1481533286;18
17442;1143;1481533119;10
261;1742;1481532926;16
24571;14892;1481513906;16
3009;11065;1481522187;8
21268;17026;1481517681;4
20528;21463;1481527839;4
25186;19510;1481515074;12
4543;24277;1481537118;12
22276;7478;1481549302;14
7325;9345;1481522095;2
1537;21414;1481522277;6
19830;12562;1481527156;2
11613;19910;1481530617;2
19043;8595;1481548476;2
8427;4759;1481516683;2
4503;4219;1481537295;14
16017;10237;1481522623;16
19092;8378;1481542578;16
12057;1523;1481520721;2
9992;11039;1481516780;2
1553;7965;1481550953;12
21808;8919;1481548990;6
180;17289;1481529146;8
19054;1911;1481520922;8
9791;21498;1481543157;2
301;17294;1481548668;8
2875;23059;1481532590;8
27510;21758;1481522592;12
27099;10175;1481548036;4
14141;23665;1481527966;18
8930;11815;1481548507;12
6620;25426;1481516375;16
8887;9290;1481546640;2
26164;1896;1481510234;4
2785;12285;1481518846;12
21223;10735;1481543010;8
11783;11247;1481509715;18
6851;12787;1481540038;14
11208;5912;1481529521;18
1732;20775;1481550414;12
1815;8152;1481530670;10
10665;8480;1481543322;4
4814;12562;1481542410;8
19922;6285;1481526310;18
6329;10197;1481548739;4
27322;11251;1481512735;6
5846;7772;1481539386;18
3255;6293;1481550625;18
10239;3850;1481518174;2
5416;3637;1481511810;16
353;7071;1481513458;4
6157;1110;1481537514;14
4914;1369;1481534107;16
9210;1394;1481527715;6
14193;10713;1481519810;14
3458;1514;1481515099;4
23864;4925;1481538604;16
2158;7893;1481529414;16
4657;12222;1481521463;4
23031;4833;1481539767;10
1511;20970;1481539616;4
19936;1885;1481535563;10
23743;5839;1481526531;8
14123;11090;1481546474;2
23109;4298;1481536802;14
7155;24426;1481544582;16
4999;4583;1481544423;16
384;14559;1481550499;8
891;5048;1481549443;4
1558;1487;1481538316;4
14912;7915;1481515779;14
2942;1415;1481536640;2
19087;12327;1481544482;16
24733;4297;1481548639;6
24253;9149;1481511759;8
5357;14040;1481540562;16
14289;14193;1481511881;6
27537;13910;1481528098;16
17172;7264;1481509660;8
14620;4608;1481526470;4
10739;2740;1481532707;8
20144;1116;1481539943;12
22966;6299;1481545157;12
19950;6461;1481513899;12
13559;8906;1481548144;2
6325;10551;1481535280;14
1168;12358;1481542799;8
15243;19432;1481528157;16
1641;11613;1481541385;16
3900;15419;1481519114;18
17041;235;1481511366;10
6964;6201;1481547737;4
35;3575;1481543479;18
9443;14860;1481517288;16
8987;16129;1481513779;12
8643;12091;1481534947;12
13984;15514;1481523484;14
12759;13188;1481544912;12
11086;17398;1481511934;12
327;16293;1481550827;2
16885;1064;1481540384;14
8094;6962;1481537935;4
4258;18764;1481535344;16
5939;1605;1481549819;18
3901;8634;1481509932;16
2386;9431;1481518568;10
10033;3535;1481526220;14
12041;4590;1481549562;14
26999;7795;1481548685;8
4860;10383;1481542248;6
7604;3601;1481528955;8
23350;4249;1481549837;10
7554;19758;1481520473;2
21311;15996;1481551033;6
15229;10029;1481520023;10
9764;27473;1481516702;4
19089;1988;1481521920;6
4683;6983;1481548621;2
19476;12240;1481536899;12
9346;7251;1481511866;12
1317;12644;1481520759;6
20911;12709;1481532594;2
15033;3971;1481529134;16
14641;174;1481543811;16
5883;4952;1481534861;6
7882;19067;1481510811;2
7368;13854;1481515535;14
25053;7002;1481530448;14
16135;225;1481548446;4
7300;7455;1481544005;2
6870;2783;1481550144;18
19044;6441;1481511226;10
11791;2799;1481547668;18
9462;3688;1481542070;8
3011;5101;1481536832;14
6687;5761;1481511290;6
5693;7280;1481528349;8
6016;949;1481545916;14
2843;17240;1481526495;14
9638;3246;1481545927;2
7350;17515;1481548324;10
14934;17021;1481522322;14
8520;2788;1481519244;14
7018;3903;1481510152;6
1060;23084;1481524286;16
2023;1255;1481518800;18
4521;304;1481547092;12
2156;3992;1481516606;6
11378;9648;1481519784;10
9262;25061;1481509713;18
10279;10381;1481536553;2
10540;21372;1481532182;8
7994;5515;1481545894;2
2143;18891;1481511234;18
9680;9768;1481519114;6
12693;3408;1481518136;18
1722;3085;1481529408;8
20041;6432;1481530681;6
25156;16804;1481540335;8
8698;19074;1481510863;2
15116;1616;1481545859;6
11000;953;1481511935;12
26159;7710;1481535354;14
1118;10720;1481538504;2
8353;5894;1481532431;2
27469;3017;1481527828;16
27462;6986;1481543588;8
9017;12794;1481548303;6
7604;20063;1481546924;2
25411;7340;1481525519;12
22934;11758;1481523662;12
10383;4843;1481522094;6
19063;24062;1481544751;14
4827;11070;1481537839;12
3291;1231;1481550754;4
7379;25043;1481527940;14
1887;7548;1481513394;18
1929;7822;1481534859;2
1969;26192;1481533927;10
8327;1666;1481533621;10
5052;20473;1481522555;10
11776;25545;1481514690;4
22467;5917;1481539178;18
24138;3855;1481518592;16
15224;9660;1481547083;14
9214;14899;1481510897;16
11222;19476;1481519322;2
4806;12413;1481521564;10
12309;3253;1481542711;8
11141;116;1481511097;6
1903;17373;1481511060;2
26260;15403;1481511590;10
19948;8465;1481550687;2
25535;9794;1481550908;14
1279;369;1481518876;18
16879;7900;1481544428;8
27424;6610;1481528666;10
16043;5840;1481517878;6
1679;16997;1481533776;8
21499;6475;1481517458;8
8658;12243;1481528184;2
6236;1204;1481516255;10
22938;29;1481517355;6
18264;209;1481510017;4
4916;19302;1481516390;2
21295;6953;1481534405;12
3750;14695;1481519516;16
10033;5825;1481512950;6
20405;20643;1481516797;12
6766;22794;1481524866;18
25440;27442;1481517600;2
6249;25320;1481513206;12
24471;9656;1481514371;10
1193;7473;1481513099;8
11950;24162;1481536747;14
7175;26266;1481523399;16
8497;2803;1481510906;14
1457;6191;1481550808;14
25085;16837;1481511525;10
25323;5734;1481511101;2
20299;10778;1481535310;4
14880;1592;1481521564;16
17436;6369;1481520022;16
25072;6327;1481546001;8
23884;21721;1481535592;16
7854;17568;1481530252;10
21269;7021;1481538787;12
6655;11093;1481545741;12
163;13287;1481531653;4
12573;17444;1481533203;16
17439;86;1481526407;18
5627;3119;1481532552;18
14643;8091;1481523417;4
6826;3262;1481511873;12
13802;11858;1481513315;10
81;6498;1481513200;10
21841;25280;1481516465;8
7343;8768;1481522842;14
11851;5948;1481517029;6
16201;8958;1481544454;16
1151;15028;1481541022;16
23060;127;1481527666;6
2890;13679;1481510601;18
3566;4943;1481527810;4
11814;24451;1481527812;18
7886;6674;1481519120;6
20354;26204;1481511957;8
12710;11945;1481537723;12
27102;8005;1481545655;12
11080;15783;1481514968;16
20014;2162;1481518787;6
20136;9155;1481545322;16
20827;10830;1481548809;2
19939;14578;1481516352;12
10387;23055;1481531526;14
20289;3485;1481514482;18
4946;19221;1481529853;6
6372;15024;1481550036;4
9027;11127;1481511470;12
10416;23003;1481514616;18
19972;12043;1481547951;14
1033;21363;1481546830;14
2145;12214;1481543471;8
2399;11909;1481532746;6
981;7176;1481533573;2
4191;18879;1481522620;8
14803;16864;1481550237;12
10813;6319;1481543124;4
7013;5759;1481547093;16
254;6112;1481523252;12
21089;23011;1481514468;18
1868;12329;1481515382;8
9483;14403;1481536405;4
27036;2143;1481535752;10
4956;972;1481525347;6
20901;10830;1481518375;12
7054;5814;1481516280;8
5429;18900;1481547510;10
8466;17279;1481534817;6
9191;21315;1481538431;10
13678;3736;1481549815;10
16828;296;1481509522;6
20713;11719;1481511537;4
5936;977;1481522395;4
2840;24277;1481513663;4
17481;10703;1481526259;18
27381;5883;1481523184;6
421;9545;1481543034;12
24375;7454;1481533660;4
5474;11859;1481528004;4
23350;12035;1481543961;14
27013;23112;1481519533;8
4243;17877;1481547253;10
22459;1717;1481521954;6
1094;27471;1481516701;8
9805;6175;1481522540;16
14152;12813;1481520836;10
11804;22794;1481527381;18
6012;79;1481521580;4
8971;14510;1481522369;10
7364;8308;1481549961;14
19865;8768;1481533788;4
6576;18068;1481522186;18
11600;20369;1481523433;6
15020;13772;1481535430;18
4285;26158;1481515783;8
15481;5771;1481549869;18
9635;8506;1481551106;14
8430;2399;1481533575;16
11985;2398;1481551135;6
5118;15119;1481517633;12
19876;6157;1481532146;12
5357;6893;1481533063;4
12815;10615;1481526635;14
11399;23059;1481527841;16
15336;1275;1481511451;18
22131;19308;1481547902;12
1399;9463;1481535265;10
11886;184;1481533898;2
17231;11057;1481548412;12
9165;3700;1481530447;6
1973;11759;1481529072;14
22266;1684;1481550293;18
14703;6632;1481525268;4
12947;164;1481518973;8
17287;25196;1481515297;8
14442;27035;1481548583;6
7525;2413;1481538843;6
25050;16044;1481540510;16
222;6452;1481548398;4
5420;907;1481546194;4
7872;19900;1481544543;18
27343;12336;1481529932;10
22626;12030;1481533082;18
16836;3742;1481520514;8
24675;6521;1481509939;8
27471;4223;1481522703;14
11249;1199;1481527246;8
19737;4564;1481510386;12
4212;14260;1481533804;8
2155;16130;1481547583;16
3155;5044;1481521718;14
24360;11378;1481516004;2
3541;17393;1481533967;14
8282;10665;1481532171;14
23642;5435;1481513873;8
5758;19492;1481542444;12
8324;10021;1481512153;10
4049;14820;1481536895;16
22497;399;1481512718;14
14416;2452;1481515654;4
7852;20155;1481519984;8
1152;562;1481525351;8
8364;10834;1481516958;14
15224;1317;1481518357;2
21090;25370;1481550429;16
4622;6027;1481550679;14
9545;10786;1481546406;14
14866;1662;1481514232;4
12816;16293;1481531179;12
12812;4576;1481511263;12
1851;7440;1481548350;14
4158;12229;1481537737;2
12575;15788;1481539733;12
11404;5128;1481548091;8
4686;3626;1481544921;6
1269;24375;1481549921;14
17783;27198;1481517554;6
23115;11842;1481543809;2
12785;20098;1481512035;2
16369;7513;1481551059;2
19587;3012;1481516466;16
9827;6803;1481550989;2
3910;6419;1481518990;18
17460;4859;1481547430;6
6549;20598;1481544669;10
9803;5512;1481523870;18
7844;4221;1481521580;14
27100;18344;1481517603;8
19272;27011;1481549218;14
22485;3624;1481538941;2
9498;3752;1481524644;2
10616;1388;1481515137;6
16335;15380;1481520476;18
23158;309;1481540397;10
14549;18113;1481548848;6
278;2772;1481520904;2
4979;15029;1481537025;10
1122;12631;1481534121;8
27162;6268;1481531525;16
1495;1452;1481531871;4
27018;24682;1481512184;2
24572;6561;1481525522;16
1069;17386;1481526528;8
6215;16856;1481527319;2
27423;420;1481525807;8
1254;20336;1481515111;4
4989;4570;1481525153;4
1993;11903;1481524697;10
19550;9873;1481524168;14
19823;16101;1481518930;16
10726;9345;1481519526;8
5359;8596;1481509959;12
15137;8034;1481549919;6
18868;16353;1481534671;16
8583;15225;1481528134;12
12408;72;1481543686;18
620;12352;1481549949;8
3713;16043;1481510475;18
8948;10821;1481527235;6
1135;6158;1481537884;12
20917;20014;1481544583;6
21844;11410;1481534012;18
24954;3702;1481539966;2
22449;2792;1481517082;10
11146;8278;1481548359;18
17847;343;1481526700;4
9522;11616;1481526144;14
12099;17377;1481525042;8
20289;12411;1481533017;2
6559;25076;1481540177;14
7034;8588;1481540045;4
8121;21378;1481532499;8
4696;19556;1481547567;4
7638;7489;1481533360;8
10414;360;1481534463;8
4838;7051;1481521776;6
17143;19076;1481526271;16
6692;14555;1481523746;16
23061;6699;1481536889;2
7433;12653;1481550772;12
7311;3256;1481518400;8
19776;24472;1481551076;12
199;8600;1481550427;8
9645;20911;1481533775;18
13770;14796;1481549769;12
20927;4894;1481515863;4
6170;22310;1481525706;16
7344;9200;1481522062;14
2979;2419;1481528600;18
10418;25384;1481515366;18
1435;9853;1481522851;18
5402;7016;1481514506;6
18848;15987;1481540813;4
5948;19718;1481538783;18
17582;9167;1481535872;14
13080;1877;1481535762;12
4207;272;1481550045;2
6611;1585;1481521072;16
19791;5727;1481512349;14
4343;20900;1481532039;8
4209;3511;1481526089;4
6983;10037;1481525047;6
27313;2963;1481521586;14
15419;24179;1481523972;4
25382;9144;1481518485;10
8296;15783;1481521855;4
13263;17529;1481541860;6
16197;2150;1481544985;4
19856;16351;1481518723;6
10289;72;1481533567;10
10733;1080;1481531399;6
4005;298;1481518536;2
6443;10533;1481530708;4
5052;12291;1481546371;8
3256;6612;1481534784;8
3737;19826;1481524157;18
9796;19559;1481525221;10
25040;6892;1481518862;4
18216;27391;1481544087;6
261;5417;1481529113;14
8578;7626;1481526160;12
6898;2422;1481540213;4
25088;18464;1481534644;8
13875;4796;1481518277;2
16935;5372;1481522325;16
9638;6873;1481545460;10
3076;18154;1481528651;2
6578;3575;1481540871;12
12368;1608;1481521342;4
6187;3419;1481520971;14
4350;11035;1481526270;12
1457;15302;1481535746;8
4283;18886;1481514443;10
4586;1725;1481532577;16
4039;14561;1481538882;4
20354;8641;1481515037;18
7516;75;1481543583;12
4216;8151;1481525537;6
19921;15513;1481544085;10
11089;5843;1481523611;18
5088;7710;1481534324;4
9220;8541;1481512953;2
1975;4961;1481512868;10
16034;13821;1481531863;8
9553;6618;1481545706;6
9734;8472;1481537451;4
1573;4523;1481548626;18
6983;7013;1481534348;14
18807;16008;1481531931;2
3270;9797;1481532572;14
9283;1589;1481512781;10
17337;12572;1481532668;4
22992;70;1481515129;6
9952;24952;1481514349;4
27547;6196;1481537147;2
6217;6626;1481511906;16
19945;3506;1481545480;8
16202;10316;1481549073;18
6271;4873;1481550929;14
25386;11806;1481530509;4
19970;8416;1481516925;8
7893;16046;1481511392;6
11822;20023;1481525415;8
4692;4040;1481539525;2
63;8290;1481542253;18
16184;11252;1481550976;14
3736;7367;1481550436;2
18188;12036;1481512538;6
8988;2810;1481511384;16
19234;24987;1481517307;2
21678;8894;1481547040;16
11230;1426;1481538211;8
24753;1223;1481530534;8
5625;92;1481534737;6
6727;11251;1481539083;8
1893;2362;1481532620;6
12074;12427;1481511349;16
19075;3278;1481529507;10
22263;12074;1481517248;12
9474;8151;1481522277;6
7879;4675;1481521612;16
13003;8683;1481545099;16
27333;8394;1481549485;8
2827;2605;1481532156;18
12297;17026;1481548787;18
4987;8381;1481542769;16
7529;15306;1481514990;16
15238;25320;1481532157;4
8874;1587;1481549408;18
27094;2816;1481541771;12
1779;5842;1481548277;10
21473;4018;1481517752;10
6140;1435;1481527352;2
7845;3779;1481544607;2
2931;3491;1481533517;6
111;6132;1481527536;16
27034;1294;1481543070;16
1207;8818;1481529483;10
10521;9500;1481513972;18
21452;7022;1481520553;18
13003;9247;1481526356;14
380;14199;1481539875;12
4771;13880;1481544938;8
7278;24585;1481532891;16
11834;25001;1481550504;4
1194;4932;1481549101;16
11136;20099;1481532272;18
7280;14949;1481515891;12
1404;12642;1481550627;16
5703;4243;1481545999;6
9298;8238;1481524703;2
21223;11209;1481527408;14
22984;11005;1481511135;8
27210;20576;1481527003;8
19298;15473;1481523580;18
4810;9000;1481533794;16
17548;9006;1481521770;10
11083;22445;1481530529;12
22988;10838;1481528405;18
3791;11149;1481525442;4
11920;5501;1481538534;16
21302;3088;1481515275;12
375;6830;1481517045;12
24568;9900;1481524729;4
7611;12087;1481537358;12
6824;20240;1481510491;6
4044;10075;1481539762;14
16848;12091;1481509880;14
4813;8297;1481514054;8
22644;4781;1481543137;12
20342;265;1481511086;6
20006;4007;1481511761;2
1725;19799;1481514335;2
11842;13783;1481532209;14
1121;5954;1481519569;6
24249;8115;1481542835;12
2813;19842;1481522039;6
1992;19286;1481514307;6
4673;1305;1481535746;10
9806;20091;1481523592;8
9239;3284;1481528668;2
14663;1637;1481521353;12
11851;5122;1481525220;14
18900;8442;1481544155;18
8402;27005;1481523188;18
2347;24921;1481537802;14
17923;11177;1481539809;16
18080;27053;1481515753;14
7778;7273;1481540247;2
26145;14777;1481517325;14
4810;25034;1481541766;4
8985;23807;1481536914;2
5358;14900;1481542101;16
17923;8119;1481522499;12
19970;22932;1481544475;12
27325;22933;1481513052;14
14704;1662;1481515616;8
18861;19303;1481529020;4
3954;2985;1481542099;6
14933;11898;1481547827;8
6587;976;1481521052;10
8827;18067;1481528288;16
21225;7683;1481530452;4
1300;1066;1481529343;8
10513;3757;1481512626;8
20686;10024;1481516508;2
18202;5435;1481516919;10
1219;14547;1481547608;12
11099;19024;1481549387;16
23789;12630;1481542078;6
9200;23357;1481520367;18
15106;9986;1481539532;14
11622;3086;1481547613;18
219;20479;1481549699;18
7609;5821;1481516756;16
9473;27296;1481535316;8
14426;8506;1481511804;18
8124;196;1481549889;18
1000;21596;1481521962;10
1399;16650;1481513948;14
1677;22472;1481545098;6
1852;1534;1481532416;6
27458;5704;1481512669;16
6237;214;1481545640;6
1698;6932;1481512931;8
9114;9521;1481528830;2
7467;23038;1481515327;10
10797;20010;1481512451;18
18068;7633;1481510834;14
16295;12057;1481522754;12
11960;1697;1481520015;8
2119;11477;1481509787;18
18343;10031;1481536608;14
7102;7712;1481520081;14
9467;24950;1481516856;8
24352;7023;1481529903;8
1677;998;1481533927;16
2871;19878;1481517565;12
2157;19024;1481545090;14
9210;1460;1481546544;4
14810;8027;1481524081;6
1109;19882;1481546667;18
8491;6661;1481548140;8
6144;6264;1481530387;4
27557;4220;1481512865;14
21;11242;1481537964;4
6421;4354;1481538220;18
8538;562;1481526496;10
1059;9369;1481547733;8
4902;3278;1481525652;14
9024;9862;1481539847;18
24673;7404;1481546888;4
27376;27419;1481524790;4
3968;1705;1481537537;14
5002;7684;1481517861;18
24061;7394;1481516029;16
27314;10986;1481548159;18
7629;21720;1481544952;14
10195;2146;1481528433;10
7408;3409;1481521884;10
12315;1498;1481510455;10
4749;11897;1481543465;12
5492;7063;1481512094;12
15349;16134;1481546460;14
1205;7400;1481515939;2
11729;18812;1481535878;10
14447;1572;1481536916;18
13942;5592;1481532450;2
3408;5520;1481542472;16
23048;15516;1481532726;10
5260;3968;1481525508;6
9884;7869;1481550104;6
4191;18146;1481517266;2
25191;2382;1481550646;2
14158;16294;1481538089;4
19936;17413;1481533365;14
14925;12627;1481523970;16
8377;2365;1481539231;2
7825;5883;1481547249;2
27344;22984;1481530473;10
20439;10024;1481513905;2
19932;25431;1481517515;8
15119;6611;1481543171;16
15784;10566;1481538768;6
23885;6878;1481526876;12
4728;6199;1481536853;4
17193;5413;1481540441;2
8233;24253;1481527374;14
26152;12721;1481544233;6
1894;9431;1481542152;2
2030;211;1481539877;6
7059;5392;1481539895;14
10197;7348;1481541177;6
6449;1257;1481548792;12
19948;5469;1481517240;6
334;9984;1481521147;14
889;4567;1481535180;12
6817;9536;1481548051;8
1435;9917;1481543656;6
1386;3777;1481535807;2
23349;8761;1481536133;4
15223;4610;1481529165;14
6317;1060;1481531831;2
1691;23447;1481515718;2
17272;9407;1481511296;18
2350;12073;1481528835;10
8281;10292;1481547141;4
10291;4524;1481549086;16
5410;11041;1481527205;14
3627;2745;1481526559;8
6432;1069;1481515663;16
1684;311;1481519456;14
8520;4198;1481538714;2
17878;1499;1481517690;14
20124;10996;1481549100;8
14806;7521;1481538159;10
1749;23063;1481529951;2
20642;2408;1481514387;16
19778;4105;1481549255;4
24284;10795;1481521140;6
15346;7538;1481520476;8
5044;1305;1481534724;14
1610;8371;1481547402;10
6188;27005;1481533052;2
23447;22141;1481526310;10
338;3629;1481548912;8
5688;5249;1481520151;10
11387;19486;1481535464;8
9988;2744;1481548815;2
22939;10569;1481535055;10
11087;4016;1481544768;8
15464;4217;1481526706;2
15118;11896;1481539724;10
2346;20691;1481533361;14
17673;10677;1481535829;10
7576;6815;1481513163;10
9307;3755;1481527266;14
2838;27091;1481535140;14
27321;20412;1481546300;8
6978;9454;1481547559;2
1225;6228;1481541989;18
6457;27483;1481510663;18
15785;19372;1481516041;4
20629;19419;1481547095;4
5849;12765;1481545754;14
12405;6648;1481533619;12
3371;7857;1481523286;18
8401;6195;1481534655;12
9347;6353;1481518961;2
5298;5936;1481543654;2
20645;21375;1481526827;16
14048;12032;1481535956;18
9411;2152;1481512851;4
6014;23341;1481535871;6
12693;10827;1481515234;10
20090;27209;1481521372;18
10689;1630;1481534194;2
15348;12137;1481539205;10
23823;6024;1481545459;14
5804;7274;1481546291;10
10771;14962;1481527522;4
17550;25399;1481514917;14
12760;6942;1481528069;2
25113;8592;1481520637;12
8296;17477;1481510941;8
6321;21837;1481530642;12
21283;12117;1481541958;2
20744;4747;1481527767;6
17170;25085;1481530085;4
10094;15391;1481549463;6
19297;5649;1481547494;18
14873;2351;1481532128;4
2365;9362;1481534091;16
16810;1140;1481530471;16
4993;11206;1481531172;10
22276;5865;1481546354;16
3457;9514;1481530877;8
1848;24584;1481523193;10
1271;19776;1481547520;14
13186;10609;1481523752;2
5995;1702;1481511772;4
2334;27481;1481540565;10
23832;25504;1481513171;18
167;19560;1481530550;4
24450;2817;1481549881;14
16097;20685;1481525780;6
2286;11698;1481536231;4
4905;10121;1481515823;18
10733;1498;1481512983;16
10363;5471;1481548966;4
7481;14626;1481509999;8
19026;1747;1481541358;16
8047;25432;1481516133;14
5924;7496;1481537128;10
5709;12771;1481547910;18
2840;23054;1481516110;8
16534;23352;1481537114;10
3414;11880;1481510162;12
6123;7405;1481518888;6
6876;20064;1481536716;16
19946;15999;1481548322;6
7590;1738;1481510417;18
4570;9854;1481534917;12
4292;1128;1481530036;14
9833;17465;1481536395;2
27536;6362;1481512887;18
22649;5633;1481538897;14
6807;23036;1481548554;2
2986;8777;1481523976;14
1138;22993;1481522290;18
19870;17757;1481532873;6
14448;16856;1481533078;14
23624;7613;1481540261;18
15106;10406;1481551024;10
14106;5613;1481514507;8
160;23039;1481549627;16
20077;11886;1481515631;18
10367;20425;1481518110;12
135;25059;1481520897;8
14631;5901;1481525451;4
10424;7101;1481522759;10
18887;25081;1481543630;10
17783;16291;1481523469;8
21096;8108;1481539465;4
1139;27392;1481544025;12
9133;16051;1481521218;18
7364;10199;1481534963;12
9531;2803;1481517094;12
7947;14907;1481536037;4
5293;17575;1481537491;10
18348;21000;1481511670;10
6972;12867;1481549548;2
13808;6627;1481525759;16
25071;17190;1481532796;8
5614;19594;1481522468;6
8368;4194;1481549620;18
11053;21030;1481529949;4
11906;9862;1481535312;18
25326;25173;1481523992;2
7526;20791;1481526242;14
3026;20857;1481524930;4
1635;27325;1481550477;10
11941;23546;1481546610;18
5886;12358;1481523219;18
15322;19594;1481527967;14
11227;23445;1481533278;16
11231;9870;1481516037;16
27267;15137;1481516573;4
9413;8092;1481520160;4
12146;16640;1481528562;16
4179;8889;1481515978;6
7972;1923;1481511302;4
26304;7592;1481546903;18
11384;23540;1481531463;4
20138;24449;1481550556;8
21841;11373;1481540213;10
26211;20994;1481531214;16
8421;10213;1481541968;16
8406;9309;1481537400;4
16188;19812;1481534044;14
4236;3116;1481525032;12
19301;6563;1481516188;4
24176;8480;1481544280;6
14963;3062;1481525154;10
21360;2141;1481516527;10
4683;8231;1481517313;2
10779;20895;1481516034;10
1903;6632;1481526100;8
6664;8051;1481546179;18
8806;1516;1481545091;2
5265;6994;1481510124;10
17268;5975;1481541636;16
11789;4761;1481546880;8
23;8441;1481513501;6
5808;1639;1481542287;10
7980;17312;1481517972;4
25401;12765;1481523419;12
1085;27125;1481513907;16
20846;6461;1481546749;6
5428;8151;1481518494;2
13345;74;1481546968;10
1358;7452;1481510379;18
1501;1689;1481535758;18
9279;9281;1481550898;16
19949;6644;1481545785;14
4048;14437;1481518970;18
1329;21376;1481510694;12
25159;4891;1481550992;6
3540;7077;1481546672;18
568;285;1481518378;12
10174;10046;1481533899;16
5439;1887;1481545449;18
12333;1720;1481547227;4
20065;21379;1481519856;2
23524;1034;1481544803;10
18890;3024;1481511350;18
12135;17862;1481537518;4
24681;12016;1481547842;12
8523;14238;1481526229;16
15287;6638;1481542155;10
26244;9367;1481509711;4
2881;1668;1481517263;12
11501;23352;1481517316;18
4741;14006;1481550564;16
5352;12214;1481540548;2
1675;10874;1481545180;6
23101;15225;1481522834;14
9510;13911;1481529846;16
17150;20071;1481527198;2
10243;11066;1481549282;6
14560;17252;1481534387;16
25063;10383;1481544299;12
20629;22643;1481515802;10
21843;4349;1481530801;14
10427;369;1481538280;16
8143;1409;1481521290;18
7344;5707;1481546743;4
13973;27315;1481518742;8
7371;14911;1481510862;10
13758;15349;1481544185;16
9154;27095;1481531517;12
27034;20970;1481547639;18
20044;17454;1481524376;12
9862;10119;1481513838;16
22146;7248;1481511468;4
19284;370;1481531322;4
15744;17616;1481540855;2
8465;22997;1481512723;8
10073;3066;1481509502;18
20022;25810;1481543447;16
10348;1494;1481523552;4
23891;4763;1481528751;4
967;9255;1481518521;12
16807;20358;1481523389;8
27542;7064;1481546610;2
1275;11891;1481547186;4
8531;11063;1481534592;12
10676;20148;1481523047;6
3373;11892;1481520315;6
5652;6158;1481525875;18
12947;7007;1481529320;18
8130;15230;1481546368;12
6286;24164;1481530684;8
11787;12039;1481513254;8
12943;11602;1481519110;14
23;2772;1481527290;14
14711;3263;1481543864;6
3004;16832;1481515228;14
9447;20041;1481519807;12
11065;6252;1481516786;6
4267;4746;1481514055;10
9514;9675;1481534335;8
11026;321;1481530344;16
25162;8548;1481532467;18
27384;9158;1481512496;18
20945;23002;1481518618;12
4999;2605;1481532371;12
20910;24058;1481510259;8
20922;23447;1481522301;4
6685;19074;1481535954;8
6349;10572;1481540393;10
11501;3279;1481517065;12
8470;6841;1481515092;16
8352;11758;1481540851;2
7861;5409;1481510975;2
15380;9528;1481516242;18
6881;14936;1481530479;6
10123;12132;1481543465;14
16798;8166;1481516631;4
1439;10923;1481510493;8
27048;19510;1481526418;6
9443;13822;1481526991;6
17585;13803;1481517957;14
24692;13288;1481549339;10
6274;383;1481543791;16
16308;20446;1481546833;10
4924;9395;1481524598;14
11025;3393;1481547706;4
969;1023;1481549713;12
9798;6015;1481524059;6
17444;10674;1481526732;8
14229;6858;1481532545;12
12714;4605;1481533054;4
17396;7040;1481544085;14
10888;10187;1481512899;10
1328;4773;1481549802;8
9310;198;1481536343;2
14982;14165;1481537275;8
10909;1641;1481510332;14
3888;26073;1481531921;12
5650;20981;1481534105;4
14662;5728;1481529528;4
62;24710;1481535050;10
7188;8500;1481527447;10
23173;15230;1481541212;2
19934;17422;1481540926;10
25707;4906;1481518389;4
7175;7269;1481513882;10
5039;281;1481532384;12
24996;21496;1481518868;12
11399;4018;1481510235;8
22136;1737;1481518790;4
27550;12026;1481528516;12
27402;21259;1481509871;18
7838;9970;1481544085;16
9159;7639;1481550398;12
1535;9638;1481544627;18
421;2966;1481515959;16
10922;5120;1481542330;12
6806;7572;1481532482;16
16179;2133;1481536639;4
66;20069;1481539276;16
3398;15247;1481540778;16
14690;9810;1481511030;16
4533;1455;1481518030;16
3755;23648;1481512394;2
11758;19061;1481534767;14
19763;4189;1481514872;16
12085;5639;1481523462;16
15249;8111;1481510221;18
26041;5266;1481516435;2
9500;23543;1481538005;2
11178;11085;1481550539;12
14444;24685;1481538824;10
6598;22134;1481521634;16
8138;22266;1481545164;6
13220;4287;1481526602;8
5993;4795;1481536141;18
8034;3568;1481530594;2
9390;26119;1481542600;4
1960;20974;1481535967;4
1912;11849;1481535773;14
1616;17441;1481546377;18
2395;6673;1481518444;2
17168;10613;1481520664;12
5297;25363;1481536085;6
14615;20146;1481546229;12
7402;2293;1481515734;10
1164;8546;1481535027;6
10913;5352;1481509530;18
1039;10704;1481544166;6
16811;14209;1481542876;2
11141;5378;1481524158;2
12412;1286;1481516459;6
13196;889;1481540266;10
8120;10398;1481538322;16
6806;11130;1481543660;14
4993;19815;1481522911;12
14444;8372;1481523248;12
7349;26471;1481548700;12
935;7802;1481515244;6
23624;21795;1481518516;16
5000;186;1481522078;18
5914;7594;1481510732;12
24664;20356;1481551087;4
12318;10101;1481520107;12
14116;4521;1481520257;8
25430;14961;1481530945;10
12800;10475;1481527871;16
1712;17295;1481533376;14
17793;1552;1481530235;10
17885;4883;1481513171;12
17879;11375;1481519144;12
25391;20399;1481522607;16
9530;6713;1481509867;16
10210;16862;1481534897;16
1047;1140;1481525915;6
1178;27038;1481519331;2
13212;19865;1481534750;14
9747;9680;1481526849;4
8236;10714;1481523294;8
7523;14661;1481522535;18
19938;1423;1481547608;14
3087;2163;1481547889;14
18934;27131;1481511575;2
19836;7060;1481509696;14
6941;8765;1481541182;8
11904;7868;1481542092;16
9067;9324;1481524806;2
10834;18334;1481531250;8
9077;20895;1481521852;10
1065;15766;1481515179;6
10216;7522;1481548923;2
14188;1047;1481529626;4
7270;11267;1481520771;12
8524;4966;1481521971;10
23084;8432;1481533987;12
12036;24296;1481524069;6
19236;5419;1481513871;4
23016;27427;1481528872;4
4642;27466;1481543145;12
6666;12813;1481510465;4
10037;10317;1481525381;2
18904;2797;1481546820;10
12944;12090;1481514633;16
23728;5083;1481550806;4
12162;20977;1481511934;14
6552;20341;1481546995;18
3696;3116;1481533686;10
9192;23831;1481545722;10
1129;14001;1481550558;2
12783;7418;1481510406;18
15078;14447;1481524894;8
19305;19055;1481536240;16
22577;6165;1481536996;4
13944;14986;1481532010;8
6567;3006;1481550322;10
6952;9055;1481538819;14
12186;11603;1481540909;2
9560;8637;1481537615;8
10822;10162;1481531386;10
8803;10475;1481527257;8
6107;18808;1481520886;10
1420;12630;1481550242;4
18190;6553;1481509597;2
6312;14125;1481535514;18
27541;14905;1481522420;4
3979;8384;1481514434;8
15446;10879;1481525228;6
16191;4027;1481519890;14
11223;3016;1481529698;4
7109;7143;1481544720;6
2287;2153;1481527873;18
17330;23534;1481532193;12
4673;23340;1481548553;10
9483;22269;1481513381;18
23047;5278;1481518215;16
14583;1630;1481511243;14
6227;20195;1481548463;12
6662;24431;1481510239;6
24142;17568;1481529057;14
5939;1510;1481526812;2
2277;25193;1481541602;2
8884;8502;1481543673;14
20147;1816;1481526096;10
22483;19816;1481548301;4
14238;6262;1481548925;12
1523;7628;1481519118;18
15464;6864;1481515639;8
17250;20064;1481544432;8
14979;5088;1481550258;12
6838;17397;1481514741;18
6439;10185;1481510125;4
5995;26031;1481543844;6
6982;7470;1481518252;16
17171;20074;1481550569;2
27143;202;1481516504;4
153;10613;1481512065;8
19883;23525;1481540525;18
1580;17030;1481542907;8
2746;25087;1481536819;8
25044;11614;1481538084;12
11870;9810;1481509976;8
221;7790;1481549536;8
3574;15248;1481526968;6
19887;6979;1481510693;16
2868;11143;1481531600;10
17310;21370;1481512514;6
4974;11402;1481514352;10
21415;17500;1481521364;6
4533;8046;1481536190;6
14551;3389;1481511153;18
14700;9431;1481542708;6
9490;10543;1481540199;12
6201;11896;1481514898;14
25056;8381;1481536759;6
26266;17549;1481511669;12
12796;7109;1481510097;14
18152;1599;1481524194;4
27231;7089;1481537449;12
25170;2759;1481541033;16
8342;20015;1481535046;14
1887;3378;1481517611;6
1225;937;1481510432;10
12403;3282;1481521012;2
6938;27333;1481520658;8
11854;6686;1481546427;16
7833;18178;1481516844;16
6714;19269;1481513699;6
1101;3088;1481529354;14
12785;5474;1481525932;14
15137;346;1481536916;4
21717;8946;1481522856;12
6866;17168;1481540594;18
1319;1683;1481539699;10
12280;5262;1481547153;2
10998;17031;1481549339;12
5906;8808;1481531821;6
1036;15114;1481518746;16
18877;3698;1481533212;6
19051;20522;1481545905;2
7890;24284;1481534114;18
5686;4338;1481539984;2
27462;8588;1481520701;16
7487;14948;1481538581;16
5700;10019;1481542334;12
17398;26482;1481547580;2
1342;8567;1481524227;12
8940;8301;1481514353;4
17282;12241;1481546115;18
13298;18323;1481521507;10
16849;243;1481524954;14
3953;27537;1481517439;8
23737;10531;1481533612;14
263;20521;1481519316;14
7688;1393;1481538585;2
4673;4879;1481544236;8
6633;20712;1481514700;8
6940;4706;1481538375;2
442;6797;1481528942;12
8461;2350;1481523187;10
2160;9903;1481539630;8
3968;1908;1481543610;18
23141;3061;1481537375;6
3425;6524;1481548970;6
1336;9287;1481520210;18
7582;12565;1481537486;12
8348;17163;1481541496;6
20076;9160;1481524372;14
19210;23330;1481542354;4
6305;27381;1481513599;18
20410;14992;1481544493;10
6630;283;1481517674;16
8968;25327;1481514819;6
20151;10508;1481519389;8
1723;7435;1481543961;18
2161;15032;1481542689;2
12297;5393;1481518664;6
5852;14654;1481521748;16
7874;4316;1481518777;6
1025;19064;1481524087;2
1705;9969;1481540197;14
15785;1968;1481519516;16
8121;17510;1481528642;16
3006;22994;1481548855;12
7545;19833;1481518353;12
8365;6686;1481542280;6
16796;4899;1481509521;12
8585;4944;1481526833;14
11841;17183;1481549607;16
10099;8477;1481526832;10
8999;5806;1481540864;18
18534;992;1481515855;18
3086;8647;1481533887;16
24782;8028;1481520198;6
15761;5118;1481521816;16
1883;2819;1481535412;4
15213;27392;1481534700;6
12785;7292;1481534242;4
3466;14427;1481549941;16
6015;8505;1481527256;18
1164;25388;1481523234;10
27195;1021;1481522577;14
8354;20631;1481520953;8
4175;7767;1481530786;12
9753;16131;1481526314;6
13806;27461;1481515870;4
1261;21309;1481536760;18
10046;5408;1481527499;6
16886;27449;1481520170;18
6523;7158;1481512683;2
12043;15249;1481515573;18
11410;15703;1481522101;16
1075;11416;1481518885;4
18178;4588;1481545321;8
18330;17381;1481509718;14
16840;18849;1481532354;16
17585;6553;1481531256;4
11739;15475;1481535057;14
5418;22142;1481514654;2
3744;2392;1481530618;8
6787;9058;1481540330;12
8448;9342;1481543250;16
7606;17461;1481533810;4
14637;4925;1481531371;4
1840;25434;1481513721;10
9564;1349;1481511509;14
8991;1358;1481522392;10
89;15077;1481548756;8
17042;1290;1481519885;6
17306;4968;1481546742;18
6638;27091;1481524042;10
13212;17401;1481527673;8
10226;16189;1481512528;2
5359;12630;1481528254;12
8998;19040;1481526879;12
4740;4508;1481533217;10
5403;27457;1481549414;6
8327;7092;1481522763;4
22940;27450;1481525911;8
18245;1308;1481512792;18
24733;4795;1481542995;2
13180;14196;1481540003;16
16046;8806;1481549858;6
22473;10384;1481526925;6
17309;7568;1481519004;10
7847;3;1481535817;2
21225;14002;1481524534;4
15370;8376;1481535628;8
10010;2118;1481532231;6
11060;2743;1481533753;16
6220;6584;1481519876;6
15377;10012;1481535402;2
222;11210;1481537615;18
11239;10106;1481541773;18
14992;20073;1481535773;12
1133;7978;1481541003;4
16864;6219;1481524205;16
1150;9899;1481536625;18
12920;12406;1481551097;8
19598;1268;1481521807;12
17424;7634;1481528916;2
1538;1272;1481548530;2
25382;27431;1481528727;16
1082;3741;1481534801;18
1444;16314;1481536273;8
15909;3605;1481546292;12
6586;9524;1481526038;14
19536;27276;1481516854;14
7260;20536;1481520217;12
4810;22500;1481524344;10
19805;974;1481530208;2
2728;9963;1481516685;6
13813;2397;1481549078;18
5037;20953;1481541563;14
25192;6593;1481518948;14
17037;8923;1481520240;10
18909;21000;1481524300;16
13345;22213;1481518672;12
18173;8379;1481532593;14
8052;5770;1481518680;4
19074;23750;1481547754;10
6026;9153;1481512172;16
16303;2732;1481539030;6
157;14927;1481537267;2
19489;14895;1481541227;16
5946;1178;1481515880;14
24842;9483;1481537522;2
162;3405;1481515771;4
27462;15784;1481525808;4
20949;11479;1481539677;4
9406;8400;1481524087;2
19236;9502;1481528157;4
10395;9280;1481527857;10
3751;15014;1481529708;12
16880;9357;1481539815;10
20907;933;1481527545;6
12653;12119;1481539635;14
4936;3534;1481549739;16
12426;22585;1481544697;8
14193;217;1481520049;14
5520;24126;1481541510;10
9902;3695;1481511783;2
10831;8803;1481529402;10
13620;20907;1481540134;2
9758;11030;1481516564;14
6254;20852;1481527385;4
21294;24470;1481524587;10
2174;3753;1481511337;4
7871;24750;1481545299;2
12237;15253;1481547022;2
26259;5887;1481520548;8
5886;963;1481538940;12
3287;9843;1481549566;12
8759;1884;1481532203;2
8421;245;1481536541;12
24584;27457;1481549140;18
21501;25158;1481526653;8
9021;19498;1481527562;14
25321;7562;1481513734;4
20925;23056;1481518909;18
1134;4996;1481536282;16
441;1572;1481525636;6
20405;9510;1481513704;16
5918;21473;1481534171;6
12157;3921;1481529360;6
11757;1548;1481543758;10
2452;22922;1481522466;8
4829;19960;1481522886;6
10702;6461;1481549737;18
19985;18150;1481520569;6
9664;22493;1481547345;8
16824;22957;1481547639;12
8815;990;1481541255;10
12600;7363;1481527540;2
2813;3163;1481510242;14
14201;5884;1481532115;10
4256;9364;1481550490;8
10591;20792;1481521139;10
19756;1620;1481542270;14
1714;12763;1481537333;2
3570;22444;1481526243;4
5259;18196;1481542346;6
9432;1982;1481522746;10
14555;11065;1481537374;16
14447;249;1481512710;16
7182;1157;1481525784;16
24924;15488;1481528711;12
20461;2824;1481541075;2
19372;7311;1481524985;16
1338;12117;1481546714;18
4660;19092;1481523268;6
9775;17054;1481533904;16
27536;4321;1481513883;12
14270;20864;1481533135;4
19804;11786;1481545468;14
26473;2392;1481543241;12
966;5260;1481532606;14
177;2893;1481533906;10
6192;9881;1481511729;2
9315;3737;1481544584;10
4874;406;1481548226;18
13216;6917;1481546274;14
6169;7038;1481550763;6
9763;9979;1481512086;2
5492;4803;1481511560;6
7389;8696;1481549679;18
15241;9535;1481547179;10
4328;2789;1481540888;8
6379;13872;1481524258;12
9540;13454;1481540906;8
1914;3779;1481519237;16
13975;25365;1481526103;6
21313;7572;1481540423;2
6331;18508;1481533056;16
18066;8998;1481533193;12
19543;26098;1481520979;18
12241;6412;1481520717;2
11017;26110;1481527555;16
6271;129;1481509769;14
15348;3979;1481521467;14
10310;151;1481516767;10
14857;6551;1481515374;14
8433;27454;1481540661;10
4904;19573;1481522969;6
9137;26312;1481524549;4
3273;19496;1481509951;16
10427;5906;1481522405;4
2621;1986;1481518337;14
3927;14247;1481547830;8
10511;4354;1481521855;6
7388;7540;1481535396;4
12780;1268;1481531057;4
4527;21030;1481518038;12
21801;9815;1481536946;4
13974;1716;1481549334;12
10045;14662;1481535022;12
1227;3162;1481521299;16
5751;371;1481533500;6
10187;9418;1481527524;6
1667;3373;1481540282;2
15243;15787;1481517869;8
11947;6723;1481510187;14
11606;4348;1481535212;2
17883;1310;1481539284;14
22615;12159;1481539943;12
23009;12234;1481538915;18
22966;23023;1481527981;12
2783;10419;1481547240;4
6302;11729;1481534150;6
1213;1567;1481514683;8
7782;1640;1481514898;8
15452;22585;1481542818;2
17278;17887;1481514368;16
1305;3781;1481539821;18
9148;25528;1481512752;6
8808;23623;1481531888;4
12620;20967;1481543255;12
27127;1462;1481537925;18
15467;3256;1481526748;6
14260;24929;1481532323;8
11831;2390;1481514696;8
11806;24745;1481536990;2
2352;1091;1481549115;18
4945;1019;1481511106;18
18821;8940;1481530835;16
305;22937;1481532388;18
2293;7904;1481510424;10
13202;1416;1481512398;10
9200;5989;1481539944;6
1178;5842;1481549712;4
19943;1056;1481518960;6
10838;23490;1481539606;2
19313;19272;1481516276;14
6916;11131;1481519854;4
16049;4291;1481541581;8
8322;6881;1481547246;10
15745;20969;1481516301;8
14778;11906;1481525246;2
10786;3462;1481542123;4
7004;20773;1481536180;12
6825;8228;1481542882;18
1075;21233;1481525942;2
13973;25391;1481538043;8
8093;19228;1481522614;10
945;8392;1481511369;8
18194;19076;1481533746;16
24954;8497;1481528025;10
15075;10472;1481520084;18
5808;17337;1481544996;4
8920;6313;1481540420;16
15154;2329;1481540739;18
24256;8236;1481541979;4
21096;2985;1481545373;18
307;1294;1481533427;2
8150;9470;1481550531;18
19897;21499;1481531372;2
9766;4338;1481548326;10
27374;11214;1481523752;18
12352;5520;1481548464;4
6727;8933;1481537482;14
27142;18814;1481510681;18
1074;6889;1481524174;18
23786;5397;1481538118;4
20543;19549;1481515390;6
14964;14868;1481513881;12
7520;3418;1481542236;14
21295;8827;1481518314;2
1402;21092;1481533948;2
20330;9281;1481536186;10
383;188;1481549803;6
26034;24139;1481541845;10
27536;2979;1481545006;2
22795;10206;1481540556;16
26313;19625;1481525962;8
7012;31;1481526839;10
19508;5716;1481520815;18
4963;12396;1481516773;14
4782;16886;1481519300;8
967;989;1481513529;4
9318;16535;1481515364;6
369;10245;1481542679;10
7071;27480;1481529242;14
16129;10779;1481513617;14
26280;8781;1481529583;4
4877;5840;1481514532;16
6700;1112;1481523764;4
27209;14170;1481517377;4
20284;14637;1481515303;14
5128;7299;1481515276;8
9983;2752;1481525013;6
3289;7777;1481548478;10
2018;4360;1481544406;10
2749;20156;1481535192;6
6485;9573;1481537167;10
9999;25057;1481520079;4
10704;4551;1481520207;18
1075;27197;1481519716;10
382;9424;1481529506;6
9747;2757;1481527239;6
9161;1876;1481518119;16
15304;19489;1481520672;10
19922;25162;1481516003;18
2424;13259;1481543473;12
6326;20405;1481517671;2
6684;17533;1481515048;8
1060;8052;1481524507;6
1154;25405;1481541994;16
18149;4807;1481542691;14
23522;4605;1481550202;2
125;11389;1481511529;8
6502;16123;1481511211;4
19958;256;1481522298;16
16199;1993;1481541556;2
2842;9947;1481524198;6
6208;18871;1481540868;12
18152;14583;1481540086;2
3987;8120;1481527439;10
4948;14692;1481539770;16
15012;13906;1481518116;16
68;10529;1481549101;6
6260;17283;1481518566;2
5280;8531;1481513011;4
7784;26219;1481542457;14
6623;1375;1481536980;14
173;27025;1481530494;6
5110;5943;1481522163;4
4586;3413;1481546587;6
17532;964;1481519321;6
4733;20532;1481522241;8
19923;4856;1481545921;6
5711;11400;1481540892;10
3556;6884;1481520728;10
1320;8195;1481518746;2
15077;8832;1481510240;4
11377;4732;1481522011;4
23098;22464;1481529143;4
23867;26311;1481544780;8
67;27277;1481530781;6
22976;3074;1481518191;16
22303;24450;1481543573;4
356;24450;1481519592;16
11411;7520;1481534166;14
1951;10886;1481523478;6
8449;6998;1481533043;12
6818;72;1481514582;10
8906;15032;1481526824;10
27002;26479;1481524408;14
12372;4676;1481539235;2
12774;22272;1481525570;14
14115;12630;1481521240;10
6218;19273;1481547875;14
9871;6636;1481523459;8
9852;1077;1481517779;10
27483;6550;1481544590;2
5505;2156;1481515329;12
12786;25340;1481509819;12
7584;6995;1481521270;10
27413;5640;1481521768;2
14575;2463;1481549786;2
19575;27294;1481518320;16
3944;26187;1481520223;4
11021;7584;1481523722;14
23170;17539;1481512190;12
1069;8279;1481526047;16
10091;9463;1481515358;4
57;4926;1481543052;6
6551;1701;1481529164;8
27312;13913;1481547023;18
24326;27158;1481527148;18
17359;4276;1481540104;4
20977;23101;1481530880;6
15082;12767;1481538889;10
1790;20907;1481541425;12
7689;17472;1481523786;18
15747;14633;1481524781;10
8301;5073;1481544727;8
9313;6630;1481516291;2
20341;20340;1481518864;16
6401;5122;1481548478;6
8239;17146;1481543632;12
8278;9016;1481527742;4
19772;10174;1481531500;4
9282;22136;1481538859;6
10260;22489;1481519626;10
8728;20094;1481522150;12
12100;19752;1481532610;8
2874;20022;1481522317;18
5976;10436;1481510658;2
6193;23628;1481514073;8
6504;6250;1481515624;8
4510;25034;1481535845;2
20006;17424;1481550755;6
19865;9889;1481524866;18
1563;14546;1481519612;14
17428;10493;1481546674;16
9483;15073;1481535195;4
8322;12335;1481536578;18
1563;17150;1481534220;8
1218;11104;1481536713;10
4571;27409;1481538732;4
2166;13978;1481520221;8
3091;9198;1481526930;18
21225;6580;1481540252;8
4989;9274;1481547466;8
433;21361;1481535867;6
2979;5742;1481512385;14
6916;25504;1481548997;14
13003;5881;1481536878;2
1497;1062;1481527516;12
4738;26103;1481510238;2
19588;401;1481538740;4
23805;4017;1481516147;2
9807;19984;1481540633;14
4936;1035;1481534064;12
22502;26149;1481550769;14
7944;6982;1481528700;14
8590;14130;1481523707;18
16186;15933;1481510710;6
328;6440;1481522039;10
11002;1165;1481548481;4
4800;27323;1481520182;6
12291;24957;1481546124;16
5813;4726;1481549075;4
14553;3725;1481538367;18
14567;4905;1481520142;8
8835;12380;1481521129;2
13786;14639;1481522901;6
11997;3986;1481511046;4
12040;9978;1481535471;12
1003;260;1481516643;2
175;4681;1481524687;8
12230;27425;1481545896;14
27323;9476;1481520066;8
6782;5376;1481548252;4
19234;352;1481513184;4
14443;6962;1481520655;14
11238;14862;1481519329;8
5943;12557;1481523262;4
9973;10099;1481543417;4
3247;15116;1481529069;4
15085;11744;1481536993;18
12800;14936;1481526215;10
14403;19417;1481510968;18
9420;8016;1481528212;8
4501;11915;1481532379;6
7447;17022;1481513993;2
17031;20922;1481543002;4
10889;24950;1481532907;18
10207;21224;1481547717;10
22267;2329;1481511847;6
14927;19878;1481531967;12
10105;21387;1481539396;8
3730;25056;1481514164;8
22135;8641;1481543907;6
10674;9201;1481516586;12
14126;10009;1481538890;6
13461;10846;1481529417;6
980;14569;1481528034;16
18843;24689;1481550234;8
5845;2361;1481515144;4
19297;121;1481543425;2
25078;5818;1481533310;12
8937;15380;1481518744;16
14075;1373;1481534896;16
359;297;1481519053;6
10119;1390;1481548524;16
17795;9756;1481513020;10
6559;1510;1481539726;4
10728;24665;1481510627;12
10910;15306;1481543913;4
27183;24565;1481547811;2
10466;1520;1481529879;2
7242;17436;1481520175;8
161;1428;1481524256;4
4608;1361;1481542234;4
11244;14907;1481544694;6
6274;20104;1481542794;8
6223;1260;1481521009;6
24924;9408;1481519668;14
11218;23100;1481511122;6
6950;22489;1481547504;4
6253;4704;1481526475;16
24090;3628;1481528379;12
5522;7884;1481550625;14
3747;17373;1481511978;6
7103;1557;1481511514;2
8228;14150;1481540130;4
1725;13808;1481550394;8
10420;17388;1481523302;10
19220;23662;1481535943;10
59;3638;1481512779;14
6310;3940;1481522869;8
1216;1322;1481547160;10
4957;7422;1481549291;10
334;22649;1481523758;2
7388;24929;1481549036;6
3119;2781;1481534551;18
10837;24417;1481519775;16
1504;17480;1481545863;16
6147;19790;1481543215;2
1360;3906;1481534342;8
1332;10914;1481533361;16
927;6913;1481533583;12
7913;20545;1481536469;8
12033;5954;1481537276;14
7155;14201;1481539489;10
18301;10521;1481535901;6
20156;10489;1481518360;8
16879;21005;1481532948;2
9109;14164;1481522677;10
9789;1257;1481519015;6
9841;24252;1481527917;16
7303;7362;1481548967;18
7959;6181;1481548265;6
12760;6591;1481529942;6
1812;20472;1481511806;12
9437;7072;1481533958;16
6821;9429;1481514926;12
1311;12426;1481518365;4
22969;9133;1481515143;14
10493;13786;1481539568;4
9827;941;1481529397;10
1397;7715;1481532447;12
4605;17508;1481539186;12
1145;3493;1481511842;6
25193;12160;1481527002;14
19818;26476;1481515636;18
318;383;1481534665;16
7698;19832;1481545620;10
177;20785;1481530277;8
5886;9889;1481523905;4
4834;6810;1481527913;14
20340;3978;1481545763;14
20108;10617;1481546602;6
1548;22999;1481523473;10
7278;6918;1481521179;6
7857;10420;1481550066;10
1194;19298;1481550485;2
10268;11060;1481534926;16
7821;23533;1481524248;10
16139;3730;1481522174;4
2022;6782;1481545872;2
24935;15034;1481528786;6
6412;10508;1481541600;14
17381;11475;1481529610;16
23851;7958;1481515341;16
6523;14794;1481532348;4
25379;11157;1481526008;12
11049;20910;1481526901;2
24141;13809;1481518277;10
10761;4286;1481544555;12
7912;7846;1481516866;10
20520;10568;1481549615;10
18323;23541;1481518932;6
1198;6307;1481523194;8
5613;5028;1481527180;10
1120;11224;1481521021;6
7451;8107;1481536430;12
21413;7766;1481549930;16
8826;22492;1481525035;8
19487;141;1481550081;12
18834;291;1481544367;8
9308;4748;1481514010;14
23625;21317;1481522104;18
24924;9241;1481520046;10
5043;27157;1481532698;8
7648;12880;1481521872;8
6211;22443;1481531661;12
1608;7857;1481539578;6
20066;6208;1481532887;2
7414;22138;1481542801;4
27012;17430;1481511826;12
2979;26205;1481519404;16
8437;6472;1481515083;14
4687;12871;1481546916;12
17293;24622;1481538350;12
7044;11800;1481514656;14
22177;9573;1481519887;6
6115;119;1481518186;2
1352;2960;1481537139;4
27480;7303;1481518009;12
2142;5808;1481546049;4
23860;8053;1481530262;2
5761;8934;1481520701;4
10352;8429;1481526597;8
18849;8412;1481547645;8
16130;6829;1481514411;6
20543;5489;1481540830;16
6368;7146;1481527549;4
26070;17583;1481513301;10
6231;3559;1481537531;18
11229;17845;1481545538;6
7856;11067;1481535423;16
17566;21069;1481514214;2
6604;198;1481514577;10
20775;6808;1481539238;4
10330;9199;1481550459;6
10254;3281;1481530823;2
25159;10243;1481530568;14
5400;15988;1481527256;4
6516;27031;1481526891;6
12398;24989;1481548749;10
17269;18534;1481530884;6
13341;14244;1481530055;18
5874;3703;1481533038;6
27403;3953;1481542741;14
8230;20683;1481523000;16
16709;8390;1481540838;8
2339;12291;1481549387;12
18885;10412;1481540643;18
4042;12693;1481539219;6
17364;27019;1481518457;14
8801;20888;1481517027;14
11059;17153;1481532148;8
22292;7354;1481525307;4
18463;6872;1481520392;16
7187;8400;1481551108;18
1423;17373;1481522276;8
9439;4665;1481520495;2
5952;15012;1481535176;2
11056;14576;1481526200;8
14048;6561;1481537585;8
10719;2120;1481510610;14
11102;5478;1481534511;18
24957;12411;1481525228;14
24673;24136;1481517904;4
11635;1740;1481515613;16
18091;14571;1481521294;6
14615;4595;1481527977;12
9917;17171;1481532353;14
21386;4278;1481536332;14
24425;8136;1481514289;6
25077;10538;1481543081;16
3707;5974;1481512376;14
17903;4587;1481539540;2
10436;33;1481519328;6
6028;6969;1481522423;6
12041;3463;1481534387;16
15073;18934;1481521442;10
8332;6133;1481543191;8
21097;11383;1481532725;8
14565;18166;1481533687;12
6917;9204;1481548902;16
8536;12282;1481532088;14
5961;9974;1481549178;6
8940;1077;1481531292;16
17268;10610;1481509613;2
21094;10197;1481515635;14
8742;26119;1481546873;4
15323;24737;1481511018;8
25172;6717;1481514399;18
23004;18213;1481527373;16
2403;12745;1481530316;4
22443;6130;1481511568;6
12353;14420;1481512095;6
27426;409;1481523584;14
5912;6371;1481512470;18
2131;8874;1481516787;6
27485;9755;1481536497;18
3259;20545;1481509597;12
3325;2139;1481510661;8
17439;4328;1481529539;6
1271;1444;1481547879;12
11611;8049;1481513438;12
1187;20952;1481522101;4
14159;9999;1481528396;14
8318;1416;1481534511;12
9810;15089;1481524716;10
6963;17375;1481550038;12
10892;24692;1481538431;10
16022;7882;1481526474;18
5896;12656;1481538509;4
16049;5714;1481521755;6
10414;23352;1481517641;14
24250;4822;1481532967;4
7943;8560;1481538720;2
3716;15784;1481514725;6
11815;1765;1481516309;12
24568;10222;1481535364;12
6643;13260;1481520067;2
6141;17308;1481518020;12
1725;6004;1481510811;16
19966;1095;1481532453;4
26265;6721;1481511564;8
18178;6546;1481532037;18
1856;10029;1481539147;12
3410;7447;1481536895;8
1668;17593;1481533446;12
14868;6362;1481551085;6
10289;1215;1481550151;10
6267;13114;1481546444;16
1192;7272;1481522829;12
19799;23756;1481542847;6
27202;1586;1481519423;6
3009;23337;1481550483;4
4527;439;1481512692;4
12246;20195;1481544850;8
15996;8149;1481541557;8
15074;3457;1481518101;4
9191;966;1481516108;4
18264;6220;1481541697;12
23340;17269;1481530717;10
10220;295;1481550531;6
19489;19210;1481524375;16
2523;16193;1481515562;4
16038;6346;1481515339;6
19889;6203;1481550622;2
17440;4346;1481513630;12
10723;27131;1481512008;2
11376;6888;1481540908;8
25377;10541;1481548898;6
23036;13912;1481549399;8
19492;10809;1481519533;6
421;23518;1481541912;16
2022;22930;1481521514;10
4746;13788;1481515404;16
13977;6453;1481525349;2
7021;334;1481543186;8
24126;5633;1481524733;16
15327;78;1481513142;4
27029;242;1481540868;4
9902;12762;1481534600;4
6472;20336;1481529692;16
27458;20917;1481548843;6
23152;10263;1481522102;4
8967;27310;1481539996;8
27474;7924;1481526317;18
13813;24282;1481523090;10
10352;18178;1481536718;14
4177;2812;1481522153;6
12418;7328;1481545200;14
6610;362;1481528070;8
5996;17015;1481524650;4
22142;3586;1481532929;8
3002;27185;1481539485;16
21091;21004;1481549807;10
25413;6218;1481514624;2
1907;3294;1481519863;18
2169;2808;1481535050;2
1910;9282;1481547516;2
24533;1682;1481526165;8
11759;22500;1481541554;16
4966;20921;1481545968;8
1836;4919;1481510916;4
5017;5249;1481538873;2
1741;27399;1481526179;12
11401;1706;1481513439;12
2407;20985;1481526973;18
1405;185;1481511314;16
19041;1519;1481512812;18
1838;10381;1481550465;16
20959;4352;1481544413;4
11206;8574;1481544022;14
24782;7368;1481517793;14
6723;11083;1481550752;4
19583;686;1481529147;4
27101;10240;1481514200;4
8893;6521;1481512402;14
146;6781;1481540807;10
14622;1557;1481521532;18
1724;9897;1481517185;6
19824;8109;1481531900;4
5875;7017;1481532110;8
4276;1986;1481519031;4
21084;7252;1481519123;14
5721;4042;1481544500;12
4774;8927;1481523548;14
9474;11615;1481545912;16
20310;18840;1481523824;10
11696;3011;1481515078;8
16191;6986;1481549565;16
25075;9521;1481524376;10
1423;19213;1481513137;16
10100;22178;1481533384;10
5641;13862;1481524539;18
26204;16139;1481532489;2
27410;5281;1481523176;18
3590;27535;1481535879;10
12567;72;1481528855;4
3856;11383;1481535816;2
23496;16517;1481524606;14
23167;6652;1481545280;4
12177;4582;1481538487;12
20224;1257;1481521358;8
10728;958;1481525168;14
14580;136;1481538502;12
9743;1182;1481510927;4
27262;9298;1481519358;16
23614;7568;1481528267;10
350;6271;1481511869;14
8086;14878;1481528593;14
13128;15470;1481520208;10
6649;2176;1481519287;8
19022;24397;1481513432;14
4214;18868;1481541592;16
19224;4830;1481526749;18
12138;6407;1481512326;6
11969;6476;1481512084;8
2413;14514;1481530789;14
1988;1732;1481539238;12
10211;3982;1481518855;8
6777;9011;1481533940;2
14560;18213;1481548312;2
1192;6764;1481539196;18
14632;274;1481512095;2
2167;10211;1481518402;6
21229;4743;1481516565;12
23760;6501;1481538989;6
25179;12726;1481547855;6
18872;7692;1481525324;4
14623;15025;1481516226;8
1875;9916;1481524558;8
10185;1185;1481518528;10
17847;1856;1481538202;6
4852;5038;1481543701;18
1593;2799;1481510736;4
19046;5865;1481535442;18
10723;6721;1481512987;18
7710;5992;1481518686;4
12419;1645;1481538866;6
19805;5917;1481533703;6
23151;6612;1481531495;16
6868;11910;1481531384;14
6608;8686;1481522244;14
14168;1274;1481542581;4
6411;4206;1481527711;16
9796;8289;1481511872;6
11842;26035;1481534571;4
3781;27313;1481512880;10
12427;18310;1481520551;14
15346;7581;1481544316;8
17564;14892;1481528704;6
26166;3485;1481524680;16
4586;9837;1481525349;6
26392;5;1481549242;18
27543;10833;1481517390;6
4867;10395;1481513969;16
13825;4507;1481528662;8
25326;2845;1481514319;10
5783;8839;1481535504;10
15508;4562;1481550671;18
8896;21312;1481533047;8
7354;19791;1481530513;16
20969;4264;1481548070;2
2777;13002;1481525171;18
3293;4216;1481522653;14
1150;26260;1481529634;12
1523;12374;1481540316;2
12177;20024;1481512583;2
10711;4265;1481550156;10
12868;11989;1481521211;2
1037;4485;1481513753;10
8146;4547;1481521375;16
13878;3979;1481520817;2
7451;11407;1481520102;14
7311;26082;1481520802;18
24734;12745;1481531470;2
17309;6555;1481541394;18
6213;7546;1481543454;14
17378;8885;1481522920;12
6471;22464;1481538053;10
14122;10327;1481547724;18
12410;27042;1481524801;14
20754;7859;1481536418;6
1081;10610;1481526742;2
20472;10363;1481526148;14
3255;10511;1481514737;16
230;7362;1481539702;4
6329;7090;1481550077;16
5918;14908;1481548126;16
2465;27127;1481525087;2
7362;6244;1481531614;8
3619;27478;1481542463;12
7598;6261;1481543066;14
3994;25283;1481550028;6
9962;15471;1481543944;4
10513;20069;1481520326;16
2164;1667;1481537550;2
3465;21400;1481514142;16
15322;10111;1481517747;10
8533;6770;1481509657;4
20096;3693;1481511422;14
14951;15127;1481529652;8
4999;23439;1481535952;16
3781;4018;1481546604;4
231;21313;1481519431;12
7365;27199;1481525995;2
48;16827;1481523716;8
23738;18839;1481511021;12
3544;4783;1481509562;16
1452;7033;1481538504;14
21087;14558;1481549617;4
26311;1798;1481524711;6
21801;14143;1481536252;6
1563;6714;1481511109;4
16805;8333;1481541270;12
1014;1351;1481536680;12
25321;8754;1481546121;18
4979;20116;1481545139;4
3505;2334;1481520903;16
885;4855;1481511853;2
12181;18819;1481524697;6
3291;17279;1481527688;16
15961;19303;1481512546;8
18344;13761;1481521380;8
5714;1428;1481537582;2
10018;9424;1481539376;14
22614;8634;1481540093;16
3770;9267;1481517314;14
9297;8363;1481512708;14
19955;4700;1481537219;14
1372;25002;1481537447;4
6169;25440;1481534685;14
6150;9664;1481544481;12
20155;9279;1481545710;14
1170;5632;1481531321;12
4669;1306;1481541535;8
11886;6002;1481546190;18
14143;2282;1481525899;2
9860;9312;1481548796;16
6306;8462;1481529710;18
11029;15474;1481528231;6
4585;1863;1481545767;2
7526;9162;1481525386;6
15229;15320;1481534485;4
9212;25411;1481527848;18
9151;10619;1481529078;2
22481;19934;1481549267;16
4284;204;1481549074;4
4824;12654;1481518444;16
9437;103;1481515871;10
225;15078;1481514414;8
17407;6016;1481531528;8
17273;27552;1481539260;10
6641;14241;1481536436;4
8976;24937;1481543084;6
7856;19826;1481523442;12
14614;14866;1481536644;12
19372;11036;1481521367;6
27481;12765;1481517044;14
3071;3401;1481518968;2
10906;26306;1481541200;12
25062;12391;1481518531;14
5501;8124;1481516200;8
10510;8174;1481518540;8
12117;15032;1481514646;12
1485;24128;1481530942;16
6655;8528;1481526033;8
27124;1458;1481541823;18
6303;3747;1481548211;14
23107;1735;1481528940;8
9313;9509;1481510441;16
5784;10719;1481529113;18
8407;3690;1481516883;16
19087;10183;1481518364;8
23039;4363;1481539240;4
5821;4177;1481519284;8
18834;6143;1481543528;10
17607;5391;1481522457;18
7180;15244;1481514235;6
1293;12913;1481513436;6
14581;16335;1481521108;2
2150;27391;1481518939;16
14929;1734;1481520051;16
6616;18261;1481546301;6
4549;6251;1481534105;12
6412;9434;1481527732;2
6793;10555;1481548952;10
6817;24128;1481537893;6
7645;5996;1481542687;2
16333;1487;1481538190;18
12183;4343;1481523957;8
22530;20035;1481530482;16
9848;432;1481517279;12
12239;4255;1481521220;4
10719;1645;1481543953;4
8354;15738;1481544731;10
3002;20099;1481535513;12
14919;15765;1481520303;16
3776;6027;1481546974;14
23743;8691;1481518596;18
9652;10906;1481550946;14
8985;4873;1481527197;2
1414;15078;1481512212;10
9950;24996;1481522347;8
11246;20094;1481527241;16
4687;15029;1481521048;10
21379;18264;1481539968;4
9315;22258;1481520968;12
21372;18963;1481534942;10
7760;27325;1481513686;2
16648;15393;1481539263;16
25083;8701;1481522853;8
4353;6371;1481518208;14
19054;131;1481524827;2
5869;19221;1481538968;12
3853;6701;1481530984;10
16133;5860;1481511190;14
14705;5703;1481538195;18
7407;6607;1481509516;8
24481;8511;1481516500;6
19836;12241;1481543868;2
13183;26482;1481510558;10
6454;27163;1481514174;4
6698;18764;1481525652;4
23085;22473;1481532659;4
24564;6164;1481537240;18
83;15499;1481547662;16
16131;111;1481511781;8
20686;379;1481544867;2
11811;19425;1481539705;18
19302;23640;1481550450;4
2414;10100;1481527704;8
5935;6386;1481546098;12
21289;7390;1481518430;14
7590;7262;1481527807;8
4729;23347;1481529842;14
27462;18215;1481537728;10
5974;12945;1481533794;2
370;27455;1481545870;2
2950;8280;1481539255;16
5081;14629;1481539726;8
4847;26311;1481539551;4
11229;17405;1481536283;6
1708;280;1481536689;2
14118;1383;1481526636;10
9750;3026;1481520726;14
1712;1105;1481516369;16
14715;7868;1481526469;8
9891;9285;1481541744;16
563;15407;1481549984;16
2280;1904;1481547573;14
13204;6933;1481513078;10
1057;17266;1481532314;18
9421;7631;1481540652;6
6151;13854;1481544208;6
3081;2742;1481546529;6
14999;23319;1481529832;14
6651;12138;1481524724;4
14199;4327;1481537448;4
6668;14929;1481547720;8
5751;11401;1481511160;4
4044;7552;1481531526;6
9563;21717;1481545186;10
24376;5604;1481537911;14
6112;4843;1481526311;14
8138;21289;1481510421;18
14863;7792;1481517087;12
3028;208;1481517828;10
8837;23857;1481535122;10
21372;26101;1481533373;2
15786;2813;1481512238;14
25441;1208;1481546245;6
6139;24651;1481524181;8
18150;20045;1481510172;8
10575;1671;1481544022;4
20980;8964;1481515409;14
945;3981;1481519703;18
20607;22132;1481547505;14
11089;17001;1481516306;10
8421;10192;1481513871;12
17386;11245;1481523813;16
20347;1847;1481529178;18
1576;12800;1481523392;2
2122;1599;1481549436;12
11039;11698;1481517146;16
19763;27394;1481526557;18
8139;46;1481512072;10
23034;12055;1481523111;14
44;24743;1481546129;2
15516;7302;1481531770;2
9890;20528;1481541146;4
2034;7937;1481511967;18
988;1738;1481513454;12
14977;9531;1481549574;10
3688;8322;1481546273;6
6472;7615;1481512195;8
27163;10811;1481509536;4
3392;895;1481527292;4
8025;15320;1481544294;10
1113;2774;1481526963;16
252;6271;1481514775;12
12035;3506;1481525996;2
4180;12577;1481517760;12
27323;24935;1481521993;2
6831;21833;1481527433;8
3769;375;1481540877;6
1656;16888;1481529867;12
1170;12100;1481531035;2
1591;5018;1481546189;2
15732;8438;1481538128;16
22930;17846;1481530809;16
8439;24277;1481529523;12
21843;20298;1481543691;18
15119;6000;1481535289;18
25166;14288;1481533376;12
7147;19454;1481523185;2
20525;25517;1481527976;6
6431;25467;1481522532;12
5440;19923;1481539593;14
10824;8762;1481513608;4
1904;2347;1481532405;10
13800;2126;1481531438;16
5594;25269;1481525977;2
14893;7557;1481543596;18
5501;214;1481523165;8
17863;7108;1481533413;14
5772;15249;1481512382;4
7584;10716;1481522757;12
5980;3968;1481528729;10
5676;7933;1481537853;6
6344;1742;1481533450;2
14804;8129;1481524841;4
20446;2378;1481527878;8
10099;21498;1481512571;4
4974;1556;1481544235;12
8960;20072;1481545192;12
5637;22924;1481537527;8
8929;107;1481528341;6
14796;9651;1481541447;8
1398;20933;1481533985;8
16535;2018;1481526997;10
14288;23546;1481521565;18
10695;2811;1481545501;10
2386;14793;1481512902;10
6766;4566;1481519632;4
18878;5891;1481529897;14
8274;16189;1481542065;12
3119;5770;1481521547;14
17350;6821;1481532042;4
4527;6004;1481510991;2
1625;8278;1481528635;6
7695;4989;1481541945;14
9819;9464;1481524239;16
17464;23176;1481532252;12
9206;17449;1481530352;16
6703;16827;1481533864;2
7396;6781;1481529906;12
4983;7959;1481515641;6
5048;5815;1481547055;4
279;4778;1481512966;2
12315;6501;1481528920;18
17502;4189;1481541200;4
19303;375;1481509641;4
2645;9461;1481521688;6
5981;25545;1481518051;10
22501;2738;1481550479;10
6919;12115;1481517459;18
22527;25426;1481512212;8
12764;6883;1481532217;14
15002;10560;1481548399;8
1636;9413;1481519995;6
2962;5527;1481520861;10
14262;7316;1481535908;10
6650;9404;1481519738;4
4290;4594;1481521832;8
22445;4582;1481527967;4
8711;9861;1481547129;2
8111;3020;1481525347;14
16800;7247;1481525879;10
21715;8656;1481512567;6
1197;5267;1481541182;4
11038;20968;1481538994;2
10804;15519;1481531192;6
25339;14906;1481532583;18
8497;7868;1481534208;8
22574;20007;1481532191;16
22582;26315;1481511886;12
27266;7616;1481519844;4
121;10847;1481528259;8
4195;19588;1481518240;16
326;10697;1481514224;16
4244;1066;1481517417;4
1646;2147;1481539388;12
3940;171;1481541934;18
269;10689;1481534811;14
17176;1734;1481549480;8
1582;1698;1481545202;8
9539;14717;1481550619;18
182;14001;1481518169;8
1607;17422;1481520614;8
2763;19422;1481545074;18
17352;10107;1481522841;6
4944;20968;1481543689;10
3027;13187;1481528213;16
18049;3899;1481539874;14
19777;3415;1481530761;2
9743;9061;1481544090;2
8528;10283;1481547538;12
8338;7772;1481517734;16
3165;3372;1481534941;6
16136;16127;1481539996;10
14155;1909;1481546774;6
6729;18912;1481527658;14
2354;12094;1481544505;12
26076;4879;1481537576;4
6989;8501;1481547792;2
6405;8280;1481531363;10
2282;6495;1481518401;18
10046;6233;1481533771;2
2985;27198;1481541658;12
27314;16196;1481511348;10
12045;2367;1481527996;8
17019;5894;1481525050;6
10108;22179;1481517880;2
4191;23085;1481548411;2
2729;4894;1481524278;2
19560;2369;1481540420;2
1040;1570;1481550400;10
13262;7315;1481546268;12
23867;3977;1481547140;12
24061;7860;1481527410;6
24255;8758;1481538941;16
3931;16023;1481535585;2
6469;1582;1481513415;18
27134;7905;1481537780;12
25433;7865;1481545777;18
21489;17564;1481536640;6
8366;10504;1481543334;8
16138;6017;1481517447;8
21724;20694;1481523387;10
12419;25180;1481550933;12
14430;3278;1481522351;18
18334;17420;1481537072;14
1728;2737;1481527240;18
5257;2761;1481528893;16
8567;10467;1481548602;12
6534;12726;1481520513;16
2284;5391;1481534826;18
10209;11619;1481549278;16
24143;2810;1481511301;10
3899;8801;1481544600;2
5774;1370;1481513990;10
2757;27020;1481520693;14
7049;12721;1481527986;2
1217;26157;1481520243;4
2780;1251;1481525568;16
3462;6625;1481547518;16
19920;331;1481522582;8
12944;6560;1481516350;18
3578;18810;1481524835;4
3699;2117;1481545167;12
15423;5711;1481539301;2
4827;25269;1481539216;6
1573;20012;1481539322;4
2875;18811;1481549094;8
925;9321;1481541906;16
7562;8767;1481521279;16
2370;3253;1481546019;10
341;1106;1481549227;4
22499;5647;1481541096;18
26188;23439;1481539140;12
4595;7016;1481527196;4
2522;23752;1481517690;18
22939;17507;1481546622;12
8586;9666;1481513514;14
9216;7505;1481547692;2
8238;9974;1481530274;8
20789;4666;1481518837;16
21386;11629;1481518183;6
16321;23640;1481527312;14
4732;17373;1481523840;10
2910;19058;1481521262;4
17334;1181;1481540321;14
1449;17151;1481547973;14
25379;4549;1481522215;12
9678;16139;1481542322;14
14572;8592;1481517561;8
7545;1955;1481516402;6
9545;12600;1481546312;12
18066;23534;1481522766;12
23010;27342;1481525985;18
10696;10008;1481529806;12
12420;6374;1481520650;4
3717;1045;1481538055;12
1504;23040;1481534198;10
15089;2463;1481529036;4
9287;19919;1481527098;14
22963;1019;1481509781;4
3597;19067;1481542467;14
17261;4812;1481530975;12
7090;6273;1481517678;10
14254;11091;1481546321;12
16181;3754;1481512337;12
3457;22939;1481526825;18
9530;4570;1481534166;12
9838;23336;1481520565;8
14254;25070;1481533988;12
23865;15215;1481549029;6
3622;25549;1481546217;12
1027;1923;1481512744;10
17421;17294;1481517407;4
4921;9827;1481530354;14
7349;20372;1481540209;8
1845;12117;1481526112;4
2820;4524;1481539524;10
20115;6159;1481544159;6
25370;410;1481511875;12
1064;1768;1481547945;18
13681;8442;1481517549;12
16535;1701;1481539504;16
9739;6244;1481549891;16
13899;5995;1481523124;2
412;7021;1481546942;6
22177;26310;1481531855;12
21229;2793;1481516750;14
195;8175;1481534465;8
3384;1872;1481527713;6
8650;18802;1481531565;2
3980;20397;1481510630;4
9406;3491;1481536709;16
13080;12045;1481547037;10
8916;20913;1481543126;4
1385;17359;1481542016;16
19075;7312;1481524015;14
5895;3396;1481516740;8
6822;20192;1481516585;6
19313;20083;1481514000;12
7395;4353;1481529554;14
21228;11106;1481529538;8
13238;25366;1481529227;12
22550;4055;1481513494;18
27269;10367;1481549954;14
10528;7298;1481512237;14
1961;14977;1481542654;8
1346;7473;1481541667;14
11814;2140;1481535696;10
15087;10639;1481515636;4
1422;927;1481538309;14
21268;8240;1481510281;18
6586;7584;1481512141;16
5913;8593;1481519627;6
6480;6979;1481534531;4
19869;12656;1481512796;14
21463;6940;1481536996;2
5811;5746;1481509840;14
7980;27172;1481541684;2
26040;7892;1481530813;2
17261;21087;1481536173;10
19285;1130;1481535431;4
4026;11725;1481535602;8
2034;10189;1481530933;6
24571;27027;1481525752;14
23743;11019;1481530413;2
17471;2737;1481518882;8
19299;1461;1481526492;18
6858;5018;1481532843;16
25391;12015;1481519433;14
1076;8800;1481541701;4
5849;367;1481543987;2
8529;4204;1481515301;2
15372;11363;1481540883;2
2781;13678;1481518892;8
2787;4625;1481534654;8
8901;6463;1481538692;10
4273;8144;1481521500;18
2150;15122;1481514722;8
7854;8987;1481545507;10
10996;17392;1481540264;4
14931;6414;1481512721;10
19887;933;1481509681;8
19966;12229;1481547338;10
8088;3622;1481535159;6
1161;20288;1481545776;6
20682;4539;1481550578;16
13298;9328;1481514109;8
10331;21491;1481548701;14
26999;16128;1481541121;6
13783;23883;1481543218;2
27059;21372;1481540426;2
10640;17886;1481546969;4
8449;12293;1481529813;8
5893;12295;1481522285;10
7648;9666;1481535963;16
27376;23040;1481524312;16
18216;1136;1481513150;2
27132;12650;1481518648;2
17024;4727;1481530400;12
3974;16201;1481541544;10
24671;10569;1481540341;6
14168;20076;1481529194;10
1721;10799;1481540681;6
3937;25263;1481547764;14
5855;27386;1481517184;4
12045;27444;1481521683;2
17275;4319;1481514364;6
2733;9256;1481544815;2
16046;15229;1481528753;12
14626;426;1481535363;14
1562;15703;1481523177;10
5353;10885;1481529069;12
24663;6028;1481550411;2
8122;4031;1481512362;10
2367;20145;1481520112;10
10594;11158;1481530987;14
6762;5121;1481545809;12
6224;6879;1481526372;2
14428;10398;1481535360;4
13779;4783;1481546478;2
9526;10217;1481531648;8
13289;5375;1481525106;10
9563;5250;1481532708;12
26207;2026;1481531274;6
4728;10611;1481538860;18
21371;26470;1481547305;14
22292;14627;1481528563;8
6974;1373;1481544686;4
16043;4851;1481517966;12
18158;5611;1481537127;12
22271;23853;1481540371;8
9433;1061;1481520754;6
7880;20831;1481519784;18
20083;8801;1481531176;12
8537;9311;1481517203;10
23789;184;1481530843;2
11399;9793;1481538700;10
6566;7268;1481546817;14
963;15214;1481527331;6
11636;254;1481524104;10
6442;1890;1481534757;6
9745;25365;1481535610;12
7543;7248;1481511892;10
27058;12185;1481528834;14
6210;24651;1481549462;2
18868;10080;1481517827;14
6125;43;1481515364;18
10807;7924;1481520192;6
6829;4626;1481543521;10
17848;23348;1481510049;6
19088;1350;1481541206;10
4006;10024;1481547924;2
19216;22967;1481544420;18
18166;6224;1481513544;8
364;23850;1481535500;18
10633;16649;1481548027;10
17350;11849;1481535326;14
5985;10632;1481521579;16
13826;6359;1481517777;18
6227;19873;1481544085;18
6891;2950;1481510347;18
14150;7036;1481526502;10
1640;15473;1481548622;8
5012;10575;1481550878;4
21729;9491;1481514759;12
22265;20127;1481519133;14
11701;25156;1481541707;6
14242;9897;1481546383;6
3585;8499;1481540623;2
7885;5871;1481524144;14
2611;23030;1481524293;12
18463;5530;1481534996;14
5511;376;1481510307;14
8691;19090;1481522343;6
8886;4268;1481513368;8
14615;21088;1481518986;14
13184;3352;1481525407;8
6928;2786;1481549080;14
13288;26314;1481530460;2
19559;2364;1481550347;18
13914;17363;1481524966;12
7076;964;1481528097;16
16042;6764;1481540952;4
1515;16130;1481511489;14
1549;15762;1481539585;14
6782;1106;1481531871;6
6826;14537;1481510799;18
10443;6309;1481546668;18
17894;302;1481534709;14
6114;13946;1481529352;12
9569;20684;1481533628;12
25440;917;1481542519;18
5518;13910;1481538544;8
2524;19944;1481547262;8
7034;20528;1481536546;10
7814;17384;1481537687;12
6150;22148;1481512318;4
10537;14186;1481528040;16
9210;6501;1481513859;6
4995;3855;1481539071;10
15465;23330;1481522692;10
1707;11947;1481549295;6
10566;27344;1481521002;8
6382;16334;1481521336;8
355;1537;1481532805;4
558;4501;1481536362;12
5301;20591;1481546685;12
1598;7846;1481524174;8
3591;5261;1481510020;16
29;12069;1481511785;6
18046;10889;1481543550;10
6020;6621;1481521032;2
12674;2366;1481544804;10
14546;3855;1481535054;6
8551;60;1481544534;4
24564;8566;1481517242;12
6285;1722;1481542229;14
15085;10348;1481522677;8
7095;131;1481549269;10
7911;27412;1481530152;2
24132;5106;1481513295;2
6913;1517;1481515967;8
27374;9027;1481512896;10
10544;6324;1481510944;4
10224;9889;1481520596;10
18533;13803;1481509697;16
951;6569;1481535090;2
6225;24354;1481548423;12
2792;317;1481513534;18
4944;6296;1481547430;8
9881;21361;1481521768;10
25280;14586;1481531618;12
13263;9741;1481535043;10
427;9362;1481519313;14
27398;22159;1481511485;16
22602;2890;1481513997;14
3961;6792;1481532303;14
10116;16021;1481523954;18
17509;1317;1481545322;16
6215;13984;1481529980;14
22955;14257;1481518740;14
23443;6473;1481538558;16
51;418;1481540440;6
9155;11225;1481519056;16
4507;13296;1481522645;8
7100;2745;1481518035;6
12766;19320;1481533285;10
418;10925;1481532108;4
11880;14579;1481549730;6
19850;3605;1481520303;8
14951;250;1481540357;16
17440;11567;1481515142;18
7347;27196;1481539272;12
10383;1844;1481539255;14
27127;2321;1481548942;4
9884;65;1481536164;12
13085;7332;1481533183;16
20425;2646;1481534270;10
7182;1375;1481515072;8
7099;2123;1481514688;12
4749;8239;1481525177;12
20392;21311;1481518811;2
8437;4596;1481529853;14
23172;1254;1481518848;2
9870;14705;1481534852;16
1345;10593;1481524802;14
9436;21724;1481550025;18
13201;1513;1481541195;14
12033;372;1481535711;18
16335;5975;1481544177;4
8956;7883;1481518456;2
212;17564;1481519086;14
21509;14113;1481532840;12
5637;8111;1481525836;16
17289;7693;1481547415;16
2171;4800;1481538884;4
12411;17514;1481527414;4
10110;7875;1481550731;2
10648;20857;1481545789;12
6705;8758;1481514248;4
16045;3900;1481530508;14
27230;17422;1481534153;12
12812;27315;1481531964;12
10829;15014;1481526493;8
8683;5928;1481521172;6
26187;3714;1481513175;2
244;12744;1481543221;8
26074;26084;1481528305;16
11051;8578;1481533858;8
17506;23048;1481513521;8
18472;10684;1481527471;18
8474;4055;1481510755;14
9188;17705;1481549175;10
21444;2290;1481529060;4
14653;12093;1481516505;10
1451;1271;1481533470;2
10464;10620;1481521208;2
3016;4013;1481537075;4
5612;10354;1481538028;4
8834;1975;1481539972;12
4037;17269;1481522570;12
23317;5098;1481523072;2
8436;17352;1481548100;16
10785;14158;1481534556;16
16862;5822;1481511014;4
2750;10835;1481545259;18
23050;14433;1481521979;2
6212;218;1481526591;16
10837;6821;1481541858;14
7765;14662;1481523436;10
11766;6664;1481546173;12
21416;1190;1481512709;14
2809;1926;1481527570;16
8516;8052;1481516958;4
9806;8644;1481537501;14
1096;8290;1481515088;18
27060;356;1481533431;10
4838;17843;1481546754;16
3706;5641;1481515764;12
1020;17922;1481547640;4
27095;12793;1481538336;2
6119;17190;1481550897;6
1171;5981;1481513085;2
26076;9248;1481509745;16
7261;6011;1481538693;16
10371;14187;1481536963;6
24176;23516;1481549956;6
1851;27412;1481536339;14
10825;14629;1481546700;10
5925;6367;1481533379;10
13681;12760;1481519713;18
27492;26266;1481521081;6
19321;24471;1481536401;8
3622;23445;1481545346;16
15309;15431;1481547253;12
12090;297;1481518481;2
20955;8357;1481547281;16
21716;7051;1481548998;14
19529;8895;1481529576;6
8409;2348;1481528859;10
4036;7838;1481546444;18
3756;18889;1481525039;12
21445;3786;1481515376;18
7466;17892;1481520208;18
14654;9566;1481518985;8
2332;7864;1481544305;14
18350;18764;1481510504;14
25434;9412;1481525768;14
27029;1981;1481532610;4
11620;11025;1481512650;4
7554;10922;1481520218;8
2120;13123;1481522895;8
7519;27133;1481527586;10
8004;5500;1481524181;12
18069;10748;1481514686;10
5962;14105;1481522775;8
4530;1033;1481533538;12
12042;24965;1481510351;2
10125;5703;1481518934;6
27174;14153;1481533415;10
1982;20123;1481518861;8
6221;336;1481519862;2
11565;6976;1481536837;14
6109;283;1481523888;4
7510;27489;1481523598;8
7959;1031;1481521173;12
11083;23330;1481524064;14
1176;17514;1481530913;16
439;27010;1481534793;8
3245;26205;1481521228;10
6805;2835;1481537363;16
3899;2747;1481538970;8
15423;2116;1481529499;12
5857;6285;1481511669;14
8968;15962;1481536583;18
9805;8237;1481526857;8
22267;5108;1481536448;6
27124;17892;1481536972;2
8643;10874;1481510555;14
11136;23622;1481510963;2
23524;13770;1481550650;6
10697;6575;1481520144;6
17190;9523;1481516486;6
25197;2942;1481538816;16
4706;17015;1481519913;12
10513;20288;1481534623;12
8558;26091;1481521060;18
19718;24932;1481510920;18
323;3602;1481550002;16
957;1405;1481514023;18
6857;22586;1481521696;12
18868;6520;1481511602;18
25167;20901;1481536363;12
9210;3377;1481550671;18
1274;3588;1481516607;12
2868;7695;1481541577;16
15460;4904;1481544556;14
15090;11213;1481527829;4
12012;12115;1481531429;14
79;7324;1481518583;12
22483;1198;1481514610;4
9010;8939;1481550295;16
20412;21300;1481538627;4
11746;26074;1481522322;2
11698;16832;1481527863;4
8849;5041;1481531541;8
18900;1010;1481510282;14
9243;965;1481536493;18
7924;24392;1481530780;8
10384;10621;1481534014;14
23009;16883;1481545047;16
8583;3007;1481530790;2
21004;5041;1481537416;8
4787;1086;1481524757;16
7505;7543;1481520006;10
272;8324;1481512145;16
9160;89;1481531506;2
7293;19087;1481531452;8
24183;1322;1481548184;6
11;1770;1481532428;14
93;1151;1481530541;14
14919;13940;1481542134;14
27171;9205;1481548777;12
8767;9843;1481514125;14
2381;1989;1481510819;10
3743;11481;1481530060;18
9647;11033;1481535604;18
2176;8429;1481517969;6
27023;27039;1481544520;18
2755;12413;1481526322;12
12360;987;1481528496;6
18173;24648;1481527342;6
7674;23642;1481528596;8
16051;11390;1481543136;6
9329;17471;1481526356;8
9429;92;1481519162;14
6460;8775;1481535919;10
20191;5729;1481530921;16
9148;4805;1481531312;18
1921;10116;1481547008;12
9217;22480;1481526684;18
8496;9819;1481513281;14
14154;26469;1481521213;4
13903;1955;1481521700;14
13003;6389;1481533015;18
17403;3766;1481531835;12
6983;1187;1481521940;8
19234;17029;1481527015;16
21069;2967;1481526121;10
9283;7965;1481520468;12
18111;6201;1481522071;4
1183;2809;1481548405;2
27374;1040;1481534857;6
13238;15119;1481536282;12
8151;8885;1481540992;18
4747;5001;1481542917;12
14795;2412;1481534195;16
4523;10517;1481532436;8
3596;24470;1481550944;18
5909;6689;1481514441;8
25433;20923;1481526545;4
6386;7819;1481524319;2
10238;18463;1481523674;14
1245;9975;1481541449;8
5850;21472;1481546824;14
4509;19058;1481545925;18
11377;1384;1481512950;4
3681;413;1481512440;10
20367;1341;1481526292;14
14134;5012;1481512277;12
12277;16185;1481528098;2
1208;22143;1481539386;6
127;6867;1481526884;16
17847;20472;1481520513;6
20425;11141;1481523369;2
12700;1373;1481511672;10
10002;1229;1481520776;4
12362;17412;1481510005;16
15073;27197;1481518810;4
15253;19878;1481549173;4
3534;2164;1481538802;8
7171;3067;1481550701;14
8877;18040;1481530988;16
1055;5740;1481514003;2
3259;5627;1481519986;10
10367;27458;1481523063;8
8165;1186;1481550221;18
17403;11019;1481513508;6
3566;23123;1481517297;2
7522;17846;1481537980;6
24930;6115;1481546542;12
7145;10826;1481541026;14
5032;17048;1481516892;8
9838;2805;1481535360;4
21718;4345;1481514513;2
10330;9893;1481550976;8
1217;4807;1481546671;2
25080;5811;1481546822;12
20686;19494;1481519215;12
5357;4732;1481543949;8
5518;7348;1481537373;18
12726;11787;1481510894;10
21002;10802;1481550783;16
2767;5739;1481523781;8
10116;10526;1481530811;2
20303;19860;1481509685;10
7005;2383;1481542922;18
5088;18898;1481541365;4
433;14911;1481511105;2
1798;6020;1481521187;8
17359;3400;1481540967;8
3907;18511;1481534710;16
6676;23110;1481535973;4
16200;9747;1481531846;18
27104;8574;1481549233;6
4699;9562;1481524707;4
25086;20926;1481521698;6
11405;15139;1481533146;16
417;22499;1481543560;8
7294;26265;1481517342;12
6483;1101;1481515736;14
18819;12743;1481531320;6
4676;24954;1481550809;10
24258;7392;1481515868;16
13854;9980;1481510164;12
5736;339;1481524194;4
14289;27232;1481542099;12
14933;1811;1481534424;4
12413;46;1481520603;14
22939;1928;1481516629;10
20098;5719;1481530845;14
9573;10405;1481535982;12
23299;9548;1481510566;8
2408;2337;1481531438;6
12178;5508;1481514705;18
1176;17198;1481522415;14
4778;11600;1481537548;2
3467;7143;1481548687;8
17334;5758;1481522757;8
5486;7281;1481531954;2
302;7581;1481547919;14
12317;14274;1481547738;6
10082;9573;1481536718;18
10596;8583;1481525158;8
1445;7100;1481531433;18
10415;9951;1481518577;16
9539;1063;1481524145;4
16800;10026;1481527958;14
68;20529;1481538375;8
10248;27446;1481518409;14
24935;4481;1481524358;10
27031;11053;1481517724;18
14142;23040;1481527893;16
4880;24675;1481539311;2
16811;22147;1481532876;8
8119;4915;1481511036;10
6026;2842;1481531304;10
13262;18841;1481538976;6
7629;25176;1481530850;8
9894;1852;1481519209;8
1845;16795;1481532818;14
24971;2752;1481527028;10
21295;7972;1481514102;8
3265;4745;1481528140;2
7287;10532;1481546745;6
10474;1316;1481514879;14
1002;1503;1481548869;12
25083;20999;1481534904;8
9789;19304;1481527200;18
9567;17532;1481510024;18
19951;3087;1481522702;18
11956;4695;1481537921;4
568;6961;1481547587;14
21729;7103;1481536272;12
181;6545;1481550958;18
15471;7607;1481511837;2
14891;14563;1481534500;4
7607;14632;1481522864;8
8899;4811;1481536394;14
24762;13883;1481524780;4
14430;6944;1481540994;8
3071;1681;1481528383;18
8492;24283;1481535257;16
20317;14651;1481520519;14
14798;17;1481516189;10
21404;15733;1481541831;18
19277;5732;1481525296;16
19276;8483;1481532272;14
14929;1631;1481515251;6
6858;4346;1481517824;4
8371;19078;1481513895;6
405;6548;1481515735;12
8022;693;1481531691;4
15238;19079;1481524081;2
25043;14574;1481519915;2
23524;24668;1481518379;14
6665;5731;1481543234;10
8656;10501;1481544728;14
1009;20357;1481517479;14
4212;1636;1481537560;16
14555;8864;1481513313;4
10322;10018;1481528255;6
23864;3640;1481514055;12
23452;8390;1481515150;16
1257;26263;1481533049;4
17789;1157;1481523840;10
27390;9671;1481530121;2
437;14006;1481509502;8
6026;12336;1481514747;6
5387;9166;1481515029;14
15137;13775;1481510546;2
879;11482;1481534055;12
20302;2813;1481546770;4
14187;13812;1481526806;4
22137;24285;1481531632;4
1520;248;1481544436;8
7347;14151;1481515757;6
11030;9133;1481543619;4
18337;21230;1481537928;10
8957;1132;1481527376;14
10206;9835;1481539941;8
21399;11123;1481547328;2
8163;1195;1481537777;6
3778;7187;1481512938;16
20113;8353;1481534623;8
17474;8285;1481514667;16
14625;27061;1481531299;14
4589;11943;1481539020;10
220;23149;1481520238;10
164;5992;1481513066;18
10219;17886;1481530391;16
11759;16321;1481513866;12
24239;12620;1481523335;4
8127;21298;1481544890;12
7092;17296;1481513121;10
15376;14709;1481534118;2
9368;12185;1481548951;14
8388;25175;1481540330;18
10293;18763;1481514337;14
25362;3071;1481524796;10
12624;15736;1481534750;4
10885;21716;1481532067;10
4796;7302;1481526582;2
6990;21717;1481545473;18
4566;11270;1481525589;12
5809;15471;1481535205;6
3747;9345;1481528832;18
1851;1866;1481524991;8
27095;4823;1481543160;18
24360;4564;1481522912;2
26076;17193;1481541678;12
15787;4726;1481526190;8
2427;18099;1481545152;4
4184;15995;1481535917;4
11135;7878;1481525017;4
4829;8753;1481533216;4
5703;11607;1481524130;18
9390;21382;1481548117;18
20191;10246;1481512657;14
24442;16035;1481521039;14
5391;24180;1481522004;12
17376;24970;1481548913;6
8306;20446;1481529595;2
19865;9061;1481527188;12
10015;11986;1481545581;6
10504;6464;1481540068;14
25493;20005;1481535288;4
1629;14621;1481513876;8
15369;3415;1481510449;16
10460;7312;1481543943;16
3607;10371;1481536934;6
5969;22452;1481539340;10
8375;14040;1481547535;12
3972;8507;1481526651;2
7962;3065;1481518529;4
16140;27407;1481515517;12
21311;17255;1481529135;2
7829;20080;1481535363;16
5855;22532;1481536944;10
22496;23524;1481536726;4
6293;6187;1481524865;6
1413;6365;1481530433;8
6917;7558;1481524552;10
1255;9017;1481532230;8
6191;27392;1481511424;14
11383;14964;1481525284;10
15377;14538;1481547988;8
19947;16100;1481535098;16
8758;7142;1481549550;6
15764;4306;1481510334;12
7085;1898;1481545669;10
16045;10982;1481533935;6
19984;11896;1481529748;2
26474;23885;1481527750;16
27455;10500;1481512855;10
17570;27465;1481516160;6
20932;26302;1481509854;14
11788;17882;1481530986;16
4335;1668;1481528523;12
426;20303;1481543662;12
5385;12560;1481511196;16
20011;14550;1481546136;6
20996;7545;1481516144;4
4775;9017;1481510019;18
2734;8117;1481509716;10
19804;8297;1481538689;2
11392;12412;1481520499;8
9900;9478;1481526464;2
4258;23339;1481546645;16
8697;17601;1481548364;14
22582;65;1481514935;2
885;6788;1481514585;6
2407;5752;1481545481;16
7453;17172;1481534892;2
2833;20245;1481548957;6
14451;2158;1481549826;8
8165;23737;1481550528;18
119;2144;1481516297;14
4542;13085;1481549260;6
110;22648;1481517832;6
11242;1294;1481519821;14
14654;20288;1481549029;16
8356;4865;1481525533;8
19882;5944;1481514338;4
8584;18885;1481534863;14
5968;1745;1481510822;2
223;4723;1481519740;12
1423;15999;1481544658;2
9421;22965;1481513609;6
6205;1799;1481544134;14
25432;6267;1481515341;18
15317;24987;1481533237;14
10988;27298;1481527738;18
2146;8367;1481519246;6
21473;3387;1481544156;4
15227;14818;1481526715;6
10513;14260;1481531660;10
7072;5778;1481530488;6
8464;4810;1481511199;6
2271;18260;1481514010;12
6688;10710;1481546109;12
27334;13774;1481522919;4
6993;27020;1481523103;2
3018;129;1481542764;4
5244;6584;1481511496;8
6435;6767;1481546527;8
7686;1890;1481515873;10
7609;5000;1481531546;6
7830;13128;1481526882;6
12699;19545;1481536220;2
23151;13976;1481537062;8
4622;14904;1481516639;12
57;1259;1481515986;12
4686;10332;1481516664;6
21317;7522;1481533900;8
10910;12155;1481528240;2
16864;10599;1481534401;2
4209;3072;1481509881;16
4877;19530;1481543152;10
18073;5510;1481522639;10
18896;4757;1481520120;6
10119;13939;1481534791;18
6922;20713;1481511012;8
4842;25328;1481535990;6
373;18153;1481537633;8
18321;2760;1481547867;10
3063;6579;1481518215;12
2986;23176;1481540563;14
10221;7451;1481509594;6
2823;1131;1481530310;10
7855;15;1481512093;10
1798;2423;1481540897;6
6796;14185;1481526581;4
14872;4661;1481528668;10
9017;9103;1481532877;4
11782;1443;1481525441;14
10582;5726;1481521552;2
4521;22532;1481528934;16
4039;33;1481533783;12
12073;19052;1481539982;4
10161;7851;1481534186;10
8678;430;1481517466;2
8430;8323;1481520919;2
1897;9982;1481545324;8
2812;19760;1481521227;16
16929;10717;1481522362;16
7623;8929;1481540926;4
10195;17705;1481547731;6
11253;15926;1481538983;16
2814;19498;1481543177;6
19971;8575;1481509606;14
1793;15077;1481519442;16
25046;13869;1481512476;4
17300;14125;1481540201;6
5353;10716;1481535857;6
8693;5676;1481531479;16
2759;16368;1481542674;10
1170;20066;1481512165;6
1865;8511;1481509986;10
17867;4035;1481536410;4
7856;64;1481550905;12
14628;22646;1481539611;2
20982;14193;1481535101;6
18312;18934;1481537428;12
16046;8093;1481527033;2
23544;6805;1481538936;2
22303;22252;1481543870;4
7039;4796;1481510860;12
16810;9486;1481546425;14
16296;20325;1481534704;12
16118;2754;1481532231;4
14651;11692;1481538439;6
4290;11592;1481530864;4
27161;15080;1481513098;2
4282;1170;1481527712;14
14238;2801;1481541391;12
7863;8586;1481532936;16
14260;27426;1481521555;12
8956;8584;1481522656;8
4698;5105;1481515728;18
3371;20600;1481533337;4
1320;22449;1481512568;10
15373;10561;1481550321;4
11993;9461;1481515737;14
7976;22272;1481543064;6
4006;27324;1481546597;10
10292;12308;1481518504;8
22135;3409;1481549533;10
11096;22930;1481523595;2
15777;27089;1481541297;18
15473;20195;1481542088;8
126;27157;1481524041;4
20354;5438;1481533930;6
27012;20590;1481521836;8
6736;6022;1481523922;16
4509;2982;1481535808;16
8522;27539;1481517166;12
3385;11759;1481532851;14
162;10362;1481535411;16
18936;8251;1481527903;12
8052;17244;1481540988;18
2012;11049;1481550838;4
9813;8758;1481519660;6
27356;11943;1481536179;10
20686;14614;1481515627;14
7407;6642;1481511043;16
7335;21799;1481520893;10
9267;1411;1481519504;14
15421;1455;1481525564;12
25036;40;1481531896;16
1906;20244;1481542027;14
10020;11787;1481540188;2
14655;20015;1481520913;12
9511;17244;1481515460;8
23851;4224;1481546362;18
15987;7583;1481528065;12
1587;5397;1481535862;18
17570;11728;1481539552;10
7266;9137;1481511458;4
17054;2745;1481512128;14
8129;19822;1481517282;2
6481;5128;1481514090;6
5780;17151;1481526790;10
1914;9539;1481542386;14
27509;5815;1481539503;10
5967;23536;1481525658;8
8828;411;1481534814;2
14561;18858;1481546434;12
1223;19209;1481547487;12
6439;3964;1481511007;10
13863;371;1481545204;4
10698;4282;1481543527;18
6538;428;1481511180;6
6189;15518;1481535650;6
3609;9869;1481547889;18
8921;20575;1481535986;18
31;7626;1481542158;8
11076;1673;1481550732;2
9846;2767;1481539119;4
6630;10112;1481525625;14
4838;20425;1481519009;16
1151;26265;1481510235;18
11834;19883;1481545182;18
7816;7686;1481540585;18
10230;11941;1481529086;18
3921;9999;1481535757;8
9114;25379;1481530594;14
14194;7542;1481534013;16
8873;8449;1481534831;10
84;8802;1481537001;8
6947;11268;1481544307;12
16188;143;1481512820;14
1580;7939;1481517083;10
7016;26035;1481513434;14
18078;18821;1481527825;4
3953;24659;1481523687;4
1066;27088;1481517137;8
18173;1811;1481525841;4
2836;11395;1481526221;18
18810;15011;1481542563;4
8597;14253;1481514997;6
16294;6714;1481541866;14
8970;89;1481527215;14
7343;349;1481533959;16
385;4607;1481529694;4
10414;2330;1481513936;10
1557;11125;1481550483;18
8236;19942;1481520617;6
22464;7614;1481516806;10
1627;12041;1481515795;14
5675;25283;1481520834;4
10291;4281;1481519265;16
5817;1923;1481528644;8
937;337;1481536366;10
17601;15002;1481543777;10
12767;3775;1481543960;4
4504;6673;1481548227;4
13290;27059;1481551015;16
2122;25066;1481542087;8
6384;5985;1481510191;16
11249;8367;1481539329;14
8302;6473;1481527221;14
5627;10164;1481541746;12
24533;883;1481541167;8
12046;198;1481529554;12
6440;27421;1481528678;2
25025;10888;1481541078;6
1897;21736;1481519199;8
10775;7251;1481543985;14
16803;4961;1481520981;12
6209;4808;1481539293;16
257;4900;1481534630;12
7816;15071;1481544222;16
8986;4943;1481537871;8
895;24126;1481543622;16
4915;1451;1481538279;8
1882;10015;1481538138;16
8637;6331;1481513373;14
23739;9743;1481539565;2
15085;9362;1481532919;12
8483;23061;1481544700;14
22501;10571;1481533937;8
1747;3685;1481512526;6
17375;5638;1481529499;18
968;10446;1481517518;18
11140;11791;1481537513;10
4232;25179;1481545064;16
11137;6151;1481515937;8
39;8941;1481531115;4
15296;10161;1481522442;8
8340;3016;1481524658;12
23340;13779;1481513590;4
23262;3416;1481515495;2
23187;1059;1481536155;6
4287;6298;1481540286;8
27475;7594;1481526782;16
23488;12416;1481535154;10
1315;11630;1481536883;18
1741;23625;1481547889;16
26069;6121;1481540648;18
6893;8954;1481546018;16
7794;9060;1481543451;16
5809;4906;1481516845;10
3597;6893;1481527130;4
4926;16797;1481532715;2
6141;10830;1481540371;16
16134;12186;1481550274;4
9855;13180;1481537981;6
15010;4964;1481534529;4
2411;4964;1481516895;14
10988;16914;1481513016;12
19880;24782;1481515256;4
13772;6194;1481534230;10
14447;6797;1481547068;12
4158;21678;1481518636;10
18893;19847;1481511289;18
8026;9979;1481548531;8
13941;6634;1481513461;18
9536;11477;1481541011;16
11396;3990;1481538234;8
27458;23356;1481515760;4
14915;1205;1481514764;16
14953;21724;1481541821;10
21281;5514;1481535761;18
19024;18155;1481550671;8
12187;6412;1481550998;14
5600;6636;1481519499;10
2826;13939;1481516320;10
9819;2826;1481530216;12
6651;21292;1481518649;12
14622;5740;1481537289;16
979;23453;1481533184;14
12591;14914;1481519328;10
24373;17566;1481512429;14
4197;2177;1481517823;16
24521;20947;1481532526;6
9763;1138;1481532735;8
24762;6958;1481550362;6
13941;17154;1481530115;6
9953;6390;1481527847;2
1909;9855;1481510435;18
8377;10633;1481526354;6
1629;3730;1481524157;14
9425;21721;1481542252;4
11786;15409;1481521713;18
2764;26211;1481540006;18
9287;6888;1481530700;12
2364;18115;1481509858;6
17800;18844;1481545967;4
27451;6648;1481514026;4
5098;1797;1481528815;6
12389;23540;1481511547;18
3512;7439;1481518637;18
1747;7947;1481512756;10
13788;22930;1481550290;14
22499;5082;1481525793;12
931;4777;1481525349;2
11987;1149;1481517029;18
11404;24562;1481520488;4
14981;8947;1481520603;14
26185;17440;1481525532;18
13859;11700;1481522132;6
7308;24326;1481544893;12
20681;10729;1481510104;6
3639;4227;1481541627;18
5385;157;1481519050;6
15336;12372;1481532332;2
6107;8518;1481518104;6
9959;20532;1481537440;12
9807;18808;1481541990;10
2339;8912;1481534347;14
23106;6617;1481513404;4
1559;982;1481513821;2
4672;5119;1481519636;4
370;1375;1481546351;6
13984;8761;1481545428;10
6991;1488;1481520814;2
389;3678;1481517482;14
5759;10825;1481546783;6
27166;5959;1481511047;4
6501;25412;1481517419;18
22997;2010;1481532109;14
1172;8290;1481543509;4
10460;11694;1481536611;16
14712;11154;1481509653;16
26187;6274;1481550191;4
11076;18156;1481546061;4
8868;20411;1481522527;10
8597;1017;1481535890;16
8685;9538;1481536794;16
12183;978;1481544571;10
6540;10220;1481535071;4
1730;6348;1481536233;6
12094;17794;1481541316;8
14663;2331;1481539060;2
10426;1349;1481545622;14
6413;4689;1481525408;12
27393;8108;1481533904;6
4878;14050;1481522131;6
7901;3083;1481543062;12
21213;7266;1481527631;12
6488;6694;1481550229;12
13977;11683;1481515225;4
24950;11602;1481512735;2
21844;25344;1481546562;18
24666;5706;1481527151;12
20463;4684;1481530921;18
26149;23521;1481538002;4
10230;10175;1481529367;16
6255;7933;1481532962;12
14272;1358;1481548041;16
24952;6709;1481535528;10
9358;3008;1481517092;2
273;26319;1481546623;6
21259;11814;1481532084;10
9801;15311;1481547177;18
5084;18080;1481517184;12
8318;8027;1481531295;14
12220;5023;1481523835;10
4207;11141;1481527628;6
12425;14962;1481529762;16
16369;12046;1481546460;8
3932;17457;1481514341;4
27287;12212;1481523271;4
22582;1631;1481549680;14
25405;17185;1481522037;4
27522;8221;1481538711;18
10809;9282;1481515461;12
4319;12321;1481550344;8
6109;14622;1481532459;10
25340;19065;1481531504;12
24622;5285;1481531701;14
20045;5729;1481544716;10
9674;10671;1481544187;2
24952;2161;1481526154;10
21382;3906;1481544427;18
9361;6409;1481527724;12
1029;11233;1481534560;12
10187;25402;1481521767;10
7809;6428;1481511414;6
4654;6387;1481536754;6
5839;2836;1481510470;4
4565;21461;1481512273;12
1378;12059;1481510409;10
24955;11823;1481539372;10
9652;22502;1481511969;14
12401;4882;1481514829;2
1101;1377;1481541893;18
19067;11109;1481511278;2
7342;8295;1481528807;2
9628;3593;1481531886;2
6506;15227;1481531787;6
9753;3080;1481549103;6
24370;19842;1481541325;16
12354;7646;1481523126;6
27033;8526;1481531116;2
1006;2788;1481524338;12
5392;14552;1481528860;6
9408;3023;1481536908;2
1596;22501;1481524445;6
11695;9662;1481546453;12
22537;18850;1481536613;10
12418;8032;1481534629;6
3744;3932;1481523595;6
20673;1458;1481529835;14
2353;4196;1481531201;10
21809;10718;1481525222;18
21485;7911;1481529950;6
13820;985;1481532545;12
25382;26480;1481548786;8
14926;6177;1481520688;14
4907;6308;1481535723;14
7479;1637;1481520320;6
4665;13912;1481509529;2
2950;5957;1481544264;8
4691;18088;1481510002;14
1702;17305;1481549201;12
18185;2942;1481549370;6
4912;5079;1481521583;16
1966;4942;1481536132;18
2982;5771;1481550442;6
1401;203;1481517969;14
1358;21361;1481545117;10
27416;15379;1481538453;12
24252;23535;1481548957;6
11416;9004;1481525273;4
919;27033;1481546949;18
7695;1026;1481523354;14
5708;9211;1481549806;14
20695;3388;1481545973;2
2120;5758;1481534791;6
6805;6018;1481537699;6
21368;6202;1481520969;12
13184;16929;1481548082;4
27407;15247;1481515459;8
26333;190;1481514785;2
11019;20403;1481536220;6
3414;24971;1481539333;8
1185;16051;1481522110;16
1975;7408;1481543314;14
8558;16093;1481516534;14
14806;4763;1481522292;4
4262;6768;1481544963;10
24689;14121;1481517051;16
9745;7964;1481545210;14
17288;20927;1481543348;2
7159;25500;1481519002;14
8171;8416;1481523363;12
7795;16296;1481519253;14
12185;19958;1481534954;18
26104;4727;1481542349;10
8434;4994;1481536704;4
2999;22532;1481515245;6
20443;22502;1481526501;10
1176;1965;1481515074;8
4027;6554;1481537154;16
19865;17771;1481547173;14
16824;3637;1481523711;12
16837;6132;1481529262;4
27088;4505;1481521544;18
10323;7427;1481519998;2
26240;11232;1481526288;6
25072;21089;1481511906;2
5434;1934;1481538503;16
27429;12023;1481531749;4
10921;27208;1481520945;2
14949;9211;1481532620;4
22627;1335;1481538373;6
3922;17037;1481532113;2
2908;8506;1481542453;8
907;27419;1481511866;4
8597;13907;1481523294;6
16648;5244;1481532587;6
24281;13884;1481526922;4
14899;4325;1481527017;18
1275;3769;1481536348;6
4220;14252;1481542777;4
9546;18900;1481530859;6
12374;10358;1481550657;12
3643;6307;1481549658;2
25078;8290;1481523003;16
6206;15252;1481528636;12
2980;10420;1481514397;10
9968;6501;1481520287;4
23328;1355;1481536870;6
6872;26127;1481515029;6
8367;21378;1481535382;16
6254;4205;1481549651;8
12034;11113;1481510015;6
947;23032;1481549147;16
6203;25002;1481517371;4
7487;8585;1481514511;14
23346;26240;1481528053;10
6704;1176;1481534605;16
7765;197;1481518104;16
10103;8581;1481520223;8
4238;7683;1481545111;14
26144;4044;1481519179;10
3593;24714;1481544710;12
12015;415;1481526125;10
23644;9211;1481523801;16
3127;4876;1481532153;18
9428;16635;1481518839;2
8407;27097;1481545053;6
7527;4282;1481541815;2
6486;12721;1481516485;12
2759;8152;1481510833;10
9631;2326;1481527809;18
9479;1582;1481544590;4
16648;18323;1481522932;16
22487;8411;1481520187;12
9284;13290;1481524606;18
244;19923;1481543761;14
9007;9991;1481544898;12
18872;1686;1481526847;14
7159;19752;1481541027;18
24416;6900;1481538698;16
20405;2136;1481531761;12
4282;929;1481549478;4
2037;10045;1481511471;14
8410;5023;1481539088;8
15329;13618;1481510363;12
4758;5928;1481540778;16
9065;10237;1481519912;6
6287;18214;1481527575;12
17552;6591;1481521335;14
5771;10852;1481547653;12
23738;405;1481525248;6
6208;9214;1481531487;4
20684;2795;1481513425;14
22137;12285;1481515138;4
15324;2283;1481542505;12
10810;20113;1481543165;14
22449;329;1481534105;6
20461;20695;1481520481;18
277;6326;1481517003;2
3755;17303;1481526507;18
20194;20340;1481529639;6
25342;3165;1481548163;16
26035;3914;1481543581;12
20920;19535;1481540094;2
7533;24088;1481534367;8
2342;20658;1481513333;16
23049;7863;1481538017;2
10324;7558;1481511732;12
8983;14202;1481530814;18
1580;23175;1481530346;4
1089;12887;1481525973;18
13495;1962;1481521773;8
15073;25246;1481538864;16
6674;4948;1481535365;6
2953;15356;1481524879;14
8389;7597;1481541282;10
23100;10212;1481513259;10
14979;23002;1481547939;16
27131;23652;1481531844;10
20040;7049;1481512211;8
12327;16129;1481539690;16
8136;22531;1481513629;6
1158;6616;1481544489;10
1287;4332;1481521230;16
12067;22539;1481534757;6
27278;20972;1481531598;12
3585;8941;1481547818;14
11219;20295;1481524057;16
9315;17508;1481514193;18
2388;40;1481515812;6
11745;16890;1481534030;6
7835;18319;1481541035;12
10006;15249;1481527629;10
21;9437;1481537319;18
10193;9950;1481547211;2
3266;7477;1481514863;16
9963;27332;1481513999;6
8395;27508;1481543524;2
560;1200;1481536873;14
5532;23119;1481545990;4
13199;10115;1481512225;14
24533;14255;1481546963;10
5386;13779;1481520952;2
24355;10010;1481538752;10
18179;5852;1481544831;8
13872;10005;1481544074;2
11119;338;1481534809;4
8363;5844;1481532836;2
9659;1291;1481526313;10
5240;25323;1481534347;16
6139;20420;1481534134;8
12150;17283;1481525905;8
2395;1177;1481518916;10
12293;69;1481538344;14
9476;12419;1481532823;10
6382;206;1481539950;4
11229;12097;1481547662;2
25430;5831;1481514649;10
5784;15102;1481516475;12
408;15522;1481540846;6
8970;4810;1481531219;4
5417;6267;1481539009;4
4958;8799;1481549607;18
10879;12401;1481539388;4
9006;27118;1481523337;2
6534;4207;1481520914;18
9413;9318;1481513081;4
1989;7044;1481532129;18
4013;6728;1481546007;2
4814;1925;1481522492;8
115;27286;1481537153;14
1010;3746;1481549310;6
11907;8384;1481528078;12
21224;5940;1481548707;12
25382;3739;1481535471;12
8438;3956;1481542316;10
26038;7332;1481534017;2
3075;1800;1481549878;8
18887;11896;1481535332;16
9678;6770;1481543775;10
27468;8886;1481545438;10
11174;17877;1481547998;14
7836;2150;1481515111;8
23054;20685;1481541065;18
20520;26169;1481543693;12
3462;7695;1481543430;10
27540;9821;1481549686;2
9441;6331;1481519270;18
3932;14585;1481537374;8
1018;2423;1481529013;2
6592;5110;1481549607;2
14288;5691;1481549351;10
20395;11575;1481528753;2
281;15116;1481512385;10
23010;20367;1481522613;2
27181;21363;1481550216;4
5286;17517;1481522797;10
17156;19587;1481527998;10
10877;14003;1481542986;8
11001;6672;1481545412;16
12518;3680;1481526576;10
10782;7610;1481510047;16
8094;26112;1481531296;16
13203;4942;1481524687;6
14252;12036;1481530831;4
22640;4198;1481529854;16
27133;10161;1481523420;2
8752;21410;1481518448;8
6729;15012;1481531559;4
17586;16190;1481529937;12
5487;18350;1481550304;6
18066;5106;1481544102;2
21228;6226;1481537029;6
20958;3987;1481534510;6
11623;1957;1481535041;12
9839;16097;1481515652;4
9114;7620;1481529761;8
3021;975;1481526380;2
27012;4662;1481537393;8
1882;17421;1481516899;10
21293;19723;1481528002;16
2285;10361;1481514033;8
11858;27434;1481521749;6
12230;10830;1481545646;8
18878;4281;1481543861;10
9228;20846;1481514168;16
18040;23752;1481523858;2
4669;6247;1481516693;18
16916;13863;1481542298;14
5719;12643;1481517780;4
6677;220;1481532906;4
378;4301;1481541391;8
8514;19233;1481546730;18
22626;17146;1481539343;4
24138;6300;1481525881;4
11786;16861;1481521681;12
5703;2338;1481534226;14
22456;11125;1481527603;14
22640;10696;1481524489;12
12002;25232;1481514634;8
7685;14868;1481519094;16
6924;13790;1481512657;12
11776;8003;1481545581;2
25171;11052;1481531048;8
11905;4222;1481542837;8
12181;13853;1481512308;2
8421;152;1481528885;4
16937;11800;1481536077;18
5755;4580;1481531908;8
20423;10689;1481542147;10
4685;20103;1481530627;16
22967;6918;1481516010;12
8027;10706;1481520145;16
11394;11806;1481531027;16
13814;14570;1481510883;8
10535;11104;1481546957;2
11211;5507;1481512885;14
315;21308;1481526587;2
7870;17887;1481545017;2
14124;157;1481517301;12
9026;20995;1481515095;4
8138;7403;1481542597;4
19934;7249;1481521460;8
4481;17334;1481544600;4
7440;27558;1481512097;14
3449;8572;1481531981;18
10598;12046;1481536942;18
13461;20133;1481528705;12
1198;11226;1481539995;2
9123;23540;1481515435;14
16123;4989;1481531060;8
2347;11248;1481538987;4
25185;11869;1481511331;6
1424;25192;1481536599;16
10288;17390;1481548105;4
5989;404;1481544787;6
22643;1141;1481520471;6
22994;18908;1481548116;18
13914;244;1481519693;10
15106;11911;1481538865;14
12041;6263;1481520678;18
19897;4842;1481545828;8
11211;13851;1481525750;18
27395;24700;1481528175;12
9996;9466;1481549138;2
1727;27015;1481530903;8
7711;1492;1481533268;16
7162;1648;1481528861;10
19297;21497;1481549826;14
12229;4195;1481509507;10
4031;11987;1481547551;8
15781;10380;1481526218;10
9819;8166;1481516158;6
5332;1291;1481539698;4
4677;2377;1481527280;14
1428;20645;1481535059;6
14241;12518;1481517072;14
1495;14271;1481514780;2
10845;27550;1481523736;2
8332;20036;1481547296;16
22473;7332;1481514815;2
16201;22182;1481524011;4
5107;18305;1481537362;18
11033;3683;1481523699;12
19423;4033;1481524902;4
23533;2148;1481541538;4
18130;8834;1481539391;6
1388;8678;1481539547;10
3948;9983;1481526246;18
15236;14579;1481511753;12
11855;8880;1481526663;16
21300;21485;1481517191;8
5104;6243;1481526890;18
10405;6868;1481549277;14
15125;8473;1481542578;6
24126;8839;1481548053;12
11248;8582;1481522641;6
6503;14986;1481536406;12
12641;6883;1481527157;10
21005;3079;1481528475;2
20297;18069;1481542540;10
11886;1003;1481534995;4
4008;10317;1481534311;4
6870;10405;1481517529;12
1660;8191;1481518285;14
20128;8437;1481520500;2
24282;16801;1481542577;6
9948;14579;1481549330;4
21086;10566;1481528682;4
4325;3596;1481534842;6
5046;14577;1481550429;2
16321;14003;1481521443;4
18879;23024;1481511558;4
14272;17882;1481510546;6
3922;5924;1481526812;6
10257;7031;1481527962;4
5346;10387;1481535130;2
11944;411;1481545970;18
1630;23320;1481519198;8
21804;2286;1481545789;10
5995;2134;1481533200;6
4587;12572;1481523636;6
1695;9426;1481531308;14
4025;19792;1481550311;18
17566;2166;1481537932;4
9010;12913;1481529667;12
23531;4522;1481518792;10
11870;10244;1481521567;4
12630;22603;1481543894;14
11395;6202;1481514088;18
23653;17483;1481538738;12
18896;10255;1481534966;18
6227;6975;1481528662;6
1115;7791;1481520302;6
5105;8436;1481529048;16
13913;3591;1481524250;4
2810;27199;1481513418;18
21077;24659;1481542827;10
8378;1653;1481530444;8
23110;8240;1481531712;6
20040;12782;1481549808;8
14186;6407;1481527169;16
2418;14184;1481517968;16
22644;428;1481511770;2
10676;20461;1481533225;8
7571;11781;1481541438;14
14420;1989;1481536905;8
9548;14884;1481533971;12
12756;11880;1481534750;4
23752;7883;1481512448;6
8678;16915;1481511733;16
15533;6512;1481511473;6
7814;14575;1481546516;14
6178;411;1481523050;12
6641;10091;1481510068;6
249;13900;1481531640;2
2826;11951;1481517590;8
9758;26149;1481532585;8
67;7865;1481543013;18
9775;24932;1481541377;6
16044;4899;1481535817;2
25503;20983;1481513024;16
11271;1319;1481520499;2
7474;1929;1481530848;8
4290;2728;1481526862;12
27328;1257;1481546603;10
416;2390;1481540490;8
71;18889;1481510144;12
5384;22968;1481523404;12
1899;4738;1481543893;8
110;17028;1481548289;14
8966;1163;1481518658;4
1;6279;1481534668;12
6590;19818;1481514240;14
2403;17480;1481544460;14
2126;2840;1481540809;2
20846;17003;1481537145;12
2787;24359;1481519336;2
13939;8970;1481530302;12
21481;2035;1481550628;6
11027;3448;1481530871;6
4595;18834;1481533594;12
1222;20673;1481517062;10
4005;10268;1481513030;16
4574;11566;1481516912;6
1665;8317;1481539981;12
21320;998;1481535450;8
3681;7421;1481540151;2
3583;9981;1481545482;6
10360;5845;1481526510;8
8642;4746;1481541540;6
16806;7501;1481534792;4
12797;11595;1481513251;12
3067;5266;1481536320;18
7488;6259;1481518387;8
1877;3584;1481536946;18
27038;8742;1481543856;12
9282;9520;1481515115;6
6245;14514;1481513522;18
7636;413;1481517413;14
22450;23496;1481542185;12
2646;6862;1481526306;2
8506;5900;1481521088;18
3791;16036;1481535770;8
20084;17149;1481528566;14
8375;2621;1481529398;4
22992;5486;1481546309;2
12772;6200;1481517392;10
1681;21362;1481543611;14
19803;7341;1481547156;10
18082;24179;1481528387;2
15926;17395;1481522614;14
9413;6118;1481529640;10
8906;13883;1481536125;12
17460;10414;1481551138;8
1942;10826;1481542041;18
9548;6010;1481529302;6
11068;10665;1481543086;8
5939;8874;1481516800;12
25078;23318;1481528276;8
23614;6805;1481516229;18
2315;4198;1481540782;4
22922;10459;1481541203;8
10915;10803;1481538861;10
8587;6304;1481548610;4
20316;15010;1481546331;14
1085;20975;1481525455;2
3945;25376;1481542842;18
5388;19954;1481547723;18
16937;2422;1481520404;12
14878;14105;1481541821;18
5050;11777;1481544371;8
7882;27059;1481529189;6
17882;7423;1481524803;16
5012;2422;1481522421;16
6569;5674;1481522939;2
9814;8248;1481542498;10
2779;2980;1481547608;4
9664;12063;1481523047;16
18806;4291;1481510466;6
5280;19040;1481516137;4
8599;12370;1481550187;18
19921;10120;1481521552;16
6381;3072;1481522583;6
1074;1487;1481529468;2
12015;4994;1481544194;2
11870;4850;1481549503;2
4953;1159;1481516572;12
147;205;1481535084;6
26049;2408;1481525735;16
4859;168;1481535466;6
15518;11104;1481550018;4
8747;7073;1481525185;2
9854;1538;1481514323;6
9671;9510;1481538752;10
1728;20978;1481516823;12
26068;8989;1481538526;18
9512;16879;1481539597;12
19972;11909;1481536653;4
6455;4858;1481533417;10
14159;12087;1481550438;16
9285;13873;1481509778;10
3004;8483;1481540638;16
12707;10823;1481509893;16
18886;9769;1481537393;10
20525;25072;1481535335;2
12414;8181;1481511114;2
7059;25467;1481534651;18
4741;19598;1481529210;18
18158;4798;1481530799;4
2132;4823;1481525447;6
11718;5946;1481519594;2
11055;12158;1481514474;12
5704;6998;1481544005;2
3250;1402;1481542016;12
3375;1131;1481549382;6
7915;9841;1481535745;8
1905;5952;1481538045;18
17264;15129;1481515009;4
7710;7913;1481546567;14
10113;1386;1481520600;14
20848;6484;1481543558;6
11378;20926;1481536760;8
20907;4182;1481515305;8
6189;5882;1481541078;2
14777;20946;1481533187;14
3943;8033;1481527955;16
9892;10469;1481544528;4
19284;2781;1481548528;10
24700;14952;1481519855;4
27088;6925;1481521405;14
15074;18074;1481510005;18
11391;3968;1481523398;18
8886;13263;1481535574;14
27004;1370;1481522413;8
13189;12387;1481531506;12
19421;36;1481545033;8
381;14270;1481520622;18
23542;1392;1481526517;14
5412;17402;1481543398;8
26293;8646;1481540475;10
153;6466;1481544855;6
8425;6143;1481523971;6
1031;19824;1481530666;12
16182;12352;1481542753;14
27488;7416;1481550253;18
24952;19951;1481536040;10
16335;6474;1481521850;2
3586;6301;1481530970;14
20963;14199;1481523584;16
10542;23738;1481521005;10
8472;19741;1481544501;16
21292;4796;1481514908;10
11269;5503;1481533860;4
14713;3001;1481538310;6
3536;5738;1481540882;14
17442;10378;1481547994;4
12068;8711;1481525358;8
8872;19432;1481526538;16
12887;4190;1481515324;6
12221;3386;1481535123;2
24137;4682;1481523409;8
19957;17790;1481533384;6
6944;8571;1481517884;12
15008;1966;1481549499;16
5971;8768;1481527013;8
7034;9017;1481511780;8
1410;21373;1481542370;12
9242;1851;1481521592;2
7365;6170;1481515173;18
2828;22972;1481547754;18
1167;7084;1481512764;14
12094;1499;1481532647;10
49;15021;1481529720;2
4543;22444;1481551096;10
18158;10914;1481510402;12
26049;15215;1481537245;6
9854;12226;1481530711;4
1462;11145;1481524566;12
2400;5244;1481517568;6
22293;10799;1481539531;8
357;4595;1481536063;6
27485;5858;1481515647;16
24182;17283;1481531148;12
8799;14001;1481512117;12
3377;12800;1481548362;14
24239;8017;1481531455;8
21452;1158;1481511802;16
7924;6264;1481542666;10
13218;21736;1481549657;12
6260;23761;1481515438;8
5003;4978;1481547905;10
15088;15020;1481513506;12
1174;22497;1481517978;4
24963;9174;1481530777;12
2757;3591;1481528915;14
23346;39;1481549100;14
7542;22961;1481547516;2
1743;17029;1481516591;4
20369;20297;1481540487;8
62;197;1481534693;16
20354;2122;1481537218;14
4027;4800;1481523719;12
1139;12869;1481512821;18
10809;6824;1481537995;8
8541;3384;1481535847;14
9899;27551;1481531169;10
10216;16336;1481520379;6
19940;12153;1481513200;8
26111;8439;1481533273;12
19575;1002;1481528741;6
3741;26074;1481523748;4
8579;25084;1481541690;4
1164;16934;1481524541;4
22924;6538;1481528573;10
10927;1119;1481509540;10
1876;4027;1481544338;2
14628;26166;1481533448;8
23046;12914;1481523396;4
2286;7046;1481528602;2
2390;1261;1481535847;2
20546;5968;1481531389;14
7260;10072;1481530166;2
18806;20117;1481527465;14
23450;11824;1481515820;16
9247;1983;1481544017;12
7157;12614;1481511401;6
6785;24662;1481512266;16
20326;5053;1481530905;14
1310;5284;1481539401;2
5418;4607;1481512286;2
11258;3703;1481538679;4
14953;11946;1481513675;14
10522;7436;1481531787;16
2277;2010;1481512308;6
9995;6576;1481535741;4
5998;10020;1481509940;16
10681;4021;1481547477;4
1910;17152;1481522285;14
21801;11028;1481535306;16
12227;8995;1481522456;12
6353;19210;1481527239;2
25113;19860;1481547207;16
25447;3254;1481534496;6
9228;25065;1481520049;18
19988;11777;1481527889;4
20425;25426;1481519110;10
4993;8328;1481524446;16
17537;10524;1481516313;8
12759;10415;1481515933;6
18860;24710;1481523018;2
16051;937;1481541100;10
2012;7470;1481514658;2
27376;17530;1481543143;4
5007;6664;1481522961;16
284;7694;1481545084;14
22500;10727;1481543166;12
95;20082;1481543854;10
14697;7155;1481529099;2
16821;1449;1481542416;14
17049;6529;1481549144;8
10771;12289;1481511849;4
292;10467;1481548813;18
14701;364;1481550462;4
16353;392;1481512183;18
6262;3295;1481543234;8
15189;25083;1481510566;6
913;999;1481532251;10
19041;9163;1481517392;8
23047;13794;1481522666;4
1403;13798;1481519664;8
3953;20530;1481519628;4
15309;6521;1481542071;14
16874;13818;1481539391;10
6775;23832;1481531831;18
8795;5869;1481524035;6
13262;2177;1481545169;4
25340;6201;1481517442;18
13986;22132;1481540713;4
26104;412;1481512768;12
11841;5520;1481528128;8
20602;11241;1481512287;16
4976;2141;1481523655;14
7007;9881;1481536429;18
2998;22178;1481548077;12
20409;20927;1481535573;12
19864;12412;1481511981;18
2281;21308;1481538866;12
8594;21091;1481546987;18
10309;3642;1481525059;14
24252;1881;1481517868;8
17607;6219;1481515761;12
4955;6190;1481524282;18
5602;18156;1481536175;10
1836;1022;1481543770;8
12647;6189;1481525753;14
290;25089;1481520422;8
8282;24450;1481535673;2
20443;18835;1481545338;16
6979;3417;1481511562;12
1336;11102;1481541623;18
25377;1929;1481523274;12
14620;16321;1481509925;14
15461;3570;1481513025;6
1378;5433;1481526961;10
20359;334;1481510670;12
15703;4606;1481519188;14
10412;17863;1481524199;6
12151;17172;1481518535;6
2320;23049;1481548352;2
7850;10985;1481512608;4
13859;6592;1481524530;6
6525;10682;1481515452;12
6249;6691;1481510317;16
3013;10354;1481539370;4
14441;27537;1481528150;14
11113;13943;1481538664;16
16911;24326;1481547373;14
8569;22662;1481521924;2
10064;9253;1481521174;12
977;6253;1481523065;6
5379;15287;1481516122;4
20785;20949;1481526122;12
7817;12760;1481536985;4
1340;16007;1481543948;12
20791;3330;1481516917;2
14437;5053;1481537772;12
5881;18260;1481537117;14
5044;15129;1481515062;10
6220;5878;1481532864;6
1336;6456;1481549775;6
4942;9465;1481525681;16
18082;25532;1481517763;2
418;16819;1481539491;12
5993;10522;1481524651;4
1738;8464;1481514992;8
12571;7514;1481543040;16
6019;173;1481535124;6
18880;6320;1481535534;4
18312;18875;1481522392;16
8583;15321;1481538276;2
6657;10504;1481525652;18
6855;6949;1481540939;4
8126;8574;1481518501;14
19925;6157;1481540477;18
6218;8044;1481515841;16
20316;15483;1481523513;8
4773;10699;1481536273;18
3953;1180;1481510370;14
8421;16848;1481537459;6
391;2115;1481527903;18
7611;7872;1481516264;4
6137;14798;1481548553;16
20910;11091;1481540360;8
1554;9981;1481537823;12
16180;19625;1481509713;14
10110;12796;1481526620;4
25284;9686;1481514650;12
20775;9533;1481526809;10
23060;178;1481547270;18
90;2736;1481524477;4
27442;8379;1481526499;12
11106;27393;1481509928;16
22926;7709;1481511986;8
18424;9011;1481527046;12
27467;12119;1481543584;16
20130;8755;1481548114;8
25070;6310;1481533110;12
10314;7601;1481527067;16
14139;6881;1481514834;2
27311;5635;1481525952;16
1040;6417;1481509638;8
1623;5508;1481524489;6
6534;24679;1481530166;18
18863;235;1481526306;4
6187;6153;1481537850;16
12143;5003;1481510528;14
16179;6890;1481518008;2
14696;5876;1481516860;18
401;10610;1481541922;8
7768;18857;1481516299;12
1799;3748;1481512327;8
2116;11624;1481541677;2
294;27013;1481516998;12
1177;9359;1481530363;10
25041;10879;1481529984;2
22509;16333;1481528148;6
2315;9021;1481517480;10
3333;7600;1481524135;10
8414;4021;1481518176;2
11210;118;1481518711;14
1744;27429;1481521382;14
10650;9425;1481545288;2
21232;22960;1481543209;8
13947;10307;1481549552;16
19779;10431;1481542906;4
8642;1230;1481543327;10
117;9304;1481521550;6
19043;12870;1481537901;14
20735;2818;1481542097;4
27298;17573;1481532494;6
6994;13987;1481550295;14
13201;7588;1481512184;12
14264;4229;1481519889;12
18117;1418;1481547904;4
7423;1168;1481525447;6
12335;1177;1481540183;16
6528;22454;1481550995;4
2130;23525;1481513579;8
7958;2159;1481550176;6
6868;7007;1481540129;6
11895;22653;1481527204;14
147;180;1481535336;12
5703;15459;1481543643;18
2760;4873;1481519344;10
1895;26302;1481534012;6
16808;3964;1481547894;2
19966;5730;1481528356;6
6434;5491;1481547276;12
21282;12814;1481529002;10
18810;7490;1481546367;4
18175;11145;1481525050;2
392;17880;1481549471;4
8752;5908;1481529679;6
1045;27549;1481545728;8
24709;945;1481525137;8
22585;3413;1481510803;4
9437;14910;1481533535;4
7173;19916;1481536679;8
10460;6443;1481547747;12
6854;20153;1481513418;4
8094;23036;1481529970;12
1585;2403;1481546313;8
6794;1865;1481546466;4
10244;27489;1481511648;14
11019;10008;1481529279;10
7604;20297;1481529140;10
5244;12585;1481539838;10
4734;4550;1481530153;10
20980;16709;1481547545;18
9531;7388;1481518970;12
2811;6877;1481522219;16
3281;12285;1481526243;2
80;8562;1481528351;2
913;18080;1481538261;12
1200;14115;1481545352;18
10544;20526;1481517100;6
977;20073;1481520425;6
8306;24442;1481532378;4
1584;10682;1481527716;18
16203;6188;1481538980;18
8742;9267;1481516807;18
4675;27451;1481514864;12
14574;1519;1481540725;10
9486;10700;1481548844;2
3779;1166;1481530466;4
9860;9648;1481540552;2
12794;26091;1481544280;12
20758;4672;1481528658;16
3648;12146;1481524398;12
19074;22;1481509517;2
8738;5614;1481517550;4
12600;8348;1481519568;16
4674;9010;1481510901;4
1654;2834;1481546648;16
8973;9534;1481537107;6
15991;23048;1481530816;2
567;11811;1481532329;14
8181;14701;1481544767;8
6830;1217;1481544703;2
9204;3418;1481540006;12
4690;12284;1481521135;8
20548;6602;1481524429;10
3256;22496;1481535031;8
20023;18182;1481536087;8
17271;16894;1481548082;2
27177;386;1481523527;16
1327;20868;1481540313;6
6883;14514;1481514141;2
2378;8543;1481548050;16
26281;22643;1481535250;6
20789;15521;1481546950;12
8482;20643;1481544443;16
14048;18200;1481511509;6
20310;9845;1481549323;6
11004;2412;1481516261;2
20224;17783;1481547190;12
20103;3155;1481529469;8
2010;20085;1481517176;6
11069;8121;1481513592;10
9852;7978;1481529301;18
4739;14510;1481523990;8
24255;19951;1481550533;14
6174;4921;1481546682;2
1194;6697;1481549007;4
5490;2024;1481511220;2
6876;4915;1481538930;6
7696;14983;1481520131;6
23087;7967;1481546385;12
4906;5516;1481530200;14
13261;31;1481546222;10
10122;2795;1481545263;18
10981;22461;1481533553;10
1442;27173;1481537164;16
7042;14555;1481549732;16
1441;8030;1481514243;16
21004;21747;1481549221;14
6521;17263;1481539571;6
6185;7016;1481537728;12
8982;19211;1481531034;2
13197;1046;1481528341;2
26305;9949;1481513575;14
13180;1456;1481521480;12
6805;3605;1481513144;2
1490;9561;1481539705;10
21379;12577;1481537510;8
13679;2033;1481539166;6
11804;1035;1481546299;4
1366;4833;1481549798;8
1739;22928;1481523086;10
11703;20930;1481512114;16
9433;22147;1481527870;16
12134;8922;1481538787;8
18533;11685;1481519888;16
8648;6396;1481511947;10
173;19497;1481521703;16
8046;7032;1481525577;4
8233;11702;1481533792;10
2377;9063;1481541345;14
17789;4641;1481548963;6
27454;9522;1481522584;4
19795;8514;1481546106;4
9358;19490;1481533781;12
20369;10258;1481512136;12
6595;18177;1481510771;10
8975;8106;1481527441;10
16017;10768;1481510200;16
8333;25399;1481535081;18
418;8357;1481513762;6
9573;12322;1481545777;4
135;15119;1481521191;4
20539;15999;1481520086;18
6289;19063;1481515497;18
13183;9055;1481521850;14
1187;326;1481520990;14
8751;14963;1481525237;18
5844;12869;1481550504;16
298;5434;1481526563;16
5920;20050;1481519749;12
5913;10317;1481548311;8
2768;8412;1481520827;6
14807;16117;1481511044;2
18461;18816;1481545365;16
6355;5437;1481516686;8
7884;4675;1481535953;14
6965;7477;1481543463;4
12037;14184;1481549464;14
9895;10003;1481543421;10
27469;1344;1481519142;18
4699;8123;1481543094;2
10837;8867;1481534120;14
13081;15474;1481521366;6
7009;7369;1481517133;4
4552;9174;1481516566;16
86;14857;1481545491;8
3942;25377;1481524972;16
3368;8560;1481538409;2
10045;6689;1481515458;10
8535;12094;1481543001;12
2733;6379;1481537024;16
6457;6396;1481522725;12
274;3410;1481526869;10
6893;1221;1481537572;2
2893;2424;1481531023;18
27382;10395;1481547493;14
4759;8298;1481540369;18
14650;1966;1481527225;10
2127;252;1481528714;2
4903;1117;1481530920;8
10046;11860;1481518564;16
1501;152;1481514000;16
23084;7643;1481540732;2
24939;24585;1481511528;6
267;8552;1481519264;8
11771;20684;1481523298;2
10984;9676;1481520930;8
25707;17386;1481537426;8
27128;12055;1481548509;2
8051;7362;1481535269;2
8506;11019;1481535853;6
2151;891;1481544285;6
25328;6615;1481528688;6
7427;14288;1481550922;14
4251;8960;1481528238;14
2037;7559;1481517706;6
12396;16836;1481540506;12
10522;12428;1481536152;8
6597;12699;1481513116;16
8360;21803;1481512774;14
20572;1674;1481527146;10
1719;7483;1481514543;14
16635;15461;1481512645;16
11748;11361;1481520188;16
18179;1878;1481512399;14
6391;26302;1481522916;18
6417;10497;1481517339;10
14253;7809;1481510282;10
8440;14243;1481543046;12
14560;26219;1481544761;16
4675;8339;1481533804;6
231;5421;1481547379;4
11700;14916;1481521484;18
8483;14980;1481527383;16
6725;1733;1481511224;14
10556;14427;1481535764;4
3284;3778;1481520380;14
17467;14139;1481513737;10
1735;6592;1481532243;18
6997;19535;1481517615;16
17393;20409;1481519757;14
1903;26103;1481530317;14
9885;19825;1481538426;14
5770;15368;1481541583;16
14196;7638;1481519292;8
1933;4704;1481523669;4
4187;19594;1481510523;4
26999;8921;1481519400;12
17526;9010;1481524172;2
2397;17026;1481521319;16
10676;22472;1481514378;18
1252;25365;1481530754;16
22574;7769;1481516860;12
10226;4565;1481510281;12
17501;11749;1481538955;16
7596;10325;1481522006;18
13820;3976;1481519211;12
4659;6792;1481548811;12
20927;15097;1481549919;14
10185;6802;1481518070;14
22472;26310;1481549056;6
10288;7262;1481535795;16
16293;24431;1481510407;18
22504;17413;1481534155;14
3570;6209;1481533087;12
3931;10005;1481546202;4
4013;12867;1481539211;8
7035;17789;1481538954;6
17794;15467;1481542624;16
13188;8922;1481522340;18
17782;14885;1481541254;4
18114;2174;1481542266;6
18077;8879;1481513810;4
25083;10328;1481529046;6
8174;17394;1481512236;10
1331;6384;1481533875;4
4529;18934;1481548106;12
17455;3575;1481541457;2
2948;22959;1481541701;10
175;25076;1481534607;18
4877;6620;1481540328;10
20358;6187;1481519862;14
7463;3399;1481535353;18
22430;110;1481511600;8
2153;1424;1481515085;12
19581;6873;1481532067;18
14122;1975;1481511144;12
6547;8485;1481544486;10
3449;6943;1481517058;8
3591;27448;1481543189;8
2783;8781;1481526803;12
7354;26318;1481540033;14
13853;8928;1481543686;10
23892;27474;1481534747;4
10982;7402;1481511316;14
2818;7586;1481535201;18
16909;10674;1481514446;4
6600;8993;1481549018;6
20070;3737;1481512434;4
21729;8975;1481510374;14
6818;27206;1481509815;14
5240;12614;1481544483;2
12021;10710;1481538725;10
5889;22510;1481535921;12
13454;9436;1481522770;16
17037;10551;1481543642;8
17705;11231;1481510006;18
8877;1599;1481540858;18
1643;8745;1481548893;6
19598;9431;1481532450;8
17019;26205;1481528464;8
6301;23022;1481537601;10
15081;4955;1481548422;14
24283;24671;1481518089;4
10696;6243;1481545641;16
10073;19310;1481511973;6
1497;3985;1481526104;16
13775;1578;1481522850;2
10348;10091;1481538648;14
4503;2871;1481550870;12
5700;7501;1481510908;8
20085;1619;1481540106;4
17467;22293;1481511195;6
7455;6606;1481541393;2
20769;1721;1481526544;8
12787;4766;1481524825;6
19560;19983;1481517189;10
16122;24996;1481539640;4
6453;9602;1481532564;6
1582;20607;1481528335;6
17442;13085;1481516122;10
10508;15517;1481539444;6
1555;18180;1481546886;8
15737;20756;1481511332;12
8684;9025;1481526782;18
22794;2737;1481517633;16
12355;11026;1481511228;14
24726;9536;1481530228;16
6604;13984;1481548614;16
4226;20691;1481533946;16
27536;22306;1481523371;8
4745;16136;1481510304;10
19092;1715;1481532657;4
6480;4922;1481536741;8
22542;5706;1481511577;18
14494;9198;1481541164;12
5413;8238;1481547785;2
289;17269;1481526516;10
3936;23040;1481521760;6
13928;1383;1481538132;2
9686;15499;1481529633;6
9324;5408;1481509835;8
20455;16885;1481526574;18
19252;2290;1481520532;16
2816;10728;1481543932;14
11056;13214;1481543396;12
8163;20519;1481510495;12
9672;15370;1481534382;4
1723;7541;1481521002;6
4181;7545;1481525210;10
22579;19213;1481510301;12
27390;8410;1481529669;14
10014;18092;1481526687;18
18846;22958;1481527942;2
8240;7675;1481512079;10
10834;135;1481550953;6
14822;10210;1481509874;2
6809;20064;1481549808;14
10750;4158;1481517062;6
12027;15459;1481526609;14
8279;7079;1481528460;4
20535;19781;1481520218;10
18512;26260;1481515113;14
24128;20123;1481510415;6
1674;1459;1481512625;6
8427;13002;1481529296;14
8513;5334;1481526046;4
17244;20524;1481512724;10
20325;20337;1481547671;6
271;8768;1481528569;14
11747;239;1481533806;12
6870;16801;1481515792;14
1040;20591;1481516114;4
23743;3692;1481543518;12
25021;10014;1481533655;6
2726;10357;1481550665;18
12770;6134;1481517716;12
5948;2346;1481533614;14
7414;14928;1481541923;12
6931;978;1481513130;4
12187;7965;1481545492;2
19832;1140;1481547104;18
10425;3556;1481522148;16
14192;20006;1481538664;8
2877;10030;1481545772;16
9113;14892;1481534661;8
9456;124;1481532573;2
4524;10880;1481524388;6
5869;12121;1481512905;14
17163;16852;1481530729;14
10095;12145;1481545623;16
7872;5695;1481537438;14
6964;26218;1481509796;16
4814;21316;1481538411;14
19065;4608;1481549387;2
15098;3589;1481539503;14
1231;1570;1481539541;12
6993;9423;1481513097;8
3026;27458;1481542056;4
6989;16016;1481529590;12
9753;10908;1481529110;12
10356;8584;1481530057;18
19233;2278;1481541620;18
12576;27475;1481546618;6
91;5822;1481514012;12
3554;10102;1481542407;18
11201;25071;1481527353;14
20014;10518;1481512185;16
27171;9878;1481515851;16
6118;27133;1481525568;16
7328;25068;1481540715;8
8564;23752;1481544791;2
291;11910;1481518905;14
43;921;1481536008;10
7713;20357;1481540839;2
8251;20443;1481550867;18
24369;1772;1481524115;10
6300;6202;1481546857;2
8839;20927;1481519860;10
13876;25324;1481517520;4
14568;15467;1481548765;18
5521;11055;1481530119;16
16910;14627;1481519491;8
20920;25489;1481546113;4
9776;4358;1481527886;6
1386;4302;1481525958;18
9635;10520;1481534784;10
19088;7519;1481526253;18
27330;6660;1481520242;12
134;6521;1481514431;10
11170;10511;1481516780;2
13297;24750;1481510137;6
359;9167;1481543320;6
17792;27315;1481526219;10
10405;21407;1481549048;14
9393;7834;1481543634;12
1792;291;1481520435;8
15731;17254;1481518724;2
19949;8946;1481535164;14
9888;7464;1481514006;4
23329;1339;1481516591;2
8634;6691;1481535575;10
7815;6221;1481525983;8
7972;27414;1481510193;10
8943;2159;1481511144;8
11897;16298;1481538807;6
6772;4258;1481532274;10
20588;6996;1481539932;14
10461;14884;1481540610;16
22312;2986;1481529377;16
23087;11857;1481523667;14
20225;9413;1481517600;8
7290;12709;1481514036;12
1703;3931;1481541449;16
3771;5048;1481539407;18
24374;8168;1481530458;4
18117;9647;1481539140;2
8364;6212;1481541019;14
14219;6580;1481521160;16
4234;5913;1481545519;6
6857;18813;1481538818;2
23365;14546;1481517472;4
23353;9429;1481510214;10
26203;6265;1481548210;12
10575;4239;1481540983;10
16303;27208;1481515382;12
5088;1190;1481522891;4
1388;16927;1481541305;18
3903;989;1481538314;18
27002;18178;1481534406;12
1177;8658;1481532955;16
12771;8825;1481542172;2
26144;22934;1481543181;12
18070;1776;1481530086;10
6888;6584;1481545865;6
3009;27128;1481542085;4
9101;1876;1481549927;14
99;19578;1481531936;2
11897;7415;1481522376;16
8527;13806;1481547348;12
6893;8637;1481510426;14
1770;20367;1481510044;14
1460;20528;1481510338;12
4277;6187;1481531617;6
16195;312;1481539585;14
7355;225;1481541061;2
27188;14981;1481515503;4
20289;10673;1481536095;18
7283;9470;1481537286;14
25374;11110;1481524701;4
19861;19374;1481528802;10
12233;8558;1481546905;18
4746;5685;1481535219;6
33;3544;1481540019;8
8195;20969;1481533427;2
21370;14191;1481535411;4
21412;11794;1481551004;18
6947;15074;1481535361;8
27165;6401;1481538022;6
9541;7626;1481544271;6
18871;11576;1481524801;16
14132;100;1481523115;4
21223;10666;1481549609;8
3410;12188;1481530851;10
1257;14075;1481520177;12
6306;27283;1481544566;12
27375;19077;1481529270;8
12101;14241;1481518455;6
9807;9393;1481512187;2
10254;8600;1481551115;6
11267;6014;1481524354;6
1858;15071;1481527175;8
3591;5871;1481510534;12
686;14274;1481549121;14
4685;9498;1481548851;12
7913;20025;1481522203;16
16649;11032;1481545783;12
7617;1397;1481511674;10
18340;18165;1481516205;12
8466;8175;1481545315;6
11015;192;1481530219;16
5825;3254;1481509716;18
21404;20050;1481530668;18
20147;20022;1481516637;8
8302;1399;1481528362;12
5741;23495;1481542326;10
13004;12601;1481549341;12
13219;11066;1481525147;18
8589;20094;1481535837;12
9165;53;1481547718;6
7889;12118;1481536273;2
4291;25140;1481539476;18
190;6792;1481531134;18
4550;9510;1481538702;12
26082;8492;1481516849;14
5629;6764;1481541652;4
19992;23861;1481526137;8
25432;14495;1481513660;2
10911;22317;1481528184;12
1059;12233;1481515458;18
6791;10119;1481539125;12
14949;6662;1481521139;16
1180;9792;1481545759;4
12619;5609;1481529855;18
18823;27136;1481549908;12
3904;1170;1481517629;4
22527;8946;1481529990;4
358;27475;1481517151;8
23086;14665;1481525394;10
9869;12951;1481540830;6
6117;16128;1481542536;10
22268;5332;1481525213;4
23640;24706;1481511129;6
3962;2117;1481550779;2
5398;21443;1481543636;2
1736;10314;1481541886;16
11778;297;1481536483;12
3252;4673;1481511637;10
24470;5760;1481520798;8
14780;17923;1481530172;16
10603;1712;1481529988;8
15514;3911;1481519688;12
19958;6503;1481540830;6
1265;23350;1481532229;14
20088;1931;1481542748;8
14142;9432;1481514123;4
36;9345;1481513846;4
13296;984;1481527097;18
27435;5735;1481531443;4
8960;20982;1481533667;8
9163;16127;1481525122;16
23318;4023;1481534370;16
390;5278;1481530307;6
12241;4891;1481548882;2
18156;10258;1481513119;4
14820;17526;1481510500;2
4215;2982;1481537695;4
10279;22871;1481515069;18
7081;23522;1481529787;16
395;19421;1481520412;4
25511;1146;1481543591;2
10655;24710;1481524884;6
11024;21746;1481522531;18
14779;22463;1481523975;16
5970;8865;1481531702;4
10623;9902;1481551034;12
7620;25178;1481518955;6
5861;27337;1481531042;8
5372;7849;1481530666;6
8890;560;1481515083;18
7636;5377;1481549240;12
23021;1053;1481545575;12
23336;9010;1481520718;12
9896;17532;1481542787;10
18314;7505;1481533272;18
6469;10636;1481549547;14
2323;168;1481520475;14
3006;3448;1481541575;10
5262;6004;1481528784;8
27178;21224;1481520268;4
6995;7053;1481528897;16
19554;5899;1481510851;10
14909;3983;1481535214;16
8955;1837;1481518864;14
10208;14117;1481550483;6
27455;1333;1481519661;10
12425;8296;1481548665;12
4915;1339;1481530905;2
21384;3953;1481538645;14
12370;5749;1481527359;14
2800;23867;1481514373;14
30;2869;1481550337;12
24253;5431;1481549359;10
15033;339;1481543745;16
10566;6579;1481516585;14
3030;20041;1481539054;12
22550;19038;1481533148;8
9437;6721;1481548823;6
6560;1902;1481526509;8
23336;8758;1481536719;16
8757;15250;1481510705;10
19799;1221;1481543507;12
20972;5828;1481523829;14
17308;7446;1481525968;12
12058;21378;1481529902;16
6412;7160;1481509506;14
18346;10356;1481512758;6
17172;9520;1481512418;14
2986;6894;1481523386;16
18814;14194;1481530180;14
26392;27026;1481534069;10
5783;5330;1481530101;14
27435;2981;1481514398;16
268;7347;1481523043;6
1306;1084;1481540071;14
6222;15295;1481545908;18
15478;1776;1481539397;18
1900;7246;1481519422;10
22574;18835;1481534032;16
12758;20088;1481544607;14
4795;10551;1481550298;12
20126;17477;1481535447;12
27089;9057;1481520528;16
1953;3324;1481526162;18
19308;9301;1481535622;6
8181;6720;1481537976;12
1531;4223;1481547786;14
11696;10506;1481549682;18
15077;1811;1481529580;12
1772;20900;1481537938;6
5993;10388;1481520370;2
7543;9486;1481544270;18
16202;7785;1481516055;10
4037;10064;1481543585;8
25073;16034;1481516114;14
12230;10386;1481529496;18
1035;18887;1481541352;14
20075;9742;1481528678;18
8928;20878;1481545361;14
3003;8691;1481536005;2
4273;5420;1481522455;4
2784;12098;1481520163;14
8117;10838;1481523432;4
925;9248;1481511442;18
13297;22497;1481534475;18
15374;1721;1481524027;10
27048;7362;1481526633;6
2755;10986;1481545234;6
14581;13124;1481526009;8
8140;11683;1481518830;14
12785;19585;1481548203;12
10371;19993;1481519605;4
23010;16302;1481532455;10
23004;6656;1481521440;8
7873;20970;1481517597;2
7254;7873;1481542821;8
12164;3594;1481536718;4
981;949;1481535144;8
23815;14623;1481522605;12
3006;9665;1481535446;10
11898;14705;1481549424;8
1675;11032;1481542702;12
371;991;1481546768;18
20868;1105;1481545047;4
1934;5997;1481510927;12
4217;15129;1481545334;14
22460;6128;1481524593;14
7563;374;1481538347;10
9133;433;1481539528;12
2997;6477;1481527447;8
3619;24724;1481543635;6
4040;13209;1481535792;2
21383;11231;1481513258;10
1453;9886;1481531773;14
9961;12161;1481527462;12
141;18903;1481528098;16
1967;12160;1481536835;2
1716;6128;1481535955;14
1224;233;1481516610;14
17174;19310;1481510140;16
21504;7686;1481541512;14
17233;10230;1481524176;8
1909;7880;1481546564;14
27431;280;1481539141;18
6929;20587;1481520211;16
20288;23262;1481533415;12
25283;6699;1481516084;18
1311;3294;1481522934;16
17873;7887;1481510763;2
135;8307;1481526676;2
13911;19304;1481547319;6
25535;5039;1481523088;10
15980;7697;1481509798;14
2826;19992;1481542271;2
27419;25036;1481532160;10
9838;5476;1481534630;16
9369;7590;1481536521;4
17891;20517;1481543204;2
9011;1628;1481535741;12
7569;20786;1481543746;10
9561;6823;1481516634;2
7100;10533;1481544202;6
10714;5359;1481524507;10
1227;23516;1481548364;14
13880;1910;1481523619;10
9884;17886;1481545963;12
7550;8999;1481511139;12
247;4296;1481546933;18
27545;22794;1481522545;16
317;21371;1481530202;14
24970;3554;1481515480;6
5506;5877;1481549207;14
15379;6597;1481527239;16
25365;21727;1481519047;2
15997;19758;1481550393;12
139;5632;1481543953;18
20354;1929;1481524546;12
20866;6027;1481532798;10
10495;14207;1481512995;14
6453;2369;1481537531;4
14949;4249;1481533237;10
2128;9803;1481543599;14
25045;10609;1481550038;2
10561;3915;1481515187;14
26029;424;1481530297;6
22627;165;1481539427;2
6736;2282;1481512052;10
22252;11059;1481541098;14
23662;17442;1481541146;4
13080;8352;1481515788;4
20328;21314;1481516784;2
12182;6736;1481544551;14
7897;3684;1481550723;8
27326;25339;1481531906;18
21089;1655;1481516395;16
27157;3589;1481515376;4
7444;15755;1481543881;2
23167;7049;1481542615;2
3403;6764;1481544725;2
10847;11743;1481514693;4
12417;5411;1481549366;2
8471;14858;1481550897;18
2351;3378;1481526380;12
12139;21401;1481540130;14
21218;7040;1481509695;10
1605;5727;1481521576;4
6300;9294;1481539744;8
10680;18338;1481540593;10
5474;22301;1481537664;2
7183;4813;1481529667;4
8993;1018;1481523288;16
12562;3777;1481536301;18
6156;6521;1481526511;8
18155;11592;1481514807;8
3973;14996;1481535433;12
10179;10795;1481531585;8
10551;11915;1481513815;16
25034;8015;1481522267;8
6303;1899;1481539247;16
23807;2805;1481549267;12
5047;27394;1481523202;14
14982;6489;1481526200;6
9794;23113;1481538838;2
1519;6995;1481548717;8
17282;18048;1481526693;2
8579;19091;1481535485;6
26482;5389;1481525080;10
6781;24164;1481544420;8
10174;11822;1481514767;8
13202;17850;1481532633;4
240;7033;1481538416;6
22468;17364;1481525178;12
285;4315;1481531192;6
5709;23099;1481542091;12
6909;3397;1481542003;14
18809;10681;1481544598;12
1638;5956;1481530991;12
8803;20695;1481519554;12
7433;26500;1481517719;2
6576;13854;1481534845;2
12294;10528;1481534585;12
20365;1121;1481512537;10
20689;1812;1481541115;16
10426;9112;1481513499;4
20787;16802;1481517110;12
20491;21807;1481550230;2
19763;5782;1481514237;4
24932;7633;1481526285;18
12061;18107;1481520892;16
8682;8120;1481533992;18
9369;11215;1481518087;8
26111;6011;1481550462;16
5846;21078;1481549561;10
22500;7910;1481516379;8
4974;12141;1481543992;16
11630;11250;1481544859;10
1933;2729;1481534777;14
389;20082;1481550321;8
5248;1980;1481542978;2
24565;23518;1481547458;18
12781;1861;1481521084;4
11220;1645;1481525728;8
5410;8782;1481525851;4
5997;25426;1481513647;18
1878;12226;1481515120;8
1215;315;1481514502;12
7803;77;1481523128;2
5693;19505;1481515149;10
3448;11067;1481536320;18
9979;14808;1481526279;6
6886;3978;1481532130;8
11799;7395;1481545811;14
8425;22938;1481520844;4
15486;5876;1481539508;6
18158;4813;1481527781;4
15433;17505;1481544876;10
9100;27382;1481540273;12
4927;1563;1481520592;2
1286;1135;1481527539;6
4318;27209;1481529073;16
23162;180;1481536500;12
19900;11104;1481513760;14
26147;6877;1481511008;2
10159;17004;1481537455;2
13081;5091;1481514293;8
22259;23450;1481521858;18
22578;2747;1481532374;2
6431;19865;1481517796;16
2034;23452;1481541967;14
17601;24726;1481529963;14
8401;6383;1481521949;2
4871;333;1481515774;18
6107;8124;1481523526;14
8815;3973;1481527167;10
11051;3639;1481519297;12
330;3698;1481550664;8
10512;20405;1481537638;16
17508;6497;1481536304;4
353;6550;1481535093;16
15021;13220;1481521289;12
24753;20971;1481537021;4
21402;7692;1481517885;10
12920;290;1481518254;8
10891;3543;1481540106;2
3288;4814;1481528870;14
20713;8703;1481513433;12
19753;21226;1481513027;12
8544;1056;1481512962;12
14163;2777;1481543451;16
10923;11099;1481519014;18
17507;10235;1481514338;8
8912;1767;1481539602;6
19;20357;1481550582;18
23178;19064;1481542253;10
16307;5850;1481549275;14
3905;21309;1481546574;10
312;14170;1481540495;6
9494;19546;1481518296;14
27426;14237;1481511583;12
7550;16789;1481528584;6
27391;10314;1481537965;2
1653;1292;1481540551;10
4723;4918;1481524917;2
21004;9246;1481515876;10
1428;9740;1481519782;4
10075;25508;1481540840;18
15998;20427;1481549622;6
9435;7868;1481516239;14
4809;3499;1481510904;16
4853;1393;1481537824;18
5765;14703;1481531248;4
17547;1316;1481537396;16
2145;8110;1481518251;4
1077;1180;1481540091;10
13822;1212;1481518737;8
5853;8389;1481539105;2
23548;7418;1481542516;10
23191;15026;1481521292;16
12747;16137;1481526880;16
10697;17792;1481545628;12
23625;14950;1481531167;4
1067;27204;1481511888;10
16192;17031;1481526595;4
1206;8986;1481541828;18
8147;18867;1481511853;8
6462;6553;1481522199;14
14510;11236;1481526283;8
7614;11697;1481511622;12
12068;994;1481543396;2
18466;4041;1481512917;12
3903;5979;1481529746;14
13939;14695;1481525290;14
3256;1962;1481534469;2
27442;8033;1481550650;10
7001;9950;1481518788;6
25;22924;1481542577;2
27325;6648;1481534563;6
2287;20400;1481514043;6
6966;1011;1481545241;4
92;4244;1481519505;8
9508;4918;1481537462;14
1924;15997;1481545673;4
19217;22647;1481522150;4
20887;14614;1481535343;8
19753;6717;1481544628;6
20787;21838;1481535729;12
26156;11501;1481523086;16
4960;16531;1481519420;16
18861;5882;1481511831;12
8285;7830;1481541930;10
24671;9434;1481545628;10
23055;104;1481539997;16
19043;11615;1481548439;6
23886;11943;1481532772;6
11131;8050;1481516029;18
7818;10888;1481543046;16
5873;10528;1481547950;10
19170;21303;1481548614;18
17875;8443;1481521609;18
15307;17440;1481542964;14
13343;15962;1481527062;10
17241;7947;1481517183;2
2321;4322;1481530585;18
10849;22928;1481527573;14
3997;18173;1481533033;2
4223;4706;1481532547;16
6195;7646;1481537775;10
9498;7463;1481517371;8
12642;6032;1481522545;8
20989;9638;1481515096;16
16902;2942;1481539326;16
8884;10602;1481523694;18
19952;1590;1481550189;12
9959;12745;1481522583;16
7461;8414;1481517666;2
1432;10274;1481542544;2
9674;4303;1481545407;4
11259;17284;1481527281;14
16810;3081;1481524584;10
18472;13785;1481528010;10
8644;10928;1481525449;4
7505;10984;1481544278;6
230;8093;1481529976;12
27418;7371;1481511541;6
11621;7517;1481532102;6
1624;24259;1481540283;14
11748;27124;1481518150;4
3395;24182;1481530899;16
5650;2394;1481544257;2
16128;5515;1481548871;10
18822;23971;1481536370;14
13241;3993;1481522052;14
5712;12137;1481518787;18
20962;10562;1481518975;10
6362;13188;1481545030;4
25393;6709;1481516654;12
16022;174;1481548584;16
18897;22992;1481541296;14
9660;17790;1481530798;14
3769;17580;1481518209;18
9475;13803;1481530664;12
3701;7395;1481547423;14
8761;15346;1481546829;10
16351;7081;1481513033;8
6386;19225;1481520846;14
11408;4356;1481522331;6
14801;14403;1481525319;6
20950;11791;1481541420;4
14207;10243;1481515964;18
6387;13796;1481545001;4
13758;4348;1481545803;12
19887;5828;1481515761;14
23041;4210;1481517323;8
5029;11848;1481535985;16
17440;7976;1481514968;6
16837;3370;1481549198;18
18436;21404;1481542026;14
13863;3488;1481523080;4
947;12788;1481549885;6
1146;3023;1481523629;6
3535;10825;1481526582;18
27292;17503;1481527717;6
16307;1642;1481550677;8
17785;1263;1481537250;8
1324;8143;1481539705;2
22938;10462;1481516183;2
24471;3421;1481513647;12
9837;23102;1481537466;6
4504;11954;1481529582;16
5284;1678;1481533733;2
2768;3546;1481530669;6
21487;8570;1481548486;16
1765;3625;1481520856;12
4243;2016;1481545997;6
18185;27022;1481512568;10
14436;7107;1481530934;12
987;18890;1481538461;10
1416;11482;1481525962;16
14572;16909;1481516619;10
6607;21279;1481535795;16
2963;19276;1481529184;10
15106;6860;1481537100;2
24529;20372;1481533571;10
1728;12721;1481541862;12
7776;14874;1481525268;12
8938;15011;1481530130;6
5510;11897;1481517721;12
2621;15978;1481518698;14
22182;5410;1481514670;16
14555;8762;1481533319;4
23894;4875;1481521730;10
1460;23754;1481518697;14
25195;6673;1481509802;18
26031;3742;1481549405;2
22467;9648;1481546626;4
23762;1442;1481536743;10
14511;10106;1481515083;2
3561;340;1481532581;4
27174;917;1481531060;10
10637;4525;1481543673;6
1183;12062;1481525283;10
25061;1089;1481530843;2
27417;3260;1481546524;12
3596;16858;1481538845;12
17583;11234;1481513899;6
3161;1258;1481530465;16
13909;24654;1481516046;8
5906;9894;1481509829;10
16308;10694;1481534658;4
9837;17403;1481530959;2
6474;10922;1481531558;12
6256;5643;1481528696;16
16036;11249;1481511539;16
6307;2960;1481510915;16
24253;6775;1481531247;16
9312;11405;1481536645;18
27335;12398;1481513046;10
17312;9443;1481523564;12
1020;15032;1481517861;12
21294;19533;1481550129;2
6978;1704;1481515602;18
14800;23805;1481541603;8
7841;5506;1481519898;10
9847;21387;1481511277;2
14219;14821;1481544629;6
12243;27343;1481515007;4
2881;4019;1481519341;10
8001;6441;1481540599;18
24700;4105;1481548116;4
5122;1886;1481547359;6
2146;12132;1481519030;8
12133;12712;1481548173;16
3154;16304;1481524925;18
15227;14117;1481513111;14
23532;16847;1481511043;4
20401;15520;1481527911;10
18512;6214;1481542613;4
21317;7877;1481517254;18
19760;27414;1481511872;14
6338;4606;1481531882;6
6793;166;1481542125;14
14565;3743;1481538852;16
6472;2282;1481534485;18
355;1365;1481518173;18
3077;11374;1481510581;12
3393;6780;1481526107;12
14153;5006;1481521481;14
16180;6135;1481549801;18
4760;17250;1481526360;14
34;22317;1481527876;18
8111;6577;1481519348;16
16098;7843;1481526343;4
5476;1080;1481536729;4
27133;12070;1481522854;6
11757;7053;1481510504;6
23034;7418;1481530445;14
4625;13198;1481547430;14
17252;15354;1481538420;6
23696;6132;1481509819;18
20599;4208;1481523113;18
4227;2319;1481532395;10
26101;6113;1481549075;14
8364;4594;1481525553;18
9436;27379;1481549884;12
11768;6188;1481535394;16
1532;4699;1481547689;4
16200;26479;1481522781;6
1180;27398;1481528284;4
2150;25405;1481510983;6
9063;14488;1481519803;12
7276;7675;1481517162;4
15409;3989;1481533708;16
235;7361;1481550226;8
17845;3974;1481546033;14
11858;11387;1481542119;16
17511;19506;1481539850;10
11148;17771;1481521415;14
6260;5079;1481542755;18
13782;1146;1481541122;18
7155;1796;1481533882;18
9675;1715;1481544447;6
6107;20689;1481527275;6
6320;11068;1481530453;18
15076;6535;1481527585;12
24471;8107;1481515136;4
10605;13181;1481517817;12
4347;6178;1481528534;2
17021;22452;1481510077;6
3925;15479;1481518773;4
13203;3154;1481519842;2
6113;20291;1481537757;6
21454;12134;1481550285;14
1451;2398;1481540109;16
11798;8870;1481523815;14
2796;1451;1481545782;16
22921;25048;1481514489;16
2834;9874;1481538441;6
14004;5400;1481535007;16
20674;4224;1481511932;16
395;19220;1481526272;2
9149;20691;1481518746;2
26100;1207;1481527669;16
8802;4524;1481525806;2
22276;4215;1481524728;4
7680;8281;1481541835;4
5435;4023;1481549095;12
1219;25517;1481513172;14
19066;25324;1481536394;10
3942;8683;1481522470;18
12315;2126;1481510850;2
8935;17279;1481513718;6
7940;17583;1481548477;10
5113;18910;1481527481;12
27337;9676;1481535429;8
9359;14587;1481548048;6
6189;2290;1481520927;8
7312;20025;1481534944;6
3979;19759;1481548069;4
17243;3499;1481525626;16
17198;3029;1481522108;14
6008;24143;1481529920;14
10292;1814;1481550225;6
3984;6114;1481510697;4
2406;11719;1481528590;2
3604;17295;1481542391;4
16861;12795;1481538472;14
8816;6128;1481546606;6
9255;14707;1481542530;10
20406;1019;1481510939;6
19960;26395;1481546124;8
17046;6244;1481548866;10
19739;22614;1481517725;16
8950;11378;1481514553;18
10249;8091;1481514174;6
15754;10094;1481512706;10
21799;14561;1481539115;14
33;3750;1481528262;6
4761;2351;1481550571;12
17290;8876;1481520223;18
12182;8406;1481543276;6
599;6609;1481537977;6
12072;10675;1481523566;8
7622;1905;1481535163;4
9471;6226;1481514312;16
10109;14956;1481522948;10
1743;9810;1481534533;10
2015;25325;1481547733;18
1207;1852;1481531422;18
8341;4263;1481548910;18
13782;9471;1481529035;12
3985;6315;1481545889;12
6014;27125;1481528519;8
9900;7339;1481512719;18
8129;13779;1481542362;2
6290;1418;1481539236;2
27156;12767;1481544896;6
18900;20756;1481539621;14
3921;20099;1481527608;12
437;3264;1481517075;10
16314;15371;1481512717;4
987;1672;1481544338;18
21307;4282;1481526085;6
14880;9665;1481541594;8
6731;1088;1481526802;16
20399;20936;1481542154;2
10373;23364;1481520607;18
3639;8490;1481517784;6
1211;14623;1481535046;16
1269;4698;1481538978;18
10594;7262;1481531277;12
5010;22297;1481519568;14
8740;8277;1481531749;14
8516;254;1481540033;2
5770;25344;1481539967;10
15765;125;1481524899;8
27510;3888;1481524470;18
17292;22586;1481517763;16
1569;2336;1481538111;6
14121;6152;1481525902;16
7088;311;1481530724;8
5598;6671;1481542967;16
152;267;1481531864;10
6579;3030;1481526410;4
6571;9178;1481542285;10
23695;6654;1481527508;6
69;3727;1481545925;6
23515;24743;1481549709;16
24521;6628;1481550257;18
5957;12150;1481532485;8
11113;23450;1481512333;10
9987;14428;1481519734;10
3776;8414;1481544462;18
3615;11744;1481550957;14
1669;15162;1481511352;18
27028;24277;1481516387;8
10238;1866;1481535736;6
22143;18097;1481536353;2
20145;10005;1481523673;8
4963;9995;1481515288;14
8370;19869;1481539091;16
7774;976;1481548735;10
7965;6351;1481509622;14
11626;22469;1481532285;14
10033;11213;1481531790;6
22531;5117;1481535900;16
9521;7365;1481515404;14
5372;24354;1481520789;16
15019;20588;1481532512;4
11810;27425;1481509527;2
22473;25076;1481520506;6
24529;1547;1481528943;4
11826;15107;1481510641;16
14115;11593;1481539857;16
1402;9656;1481520746;8
5611;9769;1481533073;12
26156;414;1481517520;8
7157;11100;1481543406;6
9973;17788;1481522229;8
8146;23023;1481517685;10
17330;22958;1481510384;6
23787;4545;1481513858;14
25164;20369;1481541964;12
27164;6666;1481544086;2
1309;18399;1481543042;6
20473;8350;1481541789;18
9545;8325;1481520969;16
13113;18182;1481512292;18
3712;8592;1481540161;8
24132;1279;1481526149;18
25706;4701;1481534349;16
13075;11013;1481523508;16
1104;7109;1481517804;2
8897;25492;1481534073;18
5732;903;1481534705;2
2375;2463;1481533359;2
921;13763;1481550878;18
19549;20544;1481550062;18
2115;6368;1481524337;2
20115;24457;1481523474;2
1878;10316;1481525618;4
10117;10113;1481536181;4
3031;25326;1481537877;6
15987;18198;1481540365;14
27429;27165;1481524134;14
27052;8683;1481537872;8
25520;16816;1481544693;2
9968;25533;1481547701;18
1405;6790;1481511139;6
11683;19868;1481522779;2
5516;8586;1481528282;4
14129;10814;1481533714;12
23887;6266;1481520326;10
22993;5047;1481532218;12
6305;5352;1481525975;12
4040;15995;1481523564;6
23333;1007;1481522796;14
9241;19813;1481517038;8
2364;26072;1481522661;4
4824;4258;1481522694;10
47;8289;1481531337;12
18821;19301;1481549786;6
9938;17332;1481521355;10
6687;10694;1481550966;14
1379;8439;1481532905;4
11033;8305;1481545345;8
12043;25087;1481529802;14
11054;1351;1481540116;18
24950;10105;1481522713;14
24178;4360;1481540552;6
2806;10845;1481534395;12
6578;15105;1481519535;8
25159;25320;1481540766;8
10653;6147;1481538211;14
982;25376;1481537972;12
4048;8701;1481516030;4
27136;6625;1481528223;2
5081;9498;1481542158;10
1218;14923;1481530504;18
9022;4848;1481522320;6
22303;1146;1481515983;6
1075;25041;1481530814;6
21318;6355;1481545975;8
10591;5953;1481537737;14
11238;16914;1481547196;8
5814;22479;1481515471;10
287;6373;1481537776;10
2143;11225;1481534554;14
5596;25495;1481549011;10
24508;19582;1481519799;14
27100;6456;1481523227;4
7444;17272;1481544076;18
2015;12576;1481547412;16
3686;17871;1481514310;2
3269;1729;1481520884;2
10673;8329;1481516320;14
19507;17880;1481540696;4
4037;6941;1481512382;10
2748;21399;1481514850;10
7965;7609;1481532627;12
1954;1842;1481550599;6
11621;19773;1481537254;8
4824;11809;1481540055;2
4695;6521;1481543655;12
10706;19801;1481532417;16
7603;13454;1481534639;2
1643;4866;1481534753;16
4192;1130;1481511699;4
5594;7560;1481534106;2
7623;18310;1481509995;14
8277;1626;1481543469;18
3541;1068;1481515624;10
14574;6698;1481515758;2
27407;23049;1481547594;16
4873;1641;1481521583;14
174;7417;1481511712;16
23110;1698;1481518267;6
9206;2609;1481542571;4
20372;1799;1481531576;14
3643;5261;1481514537;2
15433;12094;1481547685;8
24654;20063;1481526172;6
320;14434;1481520316;8
226;21403;1481548671;2
5592;1271;1481544584;18
4905;21214;1481540766;6
8569;21443;1481514860;6
8513;8340;1481511890;12
23624;1080;1481547191;6
20224;96;1481520522;18
24172;5677;1481535555;10
17532;19071;1481528054;10
18192;4579;1481534250;8
17143;10261;1481525440;12
4053;19454;1481542528;12
15980;5917;1481515834;14
25386;12410;1481524274;14
9015;6883;1481515051;2
6813;11949;1481518786;16
60;1025;1481526785;16
14901;21268;1481515178;2
27230;8304;1481545067;10
18416;21596;1481532280;10
2163;1144;1481516731;2
1566;6639;1481523785;6
20786;18175;1481537128;8
14003;11749;1481549568;14
1580;4568;1481531243;18
7536;10091;1481545658;6
6548;23177;1481519106;18
8678;6696;1481520876;6
12062;5952;1481531289;16
9809;19320;1481515718;4
242;20455;1481544870;12
16334;3777;1481532796;16
10827;8161;1481536131;14
4509;23038;1481538646;2
2610;1162;1481516427;2
6873;22495;1481533611;2
10689;15391;1481531871;8
27087;1797;1481527014;12
12951;2165;1481515914;6
1074;1898;1481530581;12
26110;8236;1481517398;2
23517;22159;1481538575;10
407;22452;1481527887;2
264;5744;1481517730;8
5724;6667;1481519683;16
4521;182;1481523412;8
8368;8382;1481532982;18
24256;1672;1481543294;2
12374;14562;1481513408;10
5634;8478;1481523647;2
20933;142;1481516467;10
27031;22653;1481516020;16
27034;20225;1481546587;12
4485;10237;1481545735;16
25113;17269;1481542355;14
5488;5972;1481535095;12
23862;15990;1481515387;18
1284;10421;1481531784;10
6551;17300;1481545681;4
6470;17121;1481510295;2
11216;2351;1481544185;16
889;6295;1481512758;14
25050;12234;1481524101;12
23262;3682;1481547791;14
6991;5774;1481516914;10
3918;17465;1481518391;10
15754;8974;1481522171;2
20790;9468;1481537289;18
12425;12627;1481543435;10
6188;6495;1481513398;10
16377;5913;1481516411;4
6022;5704;1481542769;14
7685;9967;1481521045;16
12816;428;1481543713;4
1152;14614;1481547341;18
20917;1041;1481544577;12
3649;12087;1481532385;16
20303;13810;1481512089;4
13011;1654;1481545318;14
6767;20130;1481533100;4
1418;17519;1481517884;18
1912;10307;1481532383;6
3027;8391;1481518881;16
9508;11404;1481517227;2
3598;14129;1481546469;12
9065;11404;1481535166;18
18332;296;1481550304;10
1337;19866;1481524333;12
1732;4976;1481513923;2
1984;18814;1481534836;4
891;4778;1481534122;6
9834;9982;1481528415;6
4186;164;1481511574;18
15036;25370;1481524157;18
10194;27032;1481536453;6
20687;42;1481535103;16
22502;6431;1481543420;16
2824;17575;1481525267;4
1975;20913;1481518164;8
24423;12098;1481550503;18
8385;7247;1481534312;16
15998;389;1481550812;12
11848;21288;1481539630;16
2402;15071;1481510927;10
15098;10239;1481550433;2
4022;3961;1481517739;4
4284;24752;1481535647;8
24933;11115;1481531734;16
277;12048;1481513621;6
20055;2981;1481545275;2
3250;14113;1481520304;18
7487;240;1481529782;16
15349;13128;1481549461;6
17504;13426;1481547342;6
17373;18048;1481536283;6
19941;10416;1481542958;16
2807;5;1481529459;10
4190;10582;1481525114;14
8552;14705;1481510283;14
5277;14549;1481545518;14
24981;8777;1481513625;2
3280;27298;1481531762;14
9010;12581;1481537979;10
11057;9628;1481538650;6
16007;17026;1481524164;2
14283;366;1481525782;12
6927;356;1481533302;18
15302;13785;1481514033;14
12758;20339;1481548898;18
15129;6898;1481529720;8
12370;12308;1481534466;10
23645;17049;1481537680;18
8475;4198;1481520110;2
36;7100;1481541762;12
1748;21232;1481549945;14
5807;8585;1481512919;4
9299;23036;1481534928;2
5440;5937;1481545114;16
5779;18810;1481515699;18
5707;3543;1481530244;2
3723;14639;1481528165;4
23696;1910;1481535648;8
7689;194;1481527581;2
23855;8236;1481540475;6
9520;1075;1481535105;6
312;2321;1481534468;4
8359;410;1481540302;16
11886;1990;1481510614;4
23002;17514;1481522092;8
387;4043;1481545552;8
14202;4755;1481546546;10
3460;1305;1481529388;12
9534;20920;1481545219;8
4779;16826;1481519435;4
12743;15116;1481545434;8
968;21234;1481548573;2
19988;6408;1481541213;2
8408;23165;1481516477;8
3740;7070;1481521731;2
14150;12048;1481541297;10
10004;9285;1481535189;12
13345;19914;1481544738;2
881;27543;1481543218;18
14117;5914;1481523927;8
3753;18472;1481543135;8
4657;4674;1481536639;6
24256;957;1481544961;10
9347;8164;1481544149;12
6989;8519;1481536296;12
3272;11206;1481531021;8
2765;1388;1481532777;12
6504;11087;1481532483;4
7276;10720;1481549574;6
1927;11757;1481511899;6
11065;22602;1481513542;18
8665;4205;1481515696;6
17308;18245;1481521929;12
1093;4902;1481528373;14
1056;3413;1481522869;4
27179;21234;1481542631;6
1682;4836;1481524508;8
7630;567;1481529126;12
71;2820;1481540622;16
27204;23737;1481544339;8
1068;11719;1481530316;14
960;15452;1481526193;2
3286;10357;1481510478;2
23056;5115;1481529103;6
1744;10161;1481515643;10
20455;27285;1481527958;14
21795;17209;1481534545;2
16884;434;1481532850;10
27041;991;1481523743;8
11485;12767;1481528455;18
1708;7598;1481534416;16
5046;7402;1481520177;6
9989;20606;1481516133;6
7460;4229;1481515722;8
12815;27133;1481519013;10
20425;1149;1481509810;8
6440;22442;1481530669;8
18047;16902;1481526880;14
24663;15014;1481525694;14
6941;20318;1481525440;14
22219;7311;1481531014;4
4943;6312;1481525806;4
23741;17535;1481523125;2
1292;9271;1481518277;4
2822;1535;1481515972;6
10187;7896;1481546894;8
4317;14895;1481531425;4
1546;4510;1481547037;8
15011;19080;1481547297;4
8547;4896;1481548614;12
24354;11745;1481547364;18
1185;12211;1481548236;10
3083;22921;1481512421;6
25071;18153;1481530651;4
14188;12403;1481539520;4
5029;5829;1481526803;2
2331;9855;1481547804;2
16189;22450;1481540117;14
15788;16200;1481551060;8
11809;2788;1481538496;8
2741;22928;1481545101;16
7795;10775;1481521730;10
1172;7860;1481516208;10
24413;8414;1481545278;4
2020;23486;1481537017;4
8531;5911;1481540666;16
8695;20911;1481516182;10
16188;9990;1481519350;18
14432;6782;1481516436;14
22502;15117;1481548864;2
1386;23893;1481533516;10
1713;8969;1481539420;18
240;14185;1481509906;2
2379;11126;1481545228;14
123;24132;1481521739;6
61;8442;1481545992;8
10354;11943;1481525121;4
1427;22501;1481547315;2
12283;881;1481540508;14
7187;9988;1481510637;4
25487;3383;1481510323;2
10293;12240;1481543435;6
24349;24926;1481533138;12
7097;1422;1481541738;14
6355;1130;1481514544;14
21085;25514;1481530115;12
27376;9166;1481522262;2
10575;229;1481509689;6
21209;25500;1481519237;8
8520;399;1481517081;2
9114;3006;1481548612;18
1335;12055;1481549178;16
12396;27423;1481524789;4
1264;5724;1481535017;16
16848;13211;1481510328;4
25528;22613;1481530346;14
10907;27023;1481546426;4
9364;3980;1481524014;16
26211;19211;1481523470;12
7264;17454;1481509502;16
21315;10427;1481544990;8
7004;8866;1481516185;18
10508;24180;1481536891;12
10506;1435;1481547792;2
4287;12880;1481525085;2
9675;5930;1481535264;16
3261;5110;1481516275;12
6305;6286;1481517287;16
6157;20789;1481527762;18
27312;18343;1481543726;18
3067;12040;1481538726;2
7326;20070;1481510593;8
12870;145;1481518664;14
9462;11172;1481510959;18
17274;18197;1481549158;4
12132;12094;1481538100;12
19;3119;1481519798;6
4267;3289;1481519914;18
26302;13862;1481533201;6
1146;14274;1481531933;2
8648;14152;1481538130;18
15371;27143;1481543417;2
10680;3610;1481512505;12
3412;16807;1481534981;10
10544;21097;1481519117;6
23522;18898;1481549764;12
18078;4745;1481533195;4
2273;15519;1481545018;8
3975;8282;1481548704;6
7640;11142;1481545495;18
19824;20117;1481550285;4
19908;13028;1481540499;14
14972;15164;1481511130;6
7762;8345;1481527635;14
24532;19958;1481545686;2
20923;21383;1481510390;16
5809;10929;1481515531;14
9513;4191;1481546577;2
1593;1194;1481550443;10
404;11854;1481550982;4
14577;25328;1481515595;6
5722;7313;1481518296;12
18323;1058;1481520251;18
6792;5952;1481547620;16
18423;10564;1481537623;4
11147;9988;1481537403;18
13930;2877;1481532194;2
7997;5000;1481539976;2
9956;20067;1481509994;16
4571;9149;1481514657;12
4863;10018;1481536069;10
8338;6544;1481537146;4
20681;6403;1481537708;12
5843;15012;1481521676;6
8389;11139;1481547608;4
12624;5487;1481519980;18
21718;3589;1481523802;2
4349;13855;1481535647;8
5937;15932;1481526557;16
10181;7781;1481510909;6
16837;8024;1481519635;12
27088;6349;1481546927;8
8983;6171;1481522888;10
13681;27197;1481520974;18
5867;19914;1481535984;12
21281;25401;1481518661;4
8297;10849;1481515530;6
18804;10224;1481525017;12
10775;6442;1481523193;2
1705;10928;1481530470;16
6259;1226;1481547360;2
10595;8015;1481535174;4
26165;1308;1481509959;6
6387;17800;1481546505;18
19554;26104;1481529374;12
20791;18466;1481521845;14
22649;9517;1481543359;8
8759;13177;1481539272;4
6336;22994;1481546343;12
8689;27277;1481510094;16
7351;20119;1481524845;14
14155;5768;1481524031;6
4836;18934;1481511350;14
23645;1792;1481548817;2
27318;1074;1481520667;10
5645;15021;1481524035;10
20937;5428;1481532012;16
6400;19200;1481539068;14
8882;11780;1481538063;12
1854;8918;1481544485;10
20545;10418;1481542618;14
18072;1194;1481542312;8
2336;997;1481537450;2
24431;7696;1481512572;6
27022;9678;1481527086;8
4522;19823;1481518613;6
230;27318;1481540247;12
27099;17331;1481542380;12
5511;15448;1481519190;18
27096;6006;1481530150;4
14979;1268;1481528934;6
14905;7713;1481550980;16
27099;10824;1481521890;12
7605;4980;1481513276;12
6779;1405;1481524634;14
5505;6671;1481525803;18
24706;12214;1481510946;12
13999;6247;1481549843;2
1765;2767;1481514095;14
19556;7487;1481544302;8
20548;27394;1481535435;12
7538;21465;1481547551;4
11243;24174;1481516372;2
15229;9660;1481542220;4
8147;5724;1481546353;16
12581;7611;1481550059;10
15763;16125;1481512223;4
26260;8665;1481537603;4
3461;10780;1481533979;16
6977;5955;1481531056;2
4322;11591;1481520720;6
1183;10782;1481539491;2
9103;6326;1481517528;12
17279;19421;1481529428;10
8683;10542;1481523705;12
13114;9371;1481526311;10
10070;8090;1481513869;10
6295;21834;1481516764;6
9678;10614;1481530912;6
23013;12762;1481521914;6
2964;17330;1481520165;8
15991;1856;1481544494;14
3290;2365;1481546449;6
20021;26091;1481514848;16
9455;15214;1481509930;6
6017;19543;1481511439;6
9163;1214;1481548562;8
5775;5933;1481532653;16
4729;210;1481536179;6
2419;22958;1481546084;14
14871;27061;1481547437;14
16927;22925;1481533434;8
14891;11558;1481547063;10
10312;12309;1481514128;18
3469;5625;1481526443;12
14106;19582;1481523937;12
23518;5970;1481545858;14
7040;1338;1481544062;2
12150;4804;1481525135;10
16187;11024;1481528590;4
12283;10045;1481518215;10
19869;12063;1481536367;10
12244;16194;1481536219;4
19091;3268;1481524554;14
5804;8864;1481530369;16
15099;13221;1481518665;16
11170;47;1481529616;8
27452;14654;1481533206;16
21414;1309;1481537966;2
11607;4277;1481520794;12
27356;8694;1481513474;4
7439;6792;1481545204;12
1048;5043;1481536188;16
19041;568;1481533454;2
8682;104;1481535005;12
9174;8953;1481516754;18
227;997;1481521151;4
5703;25188;1481542615;2
13454;3588;1481528214;6
12085;1732;1481545846;8
16293;22481;1481547078;2
5266;17431;1481516511;10
15463;24136;1481513581;18
17412;6951;1481524247;2
8030;1675;1481530579;4
16915;2785;1481512301;16
7850;17789;1481538200;2
11917;8767;1481543551;18
308;3505;1481543888;14
5359;9803;1481516808;10
14793;9832;1481519813;14
6693;6125;1481525277;6
18808;2122;1481548451;10
9316;2425;1481529546;12
17299;21496;1481549283;4
22535;3681;1481546457;16
230;18303;1481538380;16
21716;1367;1481510181;2
9001;10212;1481535973;6
14926;7332;1481522515;4
20869;19432;1481545635;6
12418;25542;1481534833;14
13314;20520;1481538781;4
22962;23047;1481523745;18
4997;1390;1481542768;10
4673;13909;1481521970;6
17031;2795;1481522638;8
19826;20113;1481535237;14
2944;21376;1481528636;10
27542;11857;1481520887;2
19943;4739;1481544731;2
341;7841;1481530463;4
5735;9662;1481545706;16
8892;5420;1481544375;8
8164;24762;1481528420;4
8688;8129;1481536807;10
1192;2015;1481520059;12
10377;7612;1481534831;8
3744;16105;1481525669;6
11254;18804;1481511041;16
14823;26041;1481542330;6
9223;22647;1481531163;14
1317;4312;1481538424;8
5294;26211;1481537326;8
4356;1965;1481518543;6
16118;22646;1481539769;10
25319;10515;1481512040;2
23158;10007;1481511904;2
8656;23628;1481544325;8
10682;9201;1481547455;2
14893;24431;1481535745;18
6593;7464;1481550472;16
26144;15090;1481546670;10
6190;8647;1481520288;18
222;25432;1481534929;4
12068;1002;1481518871;14
1113;205;1481536085;18
925;1864;1481516226;10
1190;8349;1481547166;12
22922;11614;1481537883;18
25269;4358;1481544229;2
13495;296;1481547154;2
2326;15353;1481516994;18
24669;10459;1481526114;4
7081;20947;1481530817;18
7332;22177;1481527653;2
2401;27285;1481540075;2
1636;212;1481532723;14
14566;15159;1481532409;14
23026;70;1481516953;2
240;11124;1481513257;12
27428;23149;1481517860;10
8535;21720;1481526905;18
6189;18179;1481515684;14
3626;11256;1481533214;6
11609;1500;1481529397;6
7948;26068;1481540265;14
23542;2022;1481531887;18
4551;12308;1481519834;6
9522;19967;1481535165;10
15287;19063;1481510022;4
25063;8863;1481541426;14
16026;10443;1481548394;8
27010;133;1481518245;16
14167;5695;1481528156;2
939;9830;1481528438;6
8436;5808;1481515570;2
186;16045;1481525512;14
3271;27096;1481513799;6
14273;11155;1481524189;8
20642;1928;1481534312;2
14040;25542;1481528456;8
11388;6483;1481509710;2
24360;19771;1481546068;4
7512;6830;1481513176;6
14712;20658;1481523493;8
1168;7917;1481543528;14
2160;17506;1481536137;8
7960;7072;1481537496;10
21413;14192;1481529335;10
1888;20866;1481514117;16
18812;1057;1481538575;2
7087;5720;1481517946;2
18860;3006;1481512703;18
19056;16873;1481527009;14
23113;19826;1481515423;12
20913;27428;1481547980;8
2792;20082;1481539977;4
9873;22578;1481528895;6
8166;5028;1481516600;18
19312;15222;1481518530;8
17150;16297;1481547492;2
6245;24572;1481526033;14
18878;4013;1481512973;6
16101;14108;1481525536;6
2758;26999;1481518110;16
19594;15082;1481537068;2
20116;14699;1481550675;10
12352;8052;1481549031;14
5887;14164;1481516671;2
1275;10749;1481521212;6
5117;5709;1481525979;6
3901;998;1481538054;16
13618;129;1481521146;10
7513;10600;1481529277;6
24953;16301;1481543736;2
11389;13461;1481540675;12
20096;14631;1481512343;10
5083;14437;1481538399;4
12653;15310;1481524998;2
3062;10398;1481520389;8
8806;1049;1481513803;18
18807;3134;1481537923;16
10778;11376;1481541286;8
24664;2388;1481534341;2
4593;23900;1481542536;8
4520;19039;1481534192;2
23894;4301;1481539403;6
8894;11385;1481540350;16
17430;14921;1481549697;14
4806;12765;1481518168;14
9007;25371;1481533339;14
9852;15996;1481528810;2
5925;4812;1481543567;2
4726;15074;1481516868;4
10888;5756;1481545338;16
1500;1789;1481512601;18
17616;20609;1481549627;8
5487;16534;1481536548;14
7164;26476;1481542350;6
5264;92;1481535962;12
27103;5713;1481514458;2
148;13981;1481529697;14
4737;27475;1481540465;12
5714;9745;1481533487;12
9664;9474;1481531232;12
22585;10685;1481516394;14
5053;7021;1481522994;10
14431;22932;1481538360;6
14872;3387;1481513469;10
4019;1941;1481521892;16
4702;3465;1481537938;14
24139;10766;1481542457;16
7893;9769;1481539058;6
9490;3544;1481548721;16
9489;1105;1481515750;2
5257;8280;1481521807;12
9060;8935;1481524115;12
5908;4502;1481513913;8
3258;20398;1481528360;18
18864;6496;1481522500;12
3620;27412;1481545645;2
6352;1151;1481525753;14
20971;6927;1481522823;6
8332;2522;1481550105;2
408;19043;1481515749;16
7536;1079;1481528200;14
2802;3586;1481524341;10
4744;26303;1481537561;16
8748;9500;1481515313;4
10012;24396;1481540460;8
6587;2176;1481514100;12
2644;24138;1481521490;18
7457;6783;1481518093;2
19726;8030;1481545062;2
14122;1589;1481526262;8
9984;3599;1481550514;4
4292;1004;1481535152;12
3024;5247;1481516429;4
17845;6023;1481521159;6
155;6157;1481510316;2
1656;13889;1481520655;14
7357;10074;1481513640;6
8162;20935;1481521908;12
17211;6623;1481526919;16
10812;24470;1481517017;12
14207;6454;1481516759;6
246;2344;1481537599;16
568;6468;1481512818;18
5759;6331;1481518776;14
5941;10252;1481516398;2
1737;4758;1481531910;4
3623;20864;1481520407;14
13779;8291;1481525847;12
13986;2135;1481534723;18
21481;8391;1481547873;10
20692;7349;1481519359;4
981;2336;1481535901;12
8319;6405;1481537036;12
2374;20094;1481530793;4
4898;5023;1481516004;2
20337;8329;1481513410;10
20044;3922;1481510684;4
3612;18092;1481547568;4
24622;22649;1481547736;12
25066;3292;1481531712;2
10423;7595;1481511713;8
15023;11109;1481519909;18
1083;8552;1481537151;8
21715;24182;1481511712;18
10601;3072;1481528107;2
5746;13796;1481513218;6
15080;7767;1481528787;4
18079;4360;1481517539;18
27487;1045;1481537852;8
5806;2947;1481520883;12
20303;9391;1481550353;8
9462;13902;1481523343;10
10876;8022;1481529556;16
2279;5926;1481525019;14
14247;6694;1481515992;6
1431;2745;1481538787;18
7423;2031;1481512323;6
21805;10602;1481547494;10
12164;12035;1481520822;14
6290;5869;1481513083;2
6370;9973;1481537035;14
21306;4193;1481529640;2
7570;5985;1481518510;6
19881;25467;1481540967;4
15247;5052;1481540066;6
9448;1083;1481523581;6
4679;1637;1481517549;6
1040;3726;1481513288;14
9659;10510;1481539115;18
1344;7076;1481544500;18
27480;23521;1481540574;12
19539;9742;1481544589;16
10191;2386;1481519219;10
7816;2144;1481531807;10
11822;12041;1481548722;10
22499;5844;1481541058;16
8596;177;1481522625;10
1398;1344;1481513243;10
10424;18192;1481532016;6
207;7568;1481550953;8
15989;9996;1481538172;10
13942;168;1481512076;10
14559;7911;1481519933;16
27342;4576;1481531086;14
6579;5506;1481535532;12
3448;13771;1481518055;18
1300;2283;1481543154;18
8648;14125;1481532624;6
27521;19778;1481523698;8
8757;25412;1481550001;18
19821;5998;1481512797;8
18900;8500;1481526624;16
9404;6634;1481550907;12
21361;16022;1481541349;10
7281;2773;1481513681;6
9535;1842;1481537701;8
15336;13559;1481547129;6
1349;13202;1481516880;6
7349;19914;1481536878;2
10602;13900;1481528529;6
7166;2764;1481526722;18
20090;14700;1481517968;14
3251;4026;1481539538;14
5936;1456;1481530390;12
5840;26318;1481516887;4
13790;16929;1481548479;18
8452;5283;1481535830;16
4737;3054;1481520363;4
7075;3559;1481518433;16
25507;27479;1481530296;14
10064;16916;1481547072;12
7282;8295;1481548948;18
26100;9806;1481541954;16
8867;18883;1481514644;4
2786;10075;1481526562;10
11854;6812;1481520036;4
24142;5993;1481514897;6
15032;17564;1481545008;6
16362;17148;1481540341;18
14887;10091;1481518745;14
3536;1965;1481532253;2
3554;6978;1481547373;10
19422;16934;1481528115;4
11769;4690;1481517765;4
287;21484;1481516263;6
5403;27174;1481534044;2
5733;9;1481522415;10
1343;1586;1481526693;18
1489;10215;1481528884;8
8017;5720;1481522795;18
195;20462;1481532705;12
11042;10718;1481545310;6
4003;27435;1481511544;2
15099;1447;1481541598;2
23541;1186;1481518782;18
20857;5734;1481540334;12
3700;26147;1481509781;16
17330;14136;1481522822;14
3164;5876;1481540467;18
8347;1329;1481536275;10
23348;1115;1481523187;12
7496;7390;1481521861;10
7835;24563;1481535671;18
18207;1284;1481517833;8
8049;374;1481540178;6
417;16531;1481535373;12
8161;8175;1481513201;16
5973;20122;1481524188;6
9636;6878;1481537128;14
11558;8051;1481535583;14
21400;23014;1481522740;4
9279;10545;1481528994;4
5105;20367;1481536743;14
6379;1272;1481549283;2
27060;6332;1481544801;2
23347;20997;1481535631;8
9884;5360;1481545991;18
12761;8597;1481509998;14
14889;18153;1481526561;14
23644;561;1481523769;16
17785;10418;1481530276;2
6434;7333;1481550113;6
1338;7912;1481546958;6
9886;27331;1481530966;14
893;3269;1481521192;18
25055;2017;1481518526;4
15240;22988;1481548782;16
14132;8404;1481530501;18
6375;13259;1481532157;4
5675;1152;1481518602;2
10911;9948;1481517279;8
14554;6020;1481509511;2
12072;20990;1481525336;12
4043;23335;1481545215;12
7073;6021;1481526380;14
22177;25181;1481540275;16
7573;12139;1481536719;10
25360;1252;1481513166;4
1083;1648;1481512827;6
3275;15373;1481524667;16
5387;7064;1481530057;18
18198;21488;1481518436;10
25425;22650;1481519745;16
10912;25064;1481510184;12
4833;5961;1481522178;4
4589;2523;1481528272;14
14448;15519;1481550101;8
1986;21493;1481536813;2
27542;9026;1481517706;14
3626;4029;1481545410;8
16016;9346;1481509816;16
8891;3989;1481521968;4
10273;4994;1481549305;8
19916;7561;1481528686;8
7082;402;1481528607;8
1070;5127;1481542774;18
9017;6854;1481549328;14
6130;1253;1481533631;6
21719;24662;1481518473;8
14550;21378;1481547345;6
12282;4516;1481522125;6
10909;6701;1481520807;14
11255;10415;1481548043;2
4363;6569;1481534815;18
3975;6325;1481518102;4
12002;5265;1481535082;6
4195;12334;1481511430;6
7360;12002;1481536683;6
22501;10525;1481548664;14
135;4627;1481517674;14
1682;17770;1481531808;2
13880;1003;1481509614;18
19880;6975;1481532236;12
6987;4593;1481545777;16
2158;1303;1481524399;10
19916;9055;1481546816;14
10891;11593;1481519538;18
4893;19737;1481516991;14
11856;20642;1481548605;10
5738;7481;1481530308;2
3683;10242;1481539030;2
11384;14703;1481549320;14
1428;16297;1481525939;14
26473;6672;1481544539;8
4357;23742;1481524338;8
20931;1773;1481531719;8
21371;12714;1481521801;16
16317;25489;1481536206;4
18871;17566;1481517286;2
9846;20683;1481542568;18
6621;24706;1481547115;6
1738;1400;1481534479;18
24394;23750;1481549310;6
213;10431;1481532916;8
6874;14662;1481518523;14
18438;23121;1481523343;4
24986;6580;1481511615;6
8571;21306;1481524818;2
9196;4345;1481522444;2
7900;1799;1481518807;6
27009;10620;1481525636;12
21387;6221;1481534446;14
18070;17299;1481540731;10
10799;1686;1481550899;18
27201;21499;1481522117;2
4610;20686;1481518304;12
22259;102;1481530456;18
3700;7555;1481527865;14
2612;6551;1481510971;12
18092;8320;1481527897;12
8449;9548;1481518073;12
17903;5437;1481536422;2
10498;22972;1481510862;10
1342;2825;1481511497;10
1196;399;1481522305;16
2777;12645;1481550895;14
12582;968;1481518582;12
4303;1447;1481530087;10
21222;439;1481532209;14
9647;23108;1481528154;16
9820;6698;1481512063;18
3219;6530;1481540047;10
3605;6993;1481516082;12
21798;9836;1481520860;12
13562;20038;1481521679;6
23862;20866;1481510121;6
14272;22997;1481531165;18
6875;2998;1481532485;18
13794;3584;1481525550;16
1735;2732;1481517276;18
12786;7642;1481513573;12
6963;6614;1481527596;10
7611;1369;1481518974;14
22303;8899;1481532728;10
27453;1874;1481514022;10
14698;3961;1481534820;16
13902;10094;1481521992;12
19299;21413;1481520069;18
17309;11002;1481525833;2
10311;2772;1481524317;8
5863;11402;1481544455;18
27555;27397;1481527772;14
1767;2399;1481536379;2
11627;10200;1481528152;12
13196;12871;1481533960;18
10362;958;1481522446;16
1554;22490;1481527054;14
10254;11214;1481542265;8
1556;3933;1481518590;4
8988;11141;1481521498;18
7325;2013;1481538451;18
7545;8576;1481549024;6
2422;10257;1481525813;16
8545;8402;1481547354;16
1533;4667;1481535720;18
11598;6207;1481539819;2
10226;9368;1481536613;6
6939;3012;1481543932;4
189;25532;1481511142;8
1836;6717;1481541337;16
5823;19058;1481524947;6
1703;12092;1481539533;10
11898;20532;1481511149;12
23885;25340;1481545509;10
6282;378;1481517906;8
14118;7242;1481534250;6
3916;15021;1481510296;14
361;20911;1481537738;16
8849;10029;1481545430;2
5391;4894;1481529455;2
16932;5079;1481534184;12
25076;19888;1481547636;8
21845;12767;1481510327;4
14163;14289;1481529604;18
1163;1729;1481513867;8
7883;4865;1481529513;10
12760;20370;1481545296;18
7772;167;1481529574;4
7965;12749;1481509985;18
5434;9894;1481539990;10
25174;5650;1481513232;6
19911;3595;1481542211;10
20864;12155;1481515566;18
25402;20985;1481537058;6
13914;5959;1481511657;6
7379;10887;1481516771;6
3377;11577;1481535804;16
3287;4608;1481511871;2
11003;9390;1481536111;12
14884;20239;1481531058;12
10532;23016;1481525322;18
3057;14658;1481542665;18
26216;8339;1481524440;18
15013;5379;1481525887;10
4553;4871;1481510932;18
7075;4354;1481526399;12
27182;12048;1481511171;12
17532;5725;1481541356;2
17504;1364;1481525835;6
7557;24281;1481527276;4
1648;9063;1481544941;12
8918;17848;1481549520;18
7859;14567;1481516813;2
8907;12118;1481523708;4
11605;176;1481513012;6
26152;27026;1481548521;8
4978;5849;1481520308;2
5948;25374;1481549713;6
3901;15734;1481532856;4
21307;21483;1481540670;8
10253;4702;1481540067;8
19594;9777;1481546922;18
2783;8586;1481517345;10
4413;3789;1481521710;10
5281;1706;1481511954;6
4894;19528;1481531308;4
14872;15486;1481525612;12
14142;4338;1481519178;6
10257;20053;1481548953;14
18802;8655;1481513557;14
318;22310;1481548360;12
1721;5700;1481512505;2
17405;3598;1481538818;8
5032;6326;1481532254;12
1736;11476;1481550747;18
11478;9006;1481528895;2
2323;8977;1481546714;2
244;4501;1481511451;2
25325;22317;1481538687;10
8344;20455;1481525076;14
7420;13999;1481530915;8
27130;3123;1481533097;12
6417;1094;1481525117;10
8233;10411;1481538423;2
5647;9256;1481548343;8
3998;25441;1481543808;18
4763;4563;1481529711;14
11793;19505;1481549784;16
6241;9959;1481537842;8
6826;5035;1481513151;4
20958;8095;1481533129;12
1252;2390;1481550559;10
17800;6247;1481547062;12
4749;23445;1481537609;16
354;11035;1481547506;2
3975;6437;1481516908;6
5992;20658;1481514327;2
8230;1570;1481538785;14
6610;18877;1481520525;4
20326;4504;1481533823;14
7885;22498;1481513741;18
9484;4325;1481549230;16
14165;27387;1481533048;12
5356;3927;1481509743;14
9675;24977;1481540897;18
1188;8563;1481525732;18
4214;9900;1481513221;6
242;264;1481546664;14
10576;12046;1481533871;8
10498;9660;1481529821;18
1299;2361;1481513640;14
11172;1085;1481511356;8
19737;6459;1481514452;8
3546;4302;1481522036;10
19827;18344;1481511751;8
4801;13809;1481529950;6
17151;5260;1481521608;18
8882;11859;1481533665;8
22994;8363;1481517965;12
12421;7973;1481529191;12
6160;17349;1481509619;6
15748;12574;1481520217;8
22137;17509;1481545491;18
17416;2287;1481512820;14
6402;7607;1481531240;12
4044;19710;1481517784;8
10924;10081;1481521285;18
22182;10497;1481528120;16
11393;11600;1481518766;6
4179;7624;1481538956;16
10671;11795;1481515471;4
17361;8278;1481533570;10
7888;22989;1481529262;10
6664;25075;1481541285;18
24681;9563;1481520522;2
4669;27131;1481538605;10
7016;14806;1481545853;10
1626;6581;1481515623;10
20339;14125;1481525776;16
5627;15518;1481517884;10
3506;27087;1481525172;18
6667;282;1481520704;16
13180;10736;1481542015;16
23059;6829;1481539713;14
13913;17877;1481538077;8
17477;5263;1481550837;14
14115;21367;1481539810;8
18463;2010;1481541963;4
2401;6213;1481537067;6
5696;17881;1481511097;10
20573;566;1481540416;6
20075;19043;1481517194;2
19055;20404;1481524428;2
10881;155;1481533243;4
1142;3595;1481518966;10
1991;12101;1481524990;8
8864;11066;1481532874;14
1375;2813;1481549172;12
9666;24935;1481510059;10
249;6007;1481543270;2
4504;234;1481534639;16
27383;1195;1481522909;10
21483;5914;1481510916;16
7452;7300;1481536931;18
272;982;1481514508;14
9512;5548;1481546926;6
21731;7886;1481531672;8
22146;1743;1481530373;4
23021;132;1481533029;6
2989;21323;1481535261;6
5920;10030;1481524696;6
6415;1951;1481510314;8
17547;11801;1481550629;18
6696;6873;1481511595;6
19495;17461;1481536600;12
6653;13879;1481518575;4
15;1582;1481528643;16
24842;3428;1481523257;12
8749;20901;1481535452;10
9205;1891;1481522204;8
22640;17303;1481517262;18
8759;5841;1481519491;6
8563;7403;1481522904;14
8310;8028;1481525995;10
4665;1866;1481538472;4
6496;560;1481521878;16
8115;3464;1481516703;4
20951;9018;1481519703;18
23738;12649;1481549821;10
10417;26051;1481546430;16
1455;1566;1481519599;14
11100;8936;1481519007;18
7464;20599;1481509869;16
15302;1047;1481541526;4
26203;19772;1481518977;14
128;18871;1481513326;2
19274;6616;1481521155;6
18080;3407;1481524386;6
6992;10618;1481521387;12
20415;19299;1481511243;2
21795;7938;1481544095;16
20899;10462;1481512874;16
20067;6660;1481517400;8
25363;2423;1481534171;10
983;9283;1481517035;14
1264;3262;1481537592;12
13887;18512;1481535697;2
11400;11402;1481548951;2
4823;2370;1481533141;6
3070;1069;1481537084;12
17517;11802;1481531393;6
3791;3401;1481547868;14
18960;9358;1481528824;10
5815;27397;1481550683;12
1857;20445;1481515536;12
20865;1623;1481520650;16
8503;23526;1481523212;12
22469;27048;1481526643;16
9323;7633;1481510360;14
9016;25169;1481516521;18
19870;23823;1481516422;4
4814;22481;1481551134;6
7847;26308;1481517613;8
11120;5939;1481511164;6
20629;5887;1481548869;6
10164;1888;1481531929;18
11954;11784;1481522338;2
11789;8546;1481544431;4
27492;17176;1481536238;10
10367;9670;1481533271;10
2749;8364;1481543930;12
943;19588;1481528742;14
10665;15336;1481544197;16
1088;8461;1481535297;14
24707;973;1481527750;6
1977;4936;1481536714;10
348;24701;1481514472;18
16800;11558;1481549644;6
4299;22259;1481517918;14
22273;5;1481514668;18
5023;7606;1481539573;16
8386;4508;1481520742;18
6516;25178;1481533414;2
10184;20606;1481520888;18
6316;24142;1481528171;16
5527;6148;1481514219;14
1341;27423;1481512095;14
4571;10567;1481540913;2
19538;4185;1481549918;16
982;21493;1481543284;16
15102;9257;1481540921;18
3703;290;1481519101;16
10426;20261;1481509935;4
12146;3254;1481542901;8
4023;16099;1481529347;14
15012;16802;1481517741;16
17530;3491;1481539415;14
22933;6384;1481550102;2
11230;11720;1481512297;18
1740;11396;1481544778;18
4337;13798;1481535243;8
8433;6124;1481528234;6
22213;27018;1481514251;8
3047;19546;1481517164;4
25078;1853;1481547678;10
334;26102;1481515629;10
20952;9897;1481532700;18
9008;7441;1481519275;18
9112;6239;1481511528;6
25426;1860;1481548281;16
18808;6959;1481519094;10
17293;24695;1481545675;2
24963;12221;1481510709;16
20986;15227;1481541643;8
20424;8551;1481538439;18
4727;7455;1481533466;6
7980;4035;1481550328;8
9179;7545;1481533249;12
1890;4840;1481548138;6
14874;17581;1481535702;14
6290;19493;1481520538;4
12405;1365;1481538781;16
6609;12709;1481540911;8
9443;1204;1481533263;2
9860;6005;1481539608;4
17572;8368;1481522831;14
24529;23887;1481533136;10
27174;1647;1481527554;8
27387;12391;1481529823;14
14247;27466;1481527607;2
4228;3554;1481518256;16
13344;8658;1481537043;18
1723;14615;1481516669;18
3081;18112;1481511758;8
24277;20073;1481533200;4
4800;10017;1481517744;12
11152;27097;1481519306;18
8586;6158;1481520285;6
21309;6636;1481528053;8
15032;17923;1481524164;12
1634;11110;1481523565;12
10531;5819;1481532828;4
7888;7319;1481542123;12
26150;18893;1481527956;8
4591;16798;1481523643;16
6497;18112;1481544715;16
8574;22624;1481513706;12
20038;12426;1481544021;12
25489;14778;1481524461;10
19914;16916;1481513838;16
14242;7074;1481515021;6
6733;18964;1481545154;12
27200;12028;1481522965;6
2966;2414;1481538844;12
13884;1392;1481532741;2
7170;11797;1481542762;16
6879;26304;1481548811;2
9284;10930;1481541566;12
8945;11020;1481528916;10
20133;6026;1481550215;12
20154;25067;1481542456;18
10191;26148;1481539479;2
10470;7813;1481510007;18
27396;1604;1481540167;2
4945;6329;1481544135;16
13973;24928;1481530279;12
9547;5856;1481535614;6
4358;21368;1481510876;6
6406;1579;1481549503;12
45;20114;1481545467;6
11948;4927;1481518506;16
8373;14569;1481516532;6
10728;9473;1481550290;2
1511;7574;1481517444;16
14803;5106;1481523788;2
27097;2116;1481529362;14
16847;21804;1481513990;6
15762;6386;1481544921;16
15492;3507;1481513520;4
1225;26085;1481538381;16
20106;2340;1481540441;4
3617;10366;1481515505;2
10470;21279;1481536279;4
19867;27490;1481551018;18
10555;6450;1481528442;4
24563;18907;1481522181;12
14909;20629;1481511952;14
3249;25373;1481549690;10
27463;4183;1481550160;10
3602;13779;1481530546;8
2892;23149;1481539062;2
27433;17309;1481524032;8
19229;7933;1481517038;18
6150;15997;1481513816;18
11481;24719;1481539554;18
13999;9951;1481510025;2
16124;23737;1481524233;16
14105;8498;1481512829;14
14715;11373;1481533209;14
11084;18047;1481543900;14
24139;7032;1481529889;10
7865;2382;1481538773;4
8237;7029;1481534563;12
13259;4260;1481526462;4
4873;14949;1481517936;8
10090;1420;1481518844;2
14515;9834;1481524537;2
12557;19599;1481514660;14
11086;1874;1481521884;12
24752;6721;1481544847;6
5079;17455;1481513094;18
7074;9652;1481528370;8
4642;8017;1481516748;2
2135;21005;1481530350;4
1448;25057;1481519563;2
9536;36;1481510866;6
1400;16006;1481521576;16
4776;24501;1481548345;12
25025;9461;1481534410;2
44;20037;1481528741;14
7765;6395;1481530773;16
17467;6709;1481537642;12
6566;1067;1481548221;8
1300;11033;1481529420;14
24707;4710;1481523434;16
19779;11155;1481511881;12
25321;1922;1481525661;10
27326;20398;1481548351;18
17891;9894;1481511891;10
15375;27283;1481511765;14
9196;8930;1481522104;14
11178;12228;1481530841;16
13929;8127;1481536300;4
17295;11826;1481515971;16
14631;9290;1481540952;16
1359;20036;1481531821;16
7634;3535;1481524170;14
9005;11566;1481547020;10
27060;27210;1481530332;14
19043;20887;1481515942;2
17154;18113;1481545953;16
11155;3373;1481539540;6
10894;11137;1481538308;10
5895;10230;1481528209;8
88;23336;1481549123;14
17162;983;1481550560;2
8768;4006;1481546660;8
21;5894;1481539857;18
2383;6005;1481528516;14
14515;10325;1481525268;12
12235;17436;1481527502;16
24283;4256;1481540340;12
3769;24424;1481532587;8
10507;16925;1481537044;6
10239;9455;1481546405;18
4232;9670;1481550269;12
1015;13945;1481549919;16
19554;9860;1481524801;10
17586;26074;1481540012;4
5805;23050;1481545494;4
997;21306;1481534997;2
1860;1380;1481528195;12
8640;9980;1481516016;10
17431;2406;1481550830;12
5736;221;1481532953;2
25542;15961;1481537922;14
20189;4220;1481540319;10
16050;2799;1481541338;12
10604;24352;1481519828;2
10475;6307;1481524898;10
18442;11004;1481517058;8
9538;7697;1481531092;10
11102;15521;1481546990;12
319;18812;1481527289;14
1958;16006;1481541703;18
7351;9022;1481518417;14
20044;16894;1481540708;12
8590;19866;1481531394;18
4019;3568;1481544660;2
1911;2152;1481550558;14
100;10064;1481529697;8
12287;9347;1481522367;6
4952;5001;1481526148;16
18872;18183;1481521243;10
12558;25359;1481510829;2
5804;7554;1481537180;4
10002;20629;1481538534;4
24088;19940;1481540055;4
11898;15125;1481530183;10
12083;6506;1481546647;12
12631;9474;1481528598;2
22509;1050;1481524328;16
8640;4260;1481542546;12
23444;391;1481535548;2
2356;1069;1481530664;12
2365;14488;1481542931;18
1852;1876;1481512610;8
304;25076;1481518534;14
9061;17413;1481517877;18
27263;6977;1481513176;12
10206;5028;1481512301;6
5647;11857;1481514717;2
9467;19813;1481542165;16
12914;8440;1481532452;2
16912;2875;1481543894;8
26112;9670;1481519990;10
17585;7675;1481512473;6
5843;14515;1481532423;4
7109;24278;1481530240;4
24925;18816;1481539821;16
6641;4262;1481536486;14
10183;18200;1481540082;6
19932;23860;1481543117;10
14650;24752;1481526592;12
6290;1867;1481520552;4
15752;14810;1481527237;8
13939;6541;1481521184;6
4906;14624;1481539194;8
19939;7641;1481533534;4
3324;27489;1481527513;4
21253;25174;1481511952;12
1441;4880;1481515811;4
19932;10348;1481546220;8
11076;5886;1481522882;16
6544;22928;1481545450;4
23623;13201;1481535707;16
6827;4009;1481524848;12
3003;3688;1481526917;6
9256;7030;1481509972;16
11112;15421;1481526276;14
11258;5901;1481526507;16
20022;25192;1481515922;6
20713;14283;1481536422;12
14977;8595;1481547622;2
10520;7962;1481540025;6
17519;24981;1481516699;10
6659;4265;1481547135;2
10263;9737;1481522245;4
19026;10379;1481550035;4
14239;26319;1481523840;8
19082;7175;1481541503;6
17294;176;1481531908;14
10517;8381;1481515206;8
19935;333;1481522545;4
27418;20423;1481532790;10
2119;3394;1481543207;4
7625;9553;1481541731;4
10921;9440;1481531561;16
23620;9987;1481521427;4
10075;17390;1481545343;18
10726;26293;1481511529;6
5674;25181;1481526424;14
6851;11131;1481512869;10
15090;5839;1481550767;10
7354;9678;1481523680;14
15739;3956;1481535657;14
3682;7837;1481529267;12
6569;26473;1481521308;4
5424;9432;1481545607;12
16291;6523;1481549952;6
4363;12576;1481529921;8
8827;15320;1481511637;2
6992;19960;1481529965;4
969;8335;1481517298;16
19739;17884;1481519006;10
7277;10410;1481539820;6
24180;10530;1481538467;10
27390;5009;1481514636;16
17293;10775;1481511959;4
8407;17250;1481528021;18
4557;17879;1481514024;14
2349;7079;1481513954;4
9294;22317;1481532655;6
26281;16656;1481515059;4
6803;4019;1481519357;18
12767;1920;1481524656;10
214;5749;1481550987;8
2014;181;1481549667;16
5720;8995;1481536475;16
8420;4283;1481512969;4
15103;2868;1481538749;6
2813;19955;1481535968;4
12580;17045;1481518943;6
2892;2953;1481517476;10
11220;10026;1481545343;2
25280;4591;1481551134;18
18192;12712;1481523380;16
7765;4578;1481540475;6
13872;10503;1481541013;12
8358;20402;1481535397;4
6802;27379;1481550093;4
8940;430;1481542654;16
19850;2016;1481541607;4
4524;12419;1481548888;10
2727;12309;1481540851;2
4777;3566;1481517034;16
5865;19038;1481519951;8
9;151;1481511719;2
18067;23335;1481537089;10
27337;379;1481528498;4
3119;10796;1481549198;6
7473;10230;1481550117;14
1181;26280;1481541786;12
2279;4905;1481545658;8
4703;10421;1481541211;10
1188;20693;1481530228;2
2742;11800;1481531081;2
6412;8108;1481545093;2
9535;12336;1481529181;8
25128;4597;1481537272;10
10736;157;1481521383;4
10984;6521;1481523671;6
7103;9978;1481534143;10
5710;6644;1481538378;10
14643;9998;1481539395;6
10634;13970;1481511864;12
9464;9203;1481509506;18
1483;22147;1481524742;8
28;19773;1481526469;8
11943;16640;1481532278;2
26164;24449;1481513453;16
27325;9835;1481528880;2
26041;3247;1481545635;4
7590;2346;1481521333;6
18073;20086;1481548450;10
1141;941;1481528320;16
11593;5709;1481537071;16
4855;16318;1481549643;10
9262;18355;1481543189;12
3853;17586;1481510971;6
285;27058;1481518262;16
2794;25258;1481522864;10
7097;1042;1481546653;4
9522;3554;1481534896;8
18046;8172;1481540573;10
22582;958;1481526077;10
9426;17436;1481544593;10
22459;6272;1481549222;12
2848;9800;1481544456;16
4900;23341;1481541411;8
17308;12374;1481548178;18
4328;27424;1481513290;12
27474;8526;1481532268;16
4993;8046;1481536841;4
1460;164;1481550602;4
13198;3689;1481548809;6
6655;5867;1481519564;10
3488;2890;1481527741;6
4031;3017;1481519255;16
5102;27288;1481541618;12
3853;9513;1481529540;8
17163;5439;1481510403;10
24425;12370;1481522153;14
11259;12782;1481538765;2
16007;23173;1481528885;8
2640;1596;1481543715;2
8001;1735;1481540498;18
3700;4600;1481522074;12
8119;875;1481533849;18
1318;12647;1481524895;4
1013;2838;1481533152;14
15013;26072;1481534724;16
19423;19791;1481522704;18
7957;19952;1481549874;18
7941;14710;1481512883;18
11239;6663;1481529783;12
7155;4951;1481510523;12
2730;4701;1481511430;10
27401;2966;1481517908;16
2998;5833;1481551104;2
1959;23894;1481546375;8
242;5961;1481523135;2
11269;3728;1481521729;2
22133;4056;1481547606;4
12023;14799;1481516125;10
21492;20011;1481522883;2
5885;10488;1481510925;6
25319;3973;1481531158;12
7422;391;1481513906;14
18805;7436;1481546856;4
27312;11248;1481533920;8
4896;7057;1481548671;10
13887;12119;1481513838;18
12322;1177;1481520199;2
1771;20529;1481509634;12
7189;25246;1481531420;10
8847;11770;1481538321;18
1059;1152;1481535330;18
1378;13900;1481522023;6
14621;6578;1481523022;4
7293;107;1481510037;4
19779;17351;1481510585;18
7077;7510;1481527258;12
5872;23867;1481521079;10
12135;1420;1481542116;8
4006;5637;1481534375;18
27309;23101;1481536522;6
23750;15414;1481522493;10
5889;1634;1481522991;4
11795;12710;1481530223;6
20109;4823;1481547990;14
4035;6172;1481516291;14
2828;16811;1481547547;12
7372;11082;1481527570;2
11;5332;1481544248;8
20695;19598;1481542401;18
18416;25542;1481531329;2
11402;8538;1481532694;2
14441;12160;1481526434;6
15322;2347;1481514526;6
19915;26305;1481522461;10
8171;1223;1481544142;2
10518;21724;1481526026;16
14804;19068;1481529037;12
15514;155;1481539890;14
16053;13343;1481539720;6
3954;21384;1481537916;4
8743;12041;1481530712;2
19880;9284;1481511706;18
17881;18436;1481549437;10
7854;15755;1481530880;18
18442;17293;1481530533;4
12647;5404;1481513269;4
14428;19860;1481548698;16
8958;19823;1481522690;4
8341;11179;1481513758;10
14243;7535;1481540534;12
7700;1006;1481512026;6
6697;24660;1481516057;10
7423;12307;1481527017;12
12027;10220;1481513314;14
14187;8748;1481513032;10
15533;18782;1481509971;6
4296;17156;1481543471;2
6825;19856;1481516038;8
4727;10230;1481540629;6
5855;14432;1481520198;14
11173;11627;1481531791;6
7314;12749;1481540376;10
4739;3363;1481526980;4
3373;18046;1481548722;4
23180;12759;1481530132;12
16307;9455;1481519150;6
1889;14800;1481548812;14
24427;5001;1481521972;2
14982;6143;1481537511;16
1698;23339;1481530696;14
7456;15370;1481535468;4
16303;2378;1481523627;8
5243;27406;1481547368;18
7958;27356;1481510414;10
30;15753;1481544975;16
10032;2797;1481514970;6
21224;14188;1481545969;4
1096;15102;1481521280;16
9802;3643;1481546111;18
18886;16789;1481547955;2
8434;25373;1481516814;18
2981;6412;1481523166;10
18963;14124;1481545438;16
1493;25426;1481537389;6
9363;1035;1481528798;4
3449;27039;1481516362;4
12098;22535;1481546751;12
1220;12139;1481511511;16
23329;4005;1481530036;14
13862;23060;1481521425;14
5914;10987;1481542829;6
14158;22493;1481516283;2
8089;3682;1481510546;18
3028;9840;1481512979;16
20794;3260;1481519657;10
424;6387;1481538120;2
2153;4043;1481531484;4
16185;21382;1481546998;2
5433;1185;1481514563;14
22266;15745;1481525439;14
17517;3534;1481547448;8
3424;8277;1481525319;8
20075;19278;1481510788;2
335;1982;1481525662;18
2523;18111;1481524954;2
4727;18173;1481525119;12
6344;9223;1481512988;14
21509;26307;1481511749;18
5881;8986;1481523170;14
1398;24966;1481522303;4
2743;3736;1481528428;6
2760;4552;1481531322;2
20155;26101;1481547752;14
4758;10497;1481514358;4
15762;1655;1481536336;6
2830;9465;1481534481;12
8582;10710;1481545570;10
13975;6650;1481525346;8
7296;8566;1481510123;10
1426;3508;1481523269;2
22292;11247;1481512951;18
1405;22315;1481538462;4
332;6201;1481524543;2
25441;12699;1481521115;10
383;6479;1481524357;14
16318;8236;1481526465;18
11220;6186;1481512801;2
1720;8518;1481545246;14
22959;17191;1481541725;12
4043;15328;1481528995;14
20338;23743;1481543520;10
27036;1399;1481550057;8
19882;19548;1481513977;14
23855;11697;1481521710;16
11692;16902;1481544658;6
13028;17290;1481535672;6
4937;21076;1481517662;4
24714;7696;1481535193;8
10556;10641;1481543598;8
7176;1570;1481524819;4
18845;26500;1481545062;2
1299;6252;1481528211;8
20685;10542;1481530877;4
23036;7328;1481546462;6
6437;6357;1481534674;16
6812;18343;1481512214;2
25192;16302;1481531159;16
25414;21804;1481514349;6
6127;165;1481542651;2
25342;21500;1481524458;14
6820;23622;1481524715;16
19575;8003;1481511045;14
1854;3457;1481510322;10
5803;17507;1481547280;18
11219;14187;1481539387;14
10253;15372;1481536236;18
21282;8397;1481540686;4
16533;4907;1481531907;18
12070;12138;1481525922;14
1315;7442;1481536853;8
14580;16140;1481515941;10
18153;2015;1481533342;16
15480;13078;1481514632;10
22642;324;1481550470;18
14252;4206;1481551033;18
5096;19834;1481510802;18
6563;11179;1481525250;12
27405;11907;1481520866;16
4319;23696;1481525794;16
7058;27459;1481522670;18
19776;1596;1481513068;14
23023;11745;1481542787;10
18319;4895;1481545279;10
13495;10922;1481541384;18
21402;11042;1481536705;4
6354;9020;1481541404;8
24426;8529;1481538017;6
2027;2406;1481546530;14
17272;1146;1481532081;4
22603;1623;1481549518;6
20355;17417;1481534325;4
10921;17162;1481534575;2
6232;9058;1481520431;18
17511;14426;1481550914;14
21597;12650;1481522178;6
8525;7519;1481525786;10
13985;558;1481529472;12
24481;7155;1481548337;4
9027;27448;1481539501;10
7475;7160;1481539536;12
9764;6798;1481524547;12
14237;6488;1481526525;16
5819;9774;1481545972;18
13878;1920;1481528604;10
2527;3075;1481511076;8
7366;16008;1481550081;6
6439;6284;1481515914;10
19752;145;1481536161;4
430;7074;1481526501;8
12144;11941;1481520215;8
23517;8126;1481512829;4
17262;7963;1481548525;8
17512;4559;1481530048;18
4286;1891;1481530268;16
3122;6160;1481538954;6
9028;6921;1481523948;16
147;6833;1481526642;6
20853;5386;1481520089;8
4822;4286;1481518423;16
21368;18335;1481524242;6
19063;4224;1481523927;14
9383;6396;1481527259;16
1615;10091;1481519583;6
4760;20318;1481529811;16
16196;19935;1481546361;12
3411;4520;1481529352;8
7254;3394;1481528984;12
7503;21844;1481516551;12
7886;2274;1481522644;4
10405;24710;1481536826;16
20923;17486;1481510732;2
3686;11040;1481522873;12
25377;19547;1481525580;6
8173;27324;1481533971;2
16132;22506;1481540328;4
19946;9004;1481516482;4
1874;7144;1481521254;8
27467;1131;1481526272;14
14420;6415;1481547179;16
4663;1003;1481547208;2
11270;24425;1481533605;2
16137;2157;1481528597;12
22627;19804;1481519645;16
27541;2989;1481532283;10
12068;21720;1481512026;4
7091;8900;1481538799;14
19833;16832;1481536976;18
15002;4670;1481527253;10
11;18153;1481523909;12
13113;18214;1481549851;12
6854;6617;1481536279;18
10553;10516;1481533393;2
15072;10250;1481521344;4
3974;3777;1481523354;8
6553;9671;1481517681;16
1117;6441;1481522198;16
7180;4016;1481531423;6
27012;17301;1481534132;6
17892;104;1481526102;14
23786;14436;1481529164;10
8140;2794;1481511320;4
8392;8401;1481533029;8
2158;4699;1481510005;10
10599;19797;1481520452;8
14889;7686;1481535132;2
399;22481;1481541032;10
5898;14623;1481511353;2
10985;22648;1481544899;2
10619;16183;1481539523;14
6865;5266;1481521485;6
6105;24140;1481528213;4
6857;2117;1481545180;6
27506;11092;1481538547;6
293;9103;1481531385;8
14553;8567;1481515142;10
15409;17552;1481517151;12
9299;14245;1481541849;14
11102;20983;1481512574;10
3349;27403;1481537003;8
9830;9180;1481519945;2
9428;18159;1481528456;14
27520;9997;1481515319;2
939;1;1481545911;14
12698;17850;1481510687;14
3746;57;1481512870;16
3964;246;1481525567;16
6645;27458;1481527105;2
15733;2792;1481548996;6
8524;3922;1481517763;8
17387;1728;1481540189;4
14192;11209;1481542615;10
8531;1653;1481546560;6
17429;386;1481532937;18
3593;18859;1481541260;14
15407;3649;1481544114;8
23533;6536;1481523651;18
7592;11558;1481524478;2
10467;4834;1481519118;18
8277;6213;1481517215;12
15508;20968;1481544645;16
406;4026;1481535843;2
2355;9544;1481551135;10
19252;21311;1481516122;14
17002;23739;1481522898;10
9890;7822;1481545487;14
10734;8326;1481514420;2
2833;16982;1481517006;18
5421;24281;1481531275;10
8763;11805;1481549743;4
9306;4963;1481516010;4
5585;24564;1481534035;6
20541;1144;1481532994;16
14432;1382;1481543971;6
5110;20979;1481527187;14
27087;14691;1481517049;16
8931;13219;1481526206;16
10512;15313;1481514068;18
5771;5002;1481551000;6
23336;14256;1481525982;6
9159;1547;1481526689;4
17297;7294;1481526814;10
16369;7330;1481510091;6
278;14252;1481538624;18
11484;13928;1481543770;14
23012;9413;1481529949;10
2830;16128;1481517920;4
12182;17307;1481545819;10
9012;3961;1481550306;12
14566;11958;1481536077;18
17578;4871;1481537156;4
4838;15735;1481538173;6
16915;15164;1481550750;8
6407;7478;1481542780;14
27399;21389;1481533055;8
11178;21436;1481511552;2
11745;25175;1481533070;8
384;8539;1481521827;4
19829;9394;1481524313;2
16094;13804;1481514512;8
24162;115;1481550197;12
14552;2747;1481524725;10
3625;1253;1481526719;10
10305;9247;1481542589;6
13618;24143;1481526029;2
4562;17170;1481512487;16
10696;20370;1481523525;10
19872;27344;1481528773;14
9451;24667;1481541823;8
380;27412;1481533689;2
3730;6553;1481539938;18
3682;23087;1481519966;18
9505;10272;1481540071;6
6863;25512;1481525290;10
7023;11920;1481512967;10
26100;19819;1481531102;12
18894;20143;1481549445;10
12238;12674;1481515878;4
10199;19939;1481547597;16
7962;11481;1481547342;14
8574;9009;1481529840;18
27476;14635;1481541593;10
15;17242;1481541115;2
8525;17143;1481545840;8
15374;23640;1481541503;12
21413;13970;1481523143;18
25343;4690;1481534416;2
12016;26036;1481538980;18
14631;21369;1481546300;8
19486;17404;1481533797;4
24427;14878;1481515029;12
3257;18819;1481528167;2
23085;25321;1481541552;14
17415;8564;1481526926;16
22267;8590;1481538348;2
23333;1059;1481532558;12
9198;3491;1481540067;4
3274;27298;1481538919;6
8248;6683;1481531414;10
11757;25511;1481528847;4
18958;10283;1481529933;18
24956;1048;1481528762;10
3497;17507;1481544508;16
44;12426;1481513659;4
2121;5935;1481536766;2
6882;19956;1481547484;12
8906;24934;1481543881;18
19856;1048;1481540079;10
6637;6174;1481544819;10
23757;9453;1481549195;16
18130;7868;1481538636;2
1851;6688;1481526775;8
23446;19372;1481510983;16
24255;14115;1481545743;12
10046;18160;1481544172;14
16314;12766;1481516551;14
11146;11237;1481512228;6
17293;19276;1481534947;8
25402;4206;1481537705;6
9154;2315;1481541959;8
22306;9290;1481523340;18
8251;3605;1481510726;8
565;11111;1481538848;14
7274;14693;1481537931;14
11107;4211;1481541369;2
8475;24964;1481542850;10
23451;14141;1481521299;4
25081;8307;1481530022;12
1489;6526;1481527206;14
3368;25179;1481518003;12
12731;4181;1481517030;12
5764;27204;1481518237;10
24375;16120;1481511773;18
13875;11217;1481523264;12
1366;11476;1481537636;10
5697;2389;1481533517;10
10571;9277;1481516825;18
1665;25159;1481520571;12
8310;27548;1481528648;18
4572;5332;1481536606;6
5780;27287;1481529359;16
8338;6506;1481527969;8
7367;4009;1481535896;16
5103;2875;1481551118;12
41;3964;1481534890;18
11577;6411;1481511095;14
15135;11038;1481509584;6
12117;1689;1481539472;4
5517;5895;1481524107;14
7078;9736;1481528310;18
24501;7083;1481537297;2
11792;9247;1481514810;10
19027;13804;1481516351;14
5126;9813;1481536707;8
23336;6945;1481523800;14
9534;5730;1481545475;8
7818;8494;1481541889;16
10251;8698;1481527176;6
89;23651;1481528294;18
6176;21317;1481540153;12
1416;13028;1481550880;6
62;6284;1481517483;8
387;13975;1481510969;14
13820;7901;1481540336;2
9148;4672;1481528719;6
9669;16124;1481530611;12
5019;12287;1481523241;18
16822;1104;1481517679;6
10929;20127;1481531327;10
6984;7781;1481549760;8
6939;18913;1481530110;16
9020;27039;1481511297;2
1550;19045;1481532433;8
9456;1895;1481522272;14
7416;1220;1481534567;18
26311;4849;1481524118;18
19960;10829;1481510460;14
17183;11697;1481510902;2
108;8989;1481532400;12
17398;8181;1481528663;18
9675;6294;1481542742;10
9527;6369;1481547191;8
23517;6704;1481516891;10
10519;19986;1481519636;18
3069;19790;1481513714;8
20194;1271;1481549571;8
7023;1596;1481538187;18
3147;394;1481547110;12
9369;3018;1481534573;12
27286;19992;1481539373;4
7104;17143;1481520972;2
6536;6025;1481535686;12
19940;19989;1481539981;14
10906;6138;1481515145;4
21318;16178;1481532994;8
2412;27332;1481517451;2
1697;12643;1481536457;12
5281;15350;1481544547;2
19949;6118;1481516008;4
26072;6535;1481517591;8
12137;11414;1481533079;16
3689;5083;1481513870;18
26263;9751;1481547950;2
11806;19560;1481534128;18
27279;6173;1481515413;18
8480;1317;1481526645;8
1771;8495;1481518965;2
17498;1362;1481517027;8
20687;1600;1481522643;10
7812;20973;1481539740;12
23628;11627;1481516384;2
12711;15072;1481510277;6
82;7800;1481535814;12
8283;6863;1481527633;14
8330;5282;1481512005;4
7880;26192;1481524330;10
20353;8372;1481528563;8
11728;4328;1481534020;6
14806;16811;1481516543;12
6136;4866;1481549746;8
23856;2351;1481510885;12
4989;6651;1481523296;10
11758;27464;1481545252;2
6465;9020;1481529810;10
6157;19022;1481547755;6
2411;9896;1481524294;6
26263;15108;1481527763;2
11244;14651;1481521067;10
9979;3162;1481533052;4
12710;10005;1481528976;18
5950;1704;1481519470;18
20012;9479;1481544572;2
4346;7101;1481550226;6
1958;25193;1481527013;8
1544;17792;1481543650;2
957;23100;1481514572;2
3927;12405;1481548052;18
21231;6604;1481517141;16
27134;10847;1481550656;18
18782;7422;1481540486;4
10180;1216;1481547323;14
1741;7169;1481513514;12
6943;19056;1481537387;12
23752;2645;1481527975;2
11402;238;1481511406;2
13879;6779;1481535282;16
3905;12815;1481536278;4
2134;1115;1481518685;4
15763;8442;1481533600;18
25265;4881;1481538697;10
8816;23172;1481536771;4
6358;9630;1481509953;2
23662;3991;1481541267;18
23353;3623;1481537688;6
1353;17846;1481522308;10
1113;24132;1481535913;4
26031;10710;1481550781;12
2988;11267;1481544371;8
5000;17528;1481535204;16
19599;12698;1481525413;16
11739;8013;1481545214;8
13677;5722;1481515484;10
11696;25440;1481546320;4
4104;14245;1481528952;10
24128;1125;1481517997;4
10111;4586;1481536371;18
24285;14164;1481521836;2
5901;13183;1481522065;2
7957;27001;1481533143;12
2794;8685;1481525513;6
237;1954;1481547777;14
4899;11083;1481536471;6
7516;4928;1481527222;10
8027;6319;1481550193;12
21374;9821;1481537472;6
22794;22934;1481525624;12
10912;2737;1481545108;14
11055;6418;1481529435;2
18105;15465;1481545457;10
12730;1401;1481548149;2
14262;1025;1481521058;6
6895;7263;1481536180;4
24285;4583;1481536441;6
17292;24953;1481517770;18
5952;19056;1481544634;6
1893;24585;1481543795;6
25364;7351;1481544716;18
9656;6685;1481525995;10
14915;14621;1481539728;10
6374;16335;1481516113;14
1705;21807;1481521991;4
7581;7790;1481543073;8
18355;14152;1481532840;2
6620;18192;1481549220;18
363;14108;1481549402;10
125;24413;1481534748;18
3625;21298;1481533404;6
26373;17211;1481538029;8
20091;7258;1481549201;2
1416;15085;1481543431;8
18342;15473;1481535461;12
883;10795;1481535379;14
98;1776;1481530548;6
13241;7533;1481514895;14
25372;9814;1481546202;4
10067;19987;1481525493;2
4921;2012;1481546737;8
7619;11394;1481533662;2
5757;4959;1481513762;6
9514;4345;1481540484;12
6382;9863;1481550990;2
14663;11850;1481549834;10
4766;1664;1481550827;12
24682;16138;1481540581;8
13905;8595;1481537995;2
12800;2153;1481517523;6
6669;6000;1481530515;12
14133;27390;1481510124;14
15017;12012;1481515425;10
7313;7636;1481529338;4
442;5696;1481547272;10
13195;21093;1481527076;14
13944;8320;1481518532;8
15225;14782;1481535068;18
21267;6266;1481519120;12
9979;19281;1481521060;16
14665;6534;1481515064;10
8419;20955;1481522301;12
6212;27430;1481522852;16
20157;13999;1481532745;12
16049;3952;1481516762;2
6620;1034;1481509713;16
1452;7774;1481518820;4
6962;23061;1481517224;8
26031;6900;1481537552;6
11826;387;1481531495;18
6365;8337;1481517549;18
256;11119;1481523973;6
102;1631;1481515464;18
11597;5279;1481540814;16
5827;22274;1481529274;10
5910;1495;1481520607;6
907;14691;1481525999;6
12815;14282;1481533142;8
19422;6123;1481540560;8
14189;25167;1481520877;4
5283;12285;1481520413;10
6414;3511;1481520080;8
10981;9243;1481517196;2
2845;2174;1481540077;18
6279;6362;1481514793;16
1014;37;1481522207;18
17885;2155;1481526998;8
16049;2794;1481515372;2
21030;2725;1481522761;16
7332;9426;1481544076;10
7252;6981;1481516633;16
8971;11114;1481541348;2
5982;3911;1481513491;18
12651;3610;1481510012;2
2326;5744;1481513767;18
19578;18952;1481514030;4
10305;19556;1481513540;8
27505;11128;1481514934;6
5762;11620;1481528843;4
24752;18102;1481522619;8
19070;4240;1481546540;8
8498;17240;1481535065;14
21322;8138;1481533061;6
8752;238;1481542092;18
1562;16043;1481522807;4
12096;10781;1481545886;2
4730;19052;1481545423;8
20121;27202;1481540255;14
27483;1748;1481549583;10
23168;199;1481541041;16
12813;19850;1481546038;6
25706;1699;1481518171;14
17498;12047;1481531666;10
5099;22995;1481532449;10
11739;4704;1481528688;18
6597;88;1481532543;18
13904;17254;1481520410;8
23740;15373;1481513652;6
1091;7613;1481524369;4
7023;24744;1481546146;10
8345;10384;1481514036;14
5921;2889;1481540366;10
6189;5902;1481527165;6
11905;19739;1481536839;16
4235;6130;1481546874;14
21315;12157;1481545093;2
4948;27297;1481534721;18
8637;4655;1481520773;2
9669;26211;1481528561;8
14705;17293;1481532013;10
18873;5504;1481549185;10
57;25176;1481534459;4
20587;15021;1481522206;10
18050;5719;1481534354;4
16894;1156;1481521052;8
7048;14427;1481547678;14
3775;5376;1481534949;16
130;3971;1481542273;4
12867;17891;1481535696;2
6254;1742;1481541497;2
228;27026;1481526467;18
19969;3902;1481511979;16
4286;14558;1481535272;18
13222;9433;1481509952;12
13679;8551;1481512983;6
6959;6331;1481530785;18
10114;8495;1481525769;4
8283;7988;1481540167;2
23038;5926;1481546002;12
1888;6952;1481537951;10
4813;22254;1481517681;4
7886;16558;1481515168;10
8322;21503;1481519927;10
20990;27006;1481541884;2
5852;16122;1481518102;4
12181;19491;1481533012;14
24671;11908;1481530633;16
9876;7569;1481537930;8
13209;16314;1481525569;12
11896;11022;1481528383;6
19226;8306;1481537111;6
12773;4882;1481512843;18
12023;5921;1481534086;12
11850;10100;1481546754;10
18834;13822;1481516090;14
10781;38;1481521380;18
18818;22968;1481542674;12
24258;1920;1481533911;12
6361;5120;1481526803;2
16177;7541;1481547507;18
9006;4016;1481547541;10
14614;3749;1481549678;2
8127;3293;1481528949;8
12567;5926;1481538596;2
4977;5913;1481524808;18
27091;6241;1481547978;18
24481;6656;1481511267;10
10568;7012;1481512121;16
1680;21307;1481541858;2
18865;11908;1481530324;10
6687;24743;1481550903;12
6868;7435;1481532555;14
7924;26240;1481541451;2
8018;1166;1481514370;18
23013;27130;1481526458;12
9449;11897;1481539176;8
23009;9960;1481528511;12
6588;20712;1481538201;10
8299;1009;1481511935;12
4592;20070;1481532914;10
1715;19550;1481539270;10
6900;17037;1481528644;6
13426;20128;1481519974;4
1545;11145;1481525127;18
27414;1326;1481518091;16
8943;9554;1481546192;14
1393;6293;1481528084;6
10833;12048;1481523876;6
27205;18097;1481550049;16
12813;4319;1481543982;16
9764;905;1481549604;2
12146;15083;1481548101;6
2157;118;1481544890;2
5871;13999;1481533957;6
17265;8600;1481550095;12
14909;19235;1481545293;2
321;14557;1481541066;10
20128;9900;1481547577;18
15533;2155;1481517512;16
6992;2378;1481524594;6
2383;117;1481515560;14
3405;6552;1481536289;2
26305;5127;1481531932;16
1111;20971;1481532285;6
27445;26051;1481530369;2
2985;15461;1481517677;16
8053;9573;1481526570;16
4048;9473;1481530948;4
25402;7647;1481523834;14
167;12414;1481512022;2
4105;4808;1481548153;4
10199;5073;1481527802;8
12576;7041;1481542810;4
19972;5922;1481518914;14
14420;9114;1481512324;8
24481;11798;1481514919;14
9200;16805;1481524407;8
7907;10326;1481546229;18
10826;14154;1481530803;2
13005;7390;1481526081;8
15078;12814;1481522990;16
23887;2869;1481523923;10
9535;9981;1481545503;10
8126;4952;1481538077;12
8144;1797;1481534629;6
19285;9836;1481528802;10
5120;1118;1481550297;6
9748;4008;1481537520;4
9144;4230;1481545198;16
19910;24360;1481519005;2
22603;3741;1481523793;6
4586;15932;1481533704;8
7859;10493;1481512591;4
24283;4926;1481548093;16
26147;3542;1481526717;4
8035;6988;1481511536;8
22444;3610;1481525561;14
22455;9752;1481537354;2
21494;5949;1481516166;4
25363;355;1481538724;8
10010;27397;1481530843;18
6463;21378;1481519148;2
27480;1145;1481518340;6
1687;23892;1481546310;6
18153;112;1481549058;6
20078;6806;1481537884;12
14794;3996;1481540791;2
23663;7882;1481538593;10
13902;27506;1481519845;14
6646;1220;1481509953;4
4312;7790;1481524557;8
16810;13944;1481528563;12
6863;20951;1481527494;10
4747;20092;1481525681;10
11781;13226;1481531539;2
8347;113;1481531297;14
25047;27556;1481547740;14
11758;4755;1481524544;14
5882;8310;1481517668;12
1181;1764;1481522434;8
5052;24140;1481542142;4
7094;11693;1481539638;8
5391;3381;1481523580;16
1747;7005;1481509897;12
4827;27297;1481548813;10
1049;2414;1481539803;14
27297;19779;1481513726;2
16927;22933;1481541368;8
24984;3702;1481527106;6
1634;4962;1481527946;16
13999;1931;1481550413;2
7611;11209;1481511365;2
17517;8848;1481550121;12
18879;20922;1481520603;4
4016;27386;1481517598;10
23364;9791;1481545000;4
11855;5051;1481532391;10
12713;6130;1481533489;14
9835;19093;1481543692;14
9522;10028;1481533993;14
5961;11810;1481543175;6
2844;12062;1481546841;2
136;1701;1481511141;18
23755;7487;1481520336;10
8295;8762;1481545241;8
2371;12620;1481549141;18
11242;12221;1481520898;10
25060;17536;1481540937;10
4927;10329;1481524311;2
12017;4740;1481548192;6
5631;15473;1481511827;16
1730;7910;1481523096;4
8485;24734;1481542030;12
15321;1028;1481514626;14
5999;15786;1481534407;18
14586;3921;1481509955;6
13875;1811;1481529152;6
15231;25164;1481543313;2
23865;7251;1481536062;4
4744;11947;1481534126;18
9060;18046;1481521830;14
5507;6767;1481522970;16
11959;23625;1481537833;4
6482;15476;1481532549;18
17792;10555;1481545532;6
27178;4238;1481510412;6
1501;15764;1481548224;16
965;6138;1481526482;4
8437;5729;1481530293;8
9670;14651;1481540510;10
1863;7688;1481511996;14
11959;6898;1481545324;6
4557;11855;1481522103;18
21488;6939;1481518009;14
8445;2324;1481547265;14
18809;4558;1481524539;2
19555;9831;1481520965;2
128;20994;1481532418;12
9426;25359;1481532611;2
2789;20590;1481541294;10
7983;1636;1481512893;14
8839;990;1481519427;16
21494;22933;1481546139;10
22296;13811;1481544743;18
22159;5427;1481541368;2
20423;1582;1481536583;2
19218;12746;1481546567;8
6860;15471;1481530304;4
11064;16883;1481523843;16
12793;12287;1481517892;18
19914;11255;1481540446;16
21484;17262;1481538256;12
22540;228;1481538074;2
1640;25468;1481536797;16
1533;17498;1481549311;6
11958;909;1481538796;4
12030;14002;1481545634;18
11245;8030;1481531534;4
27124;17457;1481534974;12
15021;5401;1481523448;2
9301;10984;1481547212;6
6586;18261;1481525261;12
20423;27407;1481534869;6
20109;11805;1481524836;18
33;24585;1481528910;10
27382;6468;1481529314;16
13085;20073;1481515854;18
22143;25386;1481536538;8
26205;3086;1481520391;4
27023;5420;1481525187;6
11485;1638;1481531834;12
24180;6301;1481530513;10
5529;23534;1481530588;8
8870;27268;1481511552;14
2414;24174;1481546883;18
5877;12772;1481519423;10
21802;24143;1481512325;10
11478;18889;1481544117;6
10102;10505;1481542619;18
4750;19803;1481518485;2
10885;3913;1481515889;14
7792;6395;1481527082;16
5868;6729;1481523002;14
19054;20088;1481523085;10
14581;3395;1481551032;8
6299;17046;1481539147;2
9282;6362;1481527435;4
3076;13214;1481526760;16
5394;11622;1481530255;16
9407;9201;1481537600;18
7864;16097;1481515910;16
19935;14952;1481522937;12
7065;26103;1481545575;4
25266;9064;1481521823;18
7881;14648;1481523241;12
19079;1278;1481512523;12
14448;4238;1481528037;2
10892;8560;1481520374;6
13892;14953;1481521089;6
20078;2141;1481548461;10
2726;6212;1481514247;12
24449;7294;1481537695;18
8363;26048;1481537784;18
420;19714;1481546237;6
17044;4312;1481540855;14
20303;5944;1481530748;18
8531;7569;1481544366;18
26165;20704;1481550946;10
8332;20547;1481534636;18
20990;10180;1481534406;18
9021;16799;1481547558;12
19941;1569;1481519600;4
1065;12072;1481527085;12
10659;20636;1481531983;14
15486;17507;1481535989;10
5742;17038;1481514958;10
5927;1844;1481530587;10
7899;7443;1481509751;18
11176;15162;1481547128;6
5749;26188;1481521812;8
25042;27055;1481547165;6
12235;23523;1481534919;10
1314;22649;1481532587;16
1669;19093;1481543956;4
14556;1277;1481550005;18
6702;13560;1481522918;18
13209;14245;1481540742;6
7102;19779;1481545776;14
24737;6451;1481534476;10
5883;392;1481536975;16
8415;5115;1481522803;6
2366;11594;1481516514;4
1379;5755;1481545614;12
19762;3264;1481512834;8
353;18465;1481518503;2
13496;14192;1481521076;18
1411;204;1481513979;16
8886;20455;1481518297;12
21078;9214;1481547765;6
19753;4363;1481547349;14
21486;1548;1481513804;6
10195;1601;1481532863;16
1852;2401;1481547921;4
6694;5772;1481527825;18
2772;7267;1481518635;2
24701;10510;1481548139;16
14238;6693;1481548734;14
15918;10535;1481510732;12
9368;8278;1481509560;18
7902;6891;1481519201;10
24480;11808;1481524120;12
10985;25513;1481510255;18
23032;417;1481512853;8
7313;8574;1481530389;10
5931;2606;1481520422;10
10542;12576;1481544509;12
1061;9329;1481542437;18
27035;3374;1481546026;6
1773;8704;1481538980;12
7397;2746;1481530098;6
18160;19218;1481534042;14
8516;4292;1481514133;18
10680;3077;1481544195;2
14992;27472;1481529191;6
5675;6777;1481533956;6
21089;2831;1481511766;18
4751;27433;1481547317;18
7034;23489;1481513794;12
14195;3091;1481512867;12
20425;3951;1481531407;16
1960;5736;1481533795;2
17552;18946;1481514705;18
7483;11416;1481547067;18
20342;1523;1481538117;14
10876;23101;1481513000;10
17015;15990;1481529756;16
3853;5756;1481549513;8
4267;17267;1481533505;4
27399;4361;1481510170;10
12069;20643;1481546894;4
20908;17406;1481542924;12
2605;14416;1481511444;16
17256;14283;1481522894;16
7783;4569;1481515448;14
22267;27382;1481534529;6
22460;11258;1481544582;14
1036;11627;1481511987;8
14108;22147;1481537217;16
4506;17771;1481536843;18
899;6649;1481519420;4
3542;19816;1481522895;4
22462;2987;1481547939;4
27406;24410;1481531751;6
11691;7143;1481509886;8
8576;3546;1481514911;12
18809;22134;1481517993;4
2756;8585;1481540397;8
19027;2139;1481536069;12
5822;2985;1481543004;2
923;6107;1481535491;10
371;6572;1481538003;16
19530;20358;1481550790;8
10403;14930;1481544873;6
22965;20959;1481524504;12
9533;7917;1481526138;14
13028;8317;1481519826;14
10226;5251;1481538224;10
6462;274;1481523318;6
17267;913;1481548468;10
13777;20631;1481530609;8
17550;5245;1481534073;8
6997;4656;1481528419;2
19804;6113;1481521017;14
27033;24670;1481545945;16
21295;5741;1481512577;14
9481;17267;1481550527;18
13197;9415;1481526108;10
23112;24354;1481525074;12
17877;4008;1481549928;10
1126;909;1481550364;4
5937;24258;1481540221;6
1523;27374;1481522094;8
6706;10111;1481513730;16
9738;4501;1481513010;2
3746;21225;1481517789;4
15125;24842;1481520587;18
8320;7474;1481545896;10
10614;8410;1481550033;2
8467;9652;1481519413;6
17866;6781;1481524832;16
6120;210;1481529382;8
14131;24568;1481530189;8
3458;23833;1481531539;6
1577;10778;1481526859;16
7352;22479;1481532785;8
5427;3776;1481527094;2
4199;14559;1481512301;10
17416;11598;1481529713;4
9056;9989;1481531266;18
21481;9077;1481522563;4
5913;10748;1481532770;8
18325;8342;1481512585;4
6920;2813;1481549859;2
7292;1816;1481545516;12
4856;12289;1481549172;16
12644;10709;1481542671;10
102;10887;1481533714;2
22530;20782;1481528782;4
4990;2133;1481523959;14
14979;25070;1481539820;14
3282;15987;1481539671;8
1580;1198;1481539478;8
4779;2020;1481532448;16
14116;14794;1481529649;14
24939;10114;1481537981;18
972;5952;1481537539;4
12064;20759;1481540030;8
7274;3723;1481544258;10
6187;1605;1481547078;16
8048;19741;1481510814;18
8876;1743;1481524448;14
6731;23748;1481523754;4
5694;5329;1481529009;18
2464;7957;1481540780;12
17361;5427;1481510248;6
18881;12370;1481522062;2
10251;10114;1481533552;10
18097;7565;1481548567;4
5286;21074;1481529367;16
14912;5754;1481541142;12
18839;3648;1481530776;8
8342;15992;1481539006;18
8275;22983;1481529802;8
8339;5412;1481522027;8
5972;23877;1481549326;18
131;333;1481547848;6
27407;1442;1481544398;18
14857;9748;1481531577;18
19898;14657;1481548295;2
20704;22138;1481518011;16
5103;18334;1481532156;12
18511;9741;1481530009;4
5091;279;1481547562;2
17299;1485;1481520252;8
6031;11743;1481516907;14
7600;19552;1481523498;4
12710;14549;1481533571;2
16038;19221;1481526098;4
17797;7634;1481520956;14
6469;4553;1481549535;12
9751;10540;1481524004;12
23106;23084;1481511907;4
6648;6503;1481550812;18
9486;20052;1481543194;6
3975;22993;1481532332;6
6328;11745;1481523666;14
6310;415;1481544222;4
8108;27548;1481516326;16
9256;9137;1481513257;14
14443;17019;1481540733;4
10796;3640;1481532523;10
4568;8034;1481537861;14
7296;1068;1481514539;2
25057;2611;1481513032;14
8598;21383;1481541387;4
20287;23152;1481535094;14
10003;17527;1481519565;16
2378;8684;1481527518;6
3982;11141;1481545982;2
20092;7617;1481549695;8
6191;23012;1481537660;14
15117;18156;1481533630;4
11577;10044;1481538046;12
11742;14696;1481512402;14
11910;6597;1481519815;2
15127;14166;1481520129;14
2751;3291;1481536218;8
14283;7622;1481531251;4
63;1714;1481519525;14
10674;6993;1481513938;8
7328;1667;1481548036;6
1794;4864;1481548422;12
6495;9210;1481538805;4
17441;12519;1481538242;16
6484;2353;1481550125;16
24431;19297;1481541633;12
10005;3023;1481529259;12
14799;7994;1481520795;8
7145;3788;1481515256;14
4967;3618;1481532112;18
6437;10594;1481537772;12
2364;9789;1481513076;6
23083;8470;1481524901;16
2794;24134;1481510277;6
23299;13496;1481544102;4
9813;13222;1481544404;12
12021;12787;1481517380;4
23496;7144;1481547304;10
144;6261;1481547300;16
5128;20075;1481520134;10
5883;5631;1481548175;14
8651;11144;1481538676;2
9407;15083;1481509806;10
23034;11386;1481529648;6
3559;9638;1481543322;4
10852;9239;1481527010;6
21416;16123;1481516415;8
6829;14659;1481530750;14
10226;24352;1481533922;4
6701;7330;1481514829;14
19527;11261;1481539220;8
8033;23177;1481531557;4
5396;13974;1481514223;12
7416;7852;1481514629;16
21089;22461;1481521449;14
4557;3388;1481548413;4
26315;17862;1481547883;18
18840;17428;1481535949;16
20052;10273;1481534949;16
1378;12578;1481523189;4
19039;1308;1481515672;6
14887;9761;1481528897;16
6961;11739;1481537708;10
6724;5353;1481520507;14
19064;7474;1481531211;2
14905;17037;1481538685;4
9645;5774;1481540523;18
12656;17508;1481517685;6
3696;21837;1481515675;6
2844;9549;1481525058;10
8667;12048;1481518653;4
23010;620;1481528882;10
9197;344;1481510662;10
5122;9519;1481522968;6
15022;2333;1481519067;12
14800;13880;1481518404;8
1882;3931;1481511415;14
14237;2524;1481542319;6
9324;14558;1481522203;2
8635;5353;1481534785;14
27335;18913;1481538863;6
19506;3542;1481523386;10
4230;6883;1481533326;16
4485;2171;1481539097;8
8496;13184;1481530455;6
16119;5857;1481537223;4
2116;10028;1481518822;8
13200;11626;1481528764;18
5434;14108;1481511263;6
1332;215;1481529805;4
15703;19554;1481513169;12
17455;2610;1481538268;2
20355;26041;1481542017;2
11600;24569;1481522200;12
5929;83;1481531007;8
23011;1853;1481548552;12
1551;1346;1481514811;16
5893;5259;1481546153;14
7404;6654;1481540659;18
565;8909;1481517383;10
27106;144;1481525711;18
1196;102;1481514983;12
24164;11271;1481535516;18
3389;1391;1481544066;16
5390;11850;1481518206;12
7554;224;1481530483;14
27559;3746;1481515929;12
9739;15376;1481530686;6
11906;17287;1481533016;4
27087;23669;1481526846;16
6192;26315;1481540134;8
10174;13562;1481540919;8
12184;18245;1481538739;4
225;18085;1481517015;18
12818;18047;1481542190;2
24710;8906;1481538968;12
24782;20327;1481541974;10
27027;224;1481544585;10
7697;27051;1481547934;4
23002;25074;1481520668;6
10852;3566;1481542429;14
6691;16036;1481538204;10
7604;6557;1481521408;10
4282;21795;1481522239;16
992;10714;1481523051;18
10990;17301;1481512451;2
157;330;1481525657;2
350;23864;1481539378;10
15295;15026;1481529107;16
20094;1766;1481529006;8
8160;20151;1481540474;18
7352;14446;1481523376;18
25076;1992;1481511150;14
17333;7680;1481547764;8
133;23152;1481521080;10
25056;9194;1481538371;14
18105;19873;1481533841;4
14806;332;1481524366;18
1969;8948;1481525738;12
9668;6971;1481520138;18
16903;1328;1481547656;4
1278;214;1481517186;6
20521;1452;1481532107;6
6706;15224;1481516469;8
2017;17054;1481538162;4
7864;12747;1481538543;18
2333;24663;1481539152;2
20194;7783;1481545670;16
10291;5765;1481540882;16
9990;5402;1481519575;4
10195;3599;1481512992;8
3396;6661;1481540400;14
8880;8429;1481538652;10
15355;10739;1481535151;10
12121;9986;1481530370;8
4582;8162;1481532108;10
4902;18891;1481521065;14
19847;19957;1481515714;6
15377;23082;1481510920;6
20106;4943;1481541818;4
9805;14622;1481524586;12
9158;15473;1481539394;14
18335;11827;1481543466;6
4024;21279;1481518558;2
9511;25340;1481538939;4
8938;22248;1481529481;16
10111;15215;1481525490;6
1695;1433;1481538151;18
13298;1695;1481550758;8
20517;15002;1481528762;6
6127;343;1481534629;4
3427;9113;1481521806;2
1914;22315;1481539516;10
20997;6553;1481548464;14
218;14986;1481509743;16
20937;7334;1481533300;6
59;6683;1481548235;12
7601;23515;1481510021;16
26311;8908;1481548090;14
9896;12145;1481546021;12
1707;966;1481523319;18
4848;7299;1481549798;8
6543;5925;1481515824;2
1533;19549;1481524257;10
6276;8581;1481544362;6
24142;2031;1481537332;6
18072;10911;1481517419;14
294;3063;1481534661;2
19957;1102;1481514785;10
17475;6241;1481542979;18
9207;9499;1481540628;10
22312;12773;1481543333;6
9390;24710;1481525955;2
22603;21306;1481533745;4
4813;12653;1481524206;16
6840;17923;1481536311;12
20656;10221;1481533302;4
8740;24669;1481525277;6
10265;290;1481533172;4
599;12624;1481536521;6
15978;11231;1481529157;18
6201;5825;1481515189;12
18183;15488;1481512744;18
24063;10810;1481536718;6
19762;27202;1481534015;14
4272;17308;1481541859;18
23019;1298;1481527099;16
9686;9663;1481546260;4
7563;15015;1481509639;12
13911;20461;1481512138;10
17788;17893;1481546997;14
16872;16640;1481509868;8
1922;10116;1481531741;8
11406;6368;1481511536;2
17364;6316;1481524404;14
1005;8240;1481531803;14
14253;17242;1481537123;12
10506;17330;1481532140;14
27484;5128;1481527871;18
7073;22649;1481516709;2
20895;14894;1481541431;6
13820;8304;1481545253;10
93;13286;1481547024;8
15032;17417;1481548775;14
19213;12074;1481514276;6
17878;254;1481523973;10
4951;83;1481547889;2
1319;281;1481522180;10
2365;1815;1481524762;16
8391;21253;1481530317;2
20064;27262;1481523741;8
16936;6826;1481512249;6
7967;22500;1481532914;10
17332;10761;1481531265;2
2848;9553;1481515467;4
5128;20369;1481515802;14
5857;6717;1481548664;4
6241;937;1481510441;12
4800;8801;1481513538;14
25384;11076;1481524086;18
5935;2813;1481539942;18
13864;11240;1481532359;6
4579;7624;1481515705;12
11149;12389;1481511368;6
8600;10044;1481542631;2
7874;20316;1481523317;10
7958;17001;1481549589;10
6640;21719;1481528303;2
24481;8963;1481532223;8
5756;5284;1481541847;4
18075;20372;1481511977;18
3466;22493;1481539944;18
12297;26161;1481524987;8
8547;1740;1481545844;2
17306;8995;1481529820;16
10594;1498;1481538181;6
5476;4330;1481515440;6
8366;1552;1481538036;6
6951;5694;1481546566;18
11065;26099;1481538304;10
1609;12795;1481523768;14
17843;12216;1481537345;18
23623;11105;1481549054;18
25531;5346;1481531957;8
9889;12246;1481531011;10
7885;17797;1481535415;8
10025;8031;1481513124;18
4672;8372;1481538275;4
1112;7855;1481516699;2
6800;4996;1481550319;18
17040;6535;1481522953;18
22535;12572;1481514102;2
6325;26148;1481539170;2
6119;14659;1481523965;8
20369;3028;1481544310;6
10670;20347;1481535016;6
4969;13214;1481549643;12
20967;7163;1481544230;16
20919;3376;1481517958;12
15302;2171;1481534345;10
27266;8549;1481542463;12
8566;19986;1481550649;18
7672;8638;1481538831;8
12576;8741;1481550543;10
23739;8168;1481540140;8
8238;1955;1481535790;6
16909;163;1481520969;16
12921;20899;1481517152;10
5640;20013;1481528908;12
1963;16840;1481545079;18
26110;8377;1481547112;2
7791;11023;1481516123;10
11034;13255;1481529966;6
1102;7541;1481515533;2
23507;12709;1481539207;8
15230;6130;1481539986;18
14243;10194;1481546929;18
3984;6925;1481513729;12
17673;1726;1481517743;14
8415;8761;1481515497;16
15229;17309;1481542958;14
9856;26038;1481547168;16
6812;6992;1481525081;4
6429;18887;1481528820;8
7460;15083;1481543181;4
10385;6796;1481510836;6
4954;16318;1481514137;12
6460;8869;1481540891;6
22647;9524;1481532346;2
27392;8365;1481537731;10
11779;8322;1481548405;14
21283;3545;1481510916;4
8758;1530;1481521470;10
24360;5278;1481509665;8
1227;1492;1481518085;18
27231;1384;1481535841;2
8126;4241;1481533739;6
16051;26266;1481522565;10
5879;140;1481546884;8
97;1131;1481513802;12
17268;10276;1481524826;6
16197;27059;1481543744;10
4485;2361;1481543516;10
27198;3273;1481526097;8
1325;7552;1481540701;8
4215;24285;1481544829;8
10686;6586;1481540011;10
6948;22968;1481528821;14
11810;25269;1481528303;18
21486;20453;1481516731;16
1664;6249;1481526869;16
17407;26211;1481526280;16
2735;12187;1481548509;2
6013;10464;1481551038;10
3713;5711;1481522872;10
8645;16197;1481509676;10
27298;6358;1481512700;2
26051;8745;1481535274;6
20123;11066;1481533578;16
4253;4881;1481522565;16
15346;8505;1481510422;12
23743;24140;1481523336;16
12764;6353;1481517719;18
8044;9860;1481531434;8
1066;5896;1481542205;14
27385;7418;1481527893;14
3260;23050;1481534816;8
1041;232;1481533824;4
296;15781;1481549439;4
6210;19423;1481520698;2
23320;27417;1481538468;2
10711;2379;1481539966;10
16916;27028;1481520105;12
3458;7765;1481531604;16
19915;1895;1481546727;12
2134;18839;1481513989;8
10073;26037;1481534753;12
14254;20789;1481530488;12
5487;2871;1481543802;2
985;4756;1481514690;14
14653;3753;1481513091;4
20414;9484;1481543790;18
6637;22997;1481533784;18
1578;3756;1481524882;10
15188;7073;1481520192;14
994;3116;1481542126;14
7312;10699;1481546433;14
1640;1083;1481525266;10
3261;9986;1481547863;12
9563;10597;1481548943;18
2848;8711;1481544599;4
5419;2418;1481511165;10
905;6685;1481548112;8
9152;5585;1481528604;4
2135;14269;1481550645;2
21267;9565;1481532258;14
11377;1170;1481517261;8
17607;17009;1481517341;8
4025;8089;1481521269;18
17296;6793;1481535247;14
17457;1033;1481514539;2
5731;10014;1481535544;2
15391;25012;1481514659;10
22576;9242;1481531163;10
3987;2136;1481543117;2
3163;27229;1481543422;18
14451;10072;1481528957;18
24673;21504;1481524580;10
21444;7469;1481530967;12
13870;5983;1481522971;6
1246;10257;1481513107;12
4875;15225;1481521745;4
14558;225;1481527538;12
1770;20288;1481517934;2
11032;6193;1481527644;8
10575;8597;1481529510;14
11255;3505;1481541554;8
1387;15034;1481550001;2
5941;24090;1481514327;18
5374;27459;1481515717;10
11406;4255;1481520733;8
19804;14574;1481541437;4
11007;5117;1481523956;2
9987;11483;1481537205;14
5699;14543;1481542837;18
21382;6499;1481546115;16
9363;10569;1481543796;6
20036;3607;1481512431;6
6005;10096;1481527982;8
11765;15237;1481543873;6
23650;8126;1481548512;14
22495;9403;1481530700;16
7442;20572;1481510029;8
24375;1259;1481545712;6
19052;6599;1481542467;14
10648;18050;1481513006;14
11782;23365;1481520968;6
967;26311;1481538819;6
16650;7354;1481515208;2
15320;13215;1481536478;14
20191;20575;1481544582;2
7571;8310;1481538638;2
15309;23177;1481517293;10
8321;9006;1481518302;18
21482;13871;1481528423;10
6560;7835;1481543093;10
1036;8873;1481534488;2
2167;8692;1481545848;12
7078;26035;1481510254;8
25000;25367;1481532145;6
22539;1334;1481529240;4
1535;8930;1481509672;14
5028;20292;1481546924;14
366;25263;1481524753;10
2012;9357;1481535910;14
2036;620;1481522676;14
9527;14551;1481513283;14
27003;8665;1481529914;18
10359;8877;1481518522;8
3621;10183;1481524722;2
24250;6858;1481537599;8
10462;7054;1481513364;8
6777;9969;1481539385;10
6830;271;1481536841;4
11575;9217;1481528811;4
14259;27294;1481515648;4
317;5882;1481511425;18
9021;18146;1481514258;10
2283;11210;1481537270;12
1192;13138;1481547649;2
23889;27118;1481512320;6
3467;76;1481542642;16
4878;25045;1481517186;10
6489;11795;1481517042;2
7794;10215;1481533737;10
4251;1868;1481512062;12
1313;4851;1481512598;18
24744;10080;1481523143;8
5084;4832;1481523586;18
7999;10525;1481526641;10
15075;7169;1481547952;12
19883;26038;1481535634;18
4675;1180;1481528911;14
980;1704;1481526658;16
250;10004;1481548735;10
6266;8136;1481534253;14
3556;19873;1481527559;8
15243;26395;1481548967;14
5773;2125;1481516762;4
15474;9391;1481545141;4
12600;6176;1481526955;16
16293;7188;1481525784;16
25011;15522;1481520998;4
12783;11106;1481548090;10
110;18050;1481535228;12
9299;17019;1481528891;12
19851;14800;1481545070;8
24161;11137;1481543724;4
5886;11910;1481540500;16
8969;9872;1481512725;4
5730;11269;1481533683;8
22443;1400;1481520197;18
14624;6795;1481515057;16
5695;8952;1481533602;18
11036;10766;1481523660;2
22926;7942;1481536224;4
11000;23450;1481550138;18
3993;20531;1481541864;2
19286;11025;1481544716;4
22646;6360;1481516229;16
23022;2871;1481532288;4
17425;17146;1481510990;2
389;8564;1481528856;10
17031;8139;1481524296;18
9783;11156;1481540183;2
1120;21718;1481537096;18
27318;13126;1481512410;16
11152;18511;1481512749;18
8741;20977;1481531393;12
3258;14871;1481541697;4
8940;18909;1481526484;10
8958;1143;1481536824;2
18859;10279;1481531416;12
5085;4581;1481525159;14
6570;20093;1481549230;12
26260;18346;1481520743;6
14113;24063;1481516144;4
18201;5600;1481549133;16
10189;13889;1481549675;6
7314;10916;1481541226;10
1048;4660;1481545603;16
2383;3624;1481513450;6
17174;20355;1481533866;14
10189;19752;1481520769;16
5437;9328;1481545891;2
3505;23041;1481521252;12
27183;8517;1481539357;2
21398;27439;1481513834;2
8387;6132;1481542509;6
1376;14953;1481536886;4
1575;22585;1481547792;2
4520;2280;1481510175;16
16649;8237;1481538968;16
6898;3417;1481516139;14
19880;22937;1481531263;14
9532;20356;1481511484;14
15916;6574;1481536324;18
4823;6237;1481545254;6
7638;4225;1481547404;16
14631;6585;1481525931;12
3728;3915;1481528683;4
1899;14167;1481544263;10
12765;12408;1481536364;12
17473;18048;1481518677;2
8032;27477;1481520788;8
441;27486;1481543107;8
19283;10250;1481518584;8
13901;17007;1481530027;8
11727;12309;1481521313;6
4946;11261;1481521356;18
10739;2137;1481529229;14
19881;26259;1481525214;18
2768;12153;1481526553;4
25021;8742;1481544540;2
8538;9685;1481527684;12
9992;5989;1481511531;6
22526;1088;1481541276;8
25024;2845;1481525371;6
25085;6190;1481528010;16
1811;6332;1481532200;6
20128;14690;1481531972;10
11841;14495;1481540863;14
1281;13914;1481527129;14
8744;17418;1481513906;2
20455;16937;1481516831;12
4180;18879;1481550052;12
6309;16181;1481535358;6
1231;7168;1481512373;16
6973;19949;1481513303;4
4961;5751;1481520080;10
25522;2747;1481513857;12
1186;16334;1481543866;16
25266;270;1481525036;4
25366;22;1481540417;14
25377;6382;1481530970;4
23062;2168;1481527743;6
8233;8328;1481518010;4
7525;10611;1481514056;14
21800;1020;1481541165;6
6009;5641;1481519699;12
19547;12410;1481514493;4
12309;6114;1481539788;16
17883;14656;1481526958;2
17673;11059;1481538851;16
23650;165;1481531787;18
23855;19224;1481536648;8
19852;5469;1481549662;10
1170;19771;1481520276;4
11892;345;1481539551;12
15980;16046;1481529066;6
21360;17529;1481540649;2
4916;25;1481531853;2
11947;18860;1481517639;2
430;3256;1481544100;10
1891;11024;1481546580;18
23621;365;1481525153;8
9467;24356;1481519576;8
6266;4918;1481510325;10
7394;1385;1481544183;10
12867;3686;1481523620;6
3000;2429;1481520552;4
8406;17793;1481538663;14
1743;1676;1481522643;12
14703;11943;1481520168;18
3330;25175;1481532010;8
6855;389;1481547934;6
9674;12037;1481528621;8
6480;8296;1481541342;8
23763;20985;1481513691;2
11407;7399;1481534793;4
20022;4313;1481513274;2
6199;13878;1481548459;18
3617;9423;1481519908;8
21799;16909;1481516353;2
14801;7609;1481513192;16
6153;23262;1481540293;16
10180;13949;1481516240;2
5110;4997;1481532871;14
25343;1967;1481548795;2
18350;27459;1481549648;16
18073;10501;1481539934;14
24965;13201;1481549423;2
5878;24410;1481544863;16
10650;12069;1481540948;18
20429;7864;1481530734;16
20310;2365;1481516841;10
967;22492;1481539782;2
19946;217;1481531733;18
27087;10123;1481538518;14
6146;82;1481549862;4
5739;1667;1481543997;6
3376;15327;1481525800;12
16891;4177;1481521075;4
15298;10635;1481538629;12
11009;20136;1481540992;18
6994;8417;1481533530;16
11371;9865;1481524300;12
10639;7438;1481525581;14
13976;23445;1481543482;2
11743;14916;1481536124;14
12247;7137;1481539097;2
11179;1322;1481548933;12
19496;25071;1481515769;14
4236;7785;1481509548;10
11718;10123;1481520608;6
6950;20006;1481517867;16
12183;7261;1481513397;6
5715;27182;1481511194;12
21231;3623;1481514526;2
6944;22526;1481518739;18
6786;12711;1481514995;8
9333;19881;1481546678;6
24446;24710;1481524036;10
12314;4223;1481525016;2
7899;10031;1481549807;14
2775;7806;1481513314;16
14858;7613;1481548138;2
10927;14185;1481523016;18
11623;7813;1481537816;2
18903;7538;1481532981;10
4566;7575;1481550685;6
14871;4583;1481543287;8
7674;2161;1481549715;2
194;6883;1481521230;2
5872;9187;1481550683;6
9959;25182;1481542264;4
23318;6889;1481543863;10
6199;2319;1481519650;4
5858;3907;1481528901;8
24090;10321;1481545530;14
3010;1601;1481550153;6
9013;15287;1481528476;18
5941;6336;1481512861;16
21840;4413;1481548784;8
6968;7357;1481543388;6
15029;3922;1481517931;4
6123;6451;1481524395;18
1319;7263;1481518643;12
23618;9560;1481541698;14
13198;14207;1481519506;6
6474;11227;1481533356;12
6125;15083;1481524428;6
17025;1271;1481539209;4
19759;12695;1481546657;18
8364;3417;1481550826;16
9894;14862;1481538606;18
11102;12025;1481534432;16
22483;23525;1481539607;12
3458;10030;1481518914;14
2361;19799;1481526291;16
5006;24501;1481522474;12
4882;19802;1481541187;12
12414;1653;1481515299;6
19723;1490;1481538254;4
17046;6863;1481547228;2
11053;10719;1481530457;14
4705;11176;1481549339;4
42;13183;1481530775;10
25380;2276;1481527875;2
6015;2139;1481527625;2
22451;3379;1481545119;6
16799;1400;1481544781;14
21493;6354;1481532640;6
27396;7160;1481548316;18
20657;10521;1481511725;4
19080;10684;1481511381;12
11627;3273;1481511670;16
12585;23663;1481547704;12
22971;12262;1481540067;16
6650;8837;1481517649;14
9667;3566;1481512662;18
6543;17361;1481509688;12
7099;7490;1481525959;4
14794;5910;1481518522;10
16026;5515;1481542474;6
11905;5948;1481522503;10
27280;19093;1481514772;16
1352;2795;1481543168;18
8781;6623;1481524587;10
7853;4525;1481548939;4
1120;10533;1481528958;8
3011;20395;1481522811;6
19760;25052;1481547469;6
18424;27374;1481525948;14
6851;8090;1481537121;10
10680;2121;1481529030;8
23101;8658;1481530368;14
3011;19087;1481533284;16
1691;8412;1481536621;2
12238;6201;1481537574;2
19918;7109;1481521410;2
8912;9475;1481549529;18
5901;25487;1481524371;18
8343;4628;1481549932;12
7077;2171;1481529656;14
19771;9792;1481509973;2
6296;7487;1481523387;10
7946;24665;1481538189;18
23762;3279;1481532546;14
20035;18863;1481516868;14
10517;11051;1481532346;14
7336;9360;1481529295;14
7175;11415;1481520602;4
16124;7314;1481546478;4
5843;5803;1481515869;2
275;27386;1481514979;18
4007;23108;1481534730;18
12378;8528;1481546544;14
6444;19588;1481525001;12
4814;6413;1481509896;4
12290;5855;1481526807;6
21289;223;1481525711;12
6856;2880;1481521945;16
19218;10188;1481545501;8
16201;4287;1481518984;8
6123;11159;1481523775;18
4882;10383;1481549508;18
27124;17053;1481510275;14
1763;3888;1481530730;4
12015;2417;1481532894;10
9673;23168;1481517240;16
23861;9757;1481535292;6
11396;14129;1481530397;8
13779;218;1481527464;12
20288;8526;1481512108;18
15371;19212;1481541451;2
3703;8238;1481537446;12
11126;4670;1481525595;8
8131;2407;1481510610;10
212;2137;1481515866;14
20335;978;1481517852;18
6647;13977;1481522094;4
1930;3949;1481523913;10
21267;22937;1481523014;16
5281;17038;1481515699;16
7092;1042;1481535357;10
12421;5764;1481545816;8
24255;13123;1481531469;12
18158;22503;1481526317;6
24968;8477;1481528968;10
9418;8351;1481542551;4
12577;8183;1481544016;6
21839;10706;1481516528;8
7679;2355;1481516853;6
20852;19486;1481538187;2
9991;13079;1481537015;10
17151;11179;1481514464;8
9885;10907;1481523284;18
11095;6700;1481527762;4
23970;10905;1481536068;16
8335;564;1481532444;16
4862;1178;1481538220;16
9262;13941;1481548309;10
16934;26218;1481527695;2
1633;25430;1481519625;12
3068;10997;1481536767;12
7679;23318;1481511609;16
11111;2156;1481523588;10
6570;27455;1481510650;10
1460;1257;1481530184;14
4997;5770;1481528107;4
10771;6502;1481511304;12
24663;15518;1481541621;16
8462;17472;1481528810;16
15648;15329;1481518955;10
27550;1457;1481518689;14
15734;3273;1481537714;16
2411;2363;1481514950;2
15088;2525;1481539278;16
9257;6763;1481519252;16
1282;17593;1481526090;2
7672;24970;1481527149;14
7821;18847;1481542742;6
22248;271;1481518936;16
17334;9660;1481511322;14
7350;9394;1481512641;8
18465;9778;1481521476;18
1109;271;1481512988;2
14704;22468;1481519660;14
10466;5298;1481529236;12
1856;27344;1481539611;10
1430;8465;1481542878;6
19022;16302;1481549929;16
40;9114;1481534205;18
19790;6501;1481540281;8
9472;12288;1481544210;8
4214;110;1481550562;16
2330;10695;1481531465;8
13189;15379;1481542023;2
10252;7402;1481533229;4
6139;16931;1481542339;10
11043;6944;1481541265;6
7587;11400;1481527171;6
1740;14187;1481518497;12
14916;8574;1481513556;18
7099;4331;1481545027;6
23355;8321;1481543278;14
21252;23036;1481515294;14
18193;1104;1481547771;10
15236;27464;1481547676;2
6680;8643;1481546523;12
1536;6203;1481527496;2
4032;19753;1481527085;8
9288;6657;1481519369;10
1344;9836;1481541911;8
12655;3410;1481549466;14
6312;9766;1481530222;14
15368;8802;1481547577;18
8008;11246;1481525677;12
895;26262;1481532875;16
8921;22626;1481518457;6
5654;20866;1481548852;10
16128;6873;1481511443;10
10123;19225;1481523313;6
974;17053;1481540555;8
12387;21410;1481534033;18
7354;15734;1481533085;6
3901;9012;1481529551;12
1640;9761;1481532046;6
16130;27206;1481546587;10
15100;2321;1481522266;10
8917;15226;1481532470;6
12577;6782;1481516024;6
8657;2282;1481512215;14
3020;3397;1481533896;2
20338;1421;1481516635;10
27486;27405;1481511438;14
12182;11695;1481534643;4
4238;5083;1481528082;14
5850;1254;1481546310;10
15749;25397;1481514468;12
24140;1204;1481516217;18
16017;11629;1481542392;8
2378;17507;1481519692;18
20064;10426;1481523698;16
14260;21316;1481531181;2
27536;9797;1481536127;10
5883;16183;1481526797;14
6298;5940;1481512293;8
8696;18328;1481512277;16
16195;5724;1481531449;4
27007;1410;1481549713;16
20971;2334;1481547621;6
20645;116;1481522087;10
4806;24137;1481528664;8
10908;27505;1481513994;10
6581;11241;1481512613;6
23518;14963;1481526070;8
162;1146;1481514376;8
7570;3269;1481515779;6
16891;15117;1481536778;14
4335;12279;1481538277;12
9162;14581;1481539002;4
8165;21313;1481511414;4
2878;4914;1481522348;18
20908;7782;1481538815;18
13188;5908;1481512730;12
8335;6247;1481537217;10
9820;6336;1481510350;2
10605;399;1481541479;18
7418;23543;1481540267;16
8239;1389;1481529386;2
21093;26477;1481522519;14
15248;5841;1481539645;14
6440;6485;1481541385;18
10251;18111;1481546353;6
18088;1579;1481548381;12
8050;6927;1481524706;10
201;6913;1481544707;8
17394;1717;1481531979;2
24061;8278;1481517946;14
17285;1797;1481544247;2
4760;7164;1481514831;4
2779;24428;1481517328;16
1954;6895;1481540883;18
9104;6996;1481533259;14
3609;27376;1481519570;2
1375;9904;1481525881;6
9241;20999;1481548254;8
1285;11271;1481523132;18
23152;4041;1481537909;18
19066;1269;1481536894;2
14571;26305;1481512683;2
27020;27384;1481536175;18
14497;17607;1481525459;18
7372;10261;1481540170;2
16203;8966;1481512654;8
10118;10289;1481512326;8
1159;12333;1481550335;4
1935;16796;1481516279;4
8195;4558;1481539989;16
97;7776;1481549089;6
8974;14575;1481549521;10
20982;16928;1481527177;8
18348;2804;1481521491;12
23515;1399;1481545732;6
14915;17586;1481517964;10
18817;20131;1481549631;6
11374;2835;1481519671;6
27263;11683;1481526228;10
23811;3689;1481530451;18
8876;1190;1481521794;12
4969;16180;1481512023;4
11037;2878;1481545305;10
8877;1693;1481529842;2
16139;16864;1481536372;16
10201;15749;1481519754;8
9678;4873;1481527011;2
6880;20460;1481542792;16
10237;6380;1481524508;6
19527;26150;1481525803;10
25412;1277;1481550297;6
9509;5632;1481527550;10
19737;11142;1481544409;8
12643;13892;1481540533;10
14890;25041;1481512832;6
5359;1708;1481544694;8
4189;11363;1481542845;18
4683;8483;1481541635;18
14128;1581;1481517652;4
13907;19935;1481512715;16
7415;8448;1481510924;6
9545;18196;1481538713;2
9341;1339;1481525019;2
21499;21493;1481522471;16
2169;24762;1481530500;10
981;4239;1481528788;4
9485;12411;1481519118;4
23352;5901;1481536647;14
3926;6032;1481537160;16
4706;6383;1481520271;10
3968;14948;1481537840;2
11247;6407;1481546955;6
15008;12069;1481520648;6
13884;7587;1481525571;12
2023;7906;1481532174;8
3700;6358;1481536057;18
1429;8130;1481514879;14
8864;18836;1481511582;8
6294;26103;1481527453;18
27463;25000;1481520757;16
127;20693;1481520144;6
3951;7963;1481543135;16
122;21795;1481530661;14
5762;27543;1481538981;6
19224;23060;1481544541;14
27178;9271;1481530996;2
26219;25265;1481515551;8
6222;23112;1481520919;6
15321;16134;1481510218;4
13808;9133;1481549526;2
1452;12760;1481510467;10
8405;5845;1481539052;10
5025;1230;1481532285;12
5652;6276;1481543720;12
14580;21361;1481549287;16
21803;181;1481517842;8
3267;17885;1481538808;18
8493;17470;1481541137;6
19419;23522;1481532413;12
17001;23517;1481518917;18
7308;11917;1481527400;4
6460;65;1481534191;10
4544;3389;1481528569;8
23740;13779;1481532658;4
1205;3779;1481525822;16
9205;1816;1481517999;18
11821;10683;1481542642;12
88;22535;1481530556;4
16811;18098;1481535328;14
3897;8973;1481512834;18
13212;3727;1481538772;14
1514;8280;1481524202;6
4798;2522;1481544426;16
9685;14219;1481532254;4
3247;16098;1481513833;8
4729;8741;1481547816;2
3510;8651;1481515235;16
12043;21503;1481541771;14
1327;6656;1481532694;10
26322;9660;1481531581;14
11250;13814;1481513652;18
6977;8690;1481540631;6
431;1429;1481529549;16
214;11784;1481539201;12
27410;15787;1481521921;18
6976;10469;1481525665;10
13773;4813;1481519663;14
16196;5585;1481515319;10
15027;23807;1481525417;18
9458;27163;1481529146;18
19599;4510;1481538572;18
14634;25489;1481531043;14
7060;1419;1481530079;14
13002;9904;1481535764;12
91;12280;1481524286;6
5551;8934;1481527053;14
18940;15013;1481543362;12
24750;15243;1481515134;2
6543;4936;1481517980;10
27342;3411;1481547397;12
1462;5001;1481546699;2
13972;6976;1481549617;18
4994;22315;1481516871;18
4945;26085;1481544354;12
9984;4186;1481510370;4
11096;6188;1481526009;4
10071;19818;1481515717;2
12219;3852;1481530707;10
2124;18052;1481543357;16
7907;6705;1481512930;4
341;10268;1481521525;2
6310;11946;1481527146;10
4685;11089;1481541711;12
14623;9963;1481512251;2
5895;23111;1481522332;2
6627;21317;1481528240;14
9104;18314;1481525324;6
2122;19799;1481551090;8
21727;1299;1481544759;16
3079;2612;1481519800;10
10220;7836;1481538657;8
12002;16781;1481537524;2
6489;20930;1481526049;14
9561;23695;1481528903;8
12016;112;1481535727;10
6920;5416;1481533703;18
23877;8281;1481532159;12
4591;12156;1481539406;12
6471;8300;1481519765;2
12055;8462;1481548979;8
2397;6278;1481528318;8
4003;9161;1481511942;10
17515;6557;1481513274;4
20692;17154;1481520342;16
3249;1535;1481550452;6
10268;4266;1481528731;6
14242;140;1481537699;8
17027;7402;1481530441;2
16911;4697;1481521117;16
16041;8905;1481543248;4
14269;2753;1481518967;18
1400;20994;1481517384;10
4786;5081;1481529653;2
14637;14980;1481515070;6
3544;26038;1481529361;14
17921;12709;1481547626;4
25320;15393;1481523029;18
1318;1661;1481519292;18
22270;20192;1481518503;14
9405;21069;1481526634;14
6838;6858;1481548688;8
17386;21323;1481534849;2
4610;7462;1481516496;10
23152;1450;1481529378;8
7371;10214;1481524536;8
11395;3741;1481548297;4
5330;22958;1481511872;14
24378;1738;1481519463;10
7901;10881;1481550755;16
6406;19869;1481514057;2
113;11598;1481510382;14
1414;5938;1481540067;14
18960;24449;1481525967;2
7847;4739;1481513696;4
11025;23170;1481528691;18
16189;26471;1481533341;6
223;25344;1481511535;12
20642;14120;1481534239;8
18908;7555;1481546283;18
9422;86;1481515208;2
23299;27321;1481546093;6
4484;19044;1481522499;8
8806;5740;1481547417;14
4996;18099;1481510621;14
3590;18144;1481536839;8
10781;416;1481517672;16
401;5035;1481518701;18
11692;18893;1481511580;8
11501;20520;1481539103;12
20864;4969;1481523329;6
13794;8914;1481527853;14
10722;7057;1481543125;6
9960;8299;1481511815;16
10111;11232;1481518908;10
27427;14199;1481549660;6
22969;5999;1481527433;4
1597;20192;1481549118;14
1373;7477;1481526757;6
6110;9534;1481525447;10
20656;1934;1481519856;18
11237;11034;1481548390;18
1565;27038;1481545671;10
8886;23893;1481526722;12
7427;923;1481521706;14
8171;10069;1481521763;18
2989;10180;1481549534;12
5298;27382;1481539547;8
1420;16140;1481533170;8
25323;7871;1481543507;16
4762;2400;1481517554;4
27171;1746;1481543300;6
9899;10010;1481527789;18
25449;10522;1481530826;4
3623;7872;1481515058;2
10888;6254;1481540047;16
13114;3957;1481525228;6
3380;5611;1481520174;12
9164;14698;1481510476;16
2987;19799;1481521094;18
7804;10356;1481545020;12
8682;103;1481541187;6
16191;9109;1481541752;8
6828;3073;1481539649;8
11743;17209;1481519874;12
11482;3643;1481543126;12
1387;3950;1481512656;10
14921;16647;1481517241;8
6717;3253;1481520037;6
5969;292;1481529632;16
6505;22263;1481542783;14
24279;21312;1481509897;4
20053;5691;1481528872;18
15249;919;1481517640;14
9454;24563;1481520798;16
5934;10640;1481532319;2
20536;7582;1481522085;4
17507;19074;1481528224;8
308;3163;1481518674;4
27408;7771;1481524267;2
12583;1443;1481541722;8
5101;1587;1481545390;6
20395;10263;1481529776;6
3001;1203;1481515905;6
1293;3072;1481539645;10
7246;27394;1481517489;18
1050;17007;1481528905;2
13899;4747;1481526025;18
3542;19211;1481542958;4
5688;19753;1481530298;14
9151;39;1481530838;6
1116;6793;1481520243;6
9554;11036;1481536147;8
26182;7070;1481527759;10
3462;11106;1481538289;16
10613;16803;1481549941;2
21837;27482;1481522576;14
19066;16200;1481541100;14
8305;20936;1481537033;2
3790;9527;1481523575;16
22450;6936;1481520997;12
20123;11032;1481523221;2
15352;7793;1481546736;18
27013;25140;1481540203;14
2383;5477;1481526465;6
9755;27403;1481521312;4
9363;1989;1481515880;6
911;18859;1481518219;2
15376;16141;1481513584;8
24357;8761;1481548669;4
169;9357;1481539670;2
19061;1498;1481549556;18
13215;8350;1481525419;12
1897;21758;1481525653;8
5881;16535;1481544270;14
27424;5859;1481518211;12
1088;18181;1481537543;14
7848;3372;1481544761;12
19028;12873;1481539844;18
17518;7482;1481520196;2
3363;1431;1481546634;4
17255;19885;1481513883;12
20769;10031;1481537810;4
5287;1010;1481515682;18
19880;420;1481542667;8
21759;20607;1481524759;12
24955;9984;1481510710;2
1116;20936;1481538029;4
7848;2747;1481544096;8
167;6668;1481518268;16
18813;7049;1481527600;6
7303;1914;1481513468;18
20193;11601;1481549901;14
23884;25086;1481529113;18
22606;8044;1481531933;10
15508;22509;1481549278;16
17399;5628;1481540719;6
11795;3005;1481536083;6
8308;6671;1481531328;12
1408;10635;1481537529;18
183;13081;1481528779;6
7435;200;1481528860;2
12745;6413;1481514110;10
10605;20683;1481520036;18
9210;4197;1481534462;10
20064;4194;1481526330;12
21488;17536;1481514545;14
15747;2733;1481528544;18
7948;10828;1481527334;18
8382;27164;1481520875;8
20782;37;1481538048;18
21402;983;1481510113;14
4813;8904;1481543728;4
8742;1392;1481546792;8
9566;25047;1481513048;10
22647;4677;1481549736;16
10768;13213;1481530911;10
6359;23619;1481510965;4
12280;23640;1481540135;10
23646;23650;1481542019;2
19283;14165;1481514311;6
2123;13112;1481543667;16
26083;13984;1481532651;14
16336;9217;1481550491;18
20572;19857;1481538008;8
18849;2384;1481517551;12
3163;6391;1481533395;2
6160;7811;1481530226;6
10735;19815;1481537750;10
5391;4936;1481545722;8
12775;308;1481533902;2
3163;9312;1481517804;14
26145;11870;1481536562;2
26313;9990;1481526658;10
10260;17850;1481526649;6
19232;7795;1481519516;16
23851;11159;1481513411;4
12095;27038;1481540162;4
20907;19940;1481535831;2
15307;22307;1481549782;8
17882;6692;1481538433;4
3247;1910;1481515539;16
4582;17419;1481537679;2
5264;9223;1481517410;8
25250;2315;1481511548;10
10207;33;1481528817;12
11943;11248;1481528007;8
11248;7603;1481525404;16
25533;19873;1481522862;18
10996;11401;1481548252;2
8987;6404;1481549972;4
3607;5822;1481547466;6
15731;4587;1481536740;8
9917;8936;1481537651;18
14496;8366;1481538979;12
2799;6150;1481510741;8
6015;9569;1481538127;14
6274;20693;1481537028;16
12695;20523;1481518692;8
16140;21717;1481532482;16
19417;25064;1481541540;18
16635;13912;1481510001;10
4780;3748;1481526532;6
12656;18245;1481542578;12
4522;5283;1481514457;8
26040;8387;1481513512;2
8648;23053;1481543212;6
5861;4245;1481519632;8
247;19058;1481510073;10
16780;27039;1481522260;8
10015;16311;1481543149;2
22451;10328;1481526477;8
24446;8248;1481546315;2
8136;3002;1481521883;18
24968;1886;1481518516;18
18877;20068;1481544353;6
27554;12043;1481512597;10
8323;5647;1481528706;8
25197;24950;1481549004;8
17160;11947;1481514180;2
21807;10185;1481540871;2
8691;14961;1481538680;8
121;7849;1481548543;10
20311;7881;1481527643;14
9274;1174;1481520784;18
16873;7363;1481518079;18
17015;1428;1481511098;14
8524;35;1481510900;8
7813;14950;1481512447;16
18399;22680;1481532211;10
9362;8765;1481540132;14
9228;20123;1481526819;4
17002;8443;1481511444;8
6718;12641;1481528362;16
19847;14496;1481534617;2
3253;25383;1481541426;14
5898;15648;1481513487;6
5654;7962;1481530150;16
8892;12143;1481549695;6
7814;8573;1481530983;2
3777;9649;1481515212;6
14924;4481;1481534046;14
6459;16117;1481547633;6
10089;10724;1481519087;10
2399;19939;1481532614;16
5372;9759;1481518741;14
11063;18196;1481536035;4
4785;8910;1481550799;4
14891;12575;1481529515;14
127;1065;1481526118;10
3985;2609;1481522562;6
1897;9961;1481537764;18
17308;22274;1481536360;6
9839;6637;1481526329;12
8760;19943;1481511827;4
6772;15081;1481532566;8
3497;5487;1481539312;16
8028;21311;1481517960;16
23696;9993;1481522024;14
24378;6380;1481546921;6
9738;21389;1481547588;2
6109;11501;1481543516;6
6900;12362;1481538362;10
19026;13217;1481550048;10
11398;9383;1481548488;18
2375;1420;1481528539;2
12333;17530;1481533252;6
10388;6854;1481524884;16
1887;1331;1481521728;8
4968;11033;1481537960;2
25188;7485;1481525261;18
6435;7863;1481525302;16
7264;7765;1481528112;16
11862;1278;1481533220;12
17705;14557;1481543872;14
10175;169;1481528904;2
5932;8528;1481516910;10
4728;7996;1481533504;10
20950;1188;1481532088;18
27021;1815;1481544510;12
5626;7037;1481542604;14
3779;17030;1481546323;4
5949;26104;1481535529;18
9666;15250;1481522847;2
8277;6982;1481535562;12
7847;25070;1481514546;18
19922;17034;1481539381;6
12229;3768;1481538919;10
18190;7063;1481527767;4
1357;7764;1481548829;18
16783;10510;1481526709;14
9364;5122;1481525231;6
225;16046;1481510286;6
12404;1880;1481526341;10
5003;18245;1481538502;12
8513;14289;1481545865;4
3926;1128;1481526785;12
25263;5774;1481536190;4
9446;3088;1481550217;12
23787;8867;1481549340;8
1655;17431;1481511028;10
3700;7283;1481537747;8
5641;3219;1481539417;18
8945;27006;1481530965;14
19859;20657;1481537323;14
11635;14116;1481537155;12
9609;3394;1481548756;4
12742;4265;1481544681;4
10195;3752;1481517897;2
3855;1028;1481533997;12
7443;213;1481547064;16
17866;14185;1481538954;18
27041;4998;1481549414;14
7166;8908;1481543242;16
12164;14797;1481546029;10
84;12815;1481522099;14
9553;16531;1481539412;8
25386;14106;1481536512;4
5804;46;1481511832;16
3467;25011;1481512427;12
19303;12187;1481523188;2
25383;2159;1481537186;12
4823;17257;1481541334;6
11788;21454;1481547936;16
2291;4659;1481511933;14
6157;24143;1481538865;18
4876;3728;1481544135;8
5889;6331;1481522623;6
11391;5775;1481547901;10
16914;20132;1481521445;14
1966;11150;1481516049;4
20853;27411;1481510913;10
8836;5329;1481543179;16
4272;6546;1481518065;2
23739;1096;1481515962;8
26152;18936;1481542594;6
1703;1208;1481516470;14
6482;2419;1481546177;6
15380;15998;1481542579;2
8762;8403;1481530986;6
19761;18883;1481540678;12
10202;22270;1481543854;12
1109;19069;1481535970;4
11771;17303;1481540942;16
24622;3264;1481510126;18
27094;9018;1481520944;16
24410;11134;1481527665;10
6477;23349;1481543749;18
72;25258;1481538910;12
1118;1569;1481536578;18
21221;12329;1481537938;6
8163;15533;1481516407;10
6306;2777;1481516509;16
5403;8696;1481535225;14
8398;3598;1481526066;16
7190;8691;1481544000;4
24481;391;1481541862;4
17337;15933;1481530807;8
7563;3073;1481518646;12
14195;11947;1481550669;10
9432;1717;1481550817;2
1090;10374;1481516983;10
1459;9205;1481531817;16
2352;2373;1481519841;18
20098;8879;1481545686;14
13873;11595;1481538056;2
8566;6328;1481533954;6
12120;989;1481533052;2
25185;21844;1481539869;4
1518;10553;1481549805;14
9982;24417;1481539488;12
21412;6573;1481531168;18
5104;12098;1481528603;10
27061;6464;1481533659;16
21091;10119;1481518423;16
27380;8593;1481527799;10
6585;10567;1481532169;18
20414;9602;1481522715;12
20534;17395;1481549883;6
2115;3421;1481525264;6
10503;3898;1481525208;18
17881;15307;1481550630;2
4710;7948;1481539093;14
359;3401;1481529318;12
4980;17242;1481513451;14
8144;5432;1481526931;14
4707;1230;1481536236;10
13777;8806;1481513814;14
8171;20093;1481528153;6
22252;2818;1481537583;8
1157;7670;1481516559;16
15079;20981;1481531485;2
10312;14560;1481535166;14
22621;6327;1481525541;14
3788;11904;1481537145;10
4879;25086;1481534371;4
27333;17046;1481522289;10
13948;7855;1481543177;2
8586;19860;1481530802;10
5607;5987;1481518139;16
16885;24533;1481510923;2
27053;27381;1481514161;4
10525;9007;1481542634;10
8124;2818;1481513573;6
10198;14157;1481528174;14
17283;9938;1481544423;18
1317;16182;1481516195;18
6944;7975;1481519838;6
15023;5101;1481509747;8
17529;1599;1481541411;16
23039;15787;1481515742;18
27554;10718;1481541838;2
13214;11402;1481514268;16
7453;7879;1481544176;8
20887;22651;1481543623;16
3730;14793;1481523050;12
12814;15786;1481543417;14
4591;5389;1481532715;12
17045;27102;1481527302;8
4287;10114;1481513129;18
12092;26473;1481531473;12
3745;5475;1481539673;6
21491;18182;1481537005;18
7521;6669;1481525928;12
6473;22602;1481527772;6
3701;1689;1481510033;6
23047;9144;1481550438;10
16303;5248;1481550729;2
8508;5644;1481521699;8
9517;3542;1481545202;12
26041;13454;1481512914;8
19867;18934;1481547275;8
22266;10270;1481548946;4
3292;6783;1481550188;16
6600;5990;1481516622;6
5379;10019;1481519452;8
4281;24670;1481527662;16
1735;12099;1481533824;8
7847;22432;1481517839;14
5405;25250;1481536287;2
13344;24378;1481535901;12
15298;7948;1481531940;18
5761;2879;1481527803;4
2383;2738;1481537266;2
1793;9840;1481540810;2
3725;23621;1481521573;2
18336;6703;1481529412;10
5004;20088;1481513783;18
18196;6540;1481521881;6
5102;2611;1481516776;12
16802;20543;1481523372;12
23623;9623;1481541754;16
1370;13220;1481510894;14
20121;12285;1481538643;12
88;5019;1481517692;8
8003;12421;1481546245;16
6732;1351;1481521697;4
15133;6156;1481548611;12
2839;17461;1481515404;4
8982;10409;1481546008;10
6247;12290;1481539401;18
17170;1153;1481519148;2
5119;5910;1481527164;6
8764;6138;1481542482;2
26035;9433;1481521352;18
20704;5128;1481545316;6
19712;8937;1481545347;10
79;15243;1481548416;2
9287;2415;1481544043;10
8014;11384;1481535293;14
24413;2273;1481525185;10
1099;6523;1481546891;14
3118;1942;1481550432;10
6917;12318;1481509502;6
1167;14890;1481518314;10
22259;18764;1481537423;12
8468;14583;1481550686;2
15213;3540;1481541401;4
6451;24471;1481525097;10
27014;20484;1481545890;8
10544;22159;1481514250;4
6690;26480;1481509877;6
7599;11075;1481536065;6
14132;3469;1481527949;2
20775;15027;1481520554;16
20587;5780;1481538622;18
7780;4013;1481543745;2
9661;23037;1481549474;10
5121;1089;1481542839;4
2947;9882;1481541531;8
8874;25176;1481548290;18
19833;7709;1481543052;12
18534;11041;1481520036;6
10894;13855;1481526368;16
17403;12786;1481538940;4
16118;7313;1481535375;14
970;11944;1481540233;12
16812;9897;1481549096;12
14131;3789;1481522097;10
13345;3330;1481521424;14
27491;11034;1481545164;2
9306;5725;1481550263;4
17867;6477;1481537213;2
12519;4288;1481535153;8
9836;2409;1481511157;4
6406;18908;1481520332;10
5296;2465;1481528274;18
20909;11416;1481539399;14
17209;5753;1481543370;6
5415;6111;1481522035;16
20119;11626;1481526954;4
12731;6841;1481548896;18
20984;14420;1481511880;16
4542;9011;1481538620;12
20420;7563;1481512871;6
1158;27048;1481526368;2
17378;3723;1481540626;6
1067;14863;1481542525;10
13314;1364;1481513200;4
4027;20545;1481544513;8
15371;18072;1481517794;14
8923;3946;1481512002;10
1172;11034;1481540345;16
4337;2166;1481523467;10
173;3592;1481533065;18
9602;420;1481526586;12
9975;5294;1481543142;4
20486;10999;1481518564;6
6210;1715;1481544453;2
19590;1793;1481547075;18
5755;356;1481537718;12
7054;10634;1481528626;6
7594;6792;1481516588;14
6285;25044;1481514675;16
4026;3400;1481532294;2
1458;5249;1481526486;16
3507;23040;1481542445;12
10116;2392;1481523418;2
1648;5914;1481512121;18
27402;7407;1481517379;12
14928;5439;1481543809;18
17400;19965;1481527045;18
23262;8906;1481529920;2
16135;19046;1481527384;14
14712;7001;1481519488;4
23166;8279;1481543109;14
7613;2415;1481534380;14
8349;15350;1481531721;2
18115;11095;1481543482;6
4805;1992;1481542077;2
17485;12378;1481528485;18
5818;5469;1481510177;6
8833;19985;1481515077;12
18880;23152;1481531671;18
15407;8958;1481518682;8
5374;428;1481510081;16
415;13215;1481516388;4
410;3290;1481519864;18
4349;14495;1481528015;16
19864;20336;1481511996;10
5674;5250;1481521678;4
6316;4048;1481543508;8
19813;13911;1481514588;8
22614;257;1481540610;2
1523;2139;1481539514;12
1003;8349;1481525597;6
266;1142;1481540999;4
12103;1499;1481540081;14
8795;18512;1481523301;12
1106;5958;1481549153;14
2158;12235;1481520593;4
23652;5812;1481535215;16
23787;19941;1481519634;14
24701;10614;1481534278;14
19226;380;1481512375;16
21398;20147;1481532272;18
19532;17579;1481541381;4
6543;5896;1481515708;4
18839;8950;1481530911;14
13224;5719;1481541460;4
6880;13808;1481520966;10
3943;6367;1481543837;4
24533;12211;1481520322;16
10267;10360;1481525540;6
10000;4610;1481510406;10
6213;20395;1481538867;8
7648;20689;1481522029;18
15994;25176;1481548114;18
6249;19549;1481548386;4
23110;10348;1481545445;16
3389;12698;1481520589;16
2737;13005;1481523337;12
2159;27322;1481549650;4
8537;11134;1481535603;4
8581;18849;1481516280;2
8035;20791;1481511601;14
44;26373;1481543899;16
4039;5908;1481532902;4
13974;6569;1481517855;12
3990;24987;1481517167;18
14918;7672;1481526160;8
11884;26500;1481512675;4
2836;1266;1481525012;12
14795;13188;1481534975;4
15754;5037;1481511323;12
9005;25024;1481524103;4
3743;4272;1481516888;12
11227;11772;1481547156;18
20392;1319;1481519970;10
14151;5849;1481510548;18
22966;18806;1481542591;14
20481;19795;1481550815;16
9319;7351;1481527358;2
6015;27387;1481532238;10
18817;21494;1481512832;18
14922;11768;1481540108;14
20529;4254;1481533954;10
15735;11596;1481525805;18
7485;22504;1481530801;10
17285;9526;1481521860;14
27202;4899;1481526519;6
18160;622;1481548633;12
14420;5947;1481525928;14
27396;17439;1481546508;14
7521;1578;1481549977;16
19846;24140;1481539972;16
26101;10603;1481525916;14
13974;24178;1481544946;14
1018;27129;1481528714;10
14538;9881;1481533904;18
12780;27101;1481527437;4
1696;22460;1481525361;14
10930;20366;1481535694;18
7700;23452;1481533417;4
9673;1913;1481521129;6
17457;1406;1481512295;4
15403;27421;1481530727;18
10614;15448;1481527443;12
159;6990;1481542513;14
20395;6249;1481538381;18
20927;3124;1481520697;12
2817;8173;1481540335;4
24354;1414;1481544240;8
24284;20088;1481520849;8
10263;6178;1481533535;10
17885;9347;1481539277;16
20773;8757;1481515618;2
422;167;1481511933;6
2177;11631;1481547584;14
6919;8951;1481513033;6
24952;25004;1481533564;12
18865;5759;1481548523;10
12083;17875;1481516475;2
1596;8558;1481537007;8
9609;2527;1481527666;6
17601;1096;1481537729;18
10186;3547;1481514507;18
3287;7073;1481535787;18
128;11373;1481512137;16
22489;6700;1481531595;16
16783;17266;1481528480;16
8975;4322;1481525234;18
17395;27178;1481542065;18
10639;20888;1481546762;10
6608;5029;1481517060;14
12368;20072;1481519873;14
14880;17331;1481521361;18
6799;6154;1481536193;18
26105;5977;1481514084;6
25078;5007;1481532941;8
15768;5935;1481535300;12
12581;13262;1481549095;8
11769;7504;1481510405;18
382;9363;1481530085;6
8817;3291;1481548080;14
27535;9396;1481526664;16
26218;22219;1481550393;16
14999;20091;1481512417;4
25531;20980;1481547252;10
1325;19985;1481526761;18
22538;7388;1481541392;10
5764;23162;1481550274;18
7886;6501;1481530265;16
2349;5334;1481544162;8
7544;27282;1481523360;14
22145;16139;1481530141;2
8416;11989;1481534099;4
10997;4251;1481524569;18
10253;6546;1481550876;4
4572;24472;1481529652;14
11206;26103;1481524435;8
5430;17043;1481523065;2
3714;5982;1481544639;14
16119;7974;1481537990;12
11954;20695;1481539309;12
7947;20538;1481533211;18
21841;8782;1481516608;12
3382;5053;1481516371;6
4724;992;1481524949;14
9530;6364;1481510303;10
416;6652;1481519485;12
23754;12409;1481535631;10
11911;5829;1481520572;16
5419;22316;1481513600;10
23141;21719;1481537180;6
19269;22159;1481540364;8
3712;9893;1481523550;12
27202;16302;1481535980;12
4275;2413;1481526143;10
4254;1857;1481531241;16
14625;18165;1481550733;8
1595;16193;1481544896;6
10604;7795;1481513820;4
14639;11152;1481517089;14
6625;1195;1481517453;2
12327;4914;1481550057;6
17797;1461;1481525556;16
5052;5972;1481542618;6
17274;2785;1481522779;4
1572;4275;1481535001;14
24427;21400;1481550924;8
1583;8691;1481540696;10
23486;6141;1481539714;18
17381;17025;1481510612;10
20144;1298;1481545479;14
3027;1081;1481534536;4
9228;7253;1481544983;4
2645;12370;1481510416;12
8118;20852;1481540458;10
17393;1484;1481513467;18
2345;9204;1481519538;6
9977;17040;1481529555;12
6245;7830;1481544545;8
14892;40;1481542296;16
3980;10504;1481511671;14
12156;24742;1481535698;10
21806;21305;1481531122;12
10494;11028;1481528772;14
8352;2525;1481523634;8
9013;12651;1481540556;12
12216;7475;1481515382;14
15229;4206;1481533798;2
6703;27394;1481510790;4
18814;2740;1481518043;8
17306;271;1481549681;10
4810;6256;1481539887;6
4958;12094;1481550405;18
21297;17870;1481518549;12
14141;10632;1481518269;14
1961;6607;1481540655;18
8863;20403;1481510479;2
23039;7899;1481531372;10
14632;4544;1481510553;6
18863;6653;1481549930;12
26192;2810;1481526813;14
23021;24933;1481516767;10
4914;27449;1481535581;6
7861;7531;1481533019;14
9207;1294;1481549784;2
13869;1795;1481540682;12
22258;7414;1481532976;2
413;7773;1481526004;16
3539;1978;1481531044;4
23516;12387;1481528881;14
3466;10070;1481511161;14
18102;20547;1481519309;18
15100;25467;1481550035;10
18088;14860;1481541066;10
23850;8643;1481539946;6
9645;21802;1481525392;16
2120;3076;1481545947;16
10472;14806;1481526798;2
16142;19865;1481517892;4
1115;2743;1481548666;18
8510;13761;1481513013;10
20193;17429;1481540993;12
144;5423;1481528539;16
106;1058;1481533884;4
1848;15961;1481543297;12
23317;1355;1481525892;18
10198;6209;1481541393;12
3970;2738;1481520031;2
23756;439;1481541738;8
5491;22983;1481545395;12
5500;9893;1481511639;14
6454;10721;1481526968;16
3941;24451;1481514734;6
211;15932;1481512188;2
10258;7577;1481513707;14
7559;17033;1481548366;2
4989;2729;1481518499;16
15513;5803;1481541780;4
8678;15755;1481530249;6
8432;7365;1481523095;2
16196;11266;1481522882;2
9968;2280;1481534110;8
2338;14653;1481544137;10
11264;19993;1481526327;16
3972;26100;1481516205;14
4596;10419;1481530770;8
18857;8809;1481547248;14
20930;13944;1481536686;16
17444;3954;1481520307;8
105;4197;1481543107;18
945;275;1481520044;14
19046;1337;1481531343;6
3395;4969;1481529384;14
13758;3970;1481534078;6
27510;25080;1481515564;4
9309;2830;1481526400;14
23489;7840;1481530371;12
14561;3970;1481539482;16
9667;2978;1481524599;10
272;4311;1481532422;12
21376;10395;1481534147;8
8048;21091;1481511177;12
1326;10220;1481510501;8
6832;21216;1481524254;12
9294;6979;1481523636;14
1535;11113;1481514867;16
8923;11049;1481514381;2
21292;6529;1481531030;16
10194;11064;1481519523;14
8687;4181;1481535424;12
1372;5627;1481534779;6
5469;5639;1481518207;16
8904;6515;1481523181;4
25066;27410;1481509546;8
3911;1685;1481531595;8
6888;4356;1481526620;2
7541;22969;1481545517;12
1105;7326;1481531993;16
21376;8453;1481526903;8
22646;7060;1481544428;18
998;9391;1481514865;10
9950;9862;1481534954;18
8390;1446;1481532071;18
10687;6872;1481541381;12
12415;6727;1481549515;10
23535;1958;1481512705;18
5940;5754;1481516383;10
7244;9414;1481520507;18
19044;10514;1481538530;6
15242;5784;1481538434;18
4214;5824;1481531861;12
2814;11699;1481538645;12
8240;6405;1481545497;18
1486;6544;1481539055;2
27389;18069;1481544774;14
9001;5690;1481543481;12
10822;4862;1481525656;16
12097;2816;1481548516;2
265;23;1481521249;6
1028;23118;1481542116;14
6825;10492;1481511040;14
8279;27206;1481549944;2
10986;10406;1481534614;4
1789;4039;1481550008;12
7683;16809;1481524779;8
9867;27003;1481513489;10
18893;10072;1481532928;8
10986;3680;1481530275;6
21596;6159;1481511791;6
5387;15486;1481539702;2
20328;20310;1481539799;6
22933;4898;1481525263;4
9846;25387;1481527640;8
8477;15162;1481548776;14
8634;367;1481514020;8
6406;20413;1481523824;16
8132;9737;1481526359;16
4258;23861;1481516753;4
16811;3288;1481511452;6
15011;6003;1481546631;4
14892;3705;1481541923;10
17155;9670;1481520729;4
4993;19436;1481524921;6
25375;8486;1481528123;8
4979;10880;1481525561;10
9282;6859;1481538352;2
8365;207;1481510439;2
6332;9553;1481526858;2
1926;16203;1481525841;14
27171;12097;1481518902;8
11086;5717;1481538398;10
15079;17846;1481518452;10
3154;4304;1481539241;14
17270;7852;1481532070;4
9938;4990;1481546831;14
18325;24565;1481509641;10
21077;7889;1481520557;18
19526;25331;1481531858;8
8942;23622;1481542637;16
17041;25369;1481528080;8
21805;27440;1481527753;18
13872;23338;1481537868;8
11960;19828;1481537249;8
8900;11945;1481509907;8
20911;3016;1481537925;6
20658;27412;1481537582;2
16369;21842;1481512930;16
20239;14698;1481510405;16
3640;15446;1481529014;14
24668;8943;1481519226;8
215;6818;1481516484;8
23755;15016;1481520403;18
14800;26471;1481538627;8
10562;7982;1481548290;10
5753;5614;1481545255;2
11009;24471;1481541737;14
3595;24655;1481519945;4
9828;16822;1481536805;16
10906;6506;1481528766;4
15029;8560;1481521815;4
14543;16134;1481522876;6
6474;5002;1481541513;18
3448;14488;1481514118;8
8973;18533;1481512516;18
10288;2944;1481513168;18
16193;16813;1481541174;18
4195;10494;1481533736;18
7334;12016;1481514770;14
14420;4264;1481533020;2
1181;17871;1481548208;14
2339;1908;1481527731;18
5968;7696;1481522858;14
24428;17457;1481515341;2
5473;7563;1481542416;2
12347;10437;1481529643;16
1389;22493;1481548069;4
27041;7363;1481513380;10
14270;11960;1481521339;16
23520;20899;1481551010;8
19951;284;1481520797;4
27059;23021;1481538938;16
307;14633;1481543000;8
7711;24651;1481535741;4
23104;1358;1481520434;16
27493;11588;1481533693;14
27269;8948;1481543381;14
13809;5119;1481544797;4
15297;21412;1481524579;8
14001;20361;1481514496;14
1086;6285;1481546913;6
4331;27466;1481532468;12
11791;1324;1481549904;4
1503;19306;1481520568;14
6137;8194;1481522889;8
10923;1398;1481539891;18
8745;12561;1481523166;10
20982;7357;1481545470;6
14150;27377;1481537615;10
27379;10500;1481524240;10
6109;22925;1481520528;6
19547;12914;1481510047;6
19053;24431;1481549640;6
27399;8127;1481539822;18
3419;19560;1481543998;4
893;17285;1481532246;6
25321;25547;1481516679;4
20691;8547;1481518858;18
22276;18813;1481526689;8
14857;24255;1481525922;8
10008;7823;1481524684;4
19952;21230;1481540767;10
9881;8430;1481537648;6
7801;27326;1481532263;16
17512;21397;1481525031;4
18533;21259;1481525981;12
3605;5018;1481549719;6
2352;24326;1481517013;2
9677;24354;1481547977;8
12244;5100;1481537560;4
21805;20532;1481520527;16
10710;10574;1481531405;8
16840;23049;1481532504;18
4773;22431;1481514085;10
8966;1002;1481521904;10
19296;5033;1481511483;14
21803;1690;1481530944;8
4849;1626;1481536068;6
4542;9560;1481516645;4
20922;24571;1481548927;12
6236;14121;1481538315;10
7561;7631;1481526964;4
21229;5993;1481548465;10
7342;25059;1481520780;4
5358;27322;1481546091;16
6013;11095;1481523533;8
9328;7790;1481535160;18
17286;18182;1481523377;4
25356;1484;1481511196;14
13724;7611;1481529779;10
5613;16353;1481545896;12
18346;21717;1481523844;10
12133;16915;1481532480;16
19277;10460;1481516050;6
2876;9003;1481515153;16
9541;5405;1481527126;4
8505;19918;1481547520;12
23535;11484;1481510293;8
5505;16098;1481540002;18
18782;9458;1481528078;14
3559;5240;1481519900;4
24424;12404;1481519980;16
26318;5782;1481530734;14
7079;9465;1481531873;10
19209;4348;1481528792;16
22137;13560;1481522631;6
23823;7236;1481530972;4
7144;1302;1481517109;6
1347;16781;1481540530;8
11028;3123;1481519738;4
15311;5985;1481512590;2
4739;23053;1481550932;16
3970;9532;1481516790;2
4943;18782;1481516386;2
1557;11042;1481521716;10
18444;1656;1481532331;4
4802;25072;1481531669;8
13620;3737;1481530454;12
1173;22641;1481547385;12
20602;6189;1481533032;12
11858;6011;1481532350;2
8930;6357;1481542429;4
13030;973;1481520348;16
10623;10186;1481526351;16
10636;18881;1481522784;16
10124;12314;1481539531;4
17401;2323;1481523163;10
7076;6027;1481521524;14
18165;15159;1481531623;16
14289;7715;1481534835;6
166;7328;1481511039;14
1452;6309;1481534097;10
11399;132;1481510679;4
26280;7276;1481538690;8
21388;8775;1481544049;4
11258;10099;1481537417;6
7672;27206;1481529340;10
6870;3485;1481513821;2
18070;6456;1481545373;10
1669;8372;1481523725;4
25084;24753;1481519796;8
8701;27061;1481510952;18
10670;10717;1481546528;16
1068;27321;1481516121;14
27411;21077;1481525940;18
14565;19832;1481530262;14
16827;6894;1481523894;8
6130;7339;1481544643;14
10180;7495;1481530984;8
25397;22645;1481528099;6
3513;23970;1481540272;4
3409;8516;1481514006;4
27444;4245;1481513337;4
7157;18936;1481515810;18
11224;3124;1481517174;14
4321;12521;1481525252;18
8141;6374;1481543768;4
23302;6586;1481525946;8
6816;22955;1481519093;12
1001;9288;1481513086;8
13195;233;1481525936;10
136;21798;1481547187;16
7829;7680;1481526655;12
3469;27333;1481525959;10
1655;20126;1481541829;18
11020;15931;1481538678;6
15020;11090;1481510028;14
20335;24370;1481540501;6
1979;3465;1481516603;6
20959;14134;1481529271;18
12745;25194;1481517622;10
25189;1491;1481532891;16
7246;3386;1481527102;6
9661;10367;1481515539;2
24327;10488;1481515422;2
4838;7538;1481534832;12
6550;1415;1481513543;8
3264;18079;1481522716;12
7208;20398;1481540753;16
376;19648;1481511563;8
27130;16124;1481522116;10
6255;12185;1481531985;6
3536;26189;1481536219;10
4530;558;1481511230;12
5675;27012;1481546406;14
18900;10219;1481528932;10
3695;27006;1481549060;2
15339;7037;1481516512;6
8500;21841;1481536077;18
27520;1695;1481536817;16
279;19526;1481530676;6
18438;13260;1481516681;8
23833;7925;1481514274;10
6956;4586;1481540313;10
13218;3902;1481530532;16
13255;15481;1481515535;18
3068;14572;1481548212;18
19919;14428;1481545225;16
5551;1332;1481540585;4
10316;13028;1481527831;2
196;10561;1481516767;6
26091;4642;1481524507;14
10220;9486;1481548764;14
13081;9464;1481513375;8
8231;11950;1481517234;10
12147;17673;1481509766;16
22627;1500;1481533274;8
28;2412;1481521799;6
24370;1766;1481533283;2
4701;11783;1481536384;6
5956;15761;1481527865;10
9998;8863;1481550070;6
13202;22268;1481512919;4
13911;9663;1481537008;16
26084;27232;1481530417;14
2115;18160;1481524350;8
3609;23651;1481541034;4
11250;10113;1481518080;2
19944;1178;1481530186;16
3029;19552;1481528779;12
1266;5949;1481538292;12
9820;20014;1481543631;4
27407;5485;1481516880;6
7768;11031;1481526028;6
4936;4413;1481525090;8
9775;27158;1481523181;2
14264;27277;1481550406;8
23061;9058;1481527289;12
11155;20110;1481533212;6
12103;21493;1481538484;4
24929;1145;1481516559;2
8334;14794;1481547821;8
3507;13826;1481547914;2
7302;275;1481548186;14
6712;10719;1481525510;12
9820;22794;1481545236;14
8124;1255;1481550188;4
4528;5946;1481512693;18
1337;21071;1481541625;18
22955;9971;1481535969;6
2024;3996;1481515311;2
5882;20062;1481516000;14
10010;1345;1481546398;14
15319;23787;1481544190;12
4597;17305;1481539240;10
3916;5952;1481546314;18
10309;4628;1481526566;10
21442;21493;1481523708;12
14717;27035;1481543659;10
18085;20292;1481527714;4
270;2744;1481512192;2
560;25531;1481546488;4
4761;27411;1481523820;18
349;11058;1481528041;16
13794;5751;1481514395;14
3623;9211;1481534578;18
3987;2378;1481516639;6
6586;15084;1481541925;10
10613;5999;1481510474;14
247;21442;1481531374;10
6673;8194;1481510695;8
6327;18861;1481513362;4
9546;2607;1481543264;10
18859;6289;1481533252;4
10120;20971;1481546031;2
6475;25361;1481545935;10
17441;9645;1481520313;16
8369;6012;1481539374;12
25265;1216;1481516107;6
8422;8571;1481526546;10
8994;2332;1481509891;4
10219;23857;1481516056;16
20132;25086;1481550298;12
23757;5882;1481521852;16
27375;18207;1481514336;10
1205;25321;1481526598;10
1425;10204;1481528729;8
7699;4662;1481513219;2
11941;10601;1481514702;8
2848;14544;1481531095;10
13902;7264;1481519427;10
4345;1256;1481526000;2
6002;22626;1481536935;12
23791;11083;1481527904;2
2010;12780;1481520269;18
8498;6006;1481531447;6
14150;23831;1481533080;18
2351;22315;1481528029;18
23824;16851;1481549459;16
10515;12021;1481529653;14
12649;15223;1481520625;12
7973;1151;1481543601;4
26204;6193;1481518754;18
3791;5805;1481550786;12
14263;17508;1481536052;2
11138;14189;1481510596;8
8747;19077;1481515340;12
22582;14710;1481521859;8
20443;10519;1481522954;12
5726;11209;1481532966;18
9306;25168;1481517259;12
25361;3935;1481516284;16
18048;10549;1481547171;14
16307;18764;1481550370;14
6664;16888;1481532628;12
6407;23526;1481519396;10
7148;9444;1481529501;18
10568;21223;1481542639;10
7246;4883;1481540931;2
3286;246;1481520653;10
5962;15483;1481541471;6
7176;5810;1481540805;8
4983;7352;1481514775;18
23350;8993;1481511952;10
11409;7618;1481533384;12
4222;2408;1481511063;4
12818;9845;1481549036;10
1763;288;1481538149;2
4692;6161;1481513693;4
8759;19778;1481536733;4
19067;1972;1481511009;10
397;1495;1481544124;16
1963;430;1481528881;18
4978;3245;1481513952;16
1352;8572;1481518094;12
7554;10071;1481515426;16
8127;10219;1481520726;16
27292;12245;1481513381;16
4045;20038;1481518132;18
3054;27399;1481539961;4
9408;2844;1481527915;8
17278;26218;1481549583;18
20338;17299;1481547274;14
20754;4736;1481518721;8
3594;27059;1481538135;8
430;9414;1481510633;8
3067;2525;1481548947;16
1034;17862;1481520065;16
21802;5846;1481536454;18
11007;10020;1481549005;8
18088;6764;1481535425;10
8337;16141;1481539619;16
11757;24238;1481518988;4
18070;18046;1481548321;2
25387;27520;1481518663;10
1539;4181;1481512573;14
26207;14654;1481530905;8
1276;4223;1481547654;12
13782;6181;1481542080;14
27311;4627;1481527586;16
13177;19213;1481543146;14
10927;8323;1481551019;2
12059;14621;1481517785;8
1203;7606;1481516869;14
206;252;1481535197;14
1688;1416;1481520423;2
4533;24143;1481549751;12
3536;6142;1481547094;18
10244;25196;1481544665;18
8005;11921;1481550732;10
18864;7629;1481522842;4
4263;9060;1481524514;4
9144;20104;1481512989;10
1601;20782;1481546792;14
19850;5855;1481527270;14
5708;11563;1481516966;14
1101;6874;1481517767;6
2031;12866;1481537447;12
14113;12945;1481531715;6
20471;4952;1481521616;10
12098;25128;1481533817;10
22219;364;1481516509;10
24394;5115;1481547703;18
5548;5372;1481545291;14
24272;27162;1481522687;6
11240;21483;1481520410;18
14157;9248;1481550321;10
11243;14972;1481538013;8
7451;2336;1481541337;8
13081;3902;1481520789;14
17792;10572;1481548564;18
8221;14904;1481545888;18
12159;5872;1481536125;18
9869;27556;1481528182;10
13195;4263;1481514475;2
14956;4323;1481516943;18
12227;20021;1481530368;16
1069;9022;1481514908;2
8647;8541;1481534251;14
9972;17518;1481511085;8
4020;4902;1481511894;8
1563;10189;1481512884;4
7545;7762;1481516069;2
6287;3420;1481541790;2
27280;24753;1481517352;16
156;7008;1481515664;4
10037;6391;1481547366;4
15306;18960;1481523825;4
22624;14777;1481547996;16
11254;1883;1481537443;8
6210;9319;1481542715;10
2139;308;1481519629;10
5874;7632;1481522864;6
12572;20517;1481546182;4
8164;253;1481547205;18
24707;11485;1481510480;12
14229;21252;1481523784;2
1291;5486;1481535463;18
20911;3736;1481522153;4
17904;7583;1481543118;4
372;14239;1481547621;4
12233;20423;1481537450;16
23262;1547;1481515752;4
979;14695;1481527507;16
16880;28;1481518349;12
9771;18177;1481530659;8
7834;12518;1481532965;6
12870;11615;1481533608;2
14163;1329;1481517383;14
147;21500;1481543050;6
15085;1960;1481526243;10
6770;24981;1481519502;10
3413;6672;1481535569;4
4958;5124;1481516835;14
12576;9664;1481539644;16
27038;27417;1481526955;6
1048;4183;1481525173;8
14706;957;1481542954;14
887;27433;1481515193;14
11777;18436;1481539804;2
18325;15309;1481515521;10
3065;6126;1481543383;18
21;12920;1481533096;10
4751;6694;1481535969;8
9862;4237;1481533931;2
4226;5709;1481530995;10
9479;21003;1481515154;6
26112;24934;1481544311;10
24688;99;1481536465;14
5047;8160;1481516893;10
22972;9985;1481538704;4
14862;4582;1481520309;10
5476;17884;1481511718;12
13945;2347;1481532054;8
220;4674;1481528504;2
24250;17135;1481538046;10
7856;14282;1481535369;8
21463;12721;1481550252;8
10996;11211;1481510242;6
12521;16335;1481521326;4
4855;27195;1481527164;14
27434;19040;1481525212;16
20463;6453;1481519540;18
8175;1689;1481522735;10
11267;14901;1481532159;6
3372;27419;1481522210;18
17265;23540;1481518464;16
8089;1854;1481545607;6
123;4848;1481523568;18
11705;3427;1481526461;14
7157;1368;1481542056;6
3926;3288;1481542688;2
6587;22537;1481526598;14
3095;9465;1481519571;12
9960;10988;1481521155;10
4778;21833;1481538646;10
22955;25370;1481511358;12
23050;2030;1481530997;12
1027;1404;1481549871;10
8136;6812;1481515145;10
16186;21400;1481527318;16
9967;27534;1481537406;4
1441;22131;1481533805;12
9304;11268;1481524223;14
15319;16838;1481536087;4
5085;12067;1481545037;18
8949;15159;1481511128;2
20358;14614;1481517147;14
6396;4022;1481511562;4
6801;4897;1481533287;14
13761;8402;1481516498;4
23023;18805;1481538833;18
1393;12415;1481544058;2
19957;2405;1481537593;18
22931;17533;1481545704;2
5625;1717;1481540879;14
9998;7804;1481518974;14
9636;25288;1481529926;12
13263;11145;1481510950;4
7268;10386;1481527687;6
6170;10022;1481517224;14
9874;24569;1481526271;8
1354;1453;1481539735;14
2748;10618;1481545208;18
10388;9438;1481547767;16
10207;1576;1481538929;2
8310;6814;1481533203;14
12354;10070;1481518028;16
6720;5700;1481543334;4
14695;3880;1481538780;6
5035;10282;1481533215;8
10684;1120;1481532900;18
16137;23971;1481510773;10
288;25175;1481520109;18
12747;12780;1481526055;2
5122;17243;1481539582;12
10406;337;1481524844;10
25066;10093;1481545406;18
16841;10253;1481540119;6
24428;7551;1481540528;12
11386;24714;1481526725;4
16931;18321;1481528509;2
7944;5857;1481511584;16
17397;7;1481541763;10
17548;6562;1481520934;4
23536;13263;1481532396;12
27487;1017;1481518924;10
16824;5735;1481523163;8
8803;6880;1481541316;4
1342;4542;1481509845;16
1357;7390;1481525142;2
3977;1899;1481539739;18
11049;1053;1481528288;8
1392;7454;1481522771;4
6662;7711;1481522745;6
11235;2427;1481548691;18
17250;12151;1481550687;18
7292;22298;1481540830;4
8034;20628;1481520507;10
1843;17849;1481529976;18
19211;7415;1481511026;12
3912;21385;1481519888;14
22445;3088;1481526741;8
6706;18416;1481535652;8
18323;6201;1481532095;12
6974;4175;1481524240;12
23894;10113;1481539783;2
16635;18051;1481516579;8
9628;5872;1481550844;16
10876;8764;1481541092;8
7292;3289;1481531363;14
16858;27469;1481547645;2
1885;7004;1481517822;4
16894;6019;1481533243;14
24239;26099;1481517825;4
17461;4836;1481522094;12
9994;6724;1481533975;8
1221;17527;1481511943;14
11804;15235;1481538141;10
121;1461;1481516373;12
16317;4542;1481550108;6
5073;4015;1481540286;10
7038;1972;1481517498;4
10845;23662;1481520825;10
1624;14546;1481538014;14
22942;4855;1481540848;16
19546;5739;1481510237;6
1633;5649;1481546039;10
2789;2315;1481538907;10
1695;258;1481524799;8
5396;27311;1481545717;18
24964;5530;1481511984;8
6770;4916;1481535688;8
2035;2413;1481512015;8
3714;25504;1481542759;14
3777;45;1481515971;10
7144;24356;1481520111;4
7811;12021;1481516068;4
14900;7302;1481524947;12
17505;10319;1481510359;4
5892;23009;1481530837;18
6264;27207;1481520358;4
20144;4196;1481516206;2
26035;10929;1481532677;10
23813;23859;1481546344;8
25266;9868;1481525407;18
12568;7208;1481518665;8
8694;4504;1481535824;8
1887;7856;1481542003;14
4592;23353;1481531350;16
7806;10831;1481515367;10
25182;12413;1481519592;4
10205;1293;1481534424;10
5073;15738;1481544399;16
3463;15022;1481530907;6
12580;9286;1481532891;8
10081;199;1481518801;6
6605;4690;1481550813;6
18180;7895;1481529199;8
9828;16297;1481544600;12
10706;6885;1481549303;18
11091;24347;1481538357;18
1883;20471;1481538911;2
11242;7866;1481543955;12
8279;5813;1481541577;18
5428;5847;1481533725;8
1605;27134;1481543298;16
2341;22442;1481525854;6
18144;10044;1481516359;10
10808;17782;1481544348;2
7882;14901;1481539559;10
1157;23489;1481535327;18
1131;7046;1481549414;4
25044;4038;1481522901;6
189;27140;1481529310;14
4730;442;1481521520;16
6733;20148;1481522136;18
400;27472;1481540668;2
4851;26091;1481526240;6
11415;24143;1481519637;8
4675;8646;1481525845;8
1115;12102;1481538062;2
23350;12183;1481534962;2
7959;27402;1481527199;8
25035;11788;1481515735;14
18934;418;1481512324;8
2796;19718;1481531282;2
5402;7764;1481512120;18
5002;14780;1481520016;10
20358;12087;1481540615;6
20948;4902;1481518878;18
15239;25054;1481515979;10
7633;10371;1481550912;16
20679;12788;1481549617;8
20137;8437;1481515012;10
6589;617;1481549128;16
3060;7877;1481530810;16
5874;2802;1481539982;18
11415;19212;1481532976;14
8912;8386;1481516968;8
10494;20137;1481550167;8
17526;15478;1481540795;16
12360;22276;1481537986;10
6346;22532;1481523052;10
34;9508;1481538581;2
7048;11789;1481522115;18
8507;3002;1481511863;12
9870;11947;1481551019;8
6535;9806;1481545116;16
27295;21416;1481524764;2
4298;27310;1481550098;4
17878;12412;1481522363;18
14182;1580;1481544806;16
12766;14430;1481531539;14
2144;11483;1481548475;10
17030;19279;1481531306;6
17577;20708;1481538943;10
8046;12571;1481538631;6
23019;7466;1481523547;6
10831;4920;1481519331;10
27276;19492;1481546669;12
25193;246;1481525492;18
89;11395;1481519422;10
5690;7892;1481516508;4
20685;16799;1481535342;18
10067;409;1481530954;8
10785;7832;1481546370;10
17480;7863;1481544441;14
1099;5925;1481512821;14
18080;10162;1481512153;16
9763;18533;1481520647;8
8489;12772;1481545399;2
12745;20092;1481534631;6
15499;18312;1481532903;8
20757;11857;1481539208;16
17255;12647;1481535240;12
7014;9799;1481531840;6
12867;13784;1481510767;16
8377;3630;1481510530;4
15380;8300;1481520414;8
27384;10293;1481535975;16
11218;7282;1481529795;12
10916;3776;1481539316;8
2428;25517;1481544499;14
4524;6579;1481540849;10
24930;17330;1481531689;6
8597;1793;1481530311;18
20959;8508;1481533446;18
19080;14187;1481515384;12
4539;11249;1481517389;12
11943;7872;1481540583;10
21839;11019;1481529759;6
8251;15407;1481536951;18
18512;10832;1481521519;12
7477;13987;1481544782;12
16132;1536;1481545985;6
7302;23038;1481511781;18
8552;1152;1481548540;14
6705;7090;1481543065;18
6472;1583;1481523344;14
1567;1149;1481543215;6
13314;23748;1481525058;4
1984;10329;1481541663;18
25052;2330;1481518669;2
7975;25085;1481545537;4
3219;6361;1481517165;12
6592;19583;1481540534;14
24956;436;1481533449;16
3642;1428;1481545061;4
248;15032;1481538214;4
7786;10721;1481550034;8
225;6207;1481542891;16
9004;9214;1481516076;14
1299;8554;1481531222;18
4356;25526;1481511831;16
5547;12145;1481524027;4
8580;7891;1481537413;2
1110;1373;1481518629;16
9516;17880;1481536017;6
6597;3992;1481526090;4
2866;1399;1481518826;18
8976;5038;1481533541;10
394;2142;1481550515;16
19919;23060;1481531193;14
8447;20712;1481542466;2
2814;20708;1481511673;6
20109;4693;1481548603;12
26312;5421;1481536309;14
10504;7911;1481536440;10
9734;6317;1481531559;2
8566;11246;1481529523;16
9869;10488;1481513500;10
6255;20996;1481536398;14
26262;4985;1481533108;2
6173;21226;1481549387;18
13878;20075;1481518279;18
6941;1930;1481524904;18
27385;2375;1481528731;2
24662;14797;1481518206;14
7051;11039;1481516370;6
4041;379;1481524722;10
10194;20922;1481525164;12
9005;11088;1481541610;8
6820;3984;1481509627;2
4840;1409;1481511004;14
1845;1496;1481540655;8
20642;10519;1481518595;2
6206;14822;1481520850;14
14915;19534;1481531667;4
17502;15747;1481524282;10
1167;12411;1481538953;18
403;26103;1481538677;8
5003;4522;1481544227;16
5843;8649;1481519585;4
5636;15162;1481531152;2
24088;5040;1481509870;18
1535;4836;1481537590;16
20543;1118;1481522448;2
27539;2021;1481511174;6
10174;7594;1481548886;14
22987;11597;1481533241;12
6854;17478;1481527346;6
5469;8396;1481539412;16
1977;21454;1481517382;16
329;1678;1481518580;6
19078;7550;1481521263;8
13945;26211;1481526438;14
24373;5638;1481537310;8
298;410;1481531463;10
15784;16799;1481544621;16
20704;8527;1481547509;14
25187;2800;1481540901;8
15215;7261;1481518831;12
25261;110;1481519840;8
5901;4186;1481530464;18
23728;1715;1481516654;4
2405;10075;1481535549;10
1848;8165;1481533104;10
5638;6943;1481538553;4
10927;9431;1481511690;12
25188;19967;1481530200;8
4757;20959;1481535989;18
17351;4226;1481530626;8
12246;8775;1481527011;6
3744;4243;1481545525;2
6543;5691;1481519786;2
5642;15522;1481517917;12
15935;23730;1481543752;10
27180;8479;1481545576;18
5778;19590;1481516471;4
12291;4557;1481515320;6
12816;19301;1481532823;16
8493;7363;1481546014;2
5408;22306;1481514755;16
14681;3601;1481538294;8
14274;16118;1481529237;14
19908;20395;1481516406;8
1439;2825;1481542061;18
7595;24688;1481512455;10
18180;1497;1481536405;16
17375;17616;1481513431;4
9297;12058;1481534891;18
4965;1885;1481514002;10
3000;7961;1481524843;8
4763;13726;1481511735;2
7812;15031;1481529777;4
3133;6653;1481524557;10
12697;19492;1481518181;2
21739;1168;1481541414;4
9309;26482;1481544799;16
6464;8836;1481546066;6
12296;4777;1481550617;6
14197;20791;1481532073;4
6728;22316;1481509905;12
24473;4193;1481522090;4
7646;9277;1481548729;12
1740;17503;1481529476;14
14909;16647;1481539404;2
12211;7583;1481550159;8
3491;18076;1481517332;14
17009;6866;1481530674;4
25043;9460;1481545622;8
14951;18814;1481524187;12
6959;6299;1481511291;10
8551;8236;1481516244;2
8561;3590;1481536298;14
6946;22498;1481530533;2
17428;907;1481540889;18
1145;432;1481549349;16
17359;77;1481545672;14
25343;20156;1481522883;12
10542;19436;1481528628;4
9461;17039;1481516842;6
1038;907;1481524496;10
22606;27037;1481540661;4
399;6153;1481541405;4
9877;6770;1481550795;14
2337;3624;1481516929;14
4579;13971;1481518901;12
14240;2131;1481530181;6
1259;6119;1481510279;16
4763;14201;1481541797;8
10922;4322;1481543010;14
23334;4702;1481517220;14
10024;1702;1481544331;8
18346;2013;1481520218;2
3932;11063;1481515718;10
10217;27058;1481526054;6
8301;24373;1481534003;16
23191;7421;1481515671;18
21323;4936;1481525900;16
3250;221;1481535383;10
19585;1414;1481519915;2
85;24249;1481528832;4
12562;12714;1481513751;10
13003;3467;1481544737;4
4660;19812;1481542903;6
13783;10930;1481547491;4
16534;1853;1481550458;18
9518;8683;1481524996;4
13804;25381;1481518159;14
14635;9801;1481526460;16
1882;40;1481534938;10
25170;8952;1481525029;12
4799;8690;1481513154;18
21093;6375;1481516364;2
20041;18811;1481510505;2
10546;6797;1481548023;10
19069;3968;1481517507;10
21305;22645;1481522112;4
21795;6139;1481514802;6
3091;9899;1481514923;12
6686;5334;1481528670;6
10109;190;1481550857;14
8983;8987;1481527680;18
14949;11134;1481546174;16
11223;15106;1481514740;18
6785;14913;1481548141;18
8966;5073;1481538695;12
923;27401;1481514390;6
26105;8477;1481518751;8
14283;19279;1481519248;12
23543;1697;1481519752;14
25372;16821;1481538758;8
17149;24378;1481510794;10
7892;23787;1481544133;6
22444;2161;1481524829;2
1205;4703;1481538119;18
4046;4839;1481512336;18
27433;8317;1481548171;14
16119;14152;1481543024;14
10488;6195;1481525460;8
5942;2822;1481540455;6
9967;11144;1481550052;4
1727;4362;1481532241;10
13496;4969;1481517507;2
6534;12060;1481540173;2
187;11854;1481511492;8
10833;19555;1481539539;8
17484;9768;1481535499;18
25516;10418;1481536362;8
5359;2404;1481536136;16
14150;6808;1481529243;14
4907;312;1481517607;10
278;11259;1481548412;12
8647;10194;1481534073;14
4255;268;1481528913;8
16812;22269;1481534639;10
12816;26072;1481519419;18
7910;18960;1481524199;4
11855;2409;1481546101;14
5488;17580;1481525832;6
20408;21509;1481544745;16
17507;5822;1481520266;6
11802;4655;1481522990;2
21731;20244;1481511486;2
19814;14202;1481517687;2
7558;3118;1481533490;14
20917;8647;1481512785;8
6449;11021;1481546441;2
11760;24707;1481515094;16
4232;6107;1481510677;12
27546;8341;1481542525;8
18349;26155;1481513539;8
3925;27546;1481542500;16
23357;15450;1481540198;8
15077;11409;1481514431;8
6648;12057;1481536496;2
16303;1931;1481528325;8
4267;20133;1481525343;2
23055;4916;1481532601;12
24428;7881;1481533546;6
15188;1634;1481534081;10
7882;11484;1481540406;16
20471;7769;1481545993;4
5819;24136;1481512817;18
27015;7522;1481525022;12
19051;9206;1481546062;4
17549;8025;1481546250;14
3702;1108;1481544624;18
24327;4273;1481551018;8
20935;9894;1481540796;14
20995;5722;1481530629;14
23118;21374;1481513725;18
19221;16836;1481532424;4
6686;8160;1481537110;10
21728;6807;1481541826;8
19791;14782;1481529544;18
5864;9184;1481534748;8
27505;12809;1481520925;12
5688;11238;1481530945;6
9221;17394;1481521770;14
3572;22921;1481541115;8
25394;6996;1481540519;6
7800;16905;1481521624;14
13907;22169;1481524247;14
11400;184;1481529696;18
6787;27377;1481532212;14
14263;10605;1481528350;14
4572;18813;1481547517;6
4484;10114;1481550652;6
21229;11005;1481518520;2
8667;16033;1481534843;4
15119;12145;1481530539;6
9473;8439;1481550087;8
14656;17261;1481514676;10
19983;16119;1481537585;8
10610;22531;1481538445;16
2125;1706;1481520289;10
8319;3777;1481512033;6
23058;7522;1481523944;18
5297;15238;1481527887;10
1383;14923;1481545526;2
18212;6704;1481541737;4
13177;1794;1481541423;16
4205;8877;1481545873;12
4259;15222;1481549932;4
3274;9361;1481540718;4
11256;12426;1481549694;4
17148;23697;1481515579;6
6502;14445;1481550352;12
1284;5404;1481543551;10
9768;3397;1481543320;14
19026;6228;1481540878;4
16187;2018;1481546753;16
23536;18782;1481540536;2
435;3690;1481525142;6
6464;19308;1481548388;4
7838;6376;1481514337;6
1210;3678;1481544283;16
19306;4563;1481533767;16
10067;6119;1481545224;16
9391;4922;1481512264;12
3616;4048;1481533678;8
3284;1151;1481545401;16
12037;9216;1481549585;4
21436;26310;1481545778;2
11261;10999;1481548607;10
3901;3970;1481545145;18
27288;5432;1481551083;10
7911;11905;1481530168;6
24969;4948;1481541316;6
8892;15473;1481525634;8
10852;11400;1481525432;6
11174;15987;1481544498;4
8400;21509;1481523218;4
2878;1980;1481543042;18
7457;6621;1481516649;16
5783;5240;1481523096;4
8306;13863;1481548810;14
1123;47;1481539914;2
17514;12630;1481531754;16
9656;19887;1481531059;14
14544;10470;1481509849;6
3019;7692;1481550894;14
2986;12096;1481541719;18
19915;8362;1481550051;16
6351;12239;1481539541;4
26478;1075;1481529313;12
23523;4526;1481524171;14
13761;11822;1481512984;18
3375;12656;1481534637;12
5406;5046;1481536360;4
11605;1685;1481529451;16
12068;173;1481543538;12
12083;6153;1481512370;8
21378;7771;1481533512;6
1079;14640;1481536964;2
2332;2411;1481518956;16
27330;13002;1481528541;12
5363;19527;1481537138;10
8015;23805;1481517698;2
19507;20757;1481511197;10
14186;20399;1481514337;14
19560;9060;1481540119;16
3924;187;1481517692;16
5980;6389;1481549831;4
5377;12653;1481517238;8
7283;3968;1481539710;16
17143;25360;1481548504;8
23739;14572;1481511010;6
5611;15109;1481549837;6
3918;8994;1481544797;4
9478;14075;1481522062;18
10194;4942;1481537925;2
1901;20545;1481545698;2
9971;12781;1481548465;16
9863;5048;1481550083;10
7033;14496;1481524825;16
10410;4199;1481531449;2
16129;13078;1481515000;18
2385;14912;1481539733;14
8641;14803;1481527573;12
6688;12624;1481534275;2
9006;20628;1481513472;6
12085;20356;1481527245;4
8921;15247;1481517463;18
14583;24666;1481521021;2
19235;16136;1481535227;16
5510;10243;1481544148;16
23646;3640;1481548393;18
11112;21309;1481526384;6
6164;290;1481515554;18
8326;17021;1481519336;14
19885;18081;1481528007;14
15214;18812;1481548733;10
10314;1414;1481528178;18
24707;164;1481543240;2
23084;9573;1481532637;4
4735;2989;1481523808;12
6359;2327;1481549664;4
4600;7867;1481539445;4
15918;17705;1481517024;10
274;288;1481516402;6
8849;7058;1481525114;16
7974;13905;1481540519;14
13131;5404;1481521357;10
16925;21289;1481516516;4
10355;182;1481519707;10
8921;8808;1481536655;10
1169;24472;1481524687;18
3546;12139;1481548978;2
14778;15304;1481534886;12
7642;6391;1481548727;14
16017;6945;1481514725;6
19505;3264;1481543519;16
26470;2792;1481519476;6
4964;8231;1481522956;4
11132;27414;1481540926;12
19222;1966;1481526040;10
7074;7799;1481515323;4
7155;9405;1481547024;2
23115;1801;1481510739;18
4236;27471;1481523865;16
1967;10221;1481534922;8
10734;19993;1481526810;18
9521;121;1481524234;14
14198;13810;1481550868;12
12133;8833;1481537844;6
6711;5778;1481535083;18
10890;14862;1481524229;4
13869;2348;1481542525;16
7058;12243;1481548212;6
14907;1647;1481515764;8
2978;8006;1481522083;18
6262;9880;1481529606;2
23036;6939;1481517369;12
9060;7917;1481534470;10
15019;9989;1481531282;16
1731;14254;1481512105;14
6433;14624;1481524771;10
9743;24667;1481527287;2
7483;6670;1481525519;6
25172;22462;1481542623;2
9808;17794;1481532119;14
1401;154;1481515181;2
4743;22296;1481548186;2
7089;2344;1481547731;10
6818;17185;1481509976;4
4879;14650;1481535208;2
8036;10781;1481523769;6
8914;7470;1481509576;4
6681;2025;1481511812;8
27094;14544;1481533199;18
27033;20931;1481531577;4
10981;2392;1481540389;8
23531;11401;1481538445;16
4780;22504;1481516114;14
27545;6873;1481536689;4
5051;23106;1481523655;2
8380;19422;1481525309;2
4593;24950;1481550047;12
1030;1812;1481525814;18
10595;14553;1481530670;14
10123;17904;1481512088;10
6885;14887;1481523488;10
8249;16811;1481538869;8
4750;12798;1481516900;10
2893;10574;1481514202;8
17154;9391;1481543473;4
10363;20959;1481538072;2
9741;4552;1481532545;10
16105;23532;1481512999;8
12069;20104;1481524912;14
5427;7526;1481520512;14
10251;8137;1481510159;12
11592;8801;1481548101;16
6001;4559;1481539786;12
6841;2377;1481515835;12
4658;10997;1481537169;12
1553;9623;1481548387;10
9778;27487;1481520845;6
25084;14439;1481523236;16
10018;20089;1481522815;8
2729;4660;1481549046;12
1577;4731;1481519633;12
6419;6711;1481519933;12
20300;20756;1481524635;4
20890;6213;1481512012;4
2391;10108;1481522240;16
18881;10722;1481514178;16
2373;1422;1481517621;4
19060;24923;1481550260;18
12575;18903;1481533720;16
27459;255;1481516424;12
11150;11;1481547439;12
18215;3067;1481526481;10
12403;10835;1481550493;10
7791;12063;1481537542;8
7559;10460;1481545447;4
9193;11687;1481509612;14
4942;10512;1481528768;16
11245;14434;1481539804;12
18442;21365;1481546423;16
7877;14806;1481540533;2
11698;6814;1481519513;2
5888;27086;1481525884;16
20108;20035;1481547848;2
10638;3395;1481525928;4
27202;1765;1481515883;2
1400;4740;1481548200;6
27489;9759;1481526714;4
11399;6395;1481534650;6
10594;8738;1481518083;10
8785;12573;1481525893;12
24669;207;1481521554;16
16099;8150;1481533443;12
16117;2786;1481523992;8
16783;9569;1481517185;4
6387;397;1481520501;18
5527;5957;1481545416;2
11849;8580;1481520737;18
6598;14889;1481529357;4
345;13889;1481529402;8
8968;7314;1481525213;16
5751;929;1481511305;6
14860;7629;1481524875;4
27004;1042;1481538451;14
5421;13883;1481512290;4
7283;1664;1481531411;4
11870;12241;1481520856;6
14158;8983;1481549770;14
20682;1511;1481533354;18
10498;19053;1481529758;16
17359;1225;1481512780;16
14575;7643;1481522895;6
312;7997;1481535062;12
5892;17530;1481544572;6
13677;21317;1481533870;10
6317;18910;1481522360;18
1186;6318;1481537443;14
1906;7146;1481546794;4
6198;6519;1481548813;8
10181;16039;1481516552;12
12944;5034;1481522800;2
12183;2337;1481545316;8
4761;4502;1481513097;14
18876;17049;1481550626;12
21383;7898;1481514295;6
11159;5079;1481548377;6
23439;25328;1481539769;6
11403;23176;1481534589;16
19545;27491;1481545630;4
11805;4691;1481539069;16
1020;8634;1481521688;10
19967;8530;1481518227;8
14573;19923;1481539931;16
2980;13185;1481534501;4
8467;26305;1481531936;12
24743;563;1481550412;2
1915;3247;1481509663;14
23858;21298;1481519262;18
2764;25077;1481527237;14
27506;6364;1481540333;18
4018;6402;1481511106;4
5862;17550;1481521754;4
12574;1104;1481534365;10
1598;26185;1481524293;6
8479;6532;1481515246;12
10330;2784;1481529302;12
25001;5038;1481518433;6
10068;3462;1481539134;2
20144;25081;1481526582;14
11413;5529;1481546016;4
8239;176;1481547412;4
10009;20116;1481519669;16
22643;22582;1481524764;6
913;15225;1481524597;10
4508;23860;1481517346;8
2141;4193;1481533645;14
182;16848;1481532072;16
12333;8495;1481540101;16
6701;8318;1481518315;14
18339;7450;1481521566;4
8133;21259;1481538629;18
21312;124;1481512331;12
10071;8471;1481517275;18
18071;6227;1481536352;10
24250;9262;1481529307;14
17792;6862;1481520641;4
19372;13899;1481551126;6
8581;308;1481532094;18
10723;5928;1481518627;16
8686;2399;1481532819;18
13773;2753;1481550513;18
5097;12241;1481534189;18
20109;27400;1481533711;10
18465;27412;1481533536;6
4655;18444;1481540095;10
7099;7938;1481512340;18
9997;7574;1481539585;16
9855;2177;1481550308;12
18160;12796;1481510005;6
10618;14910;1481549875;6
196;9520;1481542571;2
20848;18079;1481534667;10
4864;2344;1481544130;8
8509;1663;1481535772;2
4983;10217;1481512796;8
7138;9462;1481545660;12
17036;8883;1481528250;14
3781;10180;1481527775;10
264;10029;1481542357;6
939;185;1481547822;14
4808;11243;1481524932;12
18423;14899;1481527052;14
6315;5027;1481544215;8
18849;26266;1481530045;12
1305;5863;1481547797;12
1942;25186;1481539714;16
20399;10224;1481542111;6
9744;5847;1481516090;14
12096;3706;1481543733;8
17488;19217;1481514334;6
4686;2802;1481518299;14
24708;10614;1481531917;16
3739;17782;1481512519;2
17904;8691;1481511353;14
7905;10619;1481517890;16
18328;6646;1481536882;12
6872;4748;1481516357;6
27481;5388;1481539933;12
27292;9897;1481545771;12
6378;19226;1481543124;18
17429;5725;1481546080;10
2402;22161;1481534448;8
23616;5829;1481510553;8
17550;12282;1481535911;8
26203;24259;1481545392;12
4990;8598;1481519124;16
7057;19824;1481519268;4
9667;10087;1481517209;6
18424;22492;1481548587;10
3901;9243;1481548073;12
8109;11627;1481530603;6
21096;3851;1481548031;16
14956;8115;1481549004;14
15013;8511;1481522804;2
5009;20063;1481532939;10
4016;22939;1481511303;4
6891;1372;1481512175;14
12327;19069;1481548791;12
15768;18301;1481529991;18
11917;6119;1481530870;2
11988;5973;1481513970;10
8013;12576;1481516434;14
24479;4741;1481532384;4
4541;5942;1481543317;2
16362;7408;1481516019;12
5359;21088;1481513096;16
10032;1904;1481511689;4
4829;13972;1481511522;2
20899;8907;1481530107;4
19078;27485;1481514612;4
22972;20128;1481523093;18
14999;22536;1481542579;6
8800;157;1481538571;6
9671;15350;1481543272;12
21798;22268;1481526030;16
10501;5107;1481513963;16
9057;21463;1481546838;4
7621;10010;1481528298;4
1399;2964;1481511531;4
4337;24737;1481532937;14
8939;8425;1481521388;8
17198;21415;1481537718;14
7463;10421;1481517213;14
2024;1978;1481524676;4
6107;1568;1481509901;8
1049;20977;1481537710;16
13815;1517;1481550777;6
1924;16039;1481528913;4
18099;20958;1481512284;10
10032;26216;1481529089;12
8688;1429;1481511870;14
9682;10288;1481541051;18
10890;437;1481511643;4
16053;10721;1481540391;4
12309;13909;1481517704;6
13914;15508;1481525359;16
5080;20782;1481535378;12
8387;8165;1481545445;18
13856;6194;1481529684;10
9417;5924;1481512753;14
23665;7864;1481525372;10
27520;13222;1481540851;8
20099;26260;1481515990;6
27545;27429;1481530418;18
8949;27032;1481522460;14
135;11259;1481526536;2
24709;9461;1481509633;6
7292;403;1481546614;18
21805;4702;1481538422;6
12045;9546;1481524702;14
4570;19071;1481533983;2
7510;11394;1481549276;10
4989;2331;1481544783;4
22937;16783;1481529341;10
14782;13214;1481533682;12
366;25061;1481525480;18
6839;1115;1481534783;6
6026;9755;1481523114;4
5705;9843;1481532689;2
9305;12147;1481541545;8
11997;8688;1481532909;8
27405;10890;1481546147;2
1134;10415;1481509579;14
11244;10092;1481523198;12
4263;4245;1481539761;4
14633;6307;1481539993;18
9549;6593;1481537158;12
5744;4264;1481531082;6
5261;5714;1481512599;2
3413;10767;1481530070;4
4776;3287;1481531905;18
1703;8416;1481509590;10
2763;15961;1481513598;4
5711;10092;1481535423;10
27445;3076;1481547245;16
10406;16836;1481524387;16
9880;4219;1481524838;10
11806;22501;1481513921;12
15514;10249;1481541285;10
1924;17460;1481510423;18
16134;11137;1481537663;14
7693;17422;1481524086;18
5703;25376;1481534581;14
6700;22972;1481522295;16
17174;1162;1481534520;16
20848;6460;1481534201;18
15223;22924;1481523712;18
12650;1535;1481522982;6
16125;8556;1481539845;6
3428;9677;1481512223;18
16912;7548;1481519319;4
1153;6555;1481533030;4
9009;6986;1481526794;14
9794;1299;1481544249;4
16050;4270;1481537180;6
298;5438;1481510097;6
10415;12022;1481523157;14
21269;23789;1481549054;14
3077;11036;1481550448;14
23786;1291;1481523790;6
23063;12620;1481546884;4
5854;4588;1481546306;16
7047;10082;1481511610;12
21489;27125;1481539082;14
7621;4655;1481536041;2
16362;252;1481544052;4
3575;10924;1481528653;10
24255;22537;1481530477;2
8234;25034;1481525454;6
18805;23665;1481533567;12
6858;8501;1481546161;16
7108;3000;1481548778;8
4193;23815;1481519312;2
8332;8528;1481541238;10
17572;21414;1481509798;18
16141;12425;1481550642;18
12398;8698;1481510304;6
4663;18886;1481538612;16
6263;12026;1481534855;12
27280;22145;1481521758;12
10529;25346;1481521182;12
15753;13262;1481516210;2
8034;5829;1481539996;18
4262;23883;1481511117;16
1076;132;1481544628;16
8648;2775;1481549304;4
6451;8435;1481531560;4
20989;2728;1481527993;10
1267;8145;1481545216;14
9361;16196;1481517026;2
17349;27089;1481513945;18
371;20154;1481514606;16
4218;23009;1481516595;8
1162;6809;1481513238;2
4189;18879;1481518397;10
16336;3381;1481535788;6
386;10010;1481520610;6
3542;11044;1481547325;6
10812;2612;1481510243;14
4760;3703;1481536711;18
12774;9848;1481540082;16
110;20704;1481511574;16
13562;17884;1481544159;2
18963;24955;1481534162;10
6925;4197;1481520513;4
10245;3287;1481527678;2
8746;9505;1481550522;14
3088;19425;1481526065;2
8941;9810;1481543133;10
23104;27278;1481516179;8
10192;8416;1481546046;12
4688;26069;1481512831;14
20955;25545;1481524277;10
21398;3535;1481543386;10
1319;1728;1481538579;4
1643;3542;1481529753;16
8494;10192;1481515757;12
146;10885;1481524773;4
10685;8580;1481525096;6
17282;617;1481520223;8
7568;4731;1481515847;14
3786;17030;1481540519;10
209;441;1481549476;18
26373;7996;1481536886;12
7638;7264;1481521468;14
2353;8275;1481544945;10
5039;12317;1481528315;8
10108;170;1481513959;18
9976;5364;1481518800;4
13811;6526;1481542873;18
12427;11692;1481543063;4
1898;346;1481535726;14
2452;11801;1481515661;2
8870;11136;1481549976;8
14550;3248;1481536640;16
7326;1690;1481545869;2
11094;2145;1481537651;16
21797;10496;1481544323;2
1284;124;1481518387;2
7176;4955;1481511839;14
5818;26500;1481549244;10
17352;8032;1481513050;12
349;10348;1481528282;10
404;2830;1481512319;12
9777;19714;1481542083;8
23447;24423;1481526932;4
4054;2947;1481513570;12
1773;21411;1481533334;12
11862;8024;1481525036;8
1864;8587;1481526162;4
10325;18840;1481548505;14
11233;11266;1481515145;12
11776;8547;1481515447;16
23763;23030;1481530619;18
5034;5281;1481514217;12
3006;6826;1481521530;2
21488;14931;1481538139;12
6661;20862;1481535294;4
3295;8382;1481542561;4
3414;973;1481516857;14
10673;14573;1481540389;2
4704;3324;1481518092;8
27281;23262;1481544200;14
36;7606;1481540627;8
11050;19199;1481528777;14
6206;10418;1481542314;2
10258;7583;1481522001;6
21729;4227;1481512718;16
3972;308;1481532667;12
10507;12419;1481533382;8
9520;14256;1481550774;8
3943;2276;1481523813;4
7571;10307;1481544590;4
7553;23971;1481537018;8
26082;2871;1481539834;16
17038;12796;1481544502;8
1135;1198;1481521042;4
10211;15026;1481529595;6
5937;17788;1481520240;16
10686;5913;1481538916;4
11015;1455;1481529965;10
10162;8752;1481526218;2
20959;15013;1481530618;2
12002;4545;1481517261;16
8881;14240;1481542571;2
17788;13002;1481510711;8
6005;19211;1481517785;18
9415;17877;1481536105;4
15995;2161;1481528527;18
17573;20013;1481537895;16
5972;3706;1481530640;8
8491;8436;1481538076;6
22539;5855;1481513210;6
15479;9058;1481549197;6
3696;14581;1481525558;4
18868;357;1481528169;18
17351;931;1481548707;8
11;3639;1481551025;14
10215;17878;1481514958;10
12062;1319;1481520645;2
3919;23173;1481541501;4
295;19078;1481522039;8
9897;21841;1481541420;14
138;19494;1481518654;14
19495;14075;1481517979;16
18861;2840;1481545698;16
10305;11627;1481542453;12
9422;11075;1481526931;10
1723;1152;1481520261;14
2890;3613;1481531877;12
5862;6690;1481545859;2
27521;13263;1481546892;4
21071;4967;1481510954;18
26147;1706;1481528635;10
6831;20794;1481526930;12
3387;14139;1481529177;10
11777;10378;1481547814;4
27547;14242;1481545236;6
11240;4684;1481524786;8
12220;6878;1481510961;16
9892;12694;1481528833;6
7016;7144;1481521151;18
158;5885;1481510300;12
11848;879;1481518316;8
6932;20925;1481536909;16
7057;6356;1481510573;16
17425;4902;1481516443;2
2031;9294;1481529370;12
17041;16136;1481535961;4
7765;6190;1481523018;4
6643;1791;1481529026;18
905;4547;1481539004;8
2835;10701;1481531806;4
8405;11157;1481549517;16
22146;6224;1481521019;16
3508;23339;1481537337;18
1420;26265;1481521789;6
10098;8999;1481510573;14
7596;1902;1481544401;10
19062;11806;1481537805;14
16303;10610;1481536872;6
5401;421;1481524760;16
19520;23187;1481510011;2
17035;11920;1481525345;12
18200;5955;1481513986;4
11170;4158;1481538282;2
10116;6301;1481529300;12
7559;5372;1481551096;8
17393;11;1481524585;14
27414;7369;1481525541;6
20156;3853;1481523795;14
26301;1083;1481524980;12
19080;11798;1481543061;2
48;5122;1481539128;2
2734;1599;1481539816;12
8940;20336;1481511165;2
8123;5726;1481537311;14
8239;21842;1481534109;14
4597;10213;1481525625;14
67;321;1481510374;8
10513;10248;1481538821;2
1383;7974;1481530127;18
1909;2794;1481524065;6
5363;9025;1481526994;10
6133;20689;1481524283;12
9310;2465;1481534894;12
3888;21000;1481542302;14
19471;24392;1481524674;8
21377;4588;1481512914;6
22483;2761;1481548239;10
7526;5244;1481524701;14
915;9792;1481545175;16
26317;2146;1481512437;2
15304;5627;1481527824;12
12601;1192;1481517043;4
881;1319;1481520727;6
24174;2837;1481519929;18
2737;20367;1481523290;2
15135;9317;1481537246;8
3075;1267;1481535906;12
5948;7475;1481540831;12
5650;25433;1481531180;12
12573;242;1481522477;18
9435;16138;1481549038;8
10424;19550;1481523833;14
26083;14510;1481532137;18
19551;11092;1481539699;4
5598;5044;1481548139;6
7251;6441;1481510375;14
23337;2329;1481543696;14
20138;1876;1481533659;8
27491;24691;1481546067;4
19223;5120;1481521530;6
15301;4918;1481516228;6
23823;8826;1481540223;14
11790;13461;1481530170;18
13495;159;1481521912;2
19299;24250;1481526314;14
7875;27060;1481528091;14
3999;8746;1481510375;14
1131;21714;1481548228;16
1977;20007;1481548865;6
7042;2764;1481547658;16
6924;12070;1481528909;2
2417;9664;1481547774;6
18112;27489;1481547254;12
1973;1093;1481536749;6
14169;14983;1481539083;18
11146;6824;1481514598;14
10469;1812;1481534881;18
1082;929;1481510522;2
11693;307;1481533281;12
22645;14570;1481519233;14
23540;8965;1481528775;6
5520;3087;1481533590;12
6962;26148;1481546911;2
6792;8171;1481521555;6
7820;5823;1481527865;2
17174;1989;1481549058;18
6860;6132;1481526753;12
4009;2735;1481520429;16
23729;15368;1481525037;6
11786;6396;1481533361;18
287;9241;1481515998;14
2326;19526;1481511474;14
7005;4966;1481514369;6
26329;5612;1481542189;6
7357;6516;1481513914;18
3945;4689;1481525891;8
12920;7023;1481543226;10
6653;7097;1481513718;10
18896;15648;1481536709;4
8013;11698;1481510559;6
9511;25168;1481528942;6
10913;8004;1481538249;18
16202;9456;1481520193;14
26072;8120;1481532720;8
27048;19286;1481549239;10
10546;25430;1481516097;6
9422;5119;1481510257;10
7083;5718;1481523537;10
6945;4859;1481512454;14
8760;24281;1481519639;18
16351;6005;1481515032;8
7017;15230;1481539722;10
22537;23651;1481540939;16
21373;22430;1481547363;2
8506;2379;1481540443;2
3266;4347;1481511378;10
1286;21715;1481515532;10
7493;16863;1481527790;6
17515;9333;1481539375;12
6278;6354;1481519868;10
11083;11080;1481525835;4
11175;349;1481549432;10
17862;7186;1481546814;18
344;943;1481530680;8
23354;26098;1481510897;8
1550;14891;1481517702;12
7956;11851;1481530053;14
16873;22662;1481550672;6
13924;7841;1481519018;8
19823;18051;1481510239;4
3637;19990;1481531125;10
5118;1319;1481520218;10
13796;4593;1481525975;2
29;20607;1481525300;18
10908;20444;1481548481;2
9390;5509;1481550986;6
19497;12744;1481528035;2
8973;7778;1481510269;6
1985;1188;1481546623;8
10606;16202;1481512367;14
19056;1643;1481540764;14
13030;9648;1481528585;6
1032;19824;1481536920;8
15916;27173;1481545157;18
1094;9430;1481542726;14
7353;1236;1481512971;10
19555;1409;1481529081;8
23013;1335;1481538262;8
9815;5762;1481517470;4
14170;8022;1481534584;18
8418;23100;1481517910;18
16194;26244;1481528126;2
22942;11767;1481522276;10
27267;12311;1481529365;2
4214;8447;1481527577;14
1659;24481;1481543924;14
13987;2290;1481530723;12
7173;10567;1481519029;8
10193;19932;1481534928;2
1195;7157;1481515717;2
11227;136;1481518806;2
4055;20301;1481550288;4
6720;1081;1481513937;18
7776;1891;1481549230;6
1637;19970;1481514350;8
14269;4944;1481521213;4
4581;172;1481536011;6
7057;7627;1481518414;14
6579;15933;1481546980;8
2323;27021;1481544411;12
3912;6802;1481545935;16
7022;9285;1481510929;4
3245;3091;1481528149;8
321;13496;1481550235;8
8173;9417;1481528057;8
6213;19490;1481537871;4
9665;6994;1481516653;18
4184;27467;1481521093;10
11407;2881;1481546710;2
11091;12654;1481548269;12
3852;20358;1481541299;4
11226;15030;1481525700;18
9560;17783;1481550011;16
12410;10729;1481539029;2
7046;6191;1481516791;12
4581;13177;1481542775;6
11714;12188;1481537304;14
10729;4287;1481513294;18
9535;17378;1481517739;18
3930;11725;1481527633;18
15009;20325;1481515384;8
10832;8968;1481522904;4
3462;27321;1481547547;6
12234;11383;1481519772;18
8994;22143;1481530093;2
22252;4318;1481524159;16
11177;12246;1481545125;6
10527;11210;1481548261;10
14263;1194;1481550152;6
5760;4656;1481547287;16
2127;20522;1481549656;10
6627;10460;1481517105;10
227;2963;1481523562;2
11126;11361;1481529462;6
11076;10677;1481551092;14
13924;5704;1481545056;14
5745;22500;1481525339;6
17428;10220;1481548263;12
27309;15322;1481523747;6
6290;8590;1481537012;6
9203;21233;1481541256;18
7975;3968;1481527168;14
7777;8165;1481546480;12
4922;20538;1481514318;18
18423;9347;1481543099;6
12559;4272;1481510238;2
9207;17176;1481512520;14
9394;8058;1481522193;16
16201;23023;1481515640;12
9281;6682;1481523983;8
17300;7477;1481518455;6
7914;7086;1481511505;14
16120;9279;1481538718;16
19872;6463;1481533199;12
10044;10912;1481522967;10
23625;4049;1481536965;18
11959;5837;1481523638;16
1642;3685;1481539004;14
4689;9005;1481548515;4
24173;64;1481529510;8
13785;13946;1481530884;16
365;24688;1481510607;4
1383;25180;1481548573;2
9223;7328;1481536682;12
8869;5073;1481534406;4
6112;20461;1481516723;14
6998;22215;1481515420;16
18346;6453;1481547111;2
5688;24651;1481542142;14
9179;1141;1481527250;14
1717;14799;1481512482;8
18215;12519;1481511494;16
13262;7712;1481519995;18
17415;19543;1481531473;10
13785;7079;1481535662;10
27540;23754;1481541359;2
12232;8567;1481548236;8
8131;13946;1481542805;12
7342;2334;1481543443;6
17302;327;1481539663;16
20401;383;1481509598;10
5486;24726;1481527971;4
14003;14698;1481531478;14
8515;4920;1481532975;14
22432;1443;1481536733;14
18804;251;1481525743;12
5779;14567;1481526213;10
9681;22606;1481509746;4
13263;8223;1481511452;10
22473;6031;1481525209;4
5437;20327;1481548962;12
1695;8768;1481550410;10
11371;2792;1481531406;12
4605;7293;1481518108;2
7977;5985;1481529838;6
6375;25004;1481522320;6
16291;8864;1481520411;18
11000;8323;1481529540;10
1036;12786;1481512087;10
22942;25055;1481539093;10
9189;27126;1481534817;18
21397;11058;1481515530;10
7460;12120;1481531996;16
22971;9651;1481527431;6
25321;4746;1481523596;18
5764;7350;1481540154;2
3981;14555;1481511983;16
14872;20328;1481531385;14
3914;10002;1481513402;2
6820;9844;1481539404;12
6871;8665;1481542894;16
15243;5414;1481545051;4
15108;12287;1481528694;12
6278;27140;1481524748;18
1931;27294;1481513320;2
8575;3380;1481515166;2
15765;379;1481511551;14
27331;8282;1481542155;14
10574;381;1481519324;16
9838;8656;1481548987;16
11567;15231;1481550213;2
20944;6175;1481547429;10
3330;23053;1481521702;4
8602;17550;1481510844;12
10874;7529;1481525682;6
2274;4547;1481533927;18
20239;8944;1481514836;4
14903;7343;1481542043;4
6569;188;1481521806;10
15028;11261;1481523895;14
6153;17866;1481542516;4
2791;17537;1481547225;14
125;8966;1481530901;12
12244;10706;1481542822;16
4246;12029;1481537624;8
23616;19876;1481536139;12
7765;21074;1481532214;12
154;20969;1481532667;14
1924;4335;1481544118;18
12575;2846;1481545332;14
25360;3921;1481533760;4
10223;6346;1481543047;12
15460;3071;1481523642;14
17287;20986;1481547773;10
6797;6780;1481520816;12
27040;21720;1481527192;4
18871;4263;1481549676;12
352;21797;1481532423;12
6307;12034;1481545031;16
4749;6419;1481520587;18
17549;14403;1481546592;10
20656;47;1481527781;6
19868;15212;1481521669;12
1731;22930;1481516320;8
8903;6964;1481521125;6
12653;7324;1481544715;8
8160;14988;1481549736;18
6988;3014;1481547871;8
8762;19758;1481519379;4
10750;16932;1481516543;6
3593;2645;1481509751;10
25140;4776;1481544374;18
219;7997;1481533224;16
8753;11242;1481550918;12
13343;17867;1481521510;6
5822;14568;1481519432;10
7957;200;1481512220;8
15781;2871;1481530998;18
376;23155;1481523452;12
4644;25285;1481549584;16
5927;7244;1481537472;2
10738;9185;1481522359;2
15748;17023;1481530470;14
24508;22495;1481519571;10
5898;16301;1481524639;18
14629;126;1481527916;2
13981;6331;1481537876;14
6125;8954;1481515987;4
7574;21807;1481531264;12
13758;7606;1481547718;10
15514;12293;1481522598;8
5776;384;1481518202;12
8163;3458;1481543614;16
988;22496;1481550902;2
6934;16635;1481513613;6
12624;17402;1481524481;6
23062;11892;1481548142;8
23523;1934;1481523907;16
6800;8849;1481518212;18
5950;15768;1481538467;12
25389;12019;1481516293;2
10515;3918;1481536391;16
26304;8377;1481517790;8
13904;11021;1481521752;4
3934;6946;1481546704;2
5375;9660;1481547118;2
14128;11065;1481511391;18
13800;19045;1481549056;14
5050;9239;1481511353;12
3457;4189;1481527560;14
9346;19498;1481543577;4
23304;21096;1481524543;10
1610;20446;1481512254;4
23645;21807;1481511957;2
3265;17584;1481542354;4
9413;2621;1481540652;6
3756;7170;1481527913;18
9648;7258;1481546383;14
27086;8899;1481537363;12
20431;9670;1481523984;4
27290;7965;1481534207;16
19868;7684;1481528046;2
8544;14801;1481544613;8
14157;8037;1481525502;8
11921;27318;1481528245;10
24359;8504;1481520425;4
3630;7064;1481514640;12
5889;17243;1481513730;14
12398;7915;1481546499;4
41;23862;1481536963;14
22923;27164;1481547807;12
4259;250;1481547952;14
5698;23030;1481536059;10
5873;27489;1481526766;6
11053;9367;1481539009;4
10436;6804;1481527761;12
12366;15214;1481549377;14
12771;10182;1481531140;8
25261;7688;1481532403;6
21268;17269;1481546711;12
1601;25531;1481524450;6
17257;5298;1481543908;14
7965;16351;1481547236;16
1298;23520;1481548717;4
11598;10262;1481547183;10
7612;6987;1481540833;10
25503;9917;1481528571;14
11858;1106;1481528891;14
3600;10892;1481528748;6
12389;26478;1481540737;4
19305;12674;1481518207;18
23887;1022;1481542534;4
26101;14806;1481523317;14
22961;6496;1481511315;12
11153;13259;1481532375;4
17287;22959;1481515713;6
403;1581;1481539101;2
4041;1229;1481548043;16
1812;15991;1481515404;2
3122;2415;1481512795;12
13779;1631;1481515989;12
6014;10493;1481513508;4
10358;11056;1481545866;14
6988;8762;1481526871;10
9498;6406;1481533002;8
172;4009;1481518323;8
6329;324;1481550061;12
9891;15116;1481548411;10
5488;6775;1481548452;8
5430;19420;1481550099;18
18834;23347;1481543719;8
8566;17705;1481513113;18
2800;20546;1481528574;4
17295;1035;1481526074;16
9187;187;1481533307;4
14663;7645;1481532943;16
9827;11155;1481549233;4
21803;4543;1481530973;12
6151;11416;1481536839;10
8134;6168;1481545326;12
23002;22460;1481512959;4
14168;2735;1481538171;2
1857;19763;1481524323;12
23787;7836;1481514704;2
12693;9357;1481531851;18
27003;84;1481544013;14
18903;19199;1481547025;16
8466;5723;1481540139;6
8464;8356;1481520161;10
17290;7958;1481550080;14
16997;21279;1481538327;8
14914;10186;1481546890;6
12387;6274;1481517613;18
6641;2747;1481511536;4
17335;16190;1481521043;16
50;12164;1481521823;18
21088;27090;1481535509;10
2019;9447;1481538904;6
15918;10810;1481533185;2
11088;11075;1481511004;8
12812;15996;1481531417;2
8416;22932;1481521845;4
2125;1721;1481524314;10
9521;8024;1481511377;14
14948;20792;1481550931;18
3590;25364;1481522647;6
12426;2808;1481550425;16
9463;8547;1481531335;14
10006;10571;1481527986;14
8554;14260;1481519081;18
1942;9304;1481550571;16
12027;14537;1481531443;16
3611;3947;1481533110;2
3913;5518;1481542012;2
10264;2396;1481536251;10
6684;5532;1481522349;8
11386;7091;1481529270;2
27452;27375;1481540968;4
23467;21322;1481548462;12
27014;6481;1481516885;10
7559;3273;1481532103;6
16014;110;1481547562;10
5837;13197;1481513990;10
1550;12032;1481512042;6
7167;18152;1481512552;18
4849;4879;1481548046;18
6206;19865;1481520042;8
4363;4664;1481518874;6
4506;8439;1481539636;8
10466;123;1481519021;18
3250;6626;1481548152;14
16982;7838;1481510813;2
10907;12292;1481537837;12
16128;20976;1481528493;16
1182;12317;1481543153;6
23155;8656;1481550948;10
7060;20352;1481521582;18
1595;5940;1481539448;10
1315;6130;1481539526;4
23117;16180;1481511315;18
10572;3931;1481516569;8
17616;20919;1481522428;4
2752;8324;1481544837;16
25083;8935;1481513427;4
11955;7634;1481537534;16
23893;10786;1481535998;10
6208;24568;1481528062;16
17568;23318;1481538078;14
25342;7713;1481528673;6
6736;8231;1481541789;8
11793;25050;1481530766;4
2750;14557;1481524580;2
5284;4775;1481531885;18
8165;25074;1481529537;16
5503;18165;1481524269;16
13875;4360;1481515323;18
20590;7531;1481546000;16
12650;15287;1481517182;14
17481;9525;1481530125;2
15371;22443;1481536689;8
5703;11402;1481536291;2
1230;15481;1481523980;2
11969;10574;1481524722;2
4851;25164;1481515393;8
1602;187;1481537231;12
3592;2162;1481547127;18
3990;1640;1481540519;2
10511;18442;1481533907;4
1990;11135;1481522150;10
7831;10203;1481525123;12
4746;7958;1481534868;6
18049;3612;1481520960;10
22259;16651;1481538329;12
6782;15990;1481525038;16
8422;8592;1481537488;12
23883;250;1481536001;16
2794;10021;1481525675;6
9799;13263;1481522333;2
19042;4510;1481520090;12
20900;1740;1481550945;14
27176;11598;1481512647;16
13794;8828;1481541672;18
4997;5749;1481518181;14
156;18813;1481526521;6
11804;19559;1481529353;2
20689;12396;1481518396;10
7640;18841;1481541302;2
109;10329;1481510682;8
10513;6000;1481535141;4
22933;10668;1481547542;4
10010;14562;1481517722;12
6971;7415;1481543370;10
3461;4758;1481509935;10
5761;1167;1481512893;12
10360;164;1481550770;6
20864;7319;1481510256;18
1298;26155;1481522845;18
22442;6767;1481526699;8
15320;1919;1481535870;8
9519;5100;1481536679;12
20415;9311;1481524454;18
19576;2335;1481516820;10
3746;1889;1481537980;18
6572;18850;1481549134;2
8281;12591;1481530223;14
8642;970;1481512814;6
7171;1057;1481533349;4
8394;9763;1481527784;10
23009;4731;1481531091;14
1986;6331;1481550805;2
12578;19925;1481539330;18
20933;10263;1481532904;18
5002;7811;1481520731;16
4850;13798;1481550592;10
10797;80;1481512062;16
22645;12247;1481529904;2
9973;210;1481528867;4
1191;26293;1481510393;14
371;6432;1481513005;14
14547;5043;1481523657;18
5245;27543;1481550256;14
17252;2801;1481524915;6
27396;5038;1481510017;14
22301;1963;1481538906;6
12219;7462;1481542214;14
20287;5424;1481519223;4
20406;6450;1481527924;12
10778;23634;1481539998;10
5433;11780;1481537149;2
20925;12012;1481535150;2
23032;16982;1481509637;18
6885;1023;1481521624;10
7799;13202;1481529228;8
1208;20631;1481516309;2
24745;3004;1481536671;8
22444;6222;1481528508;10
7958;5927;1481535197;6
23031;10030;1481526437;2
14656;8923;1481513430;8
23651;69;1481515452;16
2336;12228;1481527327;12
11013;3990;1481524975;8
17531;24239;1481550807;4
6201;13345;1481538081;18
132;11052;1481511172;16
183;22645;1481537960;4
6133;20303;1481535805;12
24562;8483;1481543483;4
22680;20099;1481512872;6
6000;7005;1481536633;2
4744;27425;1481547335;12
3263;17472;1481550300;14
7367;7489;1481522780;12
13496;14801;1481531624;12
10366;7487;1481542684;2
3781;8648;1481515518;2
8711;10238;1481509622;6
8301;9532;1481524452;4
3461;9884;1481538709;8
18180;24706;1481546239;10
15119;5043;1481531270;8
17405;7862;1481516152;18
14712;18350;1481537242;14
21504;309;1481515160;4
23063;14494;1481523392;2
431;7544;1481521960;12
150;8576;1481541643;12
9451;12726;1481532210;12
11951;6172;1481549989;2
6918;21388;1481548324;8
21731;5917;1481513804;10
6140;6766;1481545546;18
10202;10192;1481541352;10
24253;4827;1481517592;8
23160;5486;1481515468;10
23813;46;1481530027;8
23763;20538;1481511525;8
19423;17308;1481516904;18
7574;956;1481517471;16
4748;22624;1481512832;2
6412;5760;1481515800;4
15470;20576;1481546182;2
198;1984;1481534867;18
10103;14823;1481516634;18
22680;26319;1481529132;10
156;24360;1481518918;12
6833;18146;1481543542;12
9955;15463;1481541341;18
7601;7396;1481510313;14
917;8974;1481550885;14
415;9056;1481524447;6
8160;8775;1481529811;18
1887;8901;1481546224;2
4784;22971;1481517865;2
7995;2382;1481530951;10
27026;7075;1481540327;2
5377;8412;1481529969;2
25083;27419;1481535839;6
8582;7792;1481519656;14
3388;19054;1481533920;16
20683;21731;1481545219;18
19867;1107;1481531564;4
23653;9242;1481525718;8
5940;1563;1481513571;6
23533;226;1481546625;8
6460;11135;1481513054;18
10496;7895;1481514079;14
7084;20400;1481536492;4
9552;27284;1481527613;8
14622;19372;1481537302;10
11988;8332;1481546093;8
9770;7644;1481542078;12
23365;8777;1481517703;18
8898;11113;1481533471;8
11856;3987;1481547631;6
3425;8491;1481540893;16
6326;7699;1481541076;12
11251;47;1481534741;14
14876;23864;1481511496;10
5901;22456;1481527443;12
15989;12282;1481511986;14
20899;10824;1481542808;2
13950;368;1481544966;6
12102;17795;1481512418;8
5732;6353;1481509504;2
1538;9837;1481549812;16
12796;1573;1481526946;2
20927;7292;1481523261;14
25058;2173;1481530132;18
23149;3091;1481543089;18
16294;25542;1481548502;4
10021;4558;1481540802;14
3683;11031;1481523489;2
13810;17407;1481526751;14
9967;128;1481539022;14
5686;11904;1481547387;16
6637;1314;1481512015;14
15721;23738;1481526887;12
3283;5751;1481547206;18
331;22493;1481544407;14
17863;9513;1481516180;2
6603;1883;1481526116;2
6854;21494;1481510161;12
5530;7337;1481532806;10
6729;18335;1481537094;12
8131;2643;1481526375;6
2330;8317;1481539799;18
6726;20518;1481523018;18
5329;17616;1481536037;6
21385;14980;1481527461;18
22509;7189;1481537186;10
4337;18193;1481542711;10
27006;8686;1481512693;8
4834;4350;1481524134;18
7479;8330;1481519669;12
4348;11224;1481526902;12
19042;18188;1481515605;10
8464;2389;1481543528;12
24710;14561;1481523073;18
8095;4692;1481522053;10
8580;16317;1481542492;6
12046;20067;1481534499;12
3282;9358;1481520533;4
27099;14643;1481509604;4
3057;19279;1481537494;2
4276;1630;1481547923;6
17449;2790;1481528564;14
7946;4257;1481540469;10
19374;6503;1481522845;6
9148;1090;1481525937;14
3398;1213;1481531082;16
22316;7548;1481535624;10
8382;6168;1481524471;16
18196;1885;1481549746;16
10319;12519;1481532845;18
5416;21292;1481539888;8
6786;21362;1481515100;2
6503;17037;1481542190;18
19833;10726;1481524385;6
12147;21723;1481548429;16
19075;5607;1481545810;16
25426;17386;1481537974;18
10311;11751;1481528575;8
17467;6273;1481542895;8
24969;8187;1481521771;6
14706;18195;1481531328;18
211;5043;1481543324;4
25489;4753;1481546315;16
3730;23854;1481550400;14
9761;6711;1481542328;4
11054;10418;1481512790;16
14804;4682;1481511926;12
2027;12413;1481523020;18
22996;22578;1481540613;18
1795;23009;1481511736;16
12426;19986;1481525944;2
6177;10406;1481531059;4
16129;19287;1481531870;12
12099;3534;1481520244;14
9218;24469;1481526883;12
17293;12624;1481511004;10
243;6023;1481527232;16
7276;3924;1481515484;12
18245;21213;1481525714;18
11567;12518;1481544925;2
1989;7399;1481518212;14
25343;7162;1481522737;4
14566;13680;1481548391;8
8688;11042;1481531830;8
11062;4955;1481540359;12
6313;3937;1481537980;18
7356;7521;1481524766;16
18075;12582;1481518714;16
22582;10107;1481539741;12
17406;26036;1481543196;16
5678;19721;1481511528;2
3695;27557;1481522507;10
24281;9123;1481523151;8
3505;14961;1481530740;10
4763;1816;1481543524;2
5817;2320;1481535172;14
15916;11956;1481513212;18
10261;5594;1481509599;8
11041;14446;1481520986;4
18861;9317;1481542664;12
20787;5893;1481525658;8
2396;22957;1481515344;8
9819;26474;1481538685;10
12142;1691;1481531636;10
2825;1167;1481539175;14
7455;15994;1481517801;18
15237;386;1481541054;14
9419;2819;1481547367;10
19042;14641;1481517637;6
9652;3574;1481550369;2
8826;22182;1481513612;12
2388;16051;1481530974;12
1137;3976;1481510831;16
2361;7841;1481543511;4
18181;24521;1481533820;10
5686;27397;1481541890;12
4053;19965;1481532883;2
9763;12600;1481529277;16
13679;6202;1481515663;10
9948;1264;1481542008;18
8564;1067;1481509849;10
12624;11408;1481536604;16
10666;14572;1481515521;18
17458;7966;1481522138;2
9391;5507;1481547227;16
11608;11245;1481515953;4
1487;4313;1481539837;8
10531;4962;1481522714;6
20052;3020;1481529877;18
21312;6673;1481529714;14
16915;19987;1481517076;4
17400;10986;1481521921;10
3273;12040;1481546133;12
1271;8929;1481515410;14
326;12029;1481548098;4
16832;7563;1481511927;12
18335;13947;1481546041;18
4974;3556;1481515545;14
16806;21442;1481524178;6
1394;7040;1481546585;2
26157;18341;1481533166;18
14183;11069;1481538719;8
313;1452;1481538930;12
2374;3774;1481512585;8
1418;9903;1481544076;2
10983;19582;1481514007;12
10465;4018;1481550308;6
2739;20980;1481544201;6
5472;9478;1481535573;16
11115;14548;1481523278;12
16821;10414;1481528206;16
5476;22301;1481547257;10
1877;1798;1481511495;8
6224;4747;1481532204;2
1147;24445;1481525660;4
14157;11725;1481523481;6
14696;3389;1481516259;14
19303;11176;1481521851;18
9974;5808;1481536910;12
9200;7465;1481511203;16
6793;11501;1481544311;18
387;20085;1481546539;2
8692;2345;1481516334;6
12742;10767;1481530171;14
6621;11130;1481522266;4
23833;10461;1481522485;14
15226;8633;1481513267;18
19585;23085;1481535921;18
27201;7397;1481519650;16
8555;6982;1481543067;6
150;1102;1481522027;8
15999;1036;1481539046;2
6777;10891;1481525978;4
8760;24926;1481534268;16
1611;8813;1481547884;16
10069;16874;1481511451;6
9006;18177;1481529870;12
26394;5676;1481514599;4
1518;5826;1481527351;12
23861;14811;1481531091;4
20123;20547;1481519056;8
4331;17257;1481541440;8
10010;20636;1481544927;12
5530;10647;1481524031;6
9313;9104;1481549262;2
6465;7071;1481537369;4
4046;8305;1481509736;18
21307;7586;1481511687;6
16023;6324;1481525786;10
20973;13986;1481537167;8
10308;8445;1481544275;2
875;7601;1481512310;18
7832;20053;1481519336;6
351;26473;1481540266;16
2290;27088;1481517293;12
26083;16124;1481550957;14
12403;14908;1481516033;10
10159;20484;1481534617;14
137;25184;1481515232;6
1793;25034;1481541646;12
8944;15460;1481517698;8
21472;5888;1481538251;12
20687;8658;1481546632;18
6515;18152;1481521642;16
23886;18085;1481529694;4
8563;24428;1481528922;18
1345;22539;1481549777;6
8825;10825;1481525759;12
19233;20532;1481546312;10
21410;17151;1481521089;2
1638;4739;1481539617;8
13560;8444;1481519654;16
18860;13878;1481511262;10
2405;4957;1481537427;18
5856;10073;1481530063;10
14910;16928;1481514611;2
14651;9279;1481536202;18
3575;9676;1481535812;2
16368;9028;1481510573;4
3163;5892;1481544563;6
4961;6025;1481547553;14
6698;6939;1481540679;12
9160;3768;1481516660;8
5733;11229;1481531097;18
12573;1368;1481535902;14
15002;23550;1481535699;14
1847;16119;1481544489;10
4211;27157;1481510528;14
4027;17174;1481538872;14
390;3623;1481545022;14
9187;11038;1481534409;14
15764;43;1481549753;4
3954;13346;1481541878;10
8689;4207;1481530960;6
22144;7840;1481550054;2
16912;6633;1481515117;16
25003;14117;1481522043;14
10530;11622;1481534206;8
8976;7489;1481545424;12
20609;12061;1481547515;12
1568;14496;1481523956;6
12221;22508;1481538874;18
20946;7882;1481548568;10
4710;879;1481543923;8
18884;96;1481538516;14
11220;27171;1481522851;18
10125;1375;1481514087;12
27032;4275;1481534272;6
4015;11215;1481550389;12
13255;23542;1481536219;8
5096;8693;1481542459;16
27087;20982;1481513720;2
10247;7175;1481512552;4
9262;23353;1481531153;16
26312;23854;1481520788;4
22532;27460;1481516994;14
9144;8569;1481538011;10
16888;10174;1481516012;12
9514;18914;1481510710;6
15356;9800;1481523456;8
4013;5805;1481514233;10
385;12710;1481529730;16
15018;1993;1481516268;2
4953;8530;1481547956;16
990;8384;1481527177;16
4744;20410;1481514075;16
12748;23176;1481519132;8
27042;3588;1481509753;4
17273;9298;1481516656;2
17901;7043;1481515629;12
392;23009;1481533211;6
10796;8766;1481532078;8
879;2960;1481534395;16
11591;6614;1481536571;6
27326;3638;1481532687;8
7555;6915;1481550938;18
27309;1641;1481517046;14
19043;4013;1481510449;4
5968;19771;1481520722;10
22966;2749;1481550392;8
9554;2763;1481519618;14
21398;1056;1481514502;14
21303;5643;1481537315;8
22972;27391;1481525354;2
12230;10383;1481537189;16
9904;1458;1481532259;16
3507;14635;1481515926;18
278;9455;1481516831;16
2828;20444;1481540285;6
3075;8541;1481526057;8
5412;23115;1481518884;16
11760;10874;1481520800;6
22456;22585;1481518230;8
7908;20867;1481512486;14
244;10089;1481532797;10
21269;1331;1481531756;16
14583;3754;1481517427;2
9368;23014;1481550239;16
16931;14219;1481519081;18
5910;1422;1481539225;6
16195;5999;1481545277;6
4008;23176;1481550001;18
25069;6235;1481509652;2
24369;20922;1481514475;14
11856;1903;1481539790;8
19286;19233;1481546481;6
7893;11410;1481549436;2
27376;5518;1481539417;18
23014;7439;1481521216;12
20790;3615;1481545048;18
15135;19770;1481536273;6
6324;321;1481525425;2
3535;3981;1481545657;4
3399;3737;1481511327;16
7602;1589;1481526428;4
23887;1347;1481524615;10
6420;14273;1481530110;12
20302;14572;1481521305;4
8469;568;1481525700;2
395;20445;1481543014;2
15031;16678;1481520984;12
9669;14948;1481516244;14
23536;20338;1481539654;4
17456;3401;1481524915;18
6661;10891;1481524126;6
1789;20462;1481518957;16
1842;13944;1481544262;18
4843;13856;1481527982;10
15021;14184;1481527936;18
14443;20862;1481511892;4
251;3776;1481517975;14
4256;1864;1481526421;14
21401;10832;1481512855;10
11969;27198;1481523402;12
19753;12119;1481546591;2
9969;10033;1481550481;12
10045;422;1481528606;8
8880;1712;1481538563;4
1337;24088;1481534894;14
14075;11789;1481542958;16
21837;10904;1481516194;10
8093;12030;1481529846;6
24374;27415;1481513202;8
27535;4661;1481514269;18
2271;18185;1481515313;10
11252;7882;1481516901;16
20947;12099;1481529978;8
14209;3616;1481540165;4
22930;12033;1481525757;14
7451;25178;1481518675;8
22509;2806;1481513342;18
27385;21443;1481522321;8
5041;6111;1481527451;18
5088;6909;1481518635;14
15750;6221;1481527616;10
8448;16008;1481549158;8
19848;12374;1481517199;10
3791;1721;1481532007;12
6712;9971;1481531098;18
19881;7281;1481533351;10
18085;12237;1481513330;18
12091;402;1481520006;6
21736;1246;1481525671;2
18871;23823;1481514455;8
27333;8826;1481526208;12
11815;3427;1481534728;10
7512;17029;1481527622;2
1512;15243;1481531660;6
18180;19889;1481538246;4
5048;25389;1481533707;14
16789;2378;1481529317;10
20694;11802;1481528268;8
4865;8521;1481525845;18
7182;1896;1481548551;6
3853;13201;1481541536;14
16852;1889;1481543288;12
8351;9485;1481521331;4
10680;7173;1481511528;16
24142;3125;1481531754;2
1016;5440;1481526226;8
10529;19938;1481513346;10
9362;10806;1481536689;16
10601;3426;1481529284;2
5017;9467;1481515742;18
2020;24952;1481514493;12
14641;11075;1481546281;2
1058;19454;1481530295;6
3069;22432;1481545384;16
113;13079;1481515754;10
9528;25391;1481542966;4
22266;25528;1481520398;12
11210;5247;1481544285;8
7073;18463;1481521440;4
19423;27490;1481532644;12
8028;14948;1481532166;12
7074;20683;1481534080;12
11384;320;1481550543;14
6602;14511;1481542615;8
19598;1094;1481510203;12
27395;4039;1481542823;8
9652;1440;1481524847;18
25040;1366;1481529842;12
13776;6014;1481509958;14
8482;8093;1481514274;8
6306;9174;1481542056;16
17549;11119;1481511996;6
9831;6770;1481550459;8
8434;4361;1481535396;18
11027;9884;1481513364;6
8366;22624;1481539097;18
10612;9636;1481530671;18
5696;11144;1481548746;6
6692;14894;1481527864;14
10072;5098;1481515977;10
20948;1322;1481539273;4
20317;4854;1481522398;16
3749;23118;1481546521;12
5644;2381;1481534004;16
9672;7538;1481548741;14
5728;25073;1481524811;18
19791;6382;1481526585;10
1882;24670;1481539295;16
10906;1800;1481531012;16
10513;4567;1481524395;10
17359;8602;1481547690;4
26165;8777;1481512870;18
8239;9808;1481520959;6
22996;27435;1481528413;16
20244;4176;1481529883;14
22550;1958;1481532301;4
10465;6361;1481521104;16
4212;9155;1481539401;18
9229;21097;1481528264;14
17364;27380;1481519790;12
5385;14570;1481522651;12
21714;2987;1481509719;16
3880;11388;1481523893;12
21488;10606;1481511631;8
13872;13758;1481548669;2
10888;20023;1481525774;12
12374;13820;1481537374;6
25012;17510;1481534022;18
1515;11483;1481523254;8
13780;15351;1481547524;4
18872;23039;1481535598;2
15980;25331;1481514229;8
24931;6649;1481527262;16
8571;7778;1481547383;10
1854;8342;1481521441;8
17153;24650;1481525564;12
10806;22989;1481523355;2
9868;8001;1481522319;2
5803;25376;1481543504;8
8571;20243;1481514349;18
6620;18850;1481528723;2
1271;21499;1481517969;4
6540;2875;1481540005;12
25361;27443;1481524046;8
1941;13771;1481512185;6
8965;4914;1481549867;16
21403;9528;1481528204;8
1069;7366;1481515745;10
27411;9535;1481512936;18
12227;19235;1481511467;8
10921;18938;1481549725;8
10068;3541;1481517184;16
24709;11870;1481519011;18
3601;1189;1481538821;10
6348;8026;1481526546;2
8514;14241;1481513518;16
6832;22317;1481528280;14
4662;8377;1481540531;14
158;21798;1481541320;16
3612;3027;1481525416;14
9464;3683;1481518653;2
15010;4034;1481515344;18
9873;25194;1481523415;6
4673;18850;1481542497;8
1799;23341;1481510037;8
26071;27100;1481511945;14
3411;24134;1481517806;16
15733;7813;1481544058;14
15990;8544;1481530702;16
1700;8410;1481536796;16
6535;15484;1481524040;4
15072;21209;1481535741;8
18130;11630;1481536635;18
11920;4926;1481526639;16
9272;2944;1481509531;2
9681;7675;1481550417;16
25001;7414;1481517436;10
5594;26094;1481511429;8
15107;1790;1481530385;2
21314;20372;1481529463;10
4025;2908;1481516691;8
20093;24255;1481541679;14
3971;8327;1481529795;10
12699;13818;1481541364;14
14858;14818;1481512311;8
2772;4551;1481542197;14
10617;4801;1481509651;8
6959;2747;1481537157;16
11018;3621;1481538466;4
2381;6150;1481535551;14
13724;12089;1481519136;10
23057;6331;1481537517;16
8475;6891;1481517655;16
969;11625;1481524126;14
10989;10875;1481541902;12
25526;22310;1481511580;6
13298;11375;1481531846;4
5422;19232;1481519095;6
12013;8172;1481509620;6
24690;20413;1481531693;8
23854;20065;1481520880;6
3743;10201;1481515788;8
10240;7173;1481547877;14
334;1284;1481540885;10
23885;25086;1481543701;16
6299;17041;1481533935;6
17477;16858;1481540791;18
24417;5998;1481525572;14
17162;25397;1481519007;12
6025;4328;1481548492;14
4206;25327;1481531221;10
2030;2126;1481540138;8
18911;20852;1481530205;16
27553;4571;1481516596;10
1267;10723;1481538355;2
11115;6304;1481534057;6
15933;18808;1481530500;6
27400;15102;1481512393;2
9888;18812;1481514166;12
24562;4785;1481534411;2
6389;22642;1481513518;14
7695;4834;1481520355;2
10835;4564;1481547206;8
10723;10999;1481548885;14
11593;19804;1481514840;4
5905;17880;1481522968;16
18862;7302;1481532429;8
111;22527;1481536148;14
21717;13344;1481518054;8
8495;24428;1481509560;6
6130;7170;1481549829;8
8469;19532;1481521194;4
11612;15962;1481509692;10
19054;22462;1481547368;8
22447;27180;1481518873;8
10673;18859;1481517993;12
8519;16798;1481514647;10
4506;18245;1481550313;4
4286;3689;1481512131;10
20341;14488;1481543035;2
4304;1180;1481525080;6
1056;7419;1481512847;14
10436;7379;1481535241;10
19941;23142;1481546145;18
11388;11234;1481517650;6
10780;3511;1481520767;18
8763;7021;1481546136;10
10539;25055;1481533896;6
8756;12700;1481512935;16
116;10465;1481545982;12
11056;8584;1481526766;18
19223;6435;1481543479;8
347;11373;1481527680;16
19781;16841;1481525309;4
5040;18192;1481522543;6
7836;1728;1481527369;12
6658;1444;1481511188;6
1170;5471;1481545012;10
2336;3384;1481542019;16
1766;25288;1481515594;12
58;25401;1481538549;2
10231;5773;1481544781;4
7638;6303;1481543789;12
11762;3165;1481550935;12
1556;7836;1481544432;16
5824;1392;1481542636;6
27017;20024;1481538593;8
8758;20518;1481540474;12
2362;10509;1481538041;2
17037;11224;1481527871;12
12712;1694;1481513369;14
10908;20679;1481527236;4
3593;146;1481525402;8
8491;26032;1481550312;14
20287;19823;1481546693;16
1926;11951;1481539169;18
10502;2176;1481541571;8
7558;10191;1481514861;2
15135;27288;1481513087;2
8865;6141;1481519930;10
17474;27180;1481541740;10
16934;8140;1481515573;4
1632;5604;1481539113;2
26147;18834;1481543680;10
5722;23346;1481534954;14
19;2356;1481540895;2
962;11793;1481520684;10
5400;19091;1481537243;10
1259;12286;1481530901;12
14586;20052;1481529107;16
27175;14655;1481521346;12
27042;6412;1481524610;6
2775;3725;1481527118;10
15231;2425;1481512128;8
6140;27177;1481512126;16
16046;20484;1481540608;4
12072;1887;1481524790;16
7601;6589;1481519718;4
11401;5865;1481520316;18
8124;3982;1481542862;16
14426;11105;1481524284;6
6188;17439;1481533858;16
5711;6167;1481513934;16
11577;1841;1481528843;6
3899;4867;1481519520;18
10772;7093;1481535295;6
5418;3499;1481518557;8
4501;20911;1481537329;14
11136;4548;1481535528;6
6009;7640;1481535337;18
5974;3850;1481533912;10
368;3405;1481548882;8
14191;245;1481518078;2
11069;19079;1481527324;14
19554;3623;1481545863;16
16097;22646;1481530997;14
23663;26166;1481530930;6
21223;23622;1481545151;18
20083;17335;1481524609;6
9535;214;1481518182;10
7057;10928;1481520161;2
19939;10800;1481524812;18
4198;12328;1481514118;10
19491;17582;1481518792;8
9391;7782;1481515347;6
1170;9685;1481538152;4
1552;23520;1481549647;18
1107;4607;1481532455;14
561;80;1481520344;16
6384;10469;1481514257;16
7946;8299;1481513014;18
25178;12813;1481544685;2
1697;15242;1481511789;4
24963;6251;1481522424;2
5879;1455;1481532505;12
23048;7060;1481525074;2
5418;8340;1481513778;8
14623;11790;1481526371;8
17891;10327;1481528075;14
2016;3916;1481536486;12
6282;6007;1481524867;18
22213;8029;1481517854;2
6301;17515;1481550550;18
21736;4303;1481516353;12
3981;20067;1481550841;16
4229;989;1481520090;8
7886;16128;1481549496;6
1081;10531;1481541869;10
6482;8936;1481517800;2
2779;27410;1481523102;10
15997;15030;1481541135;10
2952;17867;1481549667;18
22960;8094;1481516374;2
27184;5726;1481538183;18
1390;956;1481529384;8
10200;20521;1481512996;2
5811;3586;1481534361;6
18347;12799;1481524457;10
5723;15992;1481514591;14
9896;19432;1481548010;4
10379;9148;1481525686;10
5686;7760;1481539672;4
24981;3994;1481550351;18
1498;5753;1481518367;6
17552;15324;1481545832;4
11744;4757;1481535817;2
6227;26049;1481546029;10
1591;9006;1481526874;16
17334;20518;1481526761;10
26184;1648;1481534841;16
6109;6440;1481545988;16
5822;2948;1481532913;12
8325;8591;1481517138;10
11854;6820;1481543260;18
14565;14169;1481516563;16
26107;24744;1481544380;10
11251;8358;1481517688;2
10197;11759;1481548762;10
6405;25500;1481510131;10
7770;6998;1481550381;8
25179;178;1481540580;4
26159;9776;1481543071;6
6948;6266;1481530393;16
2953;163;1481520877;12
24719;20465;1481524646;14
8591;5696;1481518519;4
14127;20347;1481541915;16
4209;2809;1481548835;12
4029;8341;1481527098;16
17601;25003;1481550293;12
20048;2019;1481530427;14
22460;9483;1481516255;18
26207;7260;1481510025;14
3467;13496;1481509931;4
4840;3566;1481527096;2
7604;4802;1481519236;10
276;7259;1481537653;8
22937;1281;1481539055;16
19229;12150;1481532773;18
7633;14697;1481540751;16
20479;6331;1481541857;4
27004;5120;1481516264;16
6999;17148;1481520011;16
17436;5736;1481511364;16
8394;11119;1481530760;10
3888;12089;1481534055;14
6495;16008;1481537120;4
25180;9747;1481521021;2
12656;12644;1481515753;2
24964;27325;1481526618;18
8375;965;1481550287;16
22270;15336;1481521284;4
10810;6368;1481514693;10
23752;4786;1481536158;2
8572;1584;1481534500;14
17274;17133;1481519646;2
1792;6125;1481511156;16
21299;22924;1481520627;2
1144;18813;1481531959;6
23533;6997;1481519099;14
6471;14615;1481511615;10
11780;8332;1481523670;8
20118;16912;1481522247;4
5900;3021;1481536231;16
2280;5711;1481521459;6
3599;21307;1481530365;8
26111;6443;1481517218;10
1140;3685;1481529875;18
12744;4206;1481533784;4
25502;23894;1481545359;6
5807;4158;1481549640;18
25375;11114;1481520651;14
20480;20461;1481526839;10
9529;17794;1481537158;10
8782;17531;1481520629;18
10982;19576;1481535246;8
27465;15020;1481522175;14
9841;3398;1481524427;4
5681;14511;1481523916;14
2385;19967;1481527702;14
6625;2143;1481537892;6
25508;7825;1481512946;6
8910;4272;1481525980;6
5084;7615;1481531646;14
23892;7422;1481520825;16
2820;3612;1481543308;8
1260;24394;1481523759;8
22649;3146;1481549452;6
3775;3273;1481526121;12
3370;10411;1481526871;18
6726;370;1481528370;10
16651;8013;1481528550;18
7532;8439;1481546476;10
13346;5844;1481510223;8
10680;6544;1481526029;18
9773;14264;1481532025;16
12134;3695;1481545562;10
6797;2271;1481535873;16
6859;11267;1481513991;6
6389;20360;1481511453;10
7862;1364;1481544461;6
6687;18310;1481527106;6
11407;282;1481541343;12
98;27508;1481545485;16
20922;6251;1481516989;8
25543;17155;1481526294;8
6389;18166;1481543176;8
9166;13204;1481510337;16
9871;9065;1481522768;10
22297;1059;1481513271;2
14896;7059;1481534986;8
24708;27267;1481550780;14
972;7955;1481527235;12
24176;1925;1481548588;6
6551;8581;1481524905;16
14003;5598;1481533802;16
20316;17863;1481537515;10
8984;5714;1481550649;12
7514;5585;1481550952;10
5278;14152;1481543584;14
27031;2149;1481523438;8
338;17044;1481541609;18
4239;20947;1481527728;2
340;6121;1481545626;8
8465;5921;1481519520;14
14986;6433;1481535425;2
11249;4824;1481544663;2
1512;27097;1481536492;2
6516;1705;1481517477;16
375;3998;1481515196;2
11859;17183;1481514065;12
19969;9792;1481518941;16
5691;3903;1481548577;2
7054;5847;1481530400;14
17885;4664;1481539483;16
9342;14246;1481547200;14
23318;2331;1481522240;8
10595;27136;1481510107;14
3971;4274;1481535615;8
27342;1579;1481532233;6
7917;1905;1481528398;12
6533;1707;1481539268;6
3961;14893;1481522232;6
21315;27470;1481529390;12
25195;3922;1481521437;2
14271;9178;1481520809;6
10984;257;1481514122;4
8995;1984;1481522358;14
10832;1801;1481531657;2
6565;409;1481509735;14
1675;15222;1481543018;6
16098;8092;1481513215;16
21087;16905;1481543315;8
5630;24571;1481517998;12
21317;22933;1481524405;10
3397;25061;1481529021;2
19857;8520;1481511799;2
8972;23058;1481517586;16
9674;13079;1481527343;8
16932;3420;1481518812;6
8495;11258;1481544618;12
18088;411;1481513792;4
18194;12308;1481539326;14
24962;1495;1481544735;16
6960;11759;1481516241;10
24710;5936;1481525458;6
4693;3412;1481549965;2
21808;16130;1481522542;2
10761;1981;1481516060;12
10252;5756;1481543044;16
24649;4826;1481512767;16
1917;15075;1481522708;10
3715;4707;1481535775;12
8299;11016;1481533905;12
10912;22957;1481528849;10
4304;4286;1481539643;10
10311;9993;1481513738;2
4006;24529;1481526103;2
5114;6437;1481550560;14
19824;14450;1481546296;6
27;7799;1481521581;4
1935;27028;1481528086;14
14260;5514;1481512748;10
10263;8110;1481528719;2
22991;14890;1481539658;12
4017;8025;1481539053;6
6122;1556;1481526215;10
1068;4605;1481517679;10
2810;12186;1481515982;6
3047;7491;1481525437;6
21303;12561;1481541451;18
19775;6696;1481534484;12
7171;14282;1481520931;4
11627;17154;1481546077;6
25163;10465;1481517944;18
6951;19760;1481534331;14
20086;15533;1481510828;4
2376;14436;1481518791;8
6125;1066;1481538838;2
12068;11860;1481531852;4
24964;5515;1481542262;18
4258;387;1481532377;8
27461;3027;1481509945;18
2165;7360;1481518898;8
4943;5739;1481534942;2
24690;27471;1481534734;10
4294;3756;1481532639;16
7394;12332;1481532052;10
1695;1204;1481517540;6
8997;15105;1481512970;10
13345;9472;1481532434;4
2892;11022;1481533695;4
23742;8532;1481517796;16
8565;6833;1481523486;6
10779;10361;1481548602;6
22273;23753;1481525973;8
3257;11808;1481515715;2
10890;26216;1481546698;16
11685;17281;1481528486;2
27321;14802;1481515423;6
14905;15471;1481511562;12
3062;8995;1481514684;14
1984;17054;1481543847;18
11217;3422;1481522198;10
13256;27095;1481519518;10
295;11066;1481511358;2
16935;10313;1481513882;12
1290;4822;1481536173;12
27395;15106;1481517569;6
23335;11217;1481511570;16
20712;1701;1481515196;14
25549;26159;1481526042;14
8028;8404;1481547841;14
17484;3568;1481516362;18
1882;15737;1481529111;6
8534;8572;1481514412;6
1738;3077;1481532582;16
12156;12800;1481520471;6
23862;6373;1481522911;14
12157;19575;1481550563;12
17213;20544;1481536242;14
7423;9502;1481545379;12
3699;15107;1481518127;8
8388;11911;1481521874;18
15139;8602;1481549673;10
12295;985;1481515419;4
11138;2999;1481516084;10
17351;3778;1481523913;10
1392;11803;1481548819;18
10415;17441;1481523874;10
4919;23046;1481509852;14
24356;17376;1481516645;4
20121;14822;1481511437;8
2343;6404;1481524630;4
5911;9204;1481545267;14
6653;6944;1481515938;6
19432;9209;1481524464;4
26329;1456;1481529439;6
7030;8417;1481524550;18
1952;8697;1481537353;12
26108;15518;1481531088;10
1981;7266;1481544653;8
5637;27383;1481512353;2
19059;10823;1481510587;2
21312;18091;1481549572;6
24357;8463;1481526625;8
20792;11030;1481519400;14
7287;6586;1481550196;6
7825;2413;1481543731;6
16016;5548;1481519556;2
8168;3087;1481541922;18
402;15909;1481510731;8
9685;389;1481525210;10
5692;5114;1481524805;18
20931;22582;1481547284;6
23335;327;1481539244;2
6262;16187;1481543861;18
16649;19923;1481521690;4
12368;26310;1481548066;18
20754;3065;1481534789;10
22577;15787;1481538916;10
2127;5490;1481542675;6
11057;3273;1481537392;18
4744;8489;1481543007;12
19062;12714;1481513816;12
9151;11484;1481511302;18
4529;106;1481513783;12
10417;5833;1481538692;4
1721;13219;1481537481;2
27028;8723;1481523269;18
4235;6925;1481511583;18
16043;9321;1481533318;16
12181;1913;1481515763;4
24695;22642;1481532953;16
8279;9449;1481524541;2
16184;10029;1481540892;10
12627;23789;1481520308;18
23538;1416;1481516833;14
11727;14964;1481547559;2
3161;6231;1481550824;12
10533;9305;1481529634;12
21399;15237;1481519496;18
20395;8110;1481515147;6
19585;15224;1481528822;12
25344;18202;1481518458;4
27086;20015;1481522751;6
27318;3998;1481550435;12
7416;7900;1481535957;6
17399;20325;1481550549;8
11377;16925;1481534851;12
13802;20453;1481519879;8
2526;11903;1481521522;2
20039;9361;1481534175;8
11393;9310;1481539146;14
12317;9200;1481518395;18
3932;5721;1481518275;6
11061;16204;1481528810;2
6317;9286;1481550532;12
8738;11862;1481541903;4
14134;23110;1481513421;8
1033;7873;1481509570;18
161;6443;1481541323;10
8689;1067;1481540701;6
9947;4288;1481546146;6
7853;14927;1481530149;12
11822;3726;1481544182;8
23663;9393;1481512335;4
22649;11242;1481526321;10
5888;13948;1481529238;2
24572;917;1481534254;8
992;10318;1481519302;16
3249;14553;1481532324;12
11790;22219;1481516292;12
21218;18823;1481542149;4
2410;14003;1481510615;2
27267;10295;1481520999;4
4223;8891;1481531876;18
17278;8899;1481513712;12
4183;1309;1481509551;14
23087;4987;1481515284;10
1274;2126;1481533832;10
22928;17459;1481545396;4
6117;19970;1481538521;10
18423;10598;1481539562;16
3463;4337;1481550317;16
23863;204;1481537953;12
26163;9993;1481551079;4
49;23727;1481524701;2
25468;4105;1481547783;10
11623;11948;1481539789;12
10520;124;1481514445;8
9190;11225;1481513155;18
12048;25011;1481539086;10
23526;4332;1481521171;8
7792;19970;1481527318;6
6251;17173;1481510590;4
385;3253;1481550465;2
7625;7336;1481520265;8
18814;11786;1481512672;10
21084;24666;1481532049;12
20922;7684;1481547495;4
1733;12651;1481528846;16
7300;20444;1481541081;6
7707;3147;1481512487;4
23446;10486;1481538244;6
27314;9001;1481539193;10
23650;2148;1481527080;10
9573;20975;1481549859;16
27010;10768;1481512136;14
16128;4946;1481526768;16
6351;25048;1481547508;4
7835;19761;1481540056;12
13213;4251;1481516250;14
27000;23832;1481531664;6
5764;25321;1481522451;10
8567;1449;1481540166;12
3999;19216;1481526503;10
9523;24986;1481537540;14
23106;6977;1481513113;16
4748;10704;1481513603;10
11140;3939;1481536218;18
13028;10178;1481541986;12
19761;15744;1481509742;4
3683;9448;1481544758;16
8589;11608;1481509992;4
4968;3070;1481519698;6
1707;16558;1481532825;6
20365;1168;1481530538;6
3031;16178;1481510885;8
14578;2825;1481534689;8
11696;1877;1481525795;8
9166;17185;1481514915;2
19940;3070;1481523874;16
8580;7713;1481543393;4
1894;3620;1481527828;16
3286;27286;1481530921;18
220;17240;1481530358;10
11063;8027;1481522661;8
17580;8690;1481541385;10
2333;221;1481524079;14
5360;16178;1481544123;8
4564;10809;1481543034;16
8950;26084;1481510803;4
9193;158;1481535838;10
7418;1063;1481527349;18
9060;18399;1481512566;4
9814;5033;1481545613;6
9405;20074;1481524640;4
10640;6818;1481517938;4
23651;5245;1481536545;6
24989;3281;1481512512;14
27457;26163;1481520104;14
8289;20572;1481521737;16
3545;9152;1481517333;4
1869;24511;1481515590;2
8492;15934;1481529912;2
10687;11761;1481536673;4
8890;3286;1481529725;18
6999;11125;1481523985;2
17257;27021;1481520008;12
2139;20963;1481519044;18
14777;9649;1481544292;12
1801;6251;1481526183;2
9754;12033;1481526089;18
6631;14207;1481514745;16
7552;405;1481531421;10
12278;17033;1481518592;14
27417;116;1481519774;12
24445;9664;1481512902;12
10906;22;1481523605;16
8234;20519;1481529582;8
12585;25547;1481545489;14
19041;4346;1481512536;4
20867;8235;1481526764;12
13346;5492;1481513608;6
5689;10709;1481528503;12
10295;20890;1481546462;16
5403;436;1481529806;16
6178;8598;1481527472;10
14403;5103;1481519293;18
4592;15935;1481524193;14
10125;18188;1481544758;18
1371;11246;1481526605;16
5411;4922;1481520285;4
11050;5936;1481527263;6
20480;17782;1481515906;16
11770;4541;1481537462;8
5921;8593;1481540424;6
1592;4270;1481522928;12
17510;14705;1481522521;16
22483;14695;1481515855;2
46;10241;1481515660;10
11779;10518;1481528395;4
1374;27336;1481542515;14
21002;25547;1481534122;16
6272;11947;1481551136;8
19992;4016;1481519755;12
5128;10515;1481541892;10
5895;8107;1481521484;14
20588;6618;1481550503;16
11093;6569;1481520106;10
7242;3154;1481512055;16
11027;9243;1481545787;18
7490;19075;1481536770;18
238;3946;1481525642;16
2025;10180;1481541763;18
6469;16656;1481520503;16
21223;12799;1481528777;6
4188;20544;1481517041;16
21814;19716;1481541705;6
18444;1990;1481535340;18
24428;8147;1481533875;2
25025;20300;1481517120;10
3124;7404;1481530604;10
20342;9671;1481544993;16
6808;6728;1481523456;12
9518;4782;1481518094;14
14615;5046;1481537493;16
8381;7427;1481533321;14
4918;18938;1481536051;8
1389;20985;1481514491;6
20071;16826;1481520333;8
7692;24392;1481530676;4
19575;14075;1481519688;18
17444;17481;1481520912;2
19916;4318;1481510896;18
3011;4896;1481534731;12
8478;15327;1481524586;16
11869;11177;1481540002;16
5960;15242;1481537352;18
9280;6480;1481540042;8
2393;16916;1481538873;10
11411;10070;1481514948;16
7767;27453;1481536677;8
5740;11848;1481534523;4
8468;6187;1481515987;12
7407;9844;1481522037;16
3704;9221;1481519553;12
6669;20400;1481543602;2
19816;12374;1481529439;6
13877;22132;1481548733;8
11412;27327;1481532176;6
20359;23445;1481536052;10
14288;909;1481530741;8
2146;24562;1481514872;18
27199;17512;1481550814;14
10375;2390;1481532680;12
10360;2346;1481539892;10
21383;5808;1481533994;4
8959;2402;1481528002;14
6637;93;1481544448;6
4641;4752;1481542510;16
15998;8988;1481528101;10
4837;13209;1481535802;2
12352;390;1481517538;12
10623;22550;1481532906;18
993;4577;1481542728;8
7711;27318;1481522082;8
20342;1901;1481524264;10
10927;4774;1481542497;18
20922;16936;1481525809;12
4581;17026;1481532786;14
20140;5487;1481548474;14
955;10672;1481547590;10
7572;3693;1481524343;18
7086;25246;1481517619;6
17351;19051;1481546973;16
12614;15909;1481534277;14
20643;23787;1481548393;4
4865;6689;1481531661;16
16362;21369;1481541418;12
27172;224;1481518805;16
373;9200;1481532270;12
568;1410;1481530432;6
13942;2950;1481514233;8
9315;6790;1481529120;8
7418;10311;1481548753;12
5418;8579;1481551004;6
12416;26262;1481547332;4
20471;3060;1481515867;16
6578;23550;1481527541;10
27286;15749;1481540196;4
6455;24140;1481530596;2
1797;1637;1481535139;14
20459;15297;1481533017;16
9998;7296;1481546540;2
17473;20301;1481540177;10
2010;8942;1481528077;10
3752;23366;1481514972;10
15298;4803;1481513515;12
18323;9757;1481517532;14
1215;11795;1481537937;4
10308;27196;1481526753;18
10002;11824;1481533362;4
10403;11216;1481548271;2
3031;21834;1481541008;14
5710;12297;1481544901;10
153;27328;1481527965;6
14710;10242;1481522719;4
7556;14168;1481527007;12
4809;12121;1481527913;2
6327;6925;1481517541;8
2789;5505;1481549355;18
8223;20189;1481510561;16
6982;1453;1481541367;14
20602;1516;1481545191;8
18107;20739;1481544259;8
9554;20869;1481513672;10
8936;20526;1481545872;8
1926;20135;1481510528;10
9962;20462;1481532205;12
1218;16861;1481514550;6
24376;25084;1481548435;6
6459;4167;1481522854;4
26469;18874;1481510939;18
23520;9282;1481533964;2
1193;14696;1481549452;2
5509;7433;1481529825;16
9246;16822;1481521243;16
23014;6819;1481512553;18
6860;27397;1481525257;10
27546;17295;1481517085;12
23730;1866;1481510348;14
7785;23896;1481514513;4
10026;1563;1481547006;14
19210;3792;1481542097;12
4349;7318;1481509828;12
16811;19940;1481548833;18
7674;18867;1481540949;8
16840;8964;1481544230;16
368;1931;1481510004;8
5886;18821;1481530358;16
19091;8687;1481529886;10
20366;17577;1481539624;12
10037;18069;1481528803;16
7697;1791;1481510516;16
26240;9017;1481510805;12
7632;12945;1481527619;16
4811;2115;1481534056;6
6001;7394;1481510275;18
6589;9440;1481524796;18
103;4774;1481531368;14
10067;16533;1481526290;10
24088;6718;1481513127;4
5357;16918;1481536625;8
3060;15768;1481516755;10
18466;27429;1481541733;14
3349;23439;1481546108;8
6709;8484;1481544843;10
19919;14641;1481526988;10
14570;12061;1481521258;14
24585;14201;1481532712;18
1139;1496;1481522133;2
9065;8334;1481517119;6
10020;4600;1481540877;2
25434;6833;1481509526;4
6631;20121;1481540215;10
24469;18213;1481545250;14
17849;4746;1481533481;4
4991;11090;1481522280;4
16798;25541;1481548835;6
20328;14634;1481540813;8
12809;5739;1481540552;4
4746;3975;1481515241;2
6857;3690;1481511710;16
3370;6189;1481513588;6
3693;23824;1481534262;16
1500;9950;1481537377;14
9018;21323;1481543990;6
22498;8934;1481536836;8
6974;8168;1481521719;16
21379;20089;1481516229;14
10072;14545;1481516516;8
22482;24708;1481540526;2
10089;4265;1481525804;10
5923;8754;1481526558;2
5372;7001;1481545003;2
8519;15998;1481545689;10
4917;20970;1481550254;4
22177;19229;1481530191;16
23365;10094;1481524520;10
20684;1231;1481522352;2
11098;19304;1481548187;8
3629;13818;1481518893;14
379;25325;1481513445;14
381;24737;1481532854;16
9900;14893;1481511455;14
10256;3792;1481550528;6
269;6935;1481550051;8
17455;6986;1481544288;2
10182;8760;1481547535;8
1129;10535;1481536031;8
7766;13226;1481521100;2
8279;294;1481519342;18
1560;25184;1481541861;12
10273;25503;1481522064;18
1576;19922;1481549242;6
16183;7944;1481519395;4
22653;3095;1481512497;8
3776;3774;1481521561;4
1074;5044;1481534316;10
9651;7767;1481514354;6
3508;13809;1481530646;16
25387;1149;1481525830;14
11603;291;1481525955;18
3047;12726;1481525861;12
10119;15159;1481536619;8
3276;1846;1481524977;2
23161;26108;1481539237;4
286;13080;1481519372;8
26029;6712;1481537069;4
27310;5117;1481521048;2
23623;27178;1481518248;6
9520;1411;1481523364;8
15319;20146;1481511226;2
14696;21365;1481520555;18
5751;19790;1481549953;4
7348;9984;1481509661;18
1656;19857;1481530869;12
1984;7538;1481531872;10
955;24651;1481537173;18
20658;21214;1481546990;16
8834;17904;1481535268;4
16517;27324;1481521813;2
17363;17402;1481513778;16
6610;10201;1481548929;2
14981;1531;1481546788;4
4594;2412;1481527793;8
12418;11770;1481536745;16
7860;5822;1481535020;10
564;24659;1481514638;16
23896;23467;1481527998;12
27205;4625;1481548470;16
24238;22461;1481547636;6
15071;4578;1481541900;12
5511;4874;1481518826;12
2734;22993;1481530693;6
11477;18811;1481539326;16
5831;14242;1481548915;8
23053;13788;1481518131;8
11595;9280;1481512010;6
6675;19921;1481526674;16
18896;8989;1481534882;12
10010;10002;1481549464;4
13906;6889;1481535847;18
20109;8513;1481530152;6
9468;10622;1481519353;16
8387;15018;1481524126;6
19297;12070;1481528147;10
17309;4529;1481529703;12
7637;27377;1481513517;16
10087;22603;1481542659;12
20408;19576;1481530564;18
24349;309;1481532493;4
3386;21837;1481510758;10
10509;969;1481539673;10
11211;4186;1481533287;16
16193;1142;1481537135;14
14433;16136;1481532796;12
997;21808;1481548249;8
13681;18340;1481539272;12
10927;14168;1481549721;16
5992;993;1481525649;4
1165;313;1481535019;16
14631;26280;1481519479;6
14557;24672;1481523625;16
4851;3585;1481528337;16
18165;19042;1481523852;6
17537;10598;1481514636;18
21496;20769;1481544253;2
5387;8647;1481526884;12
27033;19878;1481544025;18
1716;15764;1481540136;12
8165;20485;1481541064;18
6387;7619;1481531738;10
14170;21;1481533359;6
2349;967;1481523726;4
1210;10513;1481509735;8
16832;16301;1481548509;8
8411;7092;1481510216;12
1396;10119;1481526223;6
27187;9435;1481538579;2
3380;10004;1481515805;6
21071;9666;1481545665;16
8537;15099;1481517853;2
11020;6840;1481525044;2
5118;7426;1481541446;14
1616;6984;1481513663;6
25036;4959;1481531422;18
17280;11208;1481535307;8
21299;19869;1481526231;12
5803;5987;1481526446;14
346;21727;1481519872;18
23620;10107;1481536003;2
3957;13883;1481535754;18
5082;23852;1481519097;12
15721;132;1481543729;10
8635;12408;1481539400;4
12391;13930;1481541613;12
17583;12061;1481525194;2
4642;11612;1481519615;16
25059;24962;1481516989;2
15160;5037;1481539701;2
5604;9188;1481522871;2
24445;10117;1481530872;8
23115;10356;1481535887;8
5893;3449;1481546963;8
8588;16139;1481524820;14
5017;4222;1481532722;12
26144;8507;1481516325;14
17400;21298;1481527778;12
8138;5883;1481532557;18
7835;9317;1481513577;10
19551;27312;1481532854;6
5859;12158;1481510530;14
7778;13949;1481544053;4
7421;9009;1481546271;18
8575;17149;1481537741;4
3854;9989;1481534338;2
6155;25045;1481522184;10
19061;8427;1481537604;8
18245;24355;1481547471;16
14894;9967;1481545314;12
23055;5915;1481516105;14
12095;14430;1481550300;12
21716;1926;1481531653;14
4820;4800;1481544050;12
10671;11695;1481510557;18
2408;3369;1481512861;18
2963;6172;1481518876;8
13976;8585;1481542380;6
25511;8764;1481533119;8
13343;9903;1481514691;2
15513;21413;1481546603;4
437;22536;1481516773;2
5548;10911;1481516077;6
6979;13078;1481512289;12
1491;5737;1481516457;8
1287;19543;1481522984;6
23329;17585;1481530527;10
9304;6374;1481539972;10
11411;5817;1481544190;18
7689;24745;1481531832;8
27014;8583;1481517168;2
20192;25080;1481524093;8
22134;16849;1481515233;14
5929;352;1481548186;4
6713;2416;1481525060;8
11245;10774;1481514440;14
17198;15250;1481516802;14
7907;5756;1481547434;4
182;1627;1481539443;16
20014;24956;1481537550;2
5808;9296;1481546217;6
9737;4541;1481521382;8
1777;298;1481531511;8
14576;1691;1481525010;10
19022;2018;1481521895;16
10102;13213;1481518357;6
15231;11687;1481544136;8
15931;15703;1481546233;16
6533;17027;1481530287;18
9949;4178;1481535997;4
11696;27476;1481523877;10
9880;1366;1481519010;4
15101;3979;1481539731;16
8463;15356;1481516350;4
6489;24939;1481525194;18
1616;16824;1481549731;14
1362;21715;1481528031;10
23526;1587;1481535744;4
165;4737;1481538248;10
19554;11236;1481511717;14
11806;1067;1481536441;18
7850;15319;1481549728;14
22796;4501;1481525395;6
13907;23082;1481537555;14
1531;17484;1481533580;18
27435;6217;1481510518;18
20116;9406;1481536674;10
365;14979;1481535748;14
8804;6335;1481542322;16
27416;1335;1481526207;18
6549;427;1481532548;12
7566;1066;1481549432;4
5697;2121;1481512760;2
20091;5958;1481529077;10
1693;18818;1481544526;10
5959;3768;1481520976;6
3029;45;1481546317;8
13879;23862;1481542528;8
1285;7568;1481551131;14
5392;2806;1481518043;8
7526;4912;1481533192;2
19965;11234;1481544517;16
166;14980;1481512889;6
25180;14629;1481527134;16
6612;2741;1481548451;18
1955;11375;1481514146;18
6315;270;1481536959;2
4035;10710;1481510212;12
16874;1400;1481541268;18
1670;25000;1481537118;2
23515;6728;1481544695;2
11501;375;1481518686;4
1961;7086;1481519184;12
25011;22649;1481521849;14
5401;8474;1481510584;4
19882;11625;1481529748;12
26156;8239;1481524783;16
1647;7314;1481521420;18
17400;1906;1481537762;18
6382;1925;1481525212;14
6945;21809;1481539324;2
12216;27321;1481550283;14
1351;14915;1481518147;14
14922;19842;1481532106;8
3448;3728;1481515983;18
15164;3599;1481544526;4
11069;6900;1481521515;16
18860;8573;1481546015;10
10465;19947;1481540379;10
4696;8813;1481536573;2
10877;24471;1481526605;6
10214;11826;1481516134;8
25024;5829;1481517981;14
10205;6415;1481550702;12
4291;12425;1481544467;14
9881;23032;1481541637;14
19060;412;1481521101;4
5531;9855;1481521958;6
5917;6830;1481536670;14
11770;23099;1481541347;14
20543;4862;1481528646;14
10506;1982;1481516089;18
9212;3505;1481537067;4
10635;4728;1481540878;14
15324;6677;1481527150;6
13863;1971;1481543497;8
11126;5987;1481518435;4
19868;5244;1481526132;8
17456;19213;1481542494;18
22303;9900;1481520277;14
7647;10384;1481530052;14
3681;27485;1481543936;2
47;27030;1481533900;16
8755;6939;1481511497;14
14799;8168;1481548984;8
23520;20510;1481542860;8
14241;19925;1481532766;10
8583;221;1481527671;10
5084;8538;1481516084;16
25071;6336;1481527409;2
5749;15075;1481538898;4
1742;5101;1481529255;10
27470;13314;1481534850;18
21714;15114;1481522258;16
8953;5100;1481519688;2
11201;17388;1481524902;4
10685;11770;1481515795;10
2352;6998;1481521990;12
6675;167;1481546385;6
16892;1837;1481513145;4
8867;3575;1481544130;8
16189;6374;1481511670;16
2828;14261;1481513592;8
27546;2610;1481532836;12
956;20917;1481513629;14
17472;5917;1481526469;6
10360;9529;1481511283;18
57;5922;1481549558;4
10125;9652;1481511388;2
23000;14973;1481526458;18
10684;23356;1481525564;12
11771;22936;1481533332;6
17395;18081;1481542739;14
10231;3611;1481540773;2
7598;2987;1481510094;12
2174;6117;1481538053;18
23486;4267;1481514808;16
21722;19221;1481528594;8
12073;27228;1481530644;6
9545;17390;1481533713;10
9464;21443;1481515465;6
6436;20341;1481512229;4
13216;7443;1481525808;16
9885;20599;1481517195;8
10926;14118;1481516645;10
25340;14980;1481539148;8
19833;3615;1481534655;12
8933;7379;1481531904;8
19969;9154;1481511486;10
23012;9475;1481534556;12
25265;1845;1481540594;10
3123;22269;1481551109;10
1096;17172;1481510522;14
17848;9984;1481519299;8
23060;18098;1481547786;6
367;5007;1481511251;14
15101;7574;1481550621;14
17363;14972;1481524954;4
9478;22146;1481517734;18
23662;6858;1481550322;8
15980;8870;1481529018;16
3420;14919;1481532568;18
14496;12151;1481532315;14
1484;17352;1481520787;8
6418;9821;1481526123;2
10909;10704;1481515893;16
2145;8304;1481550973;16
19911;4531;1481511314;8
1531;13775;1481539005;16
24724;11410;1481543238;16
18175;12047;1481515601;8
10593;5399;1481539123;4
7694;5080;1481536001;2
13215;118;1481520876;8
3901;971;1481518020;2
4189;1702;1481522154;6
17893;19761;1481520770;6
9831;11035;1481516975;16
16190;9298;1481549486;14
9294;19771;1481530313;2
6245;3417;1481535870;12
5694;10780;1481527207;2
7647;10195;1481541990;8
17536;10211;1481543603;2
17849;6921;1481539966;6
1211;11809;1481517840;14
19595;25324;1481532103;6
7683;5479;1481523317;14
6143;5025;1481515445;10
14450;8863;1481521211;4
5650;19965;1481534654;2
977;155;1481519716;12
7093;2844;1481547006;16
6712;8301;1481533510;12
1500;1311;1481524690;2
10512;27419;1481515664;2
21758;17254;1481517453;16
395;5406;1481528080;4
1860;22576;1481539535;6
22960;98;1481540863;4
2804;16101;1481523216;14
5018;21363;1481539453;12
19914;8902;1481525103;6
7142;8477;1481542717;12
272;10238;1481529086;18
2868;11038;1481540661;6
2805;7622;1481547626;18
5122;250;1481538203;2
24374;10469;1481532894;4
7442;2119;1481549097;14
10736;11036;1481528266;18
222;11125;1481544649;16
9518;9242;1481522985;14
9423;4356;1481514219;8
8478;14709;1481516873;10
7330;24359;1481516323;4
22494;20336;1481525384;12
9686;4227;1481533200;18
27020;11229;1481527714;10
9560;4728;1481518069;8
885;20519;1481521850;4
20532;8815;1481516621;16
6934;9188;1481548161;10
6216;11242;1481521459;14
1027;5652;1481550380;12
8228;5695;1481534726;18
6711;25174;1481547819;4
26029;12033;1481521205;4
27001;4564;1481540576;12
18894;17023;1481526550;10
9516;9363;1481510121;2
3916;8491;1481527013;2
10547;10704;1481526155;16
15129;10021;1481523685;6
352;8562;1481532852;4
1852;10113;1481516666;6
4967;20100;1481544884;18
7600;3624;1481511353;4
4744;1403;1481539065;10
23532;8119;1481518529;8
9027;17482;1481550132;8
10421;21491;1481536628;8
4998;1590;1481511150;14
10414;24935;1481538659;6
5043;2522;1481536189;10
20357;15748;1481544991;4
6673;9449;1481542759;14
12089;1217;1481513439;4
983;4296;1481527281;16
24986;2729;1481519406;2
15491;6915;1481524026;8
12645;1725;1481546206;2
7317;25514;1481532890;6
7639;4287;1481510164;6
7936;22614;1481511351;6
10738;13003;1481517576;14
3684;5411;1481545333;14
4343;20946;1481519661;10
5485;1105;1481540343;14
2321;6965;1481533116;10
13899;24782;1481521363;18
6152;4925;1481538358;10
7093;2953;1481549215;18
5852;3686;1481511698;16
10547;5749;1481535065;10
10734;23625;1481533981;16
15737;27161;1481546157;16
14447;6207;1481521841;6
9803;22958;1481550795;18
20041;22588;1481541455;4
18107;3535;1481547008;12
7360;949;1481523751;6
10666;4661;1481550402;16
6651;23117;1481532064;6
1339;20096;1481518142;8
3751;20588;1481510254;6
10119;13298;1481532099;2
4262;1591;1481539003;10
6126;10075;1481510786;12
7995;11793;1481530179;18
1326;1280;1481537444;12
7056;5117;1481515641;8
10183;290;1481525716;8
24570;22625;1481517313;14
20340;15306;1481513107;12
19910;3591;1481542140;16
7782;13911;1481549096;6
6865;20336;1481547662;12
1023;23014;1481519482;2
1348;16014;1481540828;14
9466;189;1481525386;6
11798;8447;1481529765;10
24457;14632;1481517225;4
6891;11055;1481534740;10
2527;19825;1481511565;8
7984;11485;1481540068;8
10603;17044;1481533964;2
6206;16889;1481543502;18
6669;3611;1481543706;16
24136;6226;1481525240;6
12873;13794;1481548823;18
10308;10295;1481520922;14
11624;21411;1481545240;10
7831;14692;1481520326;4
17255;8146;1481549342;16
13221;8282;1481526288;12
8238;4046;1481546161;14
2644;5841;1481531562;2
7438;1115;1481533105;8
4016;27309;1481541944;12
3428;27097;1481543886;4
14661;20947;1481541421;14
5279;3012;1481544861;2
20769;27451;1481514449;18
4989;23760;1481534908;2
9989;15368;1481528680;4
23159;7622;1481525453;4
7570;1969;1481517079;12
19581;10192;1481546370;8
21367;92;1481548265;14
1455;7290;1481520774;16
5265;9979;1481541225;4
11904;20708;1481522378;14
9676;2362;1481550608;12
16120;10247;1481514485;10
6775;10540;1481530180;2
9656;4560;1481544525;18
10032;7924;1481526339;10
8839;15319;1481536348;14
23831;2821;1481535768;4
4863;15154;1481544969;10
15786;7047;1481539165;6
11885;1800;1481549198;18
10635;14928;1481532712;12
14872;1157;1481538139;2
25323;4486;1481530169;12
8139;6540;1481540112;18
10915;11730;1481514384;8
5247;339;1481541153;6
4055;1336;1481518871;14
23620;10105;1481533890;16
1319;8894;1481550325;12
9027;1850;1481517983;12
7030;6382;1481519637;16
24178;8441;1481528885;12
7936;12577;1481534953;2
8389;5980;1481547903;4
7626;5000;1481529022;16
6277;19984;1481546024;2
13131;26207;1481541216;16
16295;23893;1481535347;4
5746;8997;1481543740;16
1268;25514;1481531659;18
24272;25447;1481540507;8
7455;18349;1481549201;10
21723;8870;1481538918;18
1104;27140;1481515106;14
27182;15987;1481511401;12
19092;12426;1481530921;18
12158;10534;1481532881;2
16935;17416;1481513676;2
19925;4178;1481547246;14
26473;232;1481513622;2
9645;21389;1481543521;10
11135;10675;1481523642;16
6610;24658;1481538176;6
7860;4585;1481539624;2
15034;3592;1481541014;2
24738;1215;1481512023;14
22621;7099;1481535307;10
9022;12031;1481526440;4
11037;22527;1481517893;18
6411;13942;1481531065;16
4178;1545;1481525021;18
8508;8760;1481537896;18
2398;7531;1481537257;14
15750;8392;1481521518;10
189;16123;1481513252;16
6983;6418;1481517294;4
7047;19281;1481516166;14
6442;20645;1481535847;10
3493;16044;1481520651;14
11803;6500;1481530943;8
1602;1002;1481532861;6
21711;4484;1481544280;16
11257;5604;1481523272;10
27547;4347;1481509800;2
1894;19984;1481547914;14
8344;1593;1481550558;10
3594;8350;1481532033;4
27485;8656;1481532941;6
20983;1733;1481539314;2
1680;11062;1481527418;8
27172;23490;1481537860;8
12153;6332;1481539292;10
3903;1305;1481523652;18
14143;2764;1481533955;16
8993;20984;1481513246;10
17150;18301;1481547742;16
10357;289;1481518755;2
15370;9103;1481533602;14
1494;3412;1481547014;2
10534;15777;1481541970;14
2328;10075;1481543676;8
22301;19964;1481540941;8
9163;1388;1481544194;6
19771;161;1481547919;8
5096;9903;1481527889;2
6944;10375;1481519493;6
6468;20962;1481547811;6
11233;24737;1481536069;8
22925;13209;1481511423;16
22254;9680;1481514005;4
10982;8908;1481514391;2
8435;25176;1481518161;16
413;158;1481518125;12
12296;9623;1481539685;16
8373;27158;1481510341;18
3070;4035;1481542127;6
4262;1349;1481530601;18
3701;19836;1481542532;4
25163;18165;1481538506;6
15419;1904;1481536998;10
13081;10913;1481524212;6
4255;16094;1481526406;14
5914;1343;1481535271;6
13987;9324;1481538519;10
3926;14581;1481540478;2
20984;7444;1481539867;4
15325;24708;1481518712;12
1721;10571;1481535435;16
24442;21375;1481510705;12
3648;8324;1481531243;14
23168;2426;1481520807;14
310;14495;1481522983;6
2377;8992;1481522000;10
14579;15313;1481516425;16
11396;15339;1481514342;4
1221;3641;1481538538;6
25517;10265;1481546902;14
4727;8239;1481531084;2
19800;20130;1481531402;2
27266;8028;1481521364;18
10778;20976;1481509576;8
18159;8310;1481542268;14
2761;10915;1481545972;4
5509;10600;1481512926;18
27555;24987;1481510860;6
11607;10252;1481518110;14
5672;138;1481533268;10
14579;12288;1481536900;12
10874;12059;1481526410;10
6362;21386;1481543467;10
24708;16925;1481521542;4
2135;27230;1481520449;10
19773;12567;1481547602;2
21496;2396;1481550671;8
14121;1219;1481524369;6
15508;1126;1481525792;14
4181;24357;1481528233;18
20510;9833;1481551022;12
17792;16320;1481519873;12
20143;22503;1481528941;14
10219;1880;1481519805;8
6694;4251;1481522529;6
22531;15933;1481551013;14
11119;9681;1481536899;16
17483;9834;1481525279;8
4017;15117;1481519816;10
2777;10045;1481539190;2
1128;3639;1481521947;2
25376;12031;1481511086;18
1170;10633;1481519967;2
13878;2348;1481526214;14
5418;8887;1481523020;18
6942;982;1481510270;10
17881;6595;1481540312;8
19883;27284;1481546074;10
1634;22502;1481528571;12
6010;9255;1481516507;18
6019;11772;1481516491;18
15026;10182;1481550430;18
883;5733;1481517561;14
4954;2985;1481528166;10
11373;9243;1481511132;16
15164;6505;1481532735;4
3902;10814;1481522963;14
6792;11084;1481536915;12
27175;2394;1481519158;8
10215;8119;1481536566;18
17363;10420;1481512240;2
7483;3121;1481514310;18
4242;1087;1481538343;4
6019;23076;1481531251;16
19598;9602;1481514155;4
6892;287;1481550546;4
12721;5705;1481515992;8
20926;6461;1481535803;12
10203;6391;1481520597;4
26480;3601;1481537423;8
10249;6982;1481511996;12
4211;3972;1481517588;6
19737;389;1481529122;4
14165;20471;1481524107;16
16937;13802;1481523451;2
7314;18193;1481540681;8
21465;19801;1481530443;4
2752;10359;1481517301;10
1987;9247;1481511768;10
26305;4568;1481534685;4
15351;21412;1481549985;2
8023;25156;1481509630;4
7414;2611;1481522688;14
6999;20679;1481519406;16
7817;1708;1481523576;18
6711;10987;1481528060;14
24927;17243;1481529520;8
9763;2889;1481537089;16
1928;12674;1481523740;12
9228;23057;1481545959;8
8562;25052;1481543431;18
9163;24782;1481541868;4
8509;4796;1481543208;14
1513;18085;1481531984;4
12073;1555;1481518420;6
61;12773;1481550168;8
24842;18067;1481518630;4
6396;6389;1481530743;16
1727;2759;1481541547;6
25431;2135;1481529774;6
3262;156;1481510819;6
4705;5364;1481524333;14
11060;5995;1481532161;8
1954;6389;1481542566;10
17879;1700;1481521786;16
15787;10795;1481528698;10
6470;24670;1481531784;12
11248;2149;1481538311;10
5609;10547;1481531400;14
5782;11910;1481531241;12
21493;24252;1481517555;14
10564;3421;1481518611;6
2764;19038;1481519804;18
9304;15516;1481528311;8
10748;1500;1481537121;14
12368;8933;1481533263;18
2145;1049;1481527481;4
11846;913;1481516513;6
24926;980;1481538741;12
6641;14798;1481515354;16
16133;27434;1481544526;6
10734;6787;1481524294;2
4009;7628;1481528885;14
21376;1143;1481546292;14
8599;11117;1481539587;12
8752;25531;1481544952;6
23813;970;1481524964;16
1149;15296;1481515551;16
10259;5816;1481532578;6
12055;9494;1481514335;8
25507;3747;1481541749;14
11049;27179;1481517711;2
5866;9734;1481543347;18
23299;12427;1481514330;2
8399;15516;1481528310;6
11206;3988;1481510872;18
1181;14048;1481534571;18
21371;20459;1481540804;18
11133;2151;1481519152;12
21;10121;1481524174;2
26266;5486;1481533451;2
11122;25547;1481522448;6
11953;11885;1481528681;10
6148;14638;1481517432;6
13224;209;1481518648;12
7456;1131;1481545055;8
8986;6283;1481520658;8
27450;26310;1481537164;10
6253;13871;1481513595;4
1303;11956;1481510993;16
23515;41;1481535615;12
15297;2763;1481543376;10
26311;7605;1481540991;4
3775;21374;1481522327;16
9792;7060;1481549220;4
8894;24136;1481547163;14
11224;6024;1481532799;6
12099;1119;1481546933;4
19061;22607;1481521916;6
7840;121;1481546194;10
9991;25176;1481523209;18
2348;10332;1481540590;2
4607;13137;1481530627;10
4043;9155;1481520933;8
23076;18131;1481518210;8
24738;19885;1481531287;16
3902;24664;1481542028;8
1053;19879;1481533321;14
11094;21311;1481511965;8
19599;5753;1481536953;6
2019;4045;1481520389;14
14982;1686;1481545709;12
356;11943;1481549486;10
1916;1367;1481519590;18
15731;25707;1481537549;4
27489;19220;1481546323;6
6157;11807;1481513523;14
8003;9565;1481510884;8
10091;10327;1481519408;12
10124;21462;1481513007;6
11961;13297;1481542608;14
8361;7639;1481546222;4
9649;18823;1481524554;8
16034;16879;1481545255;18
19422;6539;1481547387;4
3127;8228;1481532912;16
1166;27100;1481522187;6
9002;3413;1481549133;8
4732;8517;1481520851;6
2736;1076;1481541098;4
7776;27407;1481543998;8
1610;7851;1481545307;6
993;23022;1481541846;10
5360;1018;1481519116;18
10706;21841;1481534072;12
23180;2131;1481514296;10
5106;27476;1481536419;12
14106;6597;1481544754;4
3119;6796;1481545750;16
15118;21282;1481549505;14
9434;14549;1481542753;18
23619;11944;1481516656;12
19964;22306;1481511587;2
21283;5949;1481510360;8
1795;9216;1481548948;2
6993;11214;1481532780;8
139;24346;1481528919;16
10269;27478;1481518630;18
5107;1003;1481529428;2
8557;14437;1481530643;12
9528;23120;1481536451;14
16026;23040;1481526786;8
9469;1979;1481536033;16
6335;19278;1481529565;18
27448;22929;1481513468;18
23496;1580;1481514213;16
9538;23357;1481527523;14
10522;23850;1481525712;10
11007;13853;1481511604;2
27460;21494;1481535884;4
20686;12700;1481535033;14
18461;12017;1481533527;18
5923;8280;1481512532;16
3578;9020;1481534487;6
2346;14935;1481516810;10
5758;6152;1481529848;4
14863;16809;1481529822;18
2156;8928;1481526401;2
9502;4703;1481547381;2
27006;8095;1481531593;10
23366;7361;1481522216;14
18314;9848;1481532530;6
123;9443;1481532822;16
1538;26144;1481524992;2
7980;19545;1481513109;8
6792;11127;1481510277;12
11596;13085;1481514155;18
7387;12090;1481532839;12
1424;3933;1481541736;6
23526;20414;1481530644;2
6628;7356;1481519847;4
26100;1706;1481516670;12
25172;9481;1481540336;2
23012;14896;1481516945;6
23859;6693;1481520684;10
27291;17352;1481522450;18
8751;27382;1481551098;4
13902;1091;1481529481;18
18076;343;1481538337;10
7604;1630;1481524127;14
15494;9267;1481545445;16
25075;10045;1481541835;6
25285;10556;1481517846;6
15214;17501;1481517767;16
14283;10244;1481537753;2
26110;6185;1481520290;14
1313;8383;1481513175;8
5978;12818;1481510917;6
4283;9294;1481519377;12
16807;18196;1481549160;12
4567;6676;1481549212;6
8478;10638;1481521993;2
20462;8943;1481532956;16
24425;6436;1481544629;18
9067;9761;1481515095;10
257;1095;1481541910;4
23087;309;1481513902;16
22481;9861;1481551008;12
5118;139;1481523089;16
8760;27205;1481541627;18
25449;7366;1481515139;16
19050;24429;1481535144;16
132;23516;1481541967;8
24666;973;1481523320;6
9628;21296;1481512323;16
5278;6295;1481542905;2
202;7776;1481523373;6
25537;13888;1481519267;8
5928;24997;1481546048;12
17902;25431;1481545792;6
11902;23623;1481523235;18
12142;6951;1481547186;2
20598;9500;1481536262;6
21376;16878;1481522609;6
12278;19864;1481518430;10
3973;5752;1481513444;10
17583;25163;1481527094;12
23696;22969;1481522022;18
7162;10813;1481524185;18
11851;17391;1481531484;14
3696;14557;1481532132;8
6330;13892;1481516081;2
4277;12745;1481538086;16
6117;17376;1481531668;10
6714;3134;1481540070;6
14715;6781;1481531836;2
16862;11178;1481549980;4
1078;11178;1481537611;6
9799;1588;1481510768;12
12060;6115;1481523721;10
2034;12418;1481510128;16
9485;6867;1481526492;10
6861;8567;1481521955;4
23623;17892;1481524407;4
21840;19297;1481529889;14
16301;84;1481516309;14
6597;20910;1481546413;12
16931;367;1481522549;18
986;6983;1481521666;8
9188;21318;1481524423;6
16142;21384;1481549104;14
311;23730;1481516775;18
16122;229;1481518939;4
8120;20121;1481539329;4
221;5934;1481528697;4
27482;9544;1481542964;16
14240;2369;1481530366;4
13185;15019;1481542431;14
2997;1935;1481540701;4
12247;17537;1481531022;18
6595;18216;1481526464;6
1925;4852;1481510745;4
9488;7052;1481512205;4
17043;24659;1481531476;14
15024;5727;1481522112;12
16918;27455;1481525459;14
7674;6574;1481542810;2
2027;1103;1481547670;4
17401;23449;1481525135;18
5472;6402;1481514871;2
6012;6007;1481532959;2
1032;6724;1481525808;18
10835;18823;1481527767;16
20080;12226;1481527989;6
170;8745;1481524967;8
5717;9298;1481546028;2
10525;6565;1481540606;2
6206;18349;1481550347;16
9358;10259;1481527648;16
25400;7363;1481546870;14
3789;935;1481521133;8
23262;9663;1481520776;16
26032;1251;1481516827;12
9156;18840;1481520564;4
12518;19925;1481510161;12
6587;9198;1481528099;8
4238;12328;1481531528;8
27386;21481;1481537943;8
5909;8641;1481527268;14
14919;26185;1481521124;4
19559;6287;1481513942;4
7894;9560;1481550480;2
9947;3411;1481529307;6
19950;25382;1481537569;8
8407;10904;1481519724;16
27427;10282;1481513721;10
23082;27085;1481533008;16
12020;19876;1481529700;10
4896;5720;1481526741;4
13948;1889;1481545629;6
5803;6787;1481521131;8
9442;8377;1481538985;8
203;25173;1481545066;8
23447;27486;1481531511;18
6000;21509;1481519027;16
4321;7637;1481527635;12
25502;27401;1481532191;4
5508;8385;1481533321;2
12150;6329;1481509845;8
5124;19508;1481518796;4
25160;8835;1481515359;14
3010;20962;1481516762;18
6116;27048;1481522779;2
17782;4907;1481518170;8
24133;6813;1481519515;12
9951;25043;1481547128;16
143;23496;1481512146;18
11269;2803;1481515707;16
3415;1351;1481511122;14
3391;27013;1481511776;18
12780;27400;1481512513;10
17191;14702;1481544214;6
3984;19985;1481533648;10
23849;6149;1481541670;8
22957;7058;1481523297;16
17363;7837;1481524826;2
8230;9975;1481541945;12
14132;3091;1481539628;2
10496;17528;1481542632;2
20934;371;1481533118;10
8800;12101;1481547104;10
27468;11959;1481521512;4
13224;18085;1481520091;12
23304;1558;1481543026;12
27188;27057;1481523788;4
6330;10199;1481528401;18
15129;19208;1481539957;10
27507;8422;1481530525;10
4188;19595;1481530690;14
6641;23621;1481510614;16
11692;14123;1481550352;18
617;9950;1481530836;16
25369;10358;1481525745;2
1957;17024;1481521318;12
11128;15347;1481548138;8
3902;20039;1481539188;18
430;10733;1481545858;8
20674;23116;1481543668;2
6929;6260;1481550278;10
18802;19847;1481544031;4
12650;2282;1481529615;2
132;11617;1481528563;18
250;1763;1481544286;8
19585;24349;1481534207;6
14697;18215;1481536265;6
3289;23036;1481519126;14
20602;8834;1481549792;12
17539;11949;1481524864;6
27445;13820;1481539833;18
1400;7616;1481547050;16
2910;25070;1481522750;2
4969;9761;1481549530;6
22625;8834;1481536297;12
11258;14661;1481544167;2
5915;7840;1481549469;2
1941;5778;1481542940;8
20520;1726;1481518893;18
20982;10202;1481525304;2
3642;5951;1481543313;4
17001;12870;1481530111;6
10031;14004;1481540146;4
6567;2464;1481537863;16
3266;6693;1481543607;6
22498;17294;1481512789;10
11862;20192;1481517792;2
16802;8520;1481538889;16
27389;14581;1481545190;10
3707;14874;1481536348;6
9545;1311;1481535606;14
13882;4566;1481522693;16
18115;12073;1481526623;8
25057;15750;1481532529;14
8307;9512;1481518661;16
14551;4774;1481531789;8
8512;20949;1481510436;8
11414;15349;1481548869;4
21360;1962;1481537674;10
9065;19570;1481542236;2
4262;20039;1481516379;10
11808;17577;1481542644;4
6733;18817;1481528558;4
10176;4625;1481550452;8
17253;6867;1481544174;6
18782;8828;1481528532;6
9266;21080;1481521245;10
152;4998;1481535226;12
10376;1722;1481537642;16
6709;7783;1481530705;4
7419;8813;1481536530;16
8955;1001;1481543527;6
19491;23695;1481515095;10
3979;5398;1481530397;6
8376;15520;1481529043;12
17420;10474;1481534639;4
11091;17153;1481535391;8
1246;1401;1481529590;10
5641;27269;1481541779;8
19806;1322;1481529047;4
11208;1638;1481540123;16
9065;16879;1481532874;6
19058;13114;1481514518;18
7543;274;1481514864;14
5421;3900;1481547878;10
401;11209;1481546879;2
16296;18908;1481533804;4
7818;8997;1481516450;18
21371;7872;1481528784;16
5098;5753;1481512626;4
1921;15105;1481536108;10
9366;10421;1481543688;10
24349;24352;1481524174;10
9409;22958;1481510148;4
23350;25383;1481528883;8
23059;24413;1481533551;14
3146;8747;1481527780;14
20108;12335;1481519052;2
8516;566;1481542266;16
9609;12560;1481546217;12
24650;19763;1481515447;12
10907;23863;1481521689;2
5434;13826;1481512576;14
15015;5817;1481515448;16
6383;1708;1481541904;14
25232;22456;1481513690;4
1257;7638;1481520157;16
6694;7144;1481518238;10
10574;14626;1481544817;12
8535;27037;1481522962;8
9740;19835;1481537680;10
23445;17027;1481539046;8
15375;18213;1481538966;10
2983;1154;1481532135;8
123;15025;1481539346;4
17789;18399;1481532160;4
6977;12033;1481522742;8
1859;9203;1481528209;18
13496;5639;1481515832;12
10089;8512;1481514769;10
4880;10103;1481534253;10
20131;6803;1481539751;14
7481;17503;1481533716;6
12428;6994;1481529608;14
13200;21711;1481551096;14
1852;18894;1481546648;14
14574;27471;1481526217;12
1688;27404;1481523199;6
4221;1138;1481510373;14
9916;11614;1481526421;18
9190;19498;1481533444;8
21254;11145;1481523567;18
7168;8021;1481537852;12
20131;3755;1481527130;2
17475;21806;1481537312;14
10074;10193;1481537719;6
8527;10192;1481511322;16
10096;12785;1481544956;14
18260;4316;1481547409;16
9024;5637;1481546342;16
6600;9206;1481538391;6
20679;10107;1481539385;14
15308;25518;1481543219;10
14630;8436;1481514325;16
25291;9489;1481549239;4
10261;22550;1481535949;10
220;6574;1481548367;12
9513;5385;1481509591;16
8362;16821;1481547143;8
27052;6325;1481515329;10
12352;4964;1481523499;6
12072;6925;1481543359;12
3983;7266;1481531947;10
24349;7349;1481518443;8
132;8917;1481544236;14
2366;3725;1481532858;14
26319;19078;1481549349;8
2147;4197;1481549050;16
11859;5676;1481544496;4
3277;4179;1481516341;6
8359;23763;1481545633;6
9272;10535;1481551000;4
12284;20068;1481548132;8
27400;7038;1481522332;16
17903;1167;1481542289;12
20936;3075;1481526635;16
17156;15107;1481526089;6
5758;16333;1481523481;6
19991;9808;1481530628;10
3119;14185;1481535648;14
27125;3396;1481532098;10
22274;9423;1481531754;10
21397;9566;1481537510;6
23886;9561;1481518332;16
9962;21509;1481532680;16
20078;20682;1481519620;8
6659;10837;1481522643;18
11147;27267;1481530528;8
11032;3993;1481513103;18
9860;13823;1481549540;2
23970;10214;1481522413;8
1220;1340;1481548082;8
359;24671;1481524730;8
24392;10191;1481540057;2
1003;1344;1481543767;12
7084;6304;1481537382;14
9971;7078;1481518056;4
8972;127;1481516436;6
10874;9737;1481539351;18
14707;1068;1481518264;18
8886;6810;1481535198;12
1670;11698;1481520045;4
9630;8191;1481513504;18
18130;23855;1481542930;4
6369;9751;1481515504;6
47;4876;1481519340;18
16137;4606;1481550725;18
6405;22871;1481525260;4
14648;27276;1481535961;6
8765;2175;1481538312;8
14119;4994;1481526109;12
1016;21298;1481516143;6
22169;20103;1481541643;14
6290;7294;1481519966;4
12278;9477;1481548024;14
17037;11701;1481545031;10
8587;4329;1481548446;10
8971;27551;1481509744;2
14133;5876;1481527793;12
1179;4756;1481531076;12
27322;6171;1481540505;18
8562;1096;1481523025;16
6536;21489;1481546293;2
27181;12765;1481533094;10
17471;25288;1481514359;12
6470;6941;1481550365;14
22626;2837;1481514982;8
8501;8506;1481525650;14
7444;10728;1481521492;8
21498;6460;1481521712;6
16023;266;1481548177;18
24416;21367;1481514589;12
14241;15011;1481543603;10
6991;1406;1481520043;14
27005;1094;1481535276;10
12401;8599;1481528778;16
11088;18340;1481542561;14
8420;8465;1481519676;8
14979;18508;1481536792;8
22586;19721;1481534247;14
13080;15739;1481509586;4
19777;24749;1481548607;14
25185;8552;1481518961;12
2746;16016;1481546240;6
1748;10024;1481549197;8
12391;18802;1481512478;6
19970;16053;1481545002;4
20050;8230;1481545296;12
27267;23101;1481537102;10
11095;14862;1481545177;4
23761;6935;1481540938;8
9482;15732;1481541408;18
6606;4736;1481540986;12
6900;22678;1481525018;8
5628;23630;1481523517;2
9323;14623;1481515771;14
14258;8486;1481539226;18
1201;10272;1481540602;10
2379;6268;1481548076;18
25503;6551;1481515047;16
5016;957;1481546957;8
8353;14794;1481543739;18
9218;17422;1481544803;4
16190;6521;1481530756;12
16873;10915;1481524680;8
9062;25542;1481520251;18
12087;9223;1481518859;8
1119;5839;1481547819;14
10074;2866;1481515536;6
27131;7367;1481518361;18
24966;9018;1481524456;6
24986;17501;1481515091;12
8563;8918;1481518990;8
17477;5805;1481532962;12
20878;12164;1481532923;4
5006;13201;1481516812;10
1897;5249;1481515080;8
68;1215;1481537814;8
3280;20539;1481540847;14
9968;5126;1481550115;8
24918;22469;1481540029;16
8407;17282;1481550738;2
1064;10493;1481532732;6
25323;20520;1481526747;18
5043;2764;1481535310;6
14269;8146;1481519829;14
3349;21268;1481547000;2
8134;13288;1481532977;6
5818;3593;1481544627;12
18260;21444;1481525396;2
1026;5647;1481543667;18
1725;5715;1481542537;2
23329;5073;1481543444;6
8801;21799;1481544383;6
1269;27163;1481541066;18
1493;7089;1481540496;12
27207;23109;1481509843;6
4588;21389;1481530923;8
25194;4504;1481515494;2
12410;13222;1481538150;10
10120;17308;1481538744;8
1277;4505;1481514757;8
4952;6557;1481509767;6
12234;2392;1481523413;10
18071;25520;1481531781;14
1608;22650;1481519952;12
24255;25085;1481522501;8
10509;1779;1481517689;10
27546;13186;1481544371;4
27100;12092;1481524280;16
5281;18303;1481511069;2
10715;6616;1481521857;2
14948;10219;1481544177;18
14157;20791;1481549861;10
3020;17042;1481546568;4
9970;9241;1481540385;2
15118;16982;1481533867;8
14928;15391;1481538646;8
15347;9296;1481545596;6
9899;7823;1481527672;4
6369;7361;1481547276;16
4873;10097;1481532129;4
8444;903;1481543668;4
21090;10004;1481528129;8
9676;23623;1481540504;10
3932;4897;1481531789;4
1192;5128;1481547577;10
8346;11748;1481513304;4
8110;24734;1481525572;2
15002;2324;1481521566;4
8499;1051;1481548505;8
5293;18343;1481549630;6
3371;8761;1481530792;16
15346;7631;1481540718;8
13971;6253;1481510317;8
22163;7685;1481542890;2
7164;3964;1481539604;2
20398;4850;1481538327;16
19866;6235;1481549352;6
9228;288;1481509707;6
13942;7457;1481512853;2
7512;1064;1481538572;12
23303;9967;1481517300;8
15648;17377;1481514589;18
15162;20091;1481528959;14
10114;19087;1481544272;8
3997;21320;1481544339;14
11098;11907;1481535216;8
2835;7081;1481539101;18
3611;14259;1481548593;2
20125;3054;1481526375;12
3924;5727;1481542463;12
1993;16863;1481546637;18
11595;25053;1481519546;18
24965;17582;1481530997;8
7895;6375;1481535533;18
13222;2144;1481523191;12
20439;19937;1481518806;8
9863;4565;1481512634;4
17388;13820;1481523701;8
18822;3977;1481523266;4
3414;8937;1481529736;8
1600;7408;1481530860;8
20787;18155;1481550858;6
9256;6636;1481518173;2
20900;7934;1481510865;2
3949;9885;1481546421;8
16928;15377;1481512126;18
23302;1195;1481512755;2
19869;957;1481544961;14
19789;24392;1481525113;16
8600;25064;1481514090;2
6560;2848;1481546190;8
13261;7760;1481509731;2
9207;6716;1481549594;14
10785;18436;1481510319;14
1879;13114;1481535079;2
22441;11109;1481522928;2
8961;20712;1481538160;10
9667;8037;1481533725;18
19071;4564;1481521884;14
3010;4707;1481516455;10
5473;14551;1481521458;4
20867;4566;1481517865;2
3643;20429;1481520579;14
24996;4953;1481529678;8
19932;6220;1481513432;6
11907;8115;1481516395;14
9844;5743;1481545760;12
13011;11133;1481547370;16
23162;22527;1481520167;16
23170;15098;1481526814;2
27166;27463;1481527453;8
27386;24138;1481537625;12
10983;17878;1481527272;6
21;22526;1481550010;4
5296;22452;1481519809;18
25413;25377;1481536877;10
1448;23885;1481517361;10
18214;11264;1481535812;2
19944;7437;1481550762;18
5929;1381;1481527148;4
8880;27541;1481514302;10
6685;9407;1481545998;14
11985;12747;1481509894;10
1259;27202;1481528135;18
20958;11138;1481513575;12
19065;20791;1481542919;2
19970;22627;1481539859;4
3254;9016;1481510861;6
8942;9831;1481535269;14
8308;17849;1481537276;8
4284;14185;1481539410;2
2393;18820;1481546890;12
9312;9738;1481512197;6
4197;19274;1481546962;2
11945;15091;1481539109;4
12318;9660;1481536623;16
8905;27200;1481545843;16
7817;17921;1481548706;14
5510;10503;1481544510;16
7477;21839;1481546130;14
4021;3122;1481513613;10
27481;6435;1481527470;16
10092;2134;1481534827;14
3013;8518;1481547090;6
23037;20785;1481536176;4
10309;10555;1481535883;4
12645;2868;1481550036;4
15735;9904;1481532293;8
17566;15081;1481510337;14
8444;14244;1481515925;4
3127;11239;1481537894;8
16125;12655;1481511945;8
10735;8878;1481532208;18
7599;1015;1481539783;6
10120;15433;1481513380;10
7841;3851;1481519959;10
7890;9744;1481542272;6
4413;23262;1481518368;16
20704;5672;1481532245;6
3402;8248;1481531246;18
10087;19310;1481527619;4
6860;3584;1481544290;4
61;6763;1481517212;18
27458;2013;1481517831;4
2154;18880;1481521714;16
16933;14904;1481520234;10
5636;3989;1481540133;4
20523;11997;1481539505;12
16180;9297;1481513240;14
9024;12743;1481539447;4
6988;7973;1481547575;18
9060;11371;1481542642;6
21727;17271;1481514864;8
17398;5874;1481513328;16
7861;3978;1481547574;12
14150;10030;1481519390;8
8649;987;1481543030;8
12277;7899;1481534588;6
10464;12278;1481533123;10
6670;10376;1481510129;12
226;15225;1481534371;10
6489;2279;1481515242;14
7503;14168;1481541351;2
20591;20099;1481526498;8
20006;20337;1481537653;16
23618;9868;1481539225;14
15347;7333;1481534932;18
6500;4285;1481526345;4
17002;5331;1481526142;4
1032;13344;1481528682;2
6543;10017;1481514820;4
18067;1494;1481541788;18
4335;14711;1481538660;4
3934;163;1481546095;6
11416;6461;1481511465;12
13341;1090;1481521153;2
20024;19311;1481511315;10
11591;19910;1481515102;16
1213;1003;1481544831;8
25176;1599;1481525135;10
1191;21259;1481511656;18
11220;14708;1481521589;16
22267;8018;1481533956;14
8138;8576;1481539209;6
25402;17414;1481537534;16
15325;9667;1481511921;12
2890;21728;1481512910;16
4316;11212;1481515419;2
5429;13426;1481541030;10
7002;20982;1481524710;8
7577;6312;1481519049;2
17174;6200;1481544205;8
6603;6698;1481510426;10
14106;15479;1481522499;16
374;12074;1481548987;16
2348;6940;1481544627;6
9060;8387;1481523076;12
12370;12642;1481545858;2
9239;15085;1481518248;16
7441;10185;1481515037;8
7586;27435;1481539248;2
217;8522;1481520377;6
8909;16026;1481516848;12
9409;6913;1481525600;8
7442;7453;1481520008;8
19773;14448;1481528195;12
9880;14875;1481528413;10
21213;25319;1481519847;14
9466;12800;1481548915;14
565;6499;1481540743;18
27484;6184;1481540456;14
4190;7263;1481524114;4
14272;7513;1481544262;10
3625;19319;1481538200;12
7830;7886;1481549420;6
6366;4987;1481528052;14
11891;11766;1481512351;2
7038;4362;1481514461;4
4667;2841;1481541248;2
1160;23348;1481527188;12
6320;20365;1481536884;4
9846;20928;1481519286;4
21451;20628;1481545760;16
2893;9203;1481536881;16
9511;19420;1481535845;16
16007;1573;1481528023;8
47;23534;1481518124;12
5846;11007;1481514793;14
23543;1403;1481526470;18
23038;8902;1481546552;18
17488;7943;1481511759;6
20658;20989;1481522834;2
7048;16822;1481512635;8
2785;10106;1481545095;12
17441;11218;1481530040;6
12654;12578;1481524592;6
19300;17275;1481513052;12
9178;10533;1481517457;14
27088;15160;1481538113;12
25468;4666;1481520129;4
301;14808;1481511344;18
9163;15032;1481515890;4
27490;14128;1481517257;6
22957;10824;1481543789;10
25537;23807;1481526758;14
26473;435;1481524032;18
5732;27007;1481518023;10
1132;10983;1481516781;16
6868;6217;1481546630;16
11815;27095;1481536921;18
6135;3926;1481531484;4
15446;7491;1481537397;14
19944;11807;1481515661;10
12117;6821;1481547662;14
1851;3424;1481540614;12
10602;3899;1481512353;18
6177;12655;1481511836;12
20444;27137;1481524876;10
8746;10492;1481539278;8
12646;1158;1481526390;14
1124;24137;1481519817;6
4733;18180;1481526601;6
9834;8551;1481523730;10
11601;19971;1481533502;18
18340;20852;1481510304;12
10011;22964;1481532713;14
6147;19199;1481515093;18
24743;5697;1481526480;16
26098;11100;1481543989;16
3424;11705;1481512632;8
27419;19087;1481544144;16
9282;14187;1481515511;8
2283;27378;1481523913;18
10216;23014;1481533387;8
16321;7964;1481547345;12
2742;20138;1481528009;2
13289;3898;1481512373;6
10637;10317;1481526951;14
979;4521;1481539088;2
11846;26040;1481529264;14
6851;14933;1481519192;16
18097;25380;1481529473;6
19301;10832;1481515659;6
12354;17291;1481547132;18
1880;7483;1481542619;14
11096;22585;1481537306;6
21078;6644;1481525789;10
4580;1655;1481539711;16
20082;1392;1481514573;10
8058;22963;1481533126;16
4606;21297;1481548631;14
14164;11157;1481535608;2
5821;5126;1481533460;8
1435;1553;1481530628;12
7180;37;1481537083;6
22984;12765;1481512131;12
17414;2805;1481520313;14
3583;2836;1481513429;16
8329;25372;1481534140;2
20995;3000;1481513993;16
23001;19910;1481527171;14
17511;3591;1481526958;2
6967;15213;1481525640;12
17459;6405;1481521335;12
25492;13218;1481512880;2
3934;8471;1481521762;18
1410;15313;1481526836;14
6529;5519;1481528178;2
7453;16709;1481513991;12
5694;12332;1481519220;6
3123;3561;1481533239;2
34;19832;1481544270;18
1396;1055;1481525889;2
6706;6157;1481526354;14
21217;19056;1481517354;4
22650;27178;1481516493;10
23113;17271;1481515551;10
2328;14201;1481544486;14
9833;3774;1481545436;12
15005;9854;1481533122;10
6586;18910;1481536296;12
1958;14431;1481519396;14
2409;9833;1481549105;8
7468;6699;1481531287;2
11106;1096;1481527942;14
10230;17586;1481523744;2
5807;4857;1481517267;2
17425;21218;1481513001;16
230;14133;1481532168;2
1074;4876;1481524061;2
10257;23334;1481546193;14
7607;7618;1481529973;6
14691;20831;1481527303;4
8818;2525;1481523702;14
1790;18885;1481524956;10
5898;12758;1481521225;2
2525;14443;1481516337;4
22526;4313;1481530990;14
27321;7496;1481529348;18
7043;10672;1481547514;12
6631;16185;1481524808;12
12133;3410;1481549935;6
4961;25508;1481540591;12
18051;15225;1481526244;8
13976;12518;1481514527;10
1207;19055;1481542729;14
14050;21747;1481535815;16
2970;7458;1481512309;8
7390;10750;1481549053;12
10621;8027;1481545424;10
8447;27156;1481509889;14
10668;24450;1481529363;4
16912;303;1481537409;14
24257;19777;1481536049;4
177;9985;1481548916;10
20539;15753;1481534782;8
8420;20453;1481541907;8
11113;20906;1481512353;8
7935;23352;1481516899;2
3031;1213;1481540840;18
7819;23353;1481518680;8
12816;9296;1481517111;4
19199;11403;1481538436;10
242;1411;1481533849;10
13928;22535;1481509846;2
25503;4014;1481543241;8
23831;4944;1481522903;10
12102;11801;1481537101;10
26070;5411;1481529358;2
16144;18804;1481533159;6
14442;8807;1481533441;8
6184;10768;1481531303;14
16558;21480;1481531515;8
4948;25004;1481530178;4
7891;21288;1481543967;10
12226;3010;1481524870;12
8557;21401;1481536940;18
8665;10111;1481550329;6
11067;4943;1481513705;14
20015;1019;1481511015;8
3419;3252;1481526066;16
19967;6817;1481515837;2
23009;1007;1481528184;2
6462;27428;1481535620;6
18214;6439;1481515369;8
27058;8500;1481516215;10
24397;14258;1481516981;18
4314;366;1481525253;14
4274;3925;1481549495;6
15987;3605;1481520093;2
9123;6909;1481511670;2
17361;6996;1481512311;12
25326;14579;1481545525;2
6419;3575;1481545603;6
1161;19778;1481548761;18
3771;4175;1481541000;12
17240;6211;1481533645;18
3374;9796;1481528578;14
4032;9630;1481531240;18
6153;311;1481543621;14
3649;2755;1481519692;18
17349;2908;1481529260;10
16649;1637;1481525354;14
10033;285;1481538025;2
1213;10116;1481516960;14
272;14702;1481543317;8
10018;9837;1481529092;12
8806;25374;1481531546;2
20920;24672;1481546513;2
7900;6308;1481517577;2
27099;27492;1481521090;2
1173;4936;1481523650;4
1663;21289;1481540794;8
12427;26102;1481514893;10
6691;8750;1481539973;2
3704;19505;1481516682;10
6112;2769;1481517680;2
6898;8037;1481529390;8
26147;14913;1481527495;14
6016;23864;1481526584;18
8468;1118;1481517686;16
18846;27428;1481512497;14
7793;16008;1481548853;4
21802;8371;1481521119;6
3790;16335;1481521620;8
6599;9055;1481518997;12
9313;1488;1481518333;4
2836;19233;1481533927;6
3023;4795;1481537908;2
1012;12071;1481535301;10
1636;8171;1481540124;6
1738;5858;1481533014;6
8935;5837;1481542336;10
7939;27390;1481540629;14
7290;10387;1481515354;12
17582;1172;1481550132;10
17295;4946;1481512002;14
3119;6182;1481510109;8
5888;23855;1481520532;14
1060;14553;1481512199;2
1100;10505;1481530386;18
18903;1140;1481541551;14
9394;9422;1481524949;12
17042;22142;1481530765;8
5920;9472;1481538570;4
1700;22146;1481518705;16
4028;23168;1481518188;18
7363;23353;1481516217;16
5875;6981;1481534601;12
21314;8387;1481550335;10
16333;17288;1481538437;12
12645;24457;1481544462;18
10073;14803;1481515750;12
21490;11258;1481526129;18
10116;5806;1481511972;12
9829;2142;1481550121;10
4625;362;1481533375;2
11783;8328;1481511937;6
8589;19856;1481541367;4
27399;22258;1481511712;8
1194;3533;1481515918;14
4574;6263;1481515545;2
203;24143;1481518841;4
1497;10530;1481516268;18
17507;3160;1481540351;6
9564;956;1481546521;14
14429;19625;1481515281;6
1219;20928;1481531547;12
25507;268;1481546515;2
18212;6211;1481521973;14
21465;27510;1481533608;18
11762;4965;1481536642;4
4787;13813;1481516030;2
1060;5931;1481548921;10
6792;10403;1481547295;6
13620;5039;1481543779;10
9328;4192;1481523702;6
14884;26476;1481518605;8
3091;277;1481513945;10
4223;12352;1481551051;4
24533;6622;1481541579;8
19310;1566;1481539493;14
328;27297;1481530958;18
10361;2020;1481518671;18
15721;14651;1481515267;4
5422;4664;1481534481;10
10535;20297;1481513357;16
9872;1499;1481512230;2
10801;8572;1481523995;8
14681;10238;1481529455;2
10089;8546;1481533196;2
27464;23648;1481548691;16
10647;927;1481549290;18
263;8803;1481514013;12
21218;2403;1481518403;8
19988;19898;1481535785;12
24285;25397;1481531279;12
6453;5737;1481516947;10
6478;21302;1481518614;8
24660;19372;1481545653;12
8561;18964;1481524885;6
561;6000;1481538641;12
7254;6273;1481522905;6
1400;20193;1481542459;10
23151;3246;1481533870;2
8866;1789;1481512337;6
6299;6771;1481522343;14
9461;13776;1481548828;14
6155;10080;1481511446;6
2383;6895;1481519709;16
1969;1177;1481510947;4
6777;10469;1481527522;16
19038;8480;1481535652;4
5985;21739;1481515679;16
10648;20403;1481544343;12
22678;1656;1481522597;4
7189;15479;1481512497;2
1673;7462;1481527659;6
12155;10701;1481546577;2
21282;4010;1481534507;16
3750;7163;1481523317;6
1851;5480;1481548225;10
27469;9870;1481530666;4
1343;10110;1481536314;14
11884;26076;1481538051;18
15459;12947;1481548414;8
16781;6706;1481511850;12
10835;16204;1481549972;2
10529;16196;1481539812;2
1547;25385;1481530131;2
3566;1235;1481548145;2
14439;1018;1481547636;6
22473;24238;1481512627;12
1253;27386;1481545750;6
5356;12033;1481512376;18
23;2606;1481537957;16
11243;5520;1481528887;8
8034;1414;1481510963;2
9821;19526;1481537081;6
5046;8982;1481545741;12
17504;8003;1481543969;14
14806;4905;1481539356;18
10255;7247;1481542514;6
9228;4508;1481510475;14
10197;1567;1481520942;2
11642;14573;1481525909;16
11701;25071;1481545587;8
16123;7236;1481509824;2
26313;11125;1481549532;8
15448;14806;1481530939;6
1679;15484;1481523357;10
22273;20987;1481510296;2
330;20952;1481541125;14
13241;1503;1481516951;6
204;16880;1481540267;10
3412;4235;1481511830;16
17785;5334;1481516919;4
24753;15785;1481538488;16
11558;26262;1481521189;10
4922;26073;1481535418;4
11479;5084;1481533349;6
11988;11760;1481529607;8
13218;13261;1481528545;10
8529;16094;1481541784;8
19530;3757;1481536231;18
10366;318;1481522327;4
20906;18952;1481549056;6
13876;5936;1481515395;6
11903;9879;1481528696;2
12770;7523;1481521748;8
8400;420;1481528201;16
415;9442;1481539855;18
3774;14209;1481532465;8
14624;13180;1481510563;18
5688;18339;1481542561;12
27039;16197;1481514863;14
8521;8587;1481537504;16
18181;23742;1481549257;4
23049;27484;1481538105;2
5374;359;1481514219;8
6276;1256;1481510826;6
5715;20076;1481511925;4
7313;17771;1481521374;4
1428;7253;1481540855;16
6578;2022;1481543628;4
6609;24655;1481528779;18
1433;23786;1481547521;6
4840;9239;1481538986;14
15214;19531;1481542545;4
6369;7005;1481537919;18
8395;5019;1481538099;12
10621;1553;1481527206;18
14901;15483;1481543086;18
9358;9207;1481550574;8
6646;24570;1481528074;18
5700;17601;1481546851;6
22531;23024;1481541219;4
110;17242;1481530078;8
1071;22925;1481531856;12
3596;15380;1481516991;10
3468;17037;1481516549;8
6207;9886;1481537322;4
12794;7684;1481516746;2
380;2287;1481547309;6
20404;7398;1481541121;12
23191;4964;1481511293;16
3155;25283;1481535476;12
6161;16888;1481518605;16
6570;253;1481528078;18
7806;12643;1481532065;8
9317;24296;1481516539;14
8562;24252;1481517692;14
4678;4869;1481538669;8
9828;24726;1481529541;4
25051;10014;1481517431;6
15139;4572;1481527296;10
2402;20115;1481522543;16
5629;307;1481535615;10
23329;3911;1481524128;18
1372;9427;1481528055;10
24665;19797;1481513317;18
16651;2796;1481516288;16
2846;15520;1481528860;16
27417;8572;1481529478;10
18343;7630;1481530796;8
1012;6008;1481539418;4
26072;5585;1481536830;6
6471;19802;1481525280;18
25528;25324;1481523017;12
18088;9067;1481536363;4
10983;25384;1481520876;10
7618;1227;1481513675;18
22924;6225;1481515726;6
3917;13790;1481550189;4
1748;10636;1481515929;14
7562;22996;1481534293;16
23466;23540;1481513770;18
7585;1741;1481520945;2
5245;9003;1481517794;6
1098;2812;1481537096;8
9765;6808;1481510062;8
23791;2802;1481517853;14
27414;7598;1481517316;18
26072;23738;1481531425;10
8976;245;1481512067;10
19836;18347;1481541222;10
24277;12575;1481546143;12
17484;12308;1481541793;14
9394;16301;1481520012;18
103;10682;1481531739;6
14159;10886;1481512459;4
6276;12229;1481542465;2
6642;4676;1481522534;16
22142;4874;1481510273;2
8746;9978;1481522215;18
19847;19936;1481533624;2
242;6645;1481513663;6
11476;23034;1481539308;4
14709;24284;1481528022;2
14433;5931;1481511300;14
14163;5782;1481543131;14
17173;19763;1481519563;14
7891;2942;1481526857;2
14202;5626;1481544316;16
9996;185;1481526361;12
16368;3415;1481520892;12
6705;20133;1481550389;6
6852;27268;1481524747;4
23116;4606;1481537249;6
1058;13200;1481524217;4
15482;8923;1481517199;12
10734;6551;1481550992;6
17193;17283;1481521740;8
16008;19089;1481534381;6
5681;11685;1481514148;8
9423;2733;1481525070;6
8567;27142;1481542593;4
11605;4809;1481551125;2
21758;5744;1481509582;6
25341;27472;1481515348;8
7966;7336;1481518551;12
4680;12295;1481512224;16
8740;19723;1481530181;12
173;370;1481547918;8
2384;27454;1481523990;8
22138;6375;1481522270;2
9904;14925;1481514136;8
431;5746;1481542549;10
4358;15748;1481536439;8
15302;12062;1481531666;10
18158;16196;1481520188;18
12216;16796;1481546466;16
1713;23550;1481515914;18
3070;16816;1481531322;6
178;4528;1481543541;14
7433;10612;1481530040;2
1596;5925;1481547611;14
17039;112;1481525173;12
4804;19848;1481526254;2
1335;27484;1481521293;8
21383;14698;1481518137;12
5427;6808;1481528583;18
14544;19940;1481525529;2
19305;6261;1481539026;14
7684;5839;1481518981;2
7693;7110;1481528190;8
19556;975;1481534923;8
7251;26204;1481547263;8
7032;23740;1481523107;2
15764;19847;1481525921;2
14804;8461;1481536537;6
15216;10930;1481550613;2
14633;18046;1481536315;6
6804;10835;1481549809;18
19582;14121;1481530449;14
10600;15223;1481540382;14
14656;11614;1481516311;18
6371;2411;1481524187;12
23534;8142;1481544916;14
18423;6921;1481548031;10
23452;25174;1481550595;18
20864;4677;1481540165;18
10121;6459;1481548996;12
20899;5719;1481515053;16
12132;6233;1481538540;14
1141;6330;1481525156;4
13005;8880;1481536911;14
10698;5084;1481545074;4
1387;7159;1481526243;4
2390;17395;1481532393;18
5737;333;1481547747;4
901;68;1481528870;16
5877;10984;1481533269;18
6731;1308;1481550996;4
7619;7695;1481532831;4
16016;5109;1481510950;14
9178;10087;1481537795;2
5814;1058;1481511396;6
24396;10547;1481539654;14
11076;4357;1481527515;2
12560;8640;1481524773;10
1546;7287;1481530801;8
11601;16805;1481515735;8
9434;2135;1481521340;14
160;23350;1481529376;4
20827;10617;1481525336;8
7190;14199;1481517628;4
12317;7422;1481545729;6
22662;4185;1481528532;8
26199;18906;1481542549;16
4592;9805;1481520239;18
8781;6524;1481532432;6
17156;20048;1481514764;2
3719;7829;1481518849;4
9360;1580;1481513279;14
27096;5816;1481532025;6
18092;6615;1481537575;12
297;16937;1481536378;10
3945;8685;1481530732;18
4780;18117;1481540200;18
7859;3119;1481521665;10
3940;1603;1481544346;2
24137;8953;1481512556;2
263;6678;1481528666;12
20370;17421;1481514874;8
4763;5899;1481532686;14
6001;11218;1481547135;18
968;7029;1481546753;4
13786;15350;1481520546;4
4661;6728;1481537768;14
18179;15997;1481512557;18
12742;23886;1481536721;6
6337;22133;1481544875;8
6703;7173;1481535127;16
12866;12800;1481529553;2
25545;22933;1481549608;12
10830;7674;1481525768;14
27483;1002;1481526705;8
8528;4297;1481547242;8
7558;7709;1481533589;14
6972;5763;1481525408;4
3425;276;1481513746;6
11940;15083;1481531573;14
3543;7852;1481547389;16
1716;22680;1481520764;6
23750;13804;1481537633;14
19423;3416;1481536673;14
1484;27051;1481546329;10
5754;4243;1481538285;16
20853;10318;1481550916;4
20950;14548;1481537838;10
19832;22133;1481533416;4
12156;17150;1481524998;12
8405;15768;1481537115;12
74;5430;1481534062;6
1222;17527;1481539498;6
25083;13215;1481534114;2
9306;8339;1481550629;10
1545;11789;1481511777;2
10291;26100;1481527752;18
1027;18107;1481514484;12
9970;6705;1481549067;8
4335;1361;1481545913;14
6476;23339;1481512586;2
3997;10761;1481518462;16
1104;16097;1481516434;16
17306;8816;1481516556;2
16805;9405;1481526090;18
5391;21088;1481522952;14
13888;22540;1481535152;10
19915;23831;1481543965;14
17673;6169;1481520800;10
22577;21003;1481537134;6
4509;8927;1481511931;2
8028;242;1481534073;16
7388;4041;1481536782;16
4232;4833;1481529332;6
20155;2747;1481529702;16
14260;24179;1481527823;2
9472;2335;1481537449;6
18821;16531;1481528244;14
7855;2796;1481547859;14
27443;6023;1481516548;16
10576;7812;1481521626;14
20116;5592;1481539820;10
18158;20053;1481533205;14
7491;8594;1481519340;14
9860;9305;1481543505;2
17330;10571;1481549978;4
1666;3462;1481532761;16
2164;19760;1481551126;16
15325;23334;1481528653;2
2124;19543;1481512717;14
7101;24061;1481531760;8
240;4531;1481545850;14
5872;19885;1481510231;18
6172;22588;1481510822;6
9003;17352;1481543235;4
24277;5889;1481532645;8
385;11246;1481533254;14
164;7336;1481550006;2
1544;3493;1481515553;14
1247;8289;1481548277;16
3415;5841;1481510972;2
19547;24143;1481547625;4
8048;13999;1481541763;16
27140;8334;1481550098;16
5738;9283;1481510658;18
4943;7089;1481518906;6
6460;27325;1481525334;14
5969;8998;1481514858;18
2806;3377;1481526943;2
20326;27060;1481524198;10
8533;20878;1481548780;14
15101;23158;1481523349;2
11599;10826;1481520691;2
8960;27454;1481537304;14
21718;8815;1481520721;14
1334;11145;1481517171;6
1557;15926;1481529686;6
4686;5510;1481512319;10
102;27461;1481521535;4
6942;1384;1481542799;4
15304;1245;1481520712;6
12771;7312;1481534984;10
13620;1333;1481550220;10
1216;8329;1481534264;6
2391;7365;1481513311;12
26074;982;1481532287;18
19956;6158;1481543555;4
25507;13219;1481523268;18
2156;5678;1481523924;18
14636;10672;1481538324;10
3852;8126;1481538692;14
8531;6013;1481524796;16
5887;22131;1481527556;18
23466;1634;1481510540;18
5678;13999;1481531006;6
3412;22146;1481510098;8
16635;1692;1481543959;14
15229;3916;1481512327;16
974;23884;1481548133;10
26184;27537;1481524797;6
20445;11257;1481537090;18
6988;17308;1481544543;2
3554;10988;1481511517;6
2034;18097;1481535554;6
14283;6681;1481540997;6
8171;26041;1481524769;16
4736;8486;1481512758;10
7849;24671;1481528675;14
1676;25487;1481536717;4
15305;16841;1481509926;18
20025;15097;1481523282;6
12160;3541;1481514641;16
9144;11960;1481549589;14
3018;17435;1481540339;16
6595;8651;1481546156;14
11862;14947;1481519698;10
18261;1584;1481517316;10
12158;11821;1481515921;8
14438;16311;1481550479;8
8873;23101;1481518848;16
11592;24347;1481544122;10
20297;8092;1481528527;8
6379;18912;1481512131;6
3598;1975;1481546352;2
20124;9951;1481535746;16
6784;8879;1481550755;8
6545;14273;1481529935;4
4026;21293;1481513350;4
6682;9550;1481542150;8
3561;7270;1481535095;16
21414;14257;1481514788;12
19218;23520;1481527314;4
9513;5914;1481531647;18
17460;6455;1481548123;18
1730;6453;1481530192;18
23172;18149;1481528483;2
6302;6437;1481545215;4
7487;11829;1481524567;10
23016;17400;1481527253;16
21294;1747;1481544634;14
5730;20146;1481511008;2
1247;2844;1481520391;2
10244;3609;1481544021;2
11616;1748;1481521027;16
23329;15992;1481536768;14
5522;13822;1481520727;8
6215;9409;1481509725;10
24178;15164;1481515488;16
1300;27539;1481537692;4
1368;16795;1481513347;14
11693;6390;1481537274;12
7392;1337;1481510984;2
5473;23087;1481510842;6
20576;11776;1481543225;16
3952;6484;1481534412;18
13861;4351;1481540588;10
5654;3285;1481518673;8
23488;10851;1481542498;16
21803;7342;1481526728;6
8552;2743;1481548831;6
8999;19436;1481515174;2
5050;6235;1481535972;16
16805;19947;1481509814;10
8743;4023;1481514363;12
19990;17399;1481510394;12
15459;14632;1481527311;8
27097;16053;1481521725;18
4852;10271;1481518966;6
1251;12287;1481550144;4
11085;10426;1481517791;4
26303;4167;1481525153;2
7063;13;1481537742;16
19554;1565;1481522997;16
15295;10071;1481529257;8
5749;9437;1481529809;12
1634;20946;1481544150;6
27545;6497;1481510179;4
15783;25188;1481532820;8
12366;6802;1481542365;10
11147;19545;1481509953;2
8764;9748;1481531414;10
19487;1732;1481516092;18
9541;11702;1481541230;10
6944;21388;1481518367;4
9413;4776;1481536375;12
14660;10025;1481548930;16
3625;21715;1481524873;10
8728;21216;1481531881;12
3165;27493;1481515660;6
17402;3995;1481544014;18
5945;8439;1481517897;14
11145;20361;1481538297;8
3999;8996;1481540873;2
5870;8817;1481533263;18
5870;3934;1481533616;12
19914;10241;1481534231;18
24352;14124;1481517546;16
1928;397;1481520074;10
27479;5837;1481517018;12
3618;8493;1481546602;8
15745;19027;1481526948;14
8166;23824;1481510280;18
15989;7764;1481536690;16
3016;11002;1481537997;2
8645;21486;1481510732;16
24178;10271;1481513023;10
7168;3427;1481540498;18
6316;23346;1481545258;4
16123;401;1481538118;4
5850;15460;1481519418;2
7883;25190;1481531480;16
5782;3068;1481518520;12
4834;4194;1481543784;2
25183;19869;1481510622;10
8348;8509;1481533685;18
1146;1858;1481536061;14
5080;10571;1481535860;8
20627;20997;1481542703;14
25035;10564;1481519931;4
2032;25291;1481545767;2
11770;17040;1481514318;16
9104;11009;1481531209;16
5126;5678;1481534939;16
14860;7875;1481533167;12
18881;10096;1481540002;18
3248;10259;1481536248;14
20010;6802;1481541724;10
6015;17386;1481548272;12
5853;2409;1481539588;2
12134;6293;1481523822;12
24284;27375;1481511034;12
6328;120;1481539524;8
10180;1898;1481513236;14
8900;6415;1481546280;10
14120;18078;1481544035;8
6789;1379;1481510246;6
27003;7144;1481533797;6
11842;20907;1481544290;2
3276;136;1481541115;12
22215;20951;1481537482;18
12642;2036;1481546385;6
1888;14631;1481516255;14
14700;19919;1481537502;16
26394;21085;1481532100;4
15011;9197;1481525727;10
966;14122;1481525524;12
18871;6602;1481551020;16
4784;2027;1481523996;16
6215;8526;1481535393;2
17530;6126;1481523358;12
13189;6803;1481543155;18
9845;20944;1481539014;18
3409;27035;1481539429;12
27037;9820;1481519975;10
17274;23544;1481513763;6
3944;8501;1481528817;18
19932;8034;1481514320;8
6432;5260;1481520559;12
26084;19795;1481532752;16
20525;7417;1481534216;16
6594;8495;1481544295;14
15521;4843;1481510634;12
14577;16193;1481541811;2
23813;11060;1481510527;10
19925;3001;1481531334;16
19876;7314;1481515336;10
23336;24521;1481526023;10
19212;7822;1481524571;8
1992;13910;1481550755;12
183;9853;1481526053;4
5937;365;1481544361;14
19307;18097;1481548651;18
26205;14448;1481519856;16
6681;15305;1481538468;6
7443;6272;1481526896;2
14261;2277;1481522619;6
262;9869;1481540690;4
25164;20933;1481547312;4
6203;7792;1481551043;6
27328;6016;1481533002;10
1145;14578;1481514796;16
10796;2394;1481521709;2
2745;16034;1481533836;8
10718;6718;1481537486;2
18130;10655;1481520817;2
17454;5386;1481539296;14
21451;23884;1481526206;10
6877;11916;1481518441;16
1516;2781;1481534237;18
15768;11870;1481513815;16
6014;10264;1481514214;10
4022;23542;1481547754;10
22297;2979;1481540703;14
6515;24971;1481541909;8
6277;21747;1481534087;4
4878;11256;1481524707;4
20627;6841;1481523737;10
27328;22485;1481512771;14
24;12643;1481530692;12
21298;8341;1481547526;4
216;6361;1481538355;14
26164;27100;1481511453;18
18079;3352;1481542344;10
14857;1384;1481511051;6
11951;2363;1481526931;10
18811;5958;1481545583;12
8701;220;1481522715;4
10247;6193;1481531147;10
3280;23452;1481544792;10
6922;20491;1481538712;6
996;1735;1481535508;4
22144;7477;1481528536;12
6550;18200;1481534296;4
18099;1583;1481543820;4
208;26139;1481536910;14
21597;5122;1481519284;18
9058;14949;1481548789;6
9515;19076;1481531438;8
14264;4032;1481550241;4
11154;1314;1481514127;2
2801;1170;1481542451;14
3755;1575;1481524663;8
8596;1060;1481524448;10
6711;11822;1481549564;12
25062;379;1481542435;18
5028;10475;1481537512;10
21838;8946;1481523553;4
1495;442;1481529219;18
27022;1717;1481521010;10
297;1965;1481544903;12
9487;1113;1481517991;8
7103;5685;1481550083;2
10011;4837;1481529697;16
12764;16193;1481517762;10
19940;11849;1481535217;4
22455;17473;1481517113;18
14244;15002;1481531319;6
5752;10540;1481547155;14
1699;8394;1481527735;18
4104;15522;1481531688;2
10380;8187;1481517761;14
3419;6479;1481522549;2
5106;1898;1481530593;8
1310;6287;1481538091;18
19236;15346;1481522870;8
8449;14910;1481550126;8
1645;6028;1481518956;18
12122;1523;1481538439;14
15253;8408;1481510844;8
4321;2762;1481549985;10
20600;24253;1481528794;12
14257;7605;1481542341;6
5363;4699;1481520827;4
23468;24753;1481526280;16
5692;1047;1481533926;4
10348;7552;1481531703;18
19489;6577;1481529834;14
15023;15787;1481531236;18
23697;17021;1481530183;4
21809;5883;1481530929;16
17298;11226;1481531393;8
4355;308;1481542131;18
12649;2453;1481545973;12
357;12868;1481511292;16
8195;11905;1481536464;8
23085;3944;1481532726;10
11798;2364;1481523293;18
9981;11907;1481529114;14
5082;1962;1481524091;2
7632;8651;1481547905;18
1354;10909;1481522130;18
7103;21377;1481548829;18
12188;27442;1481549658;2
1911;27468;1481524221;4
19311;20459;1481521084;18
9538;27025;1481539570;18
4244;1647;1481525501;10
2291;15478;1481511320;4
14108;5997;1481549228;14
7173;6004;1481514414;14
5038;7797;1481547850;2
9321;20400;1481515817;2
15213;11609;1481538088;16
8528;3120;1481529661;6
3962;11361;1481532915;4
953;10422;1481512744;4
6830;19797;1481545643;6
5948;2793;1481536885;14
5869;7066;1481516624;4
4767;3927;1481511446;6
19496;23738;1481543300;6
16050;11781;1481525517;12
2326;18196;1481535991;14
18891;18958;1481525252;18
11032;2609;1481524164;6
9137;14153;1481549351;12
15013;5995;1481520068;16
9467;7249;1481512826;6
14956;2035;1481532208;18
24521;24675;1481530381;2
11603;20926;1481537380;16
5330;18343;1481544378;14
3751;7021;1481529956;4
23004;7978;1481520517;14
27299;18338;1481544734;6
6829;1334;1481511272;10
17306;17300;1481540697;16
24431;7009;1481540260;8
15089;6328;1481538755;6
27388;6946;1481537026;2
20862;8407;1481533474;2
1896;19548;1481522110;6
9189;188;1481543468;12
16098;13138;1481545051;18
7632;3462;1481527411;8
23108;17881;1481513780;2
18839;17488;1481530973;8
4348;925;1481529245;18
19528;10182;1481539612;18
14866;6853;1481525883;6
9631;10113;1481513335;12
2752;10912;1481540666;14
19790;9677;1481531803;14
4360;7893;1481525846;8
20025;19497;1481522605;18
6539;10195;1481523289;18
2612;2429;1481537512;8
13776;9319;1481522286;6
25172;2281;1481512202;6
27309;24664;1481538132;12
4220;5746;1481520993;6
3449;21084;1481548814;6
9421;7406;1481523829;4
12795;4807;1481536499;10
114;6674;1481547850;8
25177;7102;1481540673;6
24748;1879;1481515711;12
15129;6851;1481547491;18
10384;5551;1481530575;8
27468;72;1481513634;6
7269;7503;1481528827;12
84;24963;1481522230;2
6385;16517;1481528766;2
6886;19716;1481528767;2
8230;27230;1481516478;16
7531;8882;1481528126;4
38;3120;1481522020;8
5959;16293;1481532213;12
3716;6407;1481535925;10
1811;11041;1481541844;14
12391;12074;1481522623;16
11032;10104;1481520382;16
373;1023;1481517265;18
18847;79;1481514180;16
7501;10572;1481534187;18
1094;7283;1481529081;16
19026;5939;1481524586;18
4866;5096;1481549429;18
23883;8429;1481518571;16
26035;8587;1481550602;12
8833;22469;1481516095;14
17581;4039;1481539593;2
1229;19209;1481524043;14
8524;16933;1481523026;4
25468;6021;1481545277;4
6815;7496;1481512407;4
13800;3726;1481534362;10
171;195;1481531721;16
12117;12812;1481537410;18
12277;11705;1481544890;6
16872;5957;1481544050;10
9748;25067;1481548302;4
17381;12065;1481514649;2
9001;23538;1481548828;4
11030;7881;1481539278;18
6575;1392;1481531316;14
1148;23730;1481521850;14
19091;11842;1481532680;12
20120;27447;1481512889;4
1665;5895;1481535804;2
9371;12868;1481525926;14
1601;15356;1481533906;14
22297;3461;1481518792;14
27312;12311;1481518954;8
5354;7571;1481514587;12
9287;6721;1481534692;12
20921;1643;1481524760;8
16124;10208;1481538333;6
20759;15748;1481541915;2
18878;7963;1481549327;2
1915;1850;1481521477;18
24565;919;1481551117;12
7868;27464;1481523288;4
216;7769;1481538372;6
9485;12229;1481544766;16
12285;3751;1481519242;6
8095;18349;1481548797;16
373;7325;1481512877;12
14899;4825;1481528401;12
4595;9773;1481533405;12
1377;8798;1481525762;2
3283;2395;1481534561;4
6641;136;1481528742;8
14928;15240;1481516468;2
8291;2799;1481515623;2
7142;108;1481518610;12
7246;20076;1481531097;12
7584;4485;1481546600;6
4204;17162;1481551117;14
5916;323;1481536349;2
14121;1029;1481528015;8
1139;152;1481515054;8
4807;21480;1481525502;8
6669;8150;1481515913;8
12756;7419;1481515061;2
23662;1055;1481539380;6
8633;8508;1481534849;6
12185;24446;1481539209;14
96;20979;1481547324;14
19990;4795;1481525645;18
9531;3592;1481513237;10
24457;6858;1481515362;2
10180;12117;1481534481;8
1559;14197;1481512851;4
8238;1737;1481528578;2
7608;4199;1481530429;14
5940;7513;1481529539;8
4730;9413;1481532717;14
9454;9004;1481542459;16
2760;8934;1481510052;2
997;15777;1481541233;10
7642;248;1481548166;6
6110;7261;1481541921;8
7610;8807;1481535306;18
19551;6646;1481514786;6
8961;12035;1481533052;18
7900;18846;1481521148;8
8183;308;1481543040;4
10111;9556;1481536923;4
22177;24281;1481528160;4
427;7277;1481548020;12
929;1707;1481550001;2
11039;1092;1481545674;2
27336;13461;1481519470;16
1425;5939;1481518916;4
12120;25023;1481538362;12
19925;7496;1481531612;6
9767;16014;1481522483;8
7569;16534;1481536377;12
9763;25528;1481530346;4
27544;179;1481536943;8
2143;21376;1481522552;16
6764;6617;1481541483;6
17267;27546;1481515112;12
22493;4767;1481536591;2
6018;15514;1481509716;12
6621;221;1481549598;2
3998;2015;1481527066;2
27016;3160;1481511705;12
24478;244;1481519990;4
6212;7312;1481528586;4
26187;6999;1481549908;2
3629;4622;1481527064;6
2119;2728;1481550067;4
10363;3458;1481549285;10
10046;9563;1481527162;12
1409;52;1481534515;8
12710;3999;1481528743;6
12818;9790;1481516141;12
9811;6312;1481515883;14
6412;5247;1481511197;8
17429;10295;1481514673;4
13826;1682;1481522450;6
15086;8918;1481545069;10
8240;5915;1481547868;16
6145;10231;1481544531;8
4980;6318;1481534521;18
1369;23489;1481525068;8
17143;14650;1481545502;4
11961;27010;1481537183;8
1316;4865;1481519456;16
10846;5784;1481549383;6
10316;13204;1481543324;16
6931;21397;1481512344;4
9434;11635;1481548272;4
13811;88;1481536168;14
1462;7466;1481524231;6
5955;8433;1481544878;6
11113;5827;1481519275;10
25393;6818;1481546148;18
25512;24347;1481519114;14
3265;14930;1481512437;2
9631;8172;1481534815;16
17892;993;1481545035;14
11806;5763;1481525724;6
3698;247;1481525441;12
8934;11020;1481528825;10
18894;3124;1481525354;10
20628;25160;1481513130;12
24964;879;1481542599;8
27448;17475;1481542767;6
8395;4575;1481512667;18
6972;3286;1481541869;18
1559;1259;1481533420;10
15783;24277;1481535157;6
1729;2274;1481540670;12
9161;17397;1481523026;10
935;26394;1481522593;2
22939;17287;1481514681;4
1894;23439;1481522351;18
6995;4022;1481546544;4
24685;224;1481532866;4
19790;4292;1481543452;10
1571;10674;1481538580;18
5870;11131;1481525185;14
18885;24285;1481534824;14
16129;23098;1481513223;6
385;1748;1481513097;8
16336;11121;1481540326;14
21806;9;1481543806;18
14924;7076;1481527830;14
7797;20299;1481514295;6
9681;7361;1481518911;14
2386;12152;1481530361;2
8384;1368;1481542243;12
10418;20118;1481546998;8
24984;6343;1481545980;18
21221;20072;1481518099;18
8035;18195;1481541897;4
9426;11769;1481510481;8
22147;20024;1481513338;6
11743;7439;1481514550;10
5762;1688;1481535278;4
6546;25430;1481539198;8
1672;6609;1481519680;10
1970;3588;1481509983;12
16885;24956;1481542253;6
25392;1368;1481549525;4
20360;352;1481513467;8
3000;22472;1481534676;2
9391;7075;1481518867;12
22624;22480;1481538967;6
5936;2325;1481517293;4
1921;18859;1481509891;18
2282;15731;1481541576;8
5882;7571;1481526126;14
1284;6680;1481543424;6
17254;9464;1481532377;10
1131;10258;1481517297;16
7832;4486;1481544929;8
6960;20528;1481539210;6
254;9804;1481530461;12
6855;12142;1481518028;6
4918;27477;1481531321;10
22432;16131;1481550777;18
5978;7044;1481536635;10
4313;18195;1481511447;2
5698;3258;1481546023;4
6949;6970;1481519187;8
11144;1075;1481512051;2
3993;18098;1481524373;10
15518;27321;1481537453;4
1551;17550;1481550415;16
8777;16932;1481531504;14
7009;14626;1481513872;10
23344;5885;1481524791;10
17705;3400;1481539808;10
20972;23116;1481537662;12
24128;7626;1481537830;12
9189;12246;1481511769;6
2171;1639;1481525101;8
6120;11146;1481545545;4
19837;17037;1481536503;2
22537;4778;1481512466;16
6271;18860;1481538173;16
13785;22626;1481520097;16
10750;14634;1481522332;4
7689;14155;1481534876;4
20013;3907;1481516417;4
436;4335;1481534829;10
5486;12947;1481528146;12
18865;9300;1481530716;8
9678;6878;1481509990;18
21089;2953;1481540873;14
11057;19714;1481511773;2
7783;1639;1481514739;10
12407;4319;1481533029;18
16647;14950;1481539566;4
8276;4854;1481513484;18
11613;8015;1481512022;10
21369;14691;1481515316;12
16303;9191;1481527390;2
1914;12087;1481524999;8
10120;1959;1481538709;4
22994;14999;1481530927;12
19286;4039;1481518341;12
12041;20261;1481530363;16
26192;19303;1481548554;14
3074;3698;1481517462;14
7037;2984;1481530968;14
17846;10845;1481523832;16
5743;1867;1481545884;16
18342;27118;1481547390;2
27028;2152;1481527395;12
7148;8502;1481530266;18
6000;1393;1481534483;16
17782;3982;1481529250;2
11393;24926;1481527253;16
18113;15021;1481519218;18
4243;19889;1481531364;4
237;3538;1481537099;10
4930;1492;1481512304;4
24373;9768;1481520356;10
11240;12188;1481529945;6
231;4273;1481549922;6
1770;15753;1481519565;10
13782;10240;1481544745;4
19599;23669;1481545000;18
20021;21731;1481510783;12
4659;3916;1481530760;6
4838;15452;1481536207;16
23447;5958;1481546415;14
15102;8701;1481510078;2
6016;15390;1481547392;8
140;10511;1481536104;10
3754;6156;1481535804;4
6226;11002;1481540520;16
14636;943;1481541180;8
130;4233;1481541312;2
6700;3941;1481514149;14
8088;4856;1481530250;12
27312;7647;1481539706;18
7084;6000;1481540760;12
20997;7510;1481534293;18
4566;8417;1481544722;12
5505;6498;1481538545;16
19852;17578;1481512298;14
293;8283;1481545701;12
6550;9970;1481534052;12
1535;1738;1481547878;18
1597;26312;1481548798;18
3402;14818;1481521792;8
1141;27325;1481529559;2
4925;8367;1481549813;18
7084;1381;1481514594;10
25432;6594;1481529708;2
6328;10651;1481537829;2
10498;17310;1481530055;16
11157;11030;1481531218;8
1926;7589;1481538664;14
923;15994;1481523807;6
25401;1539;1481526539;6
13214;9442;1481511810;12
6321;6649;1481518691;8
24457;1734;1481540501;12
24424;10591;1481526559;8
13138;5868;1481531786;14
16186;22577;1481531695;12
15754;8494;1481520590;6
17399;20404;1481528995;14
25370;27200;1481543281;16
9280;27000;1481510695;2
7258;13852;1481514712;12
9167;18812;1481524990;8
22133;10501;1481536097;4
7560;8782;1481549683;16
3147;6674;1481539052;8
26470;18913;1481546329;8
11687;14906;1481518027;10
27268;980;1481519771;16
9985;12700;1481514550;12
15311;20491;1481543367;6
19756;1018;1481549660;4
17470;13863;1481524047;16
10516;17552;1481512306;4
24934;11034;1481547110;2
8496;23516;1481522283;18
4622;6480;1481530708;10
12142;147;1481521833;4
25394;12097;1481514699;2
14556;11088;1481539232;14
3292;8960;1481520802;12
1706;6107;1481542954;14
18901;6690;1481537873;18
18867;1028;1481548669;2
16183;8470;1481550860;12
9847;5932;1481511570;10
19818;7547;1481543250;18
1856;3404;1481512876;2
11148;9020;1481542314;16
27556;19864;1481532112;12
10385;8549;1481544303;10
20014;15777;1481517235;18
20399;22452;1481537508;10
1014;211;1481545253;10
1675;9551;1481549607;6
3695;21270;1481528697;2
11620;21804;1481511139;14
16927;4597;1481516099;4
12048;15735;1481545398;6
20040;17531;1481527421;18
23740;1309;1481513382;2
4892;384;1481547332;18
83;6533;1481530840;8
7644;10260;1481524523;8
16017;1902;1481525092;14
8145;81;1481537756;14
3030;12714;1481513291;18
21488;1171;1481513290;16
18190;9510;1481533504;6
6335;22540;1481535950;2
13296;11219;1481540680;16
7014;8345;1481520677;10
17500;4681;1481535347;2
15423;11242;1481520570;4
7607;9148;1481547338;4
8989;3062;1481515657;16
25280;27176;1481521947;4
19938;9802;1481526815;4
1667;277;1481539724;16
7933;8541;1481528439;14
3006;23318;1481522930;18
16125;20022;1481537705;10
22159;8120;1481521039;6
2782;24950;1481516140;4
9806;17862;1481541987;12
10005;18092;1481539968;18
11124;17483;1481520691;18
5823;6966;1481513247;8
17788;4965;1481547018;10
5629;1358;1481525647;16
4208;15518;1481544304;16
25072;24470;1481528752;14
5819;25442;1481510396;6
6417;10024;1481514379;18
9789;18963;1481536269;4
1523;14169;1481512242;8
7782;16887;1481520738;4
1169;4906;1481536596;18
7615;152;1481519696;12
5433;7873;1481528217;8
7836;1152;1481525153;18
17268;1231;1481547887;6
1975;27429;1481545238;8
1030;19312;1481545427;10
19599;12335;1481510046;2
10000;17290;1481526707;16
1382;9663;1481531210;18
3510;8351;1481513125;8
14560;1484;1481541221;12
4607;27318;1481527309;6
19436;9356;1481533478;14
5385;14627;1481523305;10
14545;15703;1481528611;12
6294;3791;1481520425;8
14691;20425;1481522338;14
17266;7051;1481519343;4
15933;14446;1481544658;14
18814;27085;1481535323;14
3275;4046;1481531035;18
1814;19274;1481539878;6
9788;4541;1481524018;10
9992;1933;1481546038;14
10602;3076;1481535707;4
6963;10203;1481538207;2
19819;4700;1481516308;4
11624;1695;1481529668;2
14120;25518;1481516142;10
12784;1430;1481548447;8
20395;12031;1481516194;18
8032;7689;1481516723;6
7645;16016;1481529067;14
10326;11743;1481542639;12
7788;24658;1481516979;8
49;23625;1481527380;2
6572;16036;1481527940;8
2838;15494;1481537108;4
14564;23013;1481544606;4
2284;13985;1481537578;14
14124;4820;1481536566;2
23121;1895;1481518442;14
11259;1929;1481545044;10
22501;17583;1481547100;6
14553;15373;1481512159;14
3381;20093;1481515150;8
13852;13775;1481523656;18
19942;1843;1481520216;2
5983;10724;1481511417;18
256;4545;1481512542;4
15473;5122;1481523288;16
17169;20408;1481537575;8
8907;150;1481519033;6
1384;2803;1481545838;4
6343;9986;1481546432;18
7998;9516;1481536777;6
9247;1993;1481547793;14
5845;1852;1481524184;16
15118;17297;1481511629;8
20157;955;1481534748;8
5532;6435;1481524971;2
23853;24923;1481546793;10
5501;7277;1481512545;12
17044;6365;1481532153;4
4906;14157;1481522969;6
16296;1328;1481539257;18
14927;3957;1481521530;2
7166;6652;1481518869;8
12921;18260;1481533743;4
9564;7797;1481518646;12
1859;20689;1481523545;6
18839;8026;1481536246;16
18863;1569;1481547513;8
14133;17486;1481538298;4
6321;7173;1481525428;16
27541;11005;1481534883;8
4829;20429;1481527254;12
20794;13943;1481533143;14
17456;1495;1481529025;12
25370;12746;1481544591;2
12033;10109;1481540655;2
21436;17207;1481542763;18
14699;23786;1481532064;6
6709;17176;1481550350;2
27460;994;1481549073;14
921;22576;1481515144;16
20055;1735;1481534767;6
26082;23742;1481514762;12
421;327;1481534573;14
9758;2807;1481544925;4
4750;2948;1481538761;2
2840;4024;1481531041;14
8925;6411;1481537344;18
7564;6348;1481534867;4
27313;20408;1481511971;14
11742;14690;1481513465;6
22293;10535;1481517680;8
9209;1440;1481533536;14
12771;12694;1481527845;8
21486;8643;1481547861;14
16201;3289;1481547062;14
25392;7056;1481544636;16
2363;7584;1481537256;12
20682;432;1481542683;12
7956;11096;1481516625;8
9448;17378;1481515735;14
17034;17843;1481512489;16
364;9306;1481519677;14
5744;146;1481534304;4
7175;11241;1481536537;16
10017;20852;1481532813;4
5714;8863;1481509975;4
9827;4539;1481518472;8
24966;24842;1481523616;18
11997;10162;1481526834;8
7869;25528;1481511474;10
15223;13939;1481525927;2
2416;1092;1481513952;10
13902;972;1481545883;8
8491;10316;1481513722;12
2874;26199;1481531320;14
7898;14553;1481510849;8
15106;24478;1481529862;6
17038;14878;1481547428;2
1033;17532;1481511287;8
198;27464;1481535249;2
22537;94;1481516628;14
4677;11954;1481522023;10
13819;9123;1481539728;8
12297;13562;1481524734;6
3062;8649;1481531749;4
348;7371;1481548787;8
5478;2871;1481539102;8
6194;6459;1481509708;14
3610;5678;1481510130;12
22993;15247;1481520202;16
11739;3386;1481512376;18
1407;1552;1481533897;8
4840;4238;1481514781;10
63;11744;1481534688;10
11951;4866;1481518514;2
6876;11795;1481517413;6
262;2875;1481511031;16
11916;2646;1481545960;14
19493;24370;1481510600;16
8920;4824;1481521662;12
1910;8146;1481525381;10
3414;20392;1481510546;2
10097;6791;1481516154;6
2332;43;1481541617;2
10472;19573;1481528078;14
5956;2419;1481525598;6
4281;9734;1481538031;6
4353;22445;1481509899;10
8310;3899;1481532039;14
5961;9444;1481542041;6
19530;1101;1481539369;6
69;15297;1481528699;18
13798;973;1481513745;10
3690;2729;1481518021;16
24355;1882;1481525943;14
2749;1537;1481522945;6
8291;6547;1481535921;18
27387;19051;1481527503;2
4731;4545;1481512417;18
17866;7648;1481535199;12
4771;7697;1481534922;4
2149;7;1481539934;8
14195;19278;1481522540;4
4694;14143;1481528110;14
7713;10605;1481542339;2
3629;16127;1481528354;2
12137;1428;1481532663;14
1627;6202;1481523856;16
98;3250;1481535453;8
5474;1306;1481545380;2
7799;10102;1481542543;10
1907;16912;1481531100;8
10309;3542;1481543367;14
3383;21308;1481510553;6
30;8122;1481522158;10
22479;6947;1481524154;16
8397;24572;1481547653;12
6634;9847;1481511897;16
4825;4669;1481518148;12
1370;8936;1481536481;6
2013;16369;1481511766;8
4739;15212;1481544838;2
12376;6913;1481510771;4
1298;6883;1481534037;14
9832;3402;1481511320;8
27183;6888;1481519840;10
14120;8637;1481521044;18
6190;11135;1481543476;14
14447;3712;1481528867;6
1905;7963;1481543218;14
6728;7401;1481541516;18
14289;9499;1481543073;2
4240;24471;1481518568;6
15355;10775;1481524064;4
16916;434;1481532877;8
7330;11475;1481546396;16
10331;27411;1481526016;6
19846;2836;1481513508;2
4545;12244;1481512978;12
5297;9778;1481540221;8
19077;18424;1481539449;12
9840;21807;1481525222;12
4196;23337;1481548579;10
11804;4932;1481520273;18
22492;1738;1481545166;12
2944;6489;1481532888;16
23535;22585;1481519385;16
5935;8595;1481518864;2
8044;8308;1481539817;16
26105;23003;1481524385;2
14140;3488;1481536588;2
14558;25379;1481511263;16
20526;1776;1481544441;18
27326;1567;1481513192;10
4690;10045;1481544048;16
25174;25487;1481524269;2
18818;16929;1481540043;16
18938;16927;1481540681;4
16678;14113;1481544353;10
7847;4577;1481550554;10
20968;6278;1481522712;18
7957;17527;1481527307;12
6457;5414;1481512547;16
12415;4012;1481518369;6
4046;7675;1481513978;6
5298;23754;1481535880;14
25059;9517;1481519963;16
20756;24126;1481537765;12
3086;24654;1481514132;8
23032;36;1481549496;14
24981;18080;1481521818;8
25449;1879;1481515448;14
13887;27332;1481521002;16
1573;7403;1481528366;16
14441;11607;1481545506;10
15073;23346;1481531073;14
20857;5765;1481518251;18
1538;1724;1481513190;2
5418;9189;1481512224;2
17416;12322;1481517637;18
8420;222;1481533729;16
6463;3957;1481513872;2
14538;3591;1481528529;14
10087;5334;1481528287;16
14872;15985;1481517098;16
15308;27201;1481531807;4
5877;26074;1481512078;18
7635;11058;1481523260;12
4858;3619;1481531461;6
9419;16894;1481517410;18
3641;26319;1481549545;12
16807;15783;1481526791;2
10022;15349;1481526337;18
7584;23030;1481514950;16
109;4036;1481549547;6
12775;20025;1481537488;14
8982;1966;1481546844;18
1135;10728;1481515896;16
20446;19910;1481513190;18
3617;11058;1481541092;2
6925;14795;1481518291;10
10309;16013;1481518156;18
20590;5722;1481549765;14
5121;6920;1481518313;14
6001;27415;1481539606;14
5755;9371;1481529029;4
8322;20827;1481522712;10
4034;422;1481528257;10
1188;3077;1481519797;8
16178;7427;1481520050;8
9969;1888;1481509529;4
9791;8579;1481532140;4
4048;25507;1481519093;4
3905;17923;1481530978;4
975;10354;1481540319;14
25363;10175;1481531687;12
1415;26048;1481544301;8
14079;19298;1481530443;8
23179;22992;1481519584;6
3400;10761;1481521089;14
2416;9077;1481513359;4
21840;7803;1481525606;10
27287;13220;1481511620;2
1883;4287;1481547029;16
21845;10092;1481518489;10
20010;2835;1481542754;6
9161;9190;1481548565;6
19739;19070;1481526663;16
1324;11945;1481534000;4
1594;10383;1481535371;12
7454;2284;1481511105;2
6197;23762;1481519215;6
18952;8404;1481548278;12
10806;6585;1481535324;4
1140;3273;1481536444;14
11951;2765;1481513186;2
1893;10044;1481534732;8
217;14561;1481526654;2
19306;9360;1481526917;16
6775;4923;1481519179;6
10604;11247;1481528051;8
11214;7913;1481521092;16
20576;5047;1481518843;8
2784;10768;1481526477;2
16191;2384;1481531532;18
9756;8493;1481547744;12
6356;6385;1481527454;2
11601;26150;1481544008;6
23172;15235;1481535554;2
10309;8296;1481512545;16
11605;27025;1481534995;16
15092;3626;1481530537;12
8574;10779;1481550069;4
8440;17044;1481514014;8
1504;7143;1481533615;6
19648;4192;1481551125;2
23180;1799;1481510532;14
11605;22489;1481510999;6
26144;4158;1481535869;14
11364;27475;1481537954;14
8982;8117;1481526759;8
27135;22163;1481522199;6
19070;21312;1481533341;4
11364;5473;1481533012;4
27445;9013;1481542145;10
11075;2278;1481547266;8
13113;17791;1481510281;8
13970;26303;1481538168;18
2346;23337;1481525545;6
124;24568;1481518046;16
4911;8635;1481540540;12
5529;400;1481550034;10
3701;18214;1481520160;6
7158;19791;1481549797;10
12920;9518;1481523105;18
23000;3566;1481527676;8
2792;3262;1481540223;12
23172;11607;1481544269;16
875;10434;1481540881;12
8008;7791;1481517993;4
24648;14431;1481525507;6
9962;20417;1481522105;12
1011;20479;1481537049;10
16909;8375;1481543352;18
4009;16046;1481533893;16
20544;15499;1481521344;8
8742;1488;1481523231;2
8564;5259;1481531935;18
16021;6775;1481536568;6
9916;6187;1481511819;10
13978;2763;1481516838;2
21375;6953;1481516629;12
22445;2612;1481550375;14
6928;8641;1481535108;2
6189;8934;1481522891;14
13724;27394;1481513096;4
6898;1854;1481511897;12
13681;2524;1481524425;4
4337;3756;1481547696;4
3969;1390;1481517631;10
4947;27462;1481528146;14
4854;4693;1481520903;14
7527;19825;1481546155;12
3120;1461;1481523682;16
8138;19543;1481546252;18
14563;7093;1481546835;10
8046;15164;1481514994;8
19320;23101;1481536696;2
6408;122;1481535700;16
17391;6176;1481532681;14
9570;7389;1481543690;6
7917;6646;1481521475;10
4207;12396;1481536962;12
9855;5982;1481541019;16
16050;27342;1481521615;18
22310;1644;1481517096;14
20357;9660;1481513230;2
3386;14919;1481515830;4
14860;20310;1481522956;18
25058;2734;1481534813;18
26244;3751;1481511643;14
12228;969;1481512153;18
26163;9651;1481549048;12
7360;17475;1481542233;6
1433;255;1481522297;8
20531;1579;1481549729;6
5439;4199;1481525135;12
8325;16093;1481531433;4
11892;331;1481528050;8
8378;6373;1481539275;14
15028;6421;1481522462;8
5430;5406;1481545508;4
4596;7095;1481540072;18
9424;5480;1481545068;4
11765;9810;1481537989;6
16840;15090;1481544000;14
2176;24657;1481528913;2
20118;11757;1481545653;18
22451;4728;1481511373;10
17481;2839;1481543969;10
4236;3944;1481522792;8
6775;1335;1481542636;2
16023;4803;1481527042;18
1264;13345;1481523332;14
11621;21004;1481509796;18
10094;9390;1481550471;4
6918;22984;1481528748;6
9685;25165;1481524339;14
19551;20827;1481530309;4
8306;7860;1481516637;18
6168;441;1481512088;14
13924;6629;1481532927;16
3330;27046;1481538701;14
2978;5119;1481528387;8
7369;313;1481528324;18
5598;12333;1481539253;4
6128;396;1481521932;12
4745;14706;1481512893;6
21295;27489;1481526797;16
5699;2999;1481511942;4
20104;7976;1481525715;14
10739;7838;1481549311;12
16203;22159;1481550896;10
12099;12329;1481542366;12
16879;3953;1481522658;2
8373;10251;1481549229;4
2799;6221;1481548556;4
15243;19781;1481535139;4
9319;8349;1481510255;2
23021;27040;1481530920;8
7403;7674;1481538887;10
280;3918;1481513114;10
20589;1800;1481536542;18
27033;9791;1481513534;14
8599;3969;1481523728;8
26112;14858;1481510719;4
18040;8775;1481536377;18
13177;25178;1481522729;16
6543;20587;1481514510;12
5708;1063;1481522870;18
16828;11794;1481531492;16
15223;8384;1481538325;2
27295;23854;1481539781;4
15355;7337;1481549925;12
17288;85;1481537935;2
5978;240;1481520339;2
24058;27004;1481535338;14
7495;1720;1481534864;6
15227;6832;1481509660;18
4991;14246;1481545957;16
9513;2332;1481536786;18
1547;6573;1481515660;18
24533;19989;1481512747;18
27481;25433;1481541224;14
1794;3910;1481509609;10
11957;3994;1481517163;12
3574;10874;1481533577;6
3080;18900;1481533237;2
7522;15312;1481512424;2
8916;21360;1481529799;6
373;9281;1481532579;2
303;10224;1481512835;8
11013;10259;1481515168;18
991;21492;1481527009;14
963;22938;1481523965;10
21369;4345;1481511229;8
1302;18340;1481550928;4
17480;8392;1481528210;4
27469;907;1481513154;12
1622;10725;1481533042;8
7404;1640;1481515769;12
7566;27188;1481533353;6
23303;23787;1481528606;18
16034;4903;1481523527;4
9899;11958;1481525822;10
19551;15516;1481523631;2
13195;7312;1481550486;18
2728;20372;1481517925;16
8310;16813;1481533029;16
6136;11246;1481522598;14
27157;16894;1481522600;6
16886;7568;1481511622;10
4907;23098;1481523310;4
10721;889;1481530754;18
4668;16118;1481540038;8
15380;9759;1481525232;10
10542;2147;1481533351;16
10571;19803;1481536319;4
5080;23336;1481539103;10
24179;27478;1481516651;4
16291;4011;1481514611;16
2416;1992;1481531894;10
16656;9028;1481510560;2
2777;9434;1481539002;18
14256;26318;1481544603;18
3283;2035;1481528252;4
1151;14134;1481527318;8
1307;27535;1481526529;10
15377;12780;1481522813;12
13290;1108;1481546004;6
1289;10187;1481514135;2
10309;23640;1481523662;16
260;4869;1481537339;6
24921;6296;1481523404;6
9884;20600;1481533949;6
18463;14283;1481545373;2
14580;14709;1481537245;10
11801;8569;1481512284;2
6011;16037;1481516238;18
237;13904;1481549332;12
1743;1284;1481531014;14
18155;8998;1481539781;6
1707;11758;1481522481;10
10701;1713;1481535164;16
1514;6804;1481523699;16
3693;17211;1481536493;18
19947;5949;1481536123;16
6284;933;1481549761;2
22550;363;1481526244;16
13971;3282;1481530416;4
5117;20986;1481521933;10
1671;7854;1481527552;14
16180;20077;1481517810;18
10315;3786;1481546893;10
18901;23179;1481522096;2
10190;4932;1481548889;8
19219;6312;1481533013;18
7278;24665;1481534812;8
10307;16783;1481529756;16
1210;9971;1481517066;8
5522;17921;1481548073;12
6809;7934;1481525451;6
13177;16903;1481541641;14
7273;11364;1481522469;2
7076;19806;1481529303;16
19045;5989;1481525666;12
7602;6284;1481542987;2
1051;11069;1481514072;6
20064;6974;1481548504;12
7800;21362;1481533907;6
10250;8741;1481519226;10
14896;18891;1481515280;14
9807;19088;1481550000;4
18879;20135;1481511232;8
19952;19879;1481541729;12
2414;6664;1481539408;8
6143;9752;1481517102;14
10596;10927;1481523775;14
12654;12159;1481533195;14
18074;17878;1481544196;16
1170;7873;1481541771;2
6987;14433;1481537539;16
9180;25083;1481511326;16
27019;15139;1481547306;10
9554;20606;1481550527;16
1852;10183;1481517906;2
23624;10326;1481525741;12
5904;1223;1481521429;2
6113;15018;1481517564;12
17415;4803;1481526891;14
8495;6464;1481534461;4
18325;276;1481542530;18
7523;281;1481514289;14
17800;5771;1481518538;4
6359;22645;1481549923;18
6563;10107;1481531988;6
18348;2942;1481514993;2
1904;20951;1481530732;16
11259;1386;1481543336;10
11242;5426;1481539075;10
18802;11596;1481530423;18
10235;14150;1481512704;16
25324;11614;1481540245;2
9434;7937;1481529205;18
20757;13195;1481524199;4
8049;26094;1481535791;18
10360;24963;1481511811;16
4808;74;1481550926;16
24058;8960;1481518011;10
3375;9798;1481511055;8
14202;12647;1481521292;4
18763;8282;1481550501;12
11501;11245;1481532676;18
22602;17379;1481512956;8
15492;5418;1481529242;6
418;6014;1481539558;10
9569;7038;1481539923;8
20831;19079;1481540819;12
11385;7527;1481539997;4
3426;13813;1481547018;14
10830;11157;1481523026;4
8642;7043;1481540825;14
1377;11121;1481546700;12
27430;15311;1481521531;18
14641;1023;1481521613;18
13987;10180;1481524551;18
1455;10887;1481534393;6
8171;9015;1481512765;16
7625;17893;1481521071;8
972;11251;1481529044;10
1549;25084;1481530553;14
14880;6153;1481526107;14
9764;19921;1481537904;6
18157;18152;1481518199;10
9808;3387;1481520312;8
13803;7087;1481520258;6
7605;6326;1481535084;10
6358;9567;1481546313;6
9892;24349;1481535712;6
13862;11055;1481541780;10
11246;19791;1481531028;16
5902;3730;1481519171;10
6540;1144;1481537695;6
4233;13343;1481541749;4
5516;12118;1481536993;4
17425;5404;1481546491;6
6971;7862;1481519510;4
16915;17274;1481533364;10
5958;6434;1481544420;10
5375;17289;1481524471;16
23155;12230;1481531365;18
5333;6453;1481538234;4
2830;10323;1481533874;2
25528;20124;1481529859;8
9203;3412;1481520102;8
6550;19756;1481541001;14
12309;23860;1481509570;4
18898;7417;1481546898;6
3162;7767;1481521026;8
4300;6201;1481524403;12
5401;1124;1481536706;2
19950;10561;1481540932;6
27051;20953;1481526032;16
1601;9455;1481541860;18
12646;11606;1481530324;8
5948;23066;1481525967;16
18150;7584;1481538577;8
10680;3467;1481527909;4
8984;3428;1481529961;18
7564;284;1481513901;10
22680;338;1481511846;8
7531;27086;1481527032;18
4226;342;1481540136;6
11769;2128;1481538173;16
17577;18821;1481529667;16
170;14120;1481544107;2
1645;7586;1481532531;16
12419;14551;1481549463;8
23108;9567;1481530792;8
14558;3725;1481532936;4
27016;14916;1481546651;2
11256;15015;1481530691;14
8107;23515;1481516497;2
16915;9510;1481514633;14
20525;4348;1481534075;6
4680;13792;1481510564;8
4780;16635;1481521091;6
6385;12747;1481545183;6
17581;8361;1481545514;6
12091;17478;1481544692;12
7881;20926;1481521607;12
11268;1707;1481530406;14
16812;6165;1481532672;10
1260;6147;1481550948;2
1329;6787;1481533836;12
1716;12032;1481519342;8
27332;7685;1481526154;4
6794;6304;1481548018;16
21814;4347;1481522934;4
20786;7260;1481538798;6
18103;11384;1481523143;8
1052;27098;1481539246;18
9831;10493;1481513922;6
4282;17412;1481513885;2
21747;130;1481517700;2
21300;15082;1481538415;14
10621;10541;1481515785;8
15513;27001;1481528486;16
6367;25048;1481531672;18
11895;18812;1481548960;8
6975;25261;1481518016;2
11077;17143;1481526740;8
6811;7247;1481542708;14
10527;4667;1481513326;18
13081;9167;1481519840;10
20370;10829;1481532147;8
5084;233;1481512795;18
11941;5936;1481530430;10
13855;17035;1481533010;18
18332;5424;1481537748;4
15241;24529;1481547702;18
3012;23628;1481526969;4
3897;6810;1481515536;2
20240;108;1481522754;4
22871;17022;1481550295;12
1735;6702;1481530319;4
18050;20195;1481542918;8
11057;24650;1481512494;2
25374;17572;1481512315;6
8917;8594;1481540247;12
11400;20927;1481518731;18
20712;22926;1481529144;6
27029;4688;1481516164;16
19827;5734;1481528037;12
7638;16131;1481519926;2
6462;6628;1481546980;4
8880;19079;1481536202;16
6331;1899;1481536664;10
2776;10222;1481517305;6
15931;14166;1481543879;12
23120;22871;1481522139;10
16188;8767;1481525463;8
8132;15119;1481522109;14
24987;10641;1481548546;12
1720;6546;1481550328;10
4590;376;1481548682;2
6487;22135;1481540160;12
17291;4805;1481515161;8
9212;11060;1481540727;2
18893;2950;1481550858;16
25159;1496;1481513467;10
3915;6472;1481522150;6
10426;20135;1481527691;18
19956;12403;1481523741;14
8998;2743;1481549296;18
3719;14544;1481510211;18
6121;1390;1481513226;16
6588;2133;1481536403;12
9319;25059;1481520502;12
10244;19297;1481515353;14
7427;16098;1481512497;12
7903;19737;1481518510;6
11092;11803;1481526371;2
384;27483;1481535054;6
17444;27177;1481539535;4
17024;8506;1481545186;2
9855;10572;1481549363;12
933;195;1481525902;8
12164;27558;1481519228;16
11940;6385;1481529362;12
8390;23114;1481545604;8
24782;7485;1481548587;6
2609;19949;1481514924;18
1673;22936;1481523996;14
7254;5922;1481518296;8
27535;21086;1481540153;10
12178;21267;1481546337;10
7091;7849;1481528914;14
9536;11629;1481539494;18
9058;15237;1481512427;18
10082;21042;1481513067;16
6191;6918;1481523466;16
20925;8667;1481544812;6
564;11375;1481516593;8
11067;25362;1481511273;12
13972;95;1481529973;10
26260;9536;1481550701;10
14581;11178;1481547780;16
6870;1733;1481515909;10
25442;19548;1481521326;18
8388;6113;1481519188;14
6851;141;1481527663;8
13814;11264;1481522502;2
27504;23111;1481534745;6
12794;3006;1481550715;8
21221;9856;1481516625;8
10459;2136;1481542140;10
7865;15419;1481525012;10
23049;24140;1481529889;10
1173;6186;1481543904;2
3120;3162;1481547679;8
23063;4510;1481550300;8
565;14988;1481534500;8
9841;3022;1481549924;6
13876;17480;1481537176;4
1606;2967;1481530315;16
6784;17435;1481541442;12
27505;257;1481550323;10
9748;12146;1481515365;2
1869;27195;1481514401;2
21489;5507;1481533998;18
10189;3285;1481517516;16
6700;18910;1481546896;12
1333;14806;1481524929;8
6244;111;1481535423;18
5703;10515;1481524090;6
25162;1925;1481532248;2
16811;12574;1481548987;12
3403;17035;1481511485;10
8690;27380;1481530154;14
15516;25549;1481534988;8
4829;7416;1481522048;18
21452;6276;1481521760;16
6668;12571;1481546745;10
20853;10506;1481535832;4
14901;6925;1481515589;12
271;17207;1481529194;18
5638;7802;1481536301;10
10681;26182;1481548847;2
12795;2834;1481540429;10
9755;4249;1481515719;16
5437;9799;1481513523;18
20295;3426;1481517315;6
10845;23076;1481525433;4
9026;9526;1481549480;2
220;16651;1481542412;18
23052;14982;1481545233;2
4727;20284;1481517166;12
12674;3134;1481549458;4
9306;25433;1481534324;16
20295;210;1481516607;6
5902;8404;1481538874;18
22177;13900;1481545184;16
8233;21;1481547393;14
6532;8600;1481520837;8
9900;27156;1481541162;6
8947;8599;1481549019;16
20684;7353;1481525603;16
4543;8023;1481517364;16
6166;4688;1481515991;12
22931;5001;1481511819;12
5673;3775;1481509789;10
20627;22579;1481521090;8
22939;913;1481550110;16
25468;14912;1481512169;4
25495;7984;1481510355;18
4527;1579;1481517411;12
2876;7554;1481516107;8
9201;5044;1481544746;2
13724;17033;1481547608;6
3081;7052;1481530727;2
27197;10894;1481529809;16
10206;3770;1481548217;4
7166;17373;1481515854;2
16789;27185;1481531087;2
8501;21442;1481549927;8
1851;14979;1481544724;8
5942;3983;1481514578;10
20151;27142;1481520240;10
7670;12813;1481530548;2
11252;5641;1481536236;6
6105;25327;1481529709;10
2145;7265;1481525249;2
19022;4321;1481542091;2
10331;7773;1481517157;14
4322;14587;1481550655;18
11905;6703;1481516881;6
10431;1315;1481510135;16
23034;12083;1481517164;14
20852;7626;1481535645;2
1913;7259;1481543268;12
16037;7396;1481550954;2
16807;3781;1481543004;4
10092;14261;1481516703;2
6606;1036;1481548698;10
5354;17143;1481546417;14
12071;5841;1481509624;10
3583;1177;1481535946;6
5434;32;1481546031;8
9645;12156;1481530330;10
25376;25342;1481528058;4
3854;16187;1481545065;8
19911;7155;1481539959;6
1905;9206;1481518033;16
17291;2130;1481539422;2
14933;14436;1481533189;6
8483;12181;1481551046;14
10650;6259;1481511623;10
6357;8883;1481547595;10
2839;11803;1481530455;12
2645;913;1481543438;2
20327;17511;1481517654;10
5284;25425;1481514770;6
4952;12308;1481521259;8
9635;7361;1481538531;2
5500;3162;1481523629;14
14050;5873;1481528386;10
114;304;1481531314;16
24709;5507;1481524920;10
16800;19764;1481550525;2
12562;92;1481532622;18
23048;4672;1481520344;8
3789;10326;1481520273;2
15777;24134;1481512931;8
27417;11159;1481520120;16
23337;9791;1481536024;10
19815;7645;1481543000;6
22624;197;1481514973;14
1086;21388;1481519221;10
2796;8888;1481533704;14
23650;3121;1481537194;8
16045;9623;1481542535;2
7095;6976;1481535260;16
7402;17577;1481524641;6
1745;1932;1481509672;12
16832;1141;1481522952;14
4610;6241;1481546157;18
8320;17207;1481535604;2
7163;7100;1481548945;14
8135;8420;1481514554;10
893;7611;1481518068;14
8381;1056;1481527071;12
16832;4571;1481537303;8
6857;103;1481530426;16
12099;9223;1481534316;14
4182;7452;1481527816;18
8126;7075;1481522499;14
3162;8233;1481524742;6
16929;9845;1481530820;2
5107;21845;1481548373;12
10909;10194;1481530281;14
10488;24674;1481528316;14
20074;25173;1481521884;2
14800;19495;1481515983;10
9805;360;1481528966;12
2391;20481;1481520457;16
11009;9271;1481513591;16
11405;422;1481541635;6
3638;25073;1481539802;8
27266;7613;1481516488;12
14245;20544;1481543691;2
5429;1693;1481526328;2
22542;4787;1481544219;12
15131;20909;1481533661;12
893;51;1481542428;2
8344;3988;1481548327;16
15036;5614;1481515601;6
24691;5703;1481520351;16
6028;27325;1481516774;10
16006;9431;1481518360;14
129;21305;1481537927;8
4948;10694;1481522936;4
20685;27001;1481543024;2
12707;9651;1481547716;16
15319;10105;1481545081;14
9023;1967;1481531986;10
11777;6964;1481511321;14
27330;26038;1481545382;16
6956;4945;1481513119;6
18177;14258;1481543313;16
12360;307;1481545348;4
5985;3508;1481535320;14
8694;9669;1481511237;6
4359;17288;1481525253;2
11119;11623;1481515273;18
7883;3592;1481528527;4
22540;14185;1481542603;10
2117;7862;1481526589;18
13825;7183;1481516741;18
26110;8461;1481537163;8
15373;12405;1481522187;4
4241;984;1481537953;4
6538;11017;1481542036;12
22317;25057;1481515338;4
6879;23695;1481534189;16
3060;8987;1481526177;12
11862;3934;1481547255;10
1131;3684;1481527783;6
6003;24654;1481518135;10
1047;8567;1481521319;14
18105;2352;1481529420;2
19496;7797;1481534931;12
1003;9647;1481544141;18
2879;7822;1481521005;12
9446;14659;1481543841;6
17424;11704;1481520553;16
18051;12646;1481523114;6
5247;10030;1481544174;4
4285;27506;1481531022;18
14924;4316;1481550054;10
6975;162;1481513804;18
8872;7794;1481541922;18
8507;9460;1481531805;2
18355;27165;1481546259;10
15308;19971;1481545964;18
3427;17418;1481547737;18
8958;17501;1481521483;4
139;19170;1481515825;18
8602;6867;1481522853;6
14188;7071;1481527735;8
442;8832;1481549515;4
21473;16124;1481540207;8
8585;18201;1481546419;18
13790;27015;1481539827;14
14435;2605;1481523310;18
7463;5868;1481544020;16
4869;9765;1481529822;18
6974;23859;1481548028;8
27174;1582;1481546742;2
9862;19625;1481520981;14
17518;10405;1481521118;8
1993;2167;1481522189;16
3015;4596;1481548907;10
4743;6283;1481509777;2
12043;341;1481537131;18
1044;25169;1481542094;8
27504;22607;1481539081;8
19952;13825;1481520391;4
13976;1794;1481519275;14
1587;3627;1481518343;16
22927;14872;1481524468;14
6244;1084;1481520382;16
5353;4744;1481547126;12
25541;7554;1481530236;4
1864;23763;1481544657;4
9799;3374;1481516650;2
25011;27281;1481511708;2
4734;10749;1481542977;18
17173;27209;1481549386;16
6334;1138;1481525156;18
4743;15464;1481544793;8
20123;62;1481528747;6
1714;23516;1481514327;2
10271;15029;1481517891;2
9553;1370;1481521929;14
4567;27130;1481513329;10
27555;1106;1481532777;6
5378;17266;1481529016;12
6465;11575;1481510138;8
9791;8448;1481523357;18
4294;2837;1481546563;18
14132;3770;1481550779;12
19947;12654;1481522269;12
20947;15446;1481543951;10
14690;9191;1481524288;12
13296;5773;1481537621;2
10174;3572;1481548339;12
2276;9219;1481520752;6
4354;4249;1481541210;10
4773;24654;1481550611;12
7767;19547;1481520578;6
17611;19761;1481529282;18
387;16864;1481550071;14
13912;7559;1481538303;16
3540;25047;1481513714;4
1370;18534;1481525299;4
14904;18936;1481530439;4
3085;7333;1481537844;4
3349;13946;1481538089;16
27543;5831;1481540231;4
13618;6587;1481547354;10
9513;13081;1481550794;14
15125;7351;1481510271;12
4588;10403;1481528064;4
6625;1430;1481515139;4
21259;7588;1481520132;10
6484;2141;1481511583;16
6113;8153;1481529140;4
3284;348;1481543590;4
19868;26034;1481515313;4
14622;6421;1481524033;8
1629;7271;1481526941;4
8277;6775;1481542140;10
4105;3979;1481524472;18
5019;6428;1481536551;18
10374;4581;1481545137;8
1497;22481;1481540204;14
2829;23892;1481510403;10
4246;14914;1481515434;2
19555;8927;1481548619;2
6647;11822;1481544565;2
4004;1220;1481549958;4
11025;19060;1481520440;2
18188;2162;1481546855;16
9509;5282;1481530970;4
10022;15508;1481548821;2
5896;5754;1481529993;10
7903;20341;1481543130;2
16301;25035;1481538568;4
18131;8401;1481522350;16
19212;4945;1481525155;14
17285;22957;1481518613;18
9454;10549;1481540797;6
1516;3542;1481546925;8
6555;8909;1481525549;4
3419;11247;1481516248;18
27135;27143;1481544792;10
7610;25173;1481550841;4
3954;7907;1481541043;10
3961;12037;1481526439;10
4029;5941;1481515334;10
4035;10253;1481512669;10
4544;23176;1481541901;14
17389;18321;1481543811;12
22929;19989;1481541829;4
15029;15131;1481548373;10
5852;8849;1481513867;10
9917;2761;1481531150;2
17922;11152;1481517455;14
14885;7686;1481539513;10
6856;4335;1481519265;4
5867;17171;1481515631;18
4104;7283;1481513914;10
6672;2323;1481547960;2
7862;7439;1481521107;16
10005;20136;1481530061;10
21415;6497;1481515439;2
11095;2877;1481525628;12
145;13454;1481524496;4
25168;19800;1481542611;18
15137;21486;1481533731;2
15369;2160;1481521091;16
4806;6618;1481525212;18
7890;9498;1481548646;8
8937;1713;1481551065;18
22586;5101;1481512733;12
6991;25433;1481538305;4
3746;26281;1481546874;6
19311;14496;1481518443;2
26266;11013;1481512182;18
8891;7456;1481522000;14
27018;5423;1481546900;2
7980;5897;1481532502;12
3063;9190;1481550548;16
1901;10004;1481542091;4
4056;5025;1481524029;10
9483;10807;1481529438;10
26260;11635;1481520024;18
7809;1151;1481514978;8
5044;8567;1481530062;10
19941;8388;1481538015;12
10177;15189;1481514842;12
7633;5352;1481550615;2
9528;9560;1481526677;14
20758;10889;1481550033;8
18245;9311;1481537760;2
10199;5625;1481542283;4
2952;5763;1481513732;10
22926;1061;1481513634;12
20189;12694;1481530542;16
6824;3911;1481520704;6
16802;8334;1481532577;14
21252;10235;1481511633;4
25346;15010;1481525137;4
3063;9835;1481550434;2
15734;19221;1481518574;18
16041;11040;1481548459;16
3696;24426;1481540991;2
25197;10070;1481521324;2
6693;26111;1481530776;16
5997;25532;1481535919;8
5405;2844;1481550312;2
14545;11624;1481530299;6
15009;24695;1481514450;6
16335;4824;1481523818;8
24128;19422;1481532152;16
25518;9873;1481514822;12
24935;21596;1481521383;16
14574;19090;1481543547;14
314;25062;1481515430;16
8432;3387;1481531933;18
10257;6115;1481518673;14
20299;8995;1481515117;2
10989;14624;1481530207;18
19803;27506;1481522381;14
7110;14547;1481530891;4
295;2120;1481551122;2
8945;7415;1481534612;14
20337;6219;1481540064;16
12296;24475;1481547883;18
4837;10239;1481524434;8
7270;18328;1481545743;10
12772;11769;1481515950;18
25089;22531;1481521199;2
14199;19285;1481520070;14
7453;3422;1481533902;2
13778;21268;1481526792;14
20472;7087;1481516116;2
6536;1876;1481527734;2
9185;12426;1481519720;12
8395;21727;1481540399;2
10464;8516;1481547778;16
3291;27204;1481548708;10
23446;9100;1481548498;18
10544;8570;1481536553;2
10988;5697;1481512718;6
19846;10982;1481519389;10
6296;17849;1481537463;18
6359;5428;1481545850;6
27023;10926;1481511403;10
8320;9570;1481549057;12
13823;10996;1481549454;14
12237;7182;1481526524;2
8141;313;1481522308;2
7039;9026;1481550197;6
6971;1154;1481535836;12
9455;1124;1481518580;18
12183;20367;1481538929;8
16318;19297;1481542753;14
17006;10252;1481532953;2
9890;9491;1481521537;10
22527;12046;1481543583;16
8757;13426;1481543506;10
8346;2380;1481530981;14
1153;26281;1481538016;4
426;14648;1481522327;10
19851;11042;1481530829;12
4509;19986;1481549016;2
15482;6376;1481543580;14
22468;21384;1481515812;6
1208;6130;1481538006;16
989;17283;1481540256;18
4195;1421;1481534632;6
931;1921;1481526091;4
334;7190;1481521554;12
25288;2033;1481526592;2
24417;8373;1481531538;12
15085;5475;1481531534;8
3917;14934;1481533812;4
23695;17287;1481509519;14
2817;6802;1481531610;16
25059;21318;1481520587;6
7048;2026;1481539103;8
4255;8807;1481513327;18
4038;10219;1481547528;16
18072;8997;1481537470;8
19987;15133;1481548895;8
12178;18901;1481543263;14
8912;42;1481536866;6
11953;10722;1481548961;8
17578;8058;1481550920;12
3590;8809;1481531131;8
426;25197;1481512306;12
7859;3061;1481546077;2
3488;9869;1481539963;6
27156;8173;1481511399;14
4484;12184;1481514138;14
7421;366;1481521488;4
26039;14142;1481518806;16
2744;3497;1481516166;6
17156;25;1481546860;18
7475;9656;1481523399;14
352;19072;1481534596;2
21071;11725;1481524936;4
1893;17133;1481516441;12
6146;7172;1481549902;12
4255;10332;1481541199;2
10635;909;1481514655;10
3466;27337;1481526407;18
24956;6612;1481514300;18
8408;22307;1481524575;8
22480;24471;1481531725;10
6872;27490;1481537018;2
999;2964;1481536397;4
6458;7936;1481519792;8
5485;7292;1481520158;14
8380;7023;1481549042;18
6278;12572;1481536465;6
5521;6819;1481514547;12
14129;23121;1481547807;2
8161;4219;1481510691;18
20466;10082;1481515163;14
1119;27313;1481537910;8
19313;9314;1481539596;16
5748;27343;1481511754;6
10383;4751;1481538222;2
11793;6390;1481515142;16
18436;2401;1481545292;14
26144;1370;1481510999;4
11609;1861;1481526542;6
25113;9458;1481514344;10
7766;3340;1481511652;4
8420;2329;1481528942;4
14793;15753;1481537290;12
4590;20465;1481540749;12
3962;5652;1481533961;2
13884;20148;1481550630;16
1411;22932;1481518490;18
17922;2747;1481516319;10
12013;246;1481520186;10
9464;404;1481509771;10
7505;21739;1481524610;14
26317;7609;1481543811;16
24354;7249;1481544704;8
15352;7997;1481538450;10
6356;8532;1481549217;2
7248;18511;1481538979;6
8683;10322;1481548740;6
9005;5405;1481517961;6
7158;6460;1481515364;2
15323;6952;1481544491;18
18886;8936;1481533751;10
1414;25080;1481536415;8
17337;20963;1481518074;10
8135;8648;1481518260;6
923;11005;1481514438;8
3543;10551;1481541401;16
10721;2610;1481532146;4
10189;17793;1481546909;16
20953;18914;1481518008;4
315;24927;1481521950;4
8048;10162;1481526461;8
16336;9544;1481516552;18
21362;275;1481528532;2
7354;10274;1481520044;10
9649;8751;1481528210;2
10252;437;1481542736;14
21279;8547;1481525279;8
6200;10242;1481528277;4
3605;15767;1481521267;18
10244;8380;1481527867;6
25024;1272;1481533628;8
11120;317;1481522060;2
5045;23180;1481542843;12
9886;25003;1481519817;16
35;8848;1481521009;4
16105;15962;1481535172;4
8478;8146;1481534108;10
20067;13879;1481519819;8
8296;8435;1481538226;2
27205;6220;1481541608;16
260;6019;1481529051;6
7526;7838;1481511537;6
19490;7456;1481545349;2
19739;3983;1481538515;18
17162;23862;1481549541;14
10703;18107;1481537958;12
12153;1484;1481518865;4
25343;9167;1481549203;16
20045;7890;1481534433;4
4891;9421;1481540571;10
421;8351;1481545555;4
11955;1429;1481515943;18
13888;6781;1481521631;8
9793;23335;1481520869;16
410;2836;1481536986;10
19833;23525;1481538418;18
5998;22871;1481537367;6
24971;16982;1481509824;10
259;20413;1481530067;2
1631;17467;1481532137;18
3642;20116;1481520769;8
6565;27447;1481527469;16
23439;19956;1481514693;8
4021;14804;1481512648;10
19299;6603;1481538058;16
1414;26394;1481537786;16
20120;4297;1481517558;16
26307;3406;1481521356;14
6235;22614;1481542813;2
1076;18305;1481527225;12
14142;3274;1481530553;4
103;1869;1481550660;16
4964;2452;1481514920;18
17474;6969;1481528981;8
3776;17042;1481548391;12
9321;18534;1481526912;12
16121;7862;1481535717;8
3533;8239;1481529102;6
7167;145;1481540368;16
11035;25076;1481513971;6
9901;18193;1481523589;18
17157;7977;1481537285;10
19210;20069;1481525509;8
945;165;1481545304;18
5479;26083;1481538023;8
13807;21373;1481540326;10
27291;25041;1481518538;6
8493;6120;1481546325;16
17550;3511;1481521193;8
6641;22483;1481541257;14
617;27548;1481549798;4
1289;5528;1481513794;2
192;4809;1481534926;16
12329;12153;1481527530;6
9551;1698;1481535959;10
7833;12064;1481526689;2
24540;7161;1481542827;10
1496;18511;1481510766;8
19983;4268;1481512660;6
5488;10102;1481531626;12
1609;19040;1481543104;4
9896;8585;1481540842;14
6815;6537;1481523615;16
6433;1700;1481543118;4
16143;1110;1481518723;18
11213;8380;1481518155;4
21030;2404;1481534400;16
20959;8864;1481517643;10
2129;7173;1481530403;16
5431;8668;1481527420;10
2815;7110;1481546884;10
3749;11414;1481537044;18
15374;6031;1481532476;18
12772;16033;1481516706;18
1235;6654;1481548211;2
24680;6371;1481511114;2
27445;7270;1481539851;12
12047;10250;1481513834;8
10495;27158;1481538455;2
4964;564;1481542050;14
24480;12574;1481545209;6
24842;10358;1481533353;18
16892;23616;1481515149;6
27054;25085;1481518254;4
23055;24277;1481511158;4
3300;8755;1481531860;12
20598;1698;1481513434;4
27001;1604;1481510581;8
14514;6657;1481525785;8
19419;25044;1481541576;18
16037;24987;1481533036;8
14261;7853;1481524641;14
889;2390;1481519410;4
8491;6128;1481534807;10
19759;1973;1481544146;18
10614;79;1481527986;8
2136;18046;1481513459;14
9530;15164;1481544342;14
15212;234;1481527846;8
6714;26068;1481517081;8
23022;26;1481541198;18
1405;19321;1481549617;2
26482;17362;1481539236;18
18105;17923;1481517686;2
7057;324;1481542782;16
5896;2761;1481539043;2
7568;12151;1481533099;2
9815;11068;1481515925;18
6861;6141;1481541260;8
14872;11122;1481528647;16
24183;6807;1481539104;8
22450;16824;1481510788;16
19039;6528;1481532278;12
11135;1681;1481513525;18
16144;13981;1481545811;6
9058;10111;1481530396;8
15721;15475;1481540122;2
1923;14578;1481518661;16
21724;15916;1481519970;2
27292;12216;1481510461;12
4827;1715;1481537472;12
23853;10467;1481541217;18
9971;8951;1481529825;6
10845;18845;1481533750;2
11684;13681;1481516319;16
21270;1302;1481541797;14
2838;1985;1481542584;18
2327;16186;1481522439;8
11943;17480;1481529851;18
22924;5647;1481546889;2
11388;22252;1481514309;18
3774;20076;1481540016;4
8930;6821;1481513284;12
11269;4303;1481540023;8
11031;10329;1481546574;16
18196;7822;1481525399;6
10177;14578;1481512799;2
1087;11121;1481530151;10
14636;19857;1481520451;14
4834;14538;1481515069;18
13183;1322;1481538379;18
17580;25197;1481536050;2
10213;6643;1481538410;4
8880;2998;1481521983;16
6470;4501;1481519176;16
9518;4195;1481550838;6
18880;19486;1481516656;10
2173;23531;1481524826;18
3078;15446;1481522136;2
24394;23026;1481533711;10
15071;7576;1481524796;4
10199;25319;1481516043;18
6408;4799;1481532256;18
3934;12279;1481525451;18
26281;210;1481521322;6
14661;10348;1481512458;12
27483;11145;1481534159;10
6031;13781;1481510875;6
16912;6158;1481510918;4
5758;226;1481533985;6
24253;5807;1481511817;12
27442;8998;1481535837;12
8991;11719;1481520859;16
14128;1587;1481545850;14
1266;5604;1481515130;8
1002;4833;1481530745;10
17463;13875;1481543021;16
9685;12143;1481518752;16
8694;20337;1481519101;4
10514;4851;1481549341;2
22993;5885;1481547651;2
10796;8752;1481533173;16
4031;18811;1481525659;10
4977;3278;1481530448;6
2982;25361;1481525904;6
8438;22648;1481524228;18
17207;17293;1481548963;6
8377;17001;1481524999;14
3390;14903;1481527351;8
20759;13859;1481542628;14
4905;8588;1481542409;16
6607;21288;1481528274;16
10247;27435;1481520490;14
6435;14711;1481534425;14
8910;2345;1481547716;2
19506;18863;1481513883;12
25532;3888;1481538595;18
23624;8755;1481523877;18
6317;17271;1481531752;16
4214;7778;1481548948;6
20098;8302;1481510164;4
2122;6989;1481514434;18
8095;20538;1481514321;8
1605;9207;1481521374;8
19942;27201;1481531215;14
1535;4937;1481519659;12
8813;5517;1481517990;12
19878;27414;1481517852;10
1114;10824;1481524742;16
12697;10197;1481524885;6
13794;9491;1481529657;14
2423;6919;1481539311;14
11252;11156;1481519066;16
8998;20360;1481522651;4
1648;6136;1481549613;10
1716;9573;1481539491;8
10889;1547;1481543124;18
22266;4332;1481533218;10
24128;2759;1481524891;18
18107;22432;1481527439;6
5887;8228;1481530067;14
25489;4319;1481527420;4
19799;15305;1481531334;18
11884;11132;1481524441;18
283;8905;1481530832;12
21314;4710;1481522800;10
18117;20994;1481536783;16
7846;1685;1481516786;18
11040;5955;1481542831;6
9536;1801;1481524194;4
20301;8766;1481536519;16
16136;13781;1481523768;18
27286;6851;1481520005;2
9885;20154;1481550019;8
6615;9182;1481524024;8
11137;348;1481545504;14
12145;12137;1481528554;10
15378;12135;1481526365;14
1562;4044;1481548996;8
17533;10179;1481548370;6
6719;25164;1481550450;18
19076;3714;1481532839;2
8960;22501;1481543750;14
6998;6481;1481512199;8
2814;397;1481538362;8
24349;7795;1481523824;6
9831;27055;1481547254;4
8543;3386;1481522924;14
1590;1682;1481512448;4
2828;8362;1481530726;6
6116;2027;1481527365;10
5387;6263;1481520970;12
2818;17582;1481538667;18
19454;13875;1481526381;12
6501;95;1481525195;10
7610;17893;1481533163;16
27315;15376;1481543654;4
21403;11056;1481540960;12
19825;18195;1481520995;8
17581;24743;1481525170;4
14996;25036;1481546334;4
15409;6595;1481544346;4
10983;1500;1481540492;6
379;4008;1481541077;14
10187;9;1481514253;12
10612;19770;1481518612;14
23058;1415;1481528212;4
25394;6300;1481510213;12
17550;1661;1481513332;16
5913;1579;1481536575;16
21077;311;1481521724;10
8591;3907;1481531620;10
11563;7174;1481534704;8
24762;17360;1481517060;4
42;2423;1481533121;16
26145;26392;1481521348;4
10983;8291;1481547511;2
9801;6204;1481540603;2
8026;19532;1481542105;4
26107;7891;1481541497;16
3698;11385;1481524767;4
17198;8136;1481541219;4
2031;17532;1481540593;12
21003;210;1481530025;14
22959;7638;1481511190;18
1574;5913;1481521064;14
18879;16885;1481529180;10
5520;11743;1481532753;8
22923;2400;1481547107;4
17044;6237;1481537242;18
17307;1924;1481546177;16
18072;13202;1481509700;14
6888;8302;1481543087;14
24923;11808;1481541863;18
10564;18149;1481546129;10
18155;10504;1481529979;18
27451;6207;1481551066;4
405;10735;1481519659;6
27429;17586;1481530491;6
19806;18247;1481525413;8
22795;6988;1481514105;4
3125;8513;1481536956;18
4311;20713;1481527432;4
20311;12153;1481514346;18
14630;5645;1481512191;8
16136;9776;1481527866;10
6000;25088;1481544293;14
9981;6885;1481529827;10
17241;16317;1481539794;18
27336;1712;1481528549;16
7871;7912;1481548421;12
3387;5991;1481513688;8
23863;6620;1481545101;4
17500;4757;1481512039;4
8408;2983;1481523675;16
27412;20075;1481548066;6
24162;11044;1481525890;18
6409;7576;1481537406;8
7533;1151;1481521987;10
20982;21310;1481538228;8
22169;1638;1481536597;4
9548;7954;1481527333;8
11238;7963;1481526024;6
19954;4688;1481531482;4
4296;27005;1481517990;4
23032;27428;1481513106;2
8779;10424;1481516370;18
361;12279;1481518269;18
8491;11397;1481525061;18
9018;19079;1481528120;12
1035;23011;1481550670;14
19209;6884;1481538260;2
4568;27427;1481520523;2
10697;3919;1481539202;12
7041;14899;1481525796;8
12947;9458;1481547419;16
19066;9284;1481543607;10
11481;16806;1481542394;6
11090;25383;1481547214;12
10885;20865;1481516387;6
10887;26041;1481539120;10
13944;20951;1481534613;8
22965;11886;1481539045;6
2177;17300;1481542930;8
13288;1892;1481528786;2
10906;1672;1481530667;18
4363;5334;1481541134;12
26470;1486;1481546762;10
7687;15020;1481539020;12
7253;23756;1481531746;18
27266;6553;1481513638;2
12787;1023;1481537030;10
9307;5480;1481525567;18
5841;16130;1481510748;4
10527;24659;1481533338;18
25400;23739;1481528165;10
17428;11683;1481538284;12
3905;1390;1481516170;10
12029;11920;1481547666;2
10221;24950;1481530263;8
4326;17023;1481520920;6
15374;12582;1481515028;6
22576;9839;1481549482;8
10235;6557;1481523044;16
8319;11907;1481519291;4
16302;17308;1481518122;4
4906;8678;1481516575;2
17160;15012;1481524400;18
919;10779;1481514466;12
1111;8134;1481546855;12
5997;5019;1481533990;16
6994;3067;1481535043;2
13973;17849;1481513492;2
16911;24360;1481530330;6
1035;6596;1481515108;14
10205;25076;1481533821;16
9527;9887;1481512354;18
24971;22644;1481510786;2
6400;7478;1481525061;2
20544;5018;1481515491;10
7444;12315;1481547963;18
5814;1546;1481523231;18
6782;3385;1481523116;10
20636;27263;1481544125;10
23887;5386;1481542921;6
6766;17793;1481539285;18
17418;4896;1481533057;4
11842;5770;1481531770;6
23753;16126;1481533293;18
22456;12137;1481547525;8
6608;10025;1481532244;10
8656;25434;1481541611;8
7056;5492;1481513090;6
323;3543;1481549714;18
9804;6113;1481536752;8
9165;7882;1481518621;18
19749;25381;1481521122;14
9414;8885;1481510000;16
8815;14982;1481542455;8
1588;7598;1481530606;12
19772;39;1481541741;6
9988;15355;1481549026;16
1346;22161;1481522975;14
12425;4961;1481512232;16
8592;8952;1481514590;10
21808;21295;1481522416;16
5894;3491;1481545545;12
27104;5897;1481515865;8
228;6140;1481514664;6
27208;402;1481521217;8
5329;17528;1481537213;16
3411;1958;1481549956;2
18188;409;1481533770;10
24413;7163;1481524822;6
20093;21000;1481510695;12
16037;20773;1481515861;14
17;3377;1481543515;4
1532;4654;1481537096;6
11175;8748;1481542453;14
7303;23344;1481512242;18
11605;4214;1481525425;12
4005;6474;1481529470;12
7062;19229;1481529004;2
9820;23896;1481535561;18
1921;5985;1481538309;12
2802;6696;1481545955;14
317;18842;1481511831;4
15471;17148;1481526968;8
9204;2340;1481534891;14
12630;26192;1481550019;14
8404;5826;1481527711;18
10689;9676;1481525990;12
9024;5928;1481514519;10
1168;20867;1481547443;12
4041;26048;1481540303;2
15731;25374;1481546344;16
14874;8565;1481518737;10
10124;25547;1481515471;12
9980;11243;1481549513;6
9474;63;1481544111;16
23866;9990;1481524561;12
3448;11730;1481518939;10
5301;6352;1481547604;8
11023;13345;1481538150;6
11842;18149;1481518053;16
4291;3611;1481526151;8
23011;22142;1481542699;10
8880;11132;1481544827;2
17150;10532;1481542990;2
2137;4040;1481542052;8
10115;14426;1481537510;18
8866;299;1481534022;12
19966;12296;1481550307;14
24928;22469;1481524208;16
22131;26099;1481533515;6
6501;7859;1481540237;16
22296;1161;1481535168;8
10331;6251;1481533220;18
12048;6611;1481549083;16
7512;23495;1481548973;12
1024;16200;1481540444;10
16883;18165;1481514559;14
22648;23877;1481546506;14
19306;8111;1481530673;14
11107;19770;1481526851;10
1414;7189;1481541048;18
20791;7490;1481532410;16
1322;14271;1481519005;8
10689;2821;1481528024;12
6160;19813;1481517009;8
3513;9;1481538238;16
24655;17391;1481509954;12
24987;5079;1481510761;16
5933;4238;1481549323;8
1060;9847;1481517120;14
5028;1386;1481547168;4
965;14240;1481513035;4
16827;27493;1481546081;14
17297;9426;1481513457;12
12148;12067;1481538672;12
7189;1393;1481519679;8
3952;18335;1481547589;14
7851;7943;1481544299;16
13808;8120;1481509514;2
6460;4045;1481546239;4
2942;11145;1481548210;12
6489;8497;1481517977;8
9193;7536;1481548263;8
20827;20120;1481539234;4
5033;17847;1481519069;12
16910;14150;1481544720;16
7943;22274;1481520662;8
8929;2350;1481534898;6
9157;233;1481511108;10
6998;10238;1481510392;6
1741;16912;1481547250;2
1532;4544;1481512847;14
15484;17278;1481527956;14
14269;7604;1481517011;18
25502;14131;1481527408;4
321;22510;1481533072;16
1556;3612;1481510578;12
14901;7040;1481527021;2
1837;15239;1481516101;18
205;8747;1481535703;14
9015;4745;1481515395;8
9465;15092;1481533621;14
23013;18131;1481521148;8
11693;6661;1481550423;18
1602;6326;1481527822;18
9241;18865;1481532938;6
11635;8762;1481528495;10
5874;16201;1481525646;6
26031;27412;1481543794;4
11622;5480;1481544853;8
17278;24278;1481542627;12
19867;4528;1481518820;6
7886;1701;1481520450;6
4859;2328;1481532777;10
17846;5982;1481524790;14
19753;1972;1481515868;18
6404;3078;1481513133;10
20066;26094;1481522808;14
3068;359;1481531567;8
10782;25328;1481514692;8
14793;22490;1481544182;8
1226;6879;1481536294;16
5240;12816;1481533286;18
18835;10619;1481518931;10
12322;6811;1481525964;8
13972;8874;1481544270;10
1582;3768;1481549763;8
9013;1868;1481543249;6
20775;1415;1481542343;16
1350;3369;1481532348;18
11155;16180;1481512666;14
24254;7988;1481524473;16
3989;4825;1481527188;18
18883;12115;1481545015;8
19991;19723;1481546452;14
3777;16101;1481541258;2
24397;27553;1481521988;6
2422;27128;1481545563;18
8239;17550;1481537223;4
22441;14620;1481522414;14
9510;1043;1481511836;18
14979;11402;1481520323;18
1151;6024;1481549278;16
7408;5052;1481535250;16
10514;19887;1481535726;8
4566;9803;1481527149;6
2758;18144;1481530201;6
17019;7941;1481519695;18
12074;14866;1481535866;10
15090;15309;1481528675;4
4351;25526;1481535678;16
9405;143;1481511561;14
27386;4105;1481547791;4
8283;10748;1481520501;6
4656;9899;1481546806;2
9901;6953;1481535065;12
5644;5886;1481531589;12
19420;1536;1481511417;4
20106;19771;1481537774;10
14188;9077;1481525578;10
20984;11142;1481513159;18
22;361;1481547080;6
10717;8906;1481523635;6
3008;21234;1481522063;4
1165;1605;1481539710;12
19759;26;1481510053;4
20443;1126;1481535592;4
3699;1266;1481539645;8
3640;3888;1481538653;12
9415;9312;1481531011;12
19304;9206;1481527211;8
20092;8691;1481542686;16
8777;4217;1481541101;2
6682;8389;1481517134;16
20013;1642;1481519845;6
12310;21718;1481525365;14
23329;6826;1481546449;14
11245;20115;1481536373;16
7854;7638;1481545669;18
9474;9021;1481532909;12
18332;4516;1481536467;6
11158;24935;1481517451;16
5531;13854;1481537589;18
3790;6719;1481529793;14
13560;9004;1481528332;4
2841;20015;1481517615;2
12575;4932;1481535492;18
11566;10273;1481550251;4
12164;9418;1481520242;10
403;4209;1481530659;6
5626;1327;1481525399;8
17462;27016;1481543040;10
8450;3508;1481509711;8
5699;15962;1481541747;14
17152;8668;1481524763;10
7672;11393;1481532783;12
7812;19274;1481549359;18
5735;19814;1481528504;10
10210;6489;1481530294;2
1253;22142;1481548017;16
5699;12140;1481538858;14
10164;6992;1481524644;4
26114;7899;1481521932;12
13781;5644;1481533863;16
16840;23173;1481515105;8
25378;5739;1481542938;10
19831;23645;1481520535;16
1685;8835;1481536239;16
6769;7011;1481529257;18
1179;4589;1481548583;10
16006;14805;1481539140;14
2364;27013;1481532314;4
5850;11066;1481542767;14
16202;27559;1481548232;6
8251;14153;1481543598;12
21005;4705;1481526667;12
132;23355;1481533177;12
22961;10100;1481546713;6
8873;20683;1481531438;6
2412;8998;1481525041;14
7760;3459;1481514866;18
4181;17581;1481524413;12
9308;6315;1481532184;10
8728;22498;1481514953;18
21305;6973;1481521880;10
3352;8512;1481546130;6
4625;14903;1481509899;12
13203;23757;1481519036;4
22969;19935;1481519364;4
17921;6413;1481534428;18
6714;6663;1481522901;18
12289;5641;1481528245;12
12583;20041;1481536829;6
400;11800;1481544565;2
10010;20950;1481512291;6
9956;1769;1481538122;8
27535;4580;1481515094;14
9510;19275;1481535457;2
18465;12290;1481536347;18
9915;20085;1481540180;2
9980;12427;1481512721;14
9520;23489;1481514866;10
14950;4751;1481513743;10
14188;4236;1481524198;8
10118;8992;1481534336;14
12158;18895;1481520335;10
8723;27487;1481519828;10
10383;19211;1481511237;10
3637;12164;1481520133;10
25002;13314;1481533983;12
5763;1935;1481537230;10
14576;24370;1481517267;12
7768;8868;1481547446;16
10067;5861;1481547591;10
20135;19546;1481527276;14
6318;8982;1481516091;14
1328;5036;1481535629;4
20693;27337;1481550529;12
3;22926;1481534128;10
4003;15992;1481551071;18
3380;14498;1481519857;16
5768;7870;1481536928;18
20129;18960;1481546441;6
5613;5743;1481529729;14
1850;15088;1481513939;2
1562;25161;1481542878;18
6449;4528;1481525366;8
18763;25537;1481546372;8
14188;11683;1481550514;4
18198;17009;1481531925;18
9810;20136;1481538338;12
8248;10011;1481525638;10
15371;19279;1481535093;18
15346;7347;1481544608;2
4516;14949;1481532639;18
15352;8448;1481515516;14
16838;16320;1481516771;4
25414;7144;1481544737;14
3057;10603;1481527780;6
14802;11004;1481515767;10
7188;5025;1481528421;2
1082;27427;1481515271;2
10328;13901;1481541039;6
2807;9969;1481525150;8
6969;3005;1481512504;2
22456;9359;1481536712;12
4746;68;1481549558;18
14640;2273;1481525371;10
21308;17464;1481511047;12
1074;10679;1481523825;12
9448;9814;1481513004;6
2979;11744;1481532303;14
877;15032;1481527005;4
2276;3286;1481536666;18
9243;7474;1481533442;14
11123;23187;1481517879;8
13776;1843;1481525890;4
9955;2758;1481548718;18
27486;10701;1481521063;10
1329;11264;1481542725;6
13903;23730;1481546202;16
12328;1393;1481510105;18
27403;23877;1481524213;18
18843;4911;1481528891;12
17293;1042;1481524220;10
6363;27486;1481525215;14
4668;7628;1481515271;14
24370;6170;1481520273;2
17303;15516;1481526353;14
1062;12118;1481532293;12
27261;11891;1481543850;16
14185;27543;1481514783;2
9211;17483;1481548531;6
11130;9228;1481526818;6
19804;2355;1481529966;12
13869;14434;1481530350;12
19832;190;1481533318;6
16140;9835;1481515286;6
4015;6469;1481544954;2
18245;27451;1481541039;12
2161;5983;1481541824;8
9359;17032;1481527333;14
15020;16935;1481537705;16
7394;26145;1481522010;14
8161;7966;1481517959;4
7340;16932;1481511561;16
6337;7783;1481514781;18
2322;15484;1481549994;8
8319;11208;1481517663;6
4918;18940;1481516243;18
22495;10541;1481533103;4
1572;4189;1481526068;6
23083;26476;1481517923;8
15351;9854;1481530876;12
1408;7868;1481532094;12
7341;12318;1481550777;14
5506;10824;1481544503;8
15766;8807;1481518439;12
9802;5;1481528053;14
16931;7885;1481533357;2
3730;23544;1481544434;12
15075;8434;1481532663;16
13815;5530;1481543705;18
20131;7350;1481536291;14
19077;11133;1481535160;8
15116;3972;1481542523;10
10268;11908;1481527411;10
5639;5245;1481549477;6
20921;24657;1481528739;6
92;12048;1481516642;2
20444;19061;1481544387;16
3591;5518;1481547482;18
7892;14621;1481527696;10
27269;2740;1481514125;18
23038;22939;1481527678;14
22962;7308;1481518520;14
8049;27315;1481513736;16
4529;6790;1481529727;18
3465;27452;1481541310;6
8889;9963;1481526943;16
17430;3389;1481529218;2
1321;6999;1481544482;18
10539;4262;1481537491;2
22501;17429;1481515018;14
8278;10650;1481522621;6
8758;3572;1481519225;12
5821;17378;1481530226;16
11616;15287;1481526779;12
9777;12013;1481513058;4
14964;12212;1481527699;6
6026;6122;1481528760;6
19232;10509;1481515741;2
25012;10197;1481548572;16
8289;23010;1481549587;2
10367;193;1481539690;4
24688;8047;1481525887;4
25084;6407;1481517524;2
7841;4262;1481517929;10
20759;5267;1481522884;4
15295;27006;1481521142;8
9987;19087;1481529998;12
310;10247;1481519846;16
16189;16120;1481524796;18
7009;3745;1481533285;2
13906;14777;1481520226;4
25000;10191;1481539197;10
20936;9554;1481548844;6
19972;6489;1481543821;8
328;17384;1481531981;8
4552;12648;1481536094;18
289;11261;1481543684;2
23352;12326;1481514130;12
8825;6880;1481526874;12
27536;13296;1481540267;14
9778;11231;1481546131;4
8963;25341;1481547047;6
3737;20530;1481548274;16
14134;10779;1481529047;14
4903;23049;1481517280;4
24951;8825;1481537673;12
6531;8523;1481515213;4
4836;8094;1481542208;6
26107;20629;1481544449;10
18201;20412;1481550330;8
26474;1413;1481547537;14
12186;1263;1481536737;14
8537;21463;1481540753;16
5437;27090;1481534269;12
5717;16803;1481537240;4
107;6763;1481534203;2
8444;11805;1481512191;16
22493;5723;1481515612;10
7944;16298;1481521171;10
23318;9902;1481534439;2
9429;23496;1481510136;8
27188;8694;1481546117;4
25023;15114;1481530709;10
11120;3245;1481539106;4
3290;3695;1481528698;16
3371;20867;1481544906;16
7861;8501;1481531500;18
5884;24352;1481540744;12
10613;8422;1481538458;14
418;1966;1481540017;6
16925;11062;1481536599;18
3268;2137;1481532854;8
14562;24701;1481524839;8
4533;7629;1481528576;16
5839;10405;1481529607;2
8141;20038;1481532382;18
23754;12707;1481522437;6
17174;10282;1481547058;10
3977;24470;1481533099;12
1422;21279;1481510738;2
383;10986;1481541859;2
7907;8378;1481541607;18
11108;23032;1481515916;6
8574;9025;1481524751;4
6658;6568;1481509651;8
10252;3286;1481521804;10
4255;5642;1481515234;10
137;23063;1481509571;18
24258;13825;1481542056;16
11848;10115;1481546436;4
7620;22532;1481540285;14
13028;11146;1481550948;6
20572;17501;1481509835;16
7475;8545;1481536295;18
13862;24569;1481527982;2
17894;12328;1481540801;8
22963;8526;1481520932;8
19599;5033;1481537579;6
11221;23030;1481546401;14
7101;14568;1481511688;16
6898;2752;1481536979;16
5686;2347;1481541710;2
2836;8651;1481530984;6
24;4548;1481520250;6
27023;27101;1481549605;4
7547;12071;1481516946;12
8655;16135;1481517170;18
5779;1325;1481521676;14
2749;11017;1481525140;2
12784;14986;1481540712;2
6584;7521;1481547188;18
4672;27553;1481542319;10
24164;8728;1481532436;6
11600;7095;1481539030;2
8332;3462;1481512475;8
17033;9803;1481539740;10
5548;6449;1481511116;18
5858;1935;1481532611;12
5501;6613;1481514501;18
23034;10923;1481548551;6
20754;5119;1481516249;18
21302;27404;1481547971;18
20144;10600;1481537447;8
10229;20439;1481523037;14
9026;3421;1481532729;10
27312;11921;1481517849;8
1162;24964;1481514050;2
17392;11783;1481550198;12
6714;4754;1481526060;8
6854;15189;1481513712;12
3047;9794;1481543584;2
4502;27294;1481526984;16
1073;23155;1481535047;6
5301;6786;1481545045;18
14796;3246;1481513818;12
18338;10214;1481525298;2
2165;6428;1481547172;8
5471;8465;1481520213;2
4658;1881;1481549681;10
5944;14697;1481546245;10
15299;3584;1481515372;2
8490;25528;1481536243;2
23856;23357;1481524333;12
6563;567;1481520378;14
23317;17509;1481528638;2
22504;7587;1481549277;14
3641;16840;1481526081;16
14270;6956;1481547448;16
26084;19091;1481536936;2
8691;10016;1481532960;8
20473;3906;1481532937;6
21367;16856;1481549474;6
20287;18846;1481548612;10
16119;9886;1481522743;2
20926;22273;1481528871;12
15303;19889;1481515627;16
7037;1678;1481543984;4
40;15226;1481545264;6
1773;22940;1481513812;16
8338;8972;1481519651;12
7605;9803;1481533960;16
11621;19866;1481512466;14
8348;1148;1481531661;10
13976;14040;1481524862;18
21303;2776;1481509572;14
365;22449;1481529710;4
19857;4338;1481527493;4
21803;1354;1481537232;10
3618;3643;1481540661;8
14658;3956;1481538364;10
5702;23350;1481511591;10
17878;7614;1481535085;10
7407;2128;1481550492;16
121;19991;1481511291;18
20037;7838;1481541241;8
3281;10800;1481523844;10
21089;16915;1481510896;12
2747;14706;1481512174;16
19302;194;1481514789;14
27379;7936;1481539259;18
5265;7774;1481512228;6
6868;8934;1481537934;6
10597;26314;1481541068;16
6924;22991;1481519962;14
2288;14130;1481522737;6
15082;18936;1481543381;10
1776;6559;1481510567;18
10263;2829;1481514538;4
9024;5002;1481541978;12
6718;7489;1481531684;2
1625;9391;1481542070;18
1304;4359;1481527798;12
22931;2822;1481542991;4
8024;12368;1481531289;16
1748;6860;1481528059;12
15162;17157;1481514723;4
11377;1580;1481533707;8
2423;6793;1481547149;14
6535;14933;1481536545;2
27435;27446;1481530702;12
18952;8334;1481509859;14
17121;9405;1481526176;4
5506;10106;1481539529;18
7908;23058;1481541990;8
20944;8693;1481541345;10
269;2966;1481516371;8
12333;25047;1481541928;4
5728;1277;1481526939;14
27269;20460;1481519174;14
20735;6659;1481518355;10
11156;5121;1481534885;4
10797;7557;1481530377;6
5472;10912;1481515233;12
7816;4192;1481515838;14
26333;10528;1481520434;18
8901;15748;1481551008;10
10549;10525;1481540189;14
27485;23849;1481533922;12
27033;26307;1481528929;4
23883;119;1481550032;6
9516;21003;1481511453;4
17572;19228;1481512912;14
1961;288;1481536922;16
19284;4865;1481511700;14
18909;4624;1481527300;8
8392;9137;1481522497;6
27309;1412;1481515190;10
6817;26307;1481535613;12
25388;14273;1481542831;18
9209;22794;1481542463;12
13214;17041;1481545344;14
4733;15036;1481538593;16
10640;2166;1481535216;10
23533;8970;1481549171;18
24562;13785;1481526702;4
25375;8804;1481532592;18
3280;19851;1481541937;2
9647;7680;1481523267;10
951;24442;1481549277;6
5806;6763;1481534769;4
1633;10387;1481545284;10
10989;7513;1481509683;14
1731;18952;1481514794;6
8365;975;1481535839;10
10822;4866;1481541135;12
10316;12215;1481520061;8
15117;4012;1481539297;6
15764;1700;1481532068;10
8686;11039;1481545335;8
1119;9189;1481511311;10
7888;9822;1481537652;10
10497;1916;1481531842;8
7999;10562;1481546084;18
17581;9677;1481538304;18
6868;21407;1481543759;8
14782;19851;1481540656;2
4806;5722;1481549183;8
12215;8446;1481511654;18
6985;19822;1481521682;14
6961;4704;1481548103;8
6713;16880;1481525440;10
21302;899;1481530318;12
126;15008;1481531289;14
3736;20520;1481528511;4
3910;19040;1481521806;10
6588;11602;1481525153;6
18212;18914;1481511142;8
2334;8004;1481542671;6
27333;13856;1481548651;14
1299;16014;1481538704;18
3990;22510;1481509728;8
6806;8879;1481526979;2
7547;10289;1481550521;6
23059;14924;1481531773;8
1181;1968;1481511021;2
26161;19888;1481537384;14
8147;42;1481522356;8
10380;9805;1481521311;12
2777;6682;1481547566;18
1110;4257;1481518328;18
11988;9630;1481529435;6
7915;4811;1481542444;10
17173;25324;1481538574;8
4922;14661;1481519638;16
1303;14273;1481546342;8
5779;11771;1481526868;6
3287;8408;1481510833;10
15122;12297;1481544490;16
8117;8972;1481516566;16
8413;24423;1481520804;12
6160;23031;1481545061;4
4015;21360;1481529621;2
5473;9001;1481536115;16
2771;8519;1481517651;10
8095;1426;1481542695;14
1285;6821;1481517163;10
7793;3771;1481520754;14
21365;20548;1481550952;14
1484;6640;1481509513;12
16353;8033;1481511581;2
15786;15325;1481515886;4
18066;5708;1481539596;4
6443;16797;1481547950;2
23048;25156;1481509846;6
20295;7812;1481540306;18
16017;10886;1481549213;6
27489;8174;1481535888;16
9667;6675;1481517387;6
8401;5912;1481537454;16
3955;4023;1481520829;10
15349;6547;1481550254;6
5827;19527;1481543203;8
10851;21089;1481537671;6
15754;8280;1481521169;2
9842;13198;1481542439;16
19529;4806;1481547604;14
5872;11062;1481518220;8
5115;19310;1481526044;6
6143;7598;1481527487;8
970;15326;1481539781;16
8863;21216;1481529500;14
8968;11213;1481535869;8
7997;6355;1481550209;4
6938;20606;1481546371;8
14909;10572;1481520702;14
5645;10185;1481524046;2
7514;25513;1481534653;2
19872;1864;1481544955;18
24431;8375;1481536789;4
14648;5040;1481533133;4
7476;11783;1481536014;16
27295;20446;1481515688;18
26169;1262;1481529135;16
27277;9665;1481525197;14
15239;26139;1481512954;16
6295;11061;1481544211;8
7536;23823;1481524938;2
5277;21716;1481516453;14
4569;15371;1481514647;6
11687;2407;1481545647;10
18159;1622;1481544605;12
23158;1420;1481521314;16
9467;9285;1481533747;16
21719;6652;1481546136;10
224;3162;1481532056;2
26098;2787;1481526863;10
7962;21375;1481512000;8
4579;6578;1481533488;16
52;22274;1481533950;16
10258;2283;1481512174;8
923;7084;1481531230;14
9534;21500;1481530151;6
19871;27489;1481548108;16
289;14140;1481514715;16
27459;10380;1481513873;10
12947;10634;1481548367;6
23488;15310;1481546978;4
27535;3554;1481514622;8
13975;3986;1481527139;12
10093;302;1481526493;4
7638;19229;1481542137;2
19773;12023;1481545571;16
98;8597;1481544482;10
15431;6466;1481546811;8
560;9005;1481528219;12
4864;12152;1481535605;16
21299;11636;1481525517;12
25321;7479;1481519316;4
22508;3591;1481545953;4
19276;17360;1481522949;4
11611;15008;1481533837;14
566;19570;1481544682;14
12023;7098;1481544961;18
20091;2453;1481522659;8
6632;5814;1481512685;14
4804;337;1481524889;4
10412;18908;1481524233;8
1566;8131;1481534726;8
27182;6391;1481537532;10
6145;5330;1481548568;14
15492;9674;1481515239;10
27128;8578;1481549572;6
4687;24981;1481512879;2
26032;3333;1481519379;16
20931;23549;1481525124;8
27376;923;1481550983;18
5651;18330;1481542465;16
5248;355;1481540938;4
3425;14550;1481530796;2
2978;4591;1481545619;2
9883;20586;1481547865;14
9626;24659;1481522884;12
14907;7274;1481546913;14
8640;12762;1481550928;2
19226;10381;1481537413;16
17512;6784;1481527417;2
11723;15414;1481534328;16
23696;8142;1481525939;14
283;1205;1481540488;8
362;10376;1481535012;6
25265;11174;1481513552;16
5429;9820;1481530040;16
2337;6801;1481515611;16
1703;4413;1481532766;12
4210;21270;1481511679;4
10597;8577;1481534806;8
25487;5276;1481539573;12
14779;22585;1481528628;2
4299;27384;1481516185;6
4530;1976;1481520222;8
1211;10796;1481524368;18
27426;3066;1481519824;14
10264;8322;1481512038;10
4574;10244;1481549336;16
12279;2382;1481547078;8
12214;27143;1481512950;4
10212;3536;1481544857;18
23033;8058;1481545833;4
27048;4558;1481529453;8
17379;25192;1481548160;14
4781;15352;1481550210;2
4268;3888;1481533638;16
8353;3085;1481510349;8
6571;6763;1481523331;16
7372;14498;1481521489;4
2881;2790;1481540992;12
6815;6171;1481542223;10
6696;27166;1481519517;16
9055;12644;1481534341;12
14448;13677;1481550854;8
13677;1019;1481523727;6
2031;12697;1481550503;12
1282;10591;1481547931;2
12398;3000;1481518324;2
8524;16182;1481550425;4
16124;6222;1481517991;10
25266;26266;1481530848;4
14892;18911;1481546144;4
7609;15015;1481524032;18
71;10443;1481538196;18
26205;25186;1481522380;4
15749;18891;1481510804;2
3578;4657;1481524075;2
3508;8582;1481518579;4
6458;6684;1481545070;14
420;15097;1481545602;16
19067;987;1481536356;16
9798;9645;1481546987;8
14858;4195;1481518184;12
6014;6712;1481512167;2
11049;20082;1481511677;10
17379;20976;1481543113;4
7984;18442;1481534551;14
5887;8492;1481541197;16
16888;17405;1481511009;16
13884;6498;1481535016;4
12651;4183;1481525997;8
5943;122;1481546583;16
19539;6352;1481540854;12
5435;4011;1481521430;8
21482;27003;1481537166;4
7880;23333;1481530106;2
4673;12292;1481529999;14
24478;1668;1481516465;4
18938;3753;1481544227;18
15297;9440;1481532423;18
21758;169;1481513394;14
20015;11112;1481519967;16
18159;5120;1481528158;2
10424;15310;1481538771;16
27423;24354;1481542434;10
25380;18178;1481539157;18
22578;3287;1481524811;12
7453;9750;1481540215;2
13426;17878;1481514846;2
10004;6330;1481537920;8
5509;2611;1481549865;8
12097;242;1481512744;14
25070;15721;1481521773;16
15329;15225;1481516095;12
8359;22641;1481534966;4
6881;6577;1481535397;8
7996;1390;1481545211;4
1662;23466;1481547857;16
7535;8952;1481517452;16
1772;20887;1481542784;2
17884;1697;1481530579;12
6607;20093;1481549691;18
7397;2391;1481533437;2
21254;10913;1481546767;4
16813;8090;1481509874;14
23347;10830;1481536954;4
314;14891;1481546941;16
8023;1019;1481520468;8
21486;10180;1481522856;12
1888;26041;1481539262;12
5867;9841;1481521710;4
16129;5296;1481515277;14
20754;4351;1481511036;4
10829;6536;1481536555;8
27268;25356;1481513456;10
8895;10107;1481509574;6
4213;5869;1481514402;8
1640;8947;1481521433;14
13803;8412;1481521978;4
25514;27444;1481540758;8
8351;8887;1481516700;12
8439;14282;1481540582;6
9243;20535;1481531867;6
10686;5779;1481515229;12
6143;1149;1481512000;10
10674;7960;1481532491;8
25083;20293;1481548092;6
24743;17516;1481518153;18
14708;17038;1481531192;16
21295;2738;1481521294;4
26082;10779;1481549873;8
8109;6108;1481526603;14
19286;7809;1481521774;16
5115;1383;1481542427;16
9745;20402;1481549266;16
4503;3397;1481531842;6
16043;27520;1481524912;14
25062;16314;1481525651;4
4216;5346;1481535291;8
16142;18438;1481532760;14
20573;19321;1481538516;8
6877;4822;1481517573;12
7263;19791;1481532201;16
2761;23620;1481517881;16
150;3414;1481513236;10
4958;11232;1481531555;18
1847;5475;1481545970;2
16918;2805;1481527946;12
4844;7262;1481531956;8
8863;7302;1481512592;6
4806;344;1481549841;16
9242;242;1481524876;2
247;234;1481538427;14
9767;2149;1481527024;2
11002;5040;1481525208;6
12696;27506;1481515646;6
3697;279;1481519386;14
23009;6421;1481518265;16
27466;10283;1481511049;18
9262;6660;1481542575;2
2640;20848;1481520713;6
12627;9067;1481520708;2
10616;19915;1481525193;10
333;1629;1481538106;10
16044;2868;1481548073;2
14259;10698;1481539028;18
8165;3219;1481549617;14
24090;4903;1481551126;6
14202;63;1481515734;16
18845;8801;1481518817;10
3721;19917;1481525965;8
25174;12799;1481530198;14
75;11378;1481536186;14
9955;8596;1481521150;18
3954;15781;1481515752;18
7774;10736;1481513716;2
14710;10543;1481522363;8
12521;10668;1481529122;8
5980;10824;1481509964;10
2788;20692;1481543540;8
1445;20735;1481520082;6
17384;23738;1481542047;2
9531;17289;1481515657;4
20337;7627;1481540046;8
10655;17502;1481546863;18
10321;14643;1481545457;14
6941;1923;1481515163;16
7832;10874;1481518967;8
5805;11921;1481549984;8
26145;23648;1481523444;12
20040;10761;1481529260;6
10496;5050;1481539154;12
22938;17255;1481529238;8
17301;11246;1481524512;14
5760;19880;1481540947;4
7089;8236;1481530505;8
27099;8454;1481548060;14
244;20050;1481536321;8
11799;17351;1481527444;14
6158;188;1481525262;14
11170;20576;1481529197;10
16781;8251;1481510357;12
23337;1102;1481541999;16
8886;11041;1481547922;12
10687;5732;1481521853;18
12355;6309;1481515228;12
9960;24425;1481523954;16
23038;10681;1481523591;6
435;10531;1481528861;14
6195;11224;1481530823;6
2814;2415;1481550013;6
7298;21729;1481525096;8
18805;7523;1481538410;16
10013;20153;1481538386;10
19319;15135;1481536206;4
15303;22937;1481542209;2
24692;21365;1481526880;12
6457;12072;1481517500;8
8585;8696;1481521889;18
15189;19773;1481515833;8
1968;20036;1481527406;10
1725;8599;1481546516;6
21838;21085;1481522423;16
4746;12142;1481516937;14
14252;17892;1481537659;8
4930;17143;1481526849;14
1359;891;1481514896;10
8044;1094;1481546094;2
7877;17392;1481520121;18
19756;20962;1481510804;10
6679;10259;1481520421;8
16532;375;1481539062;2
8282;126;1481523988;14
6779;9201;1481522312;4
5642;1635;1481547466;2
7433;6867;1481539222;2
119;14802;1481517854;14
27090;5860;1481550640;14
17576;19762;1481522993;18
2953;4865;1481534961;4
25183;18952;1481548169;10
4928;11765;1481542437;16
5841;5379;1481518888;18
7435;2758;1481533356;8
1873;21310;1481548750;14
14196;14858;1481529592;16
19046;14691;1481516170;6
2032;8429;1481546949;4
6808;2324;1481532768;10
18303;8119;1481517212;14
21403;13971;1481535451;8
8379;4723;1481546665;14
12757;1993;1481541782;6
6183;8510;1481518392;4
1162;7418;1481537759;6
1107;17442;1481511723;14
14921;7356;1481521454;16
8175;24968;1481540371;4
17173;8477;1481532887;6
288;16143;1481520343;12
10329;3007;1481523121;2
12015;8755;1481530885;6
11781;7267;1481533616;6
9527;25431;1481547519;12
1095;1272;1481519794;12
10826;23158;1481544820;6
8868;6892;1481527273;2
9329;909;1481532680;2
18908;8777;1481528469;14
23518;14660;1481545780;14
27325;6610;1481517685;18
6464;6895;1481523936;8
10013;17844;1481534701;8
4266;1814;1481524815;14
24256;27;1481535795;2
19908;8181;1481548905;12
20852;24939;1481532140;4
16801;7837;1481541665;10
13871;3374;1481533011;14
1062;3289;1481519034;8
402;3996;1481517511;18
20930;987;1481510246;8
3977;25495;1481512071;2
7585;2276;1481532735;18
1000;18040;1481536102;16
11028;21480;1481538362;16
9804;1879;1481547626;12
10105;2960;1481523552;16
11704;22602;1481510063;16
11130;19252;1481534612;6
7100;3925;1481509680;2
23302;12182;1481515201;8
15346;15481;1481531494;18
3880;9167;1481548371;8
3462;8194;1481517277;12
23756;18201;1481523699;10
20366;3399;1481537367;6
1520;7806;1481519555;10
10214;7267;1481544975;4
11757;9947;1481545514;2
6572;27186;1481527206;10
6420;8928;1481514564;14
24479;9112;1481541639;12
14283;994;1481532034;6
253;6486;1481529196;16
8959;24062;1481519788;18
1090;14663;1481543493;2
23179;1645;1481537128;14
1291;12028;1481516236;6
415;8499;1481534028;2
23445;13186;1481515525;10
27181;1448;1481545708;10
3251;3258;1481527753;8
16838;22503;1481531786;14
22500;17423;1481519130;6
6105;9182;1481525660;12
4576;16007;1481547721;8
11702;8949;1481529011;4
18181;6927;1481539970;2
25062;1325;1481544711;18
8834;4204;1481530278;14
3369;20224;1481529103;18
22430;5043;1481516607;16
3986;6948;1481515844;18
24966;9666;1481545992;18
4705;1642;1481530156;2
11779;4589;1481541768;18
11842;8918;1481517586;16
16890;7886;1481531816;12
19487;9855;1481514528;16
27328;27431;1481550898;4
9056;353;1481520784;8
20083;1736;1481512810;10
16016;5871;1481517468;8
9403;25344;1481534615;6
20284;20398;1481538746;8
23041;6326;1481512351;2
12783;8825;1481550984;12
20626;20586;1481514401;16
10606;17471;1481512544;8
4765;6547;1481524277;6
8940;27491;1481543140;14
14795;14134;1481518503;8
381;4879;1481548781;6
6317;4827;1481522127;2
6370;4104;1481541856;10
17279;17007;1481546398;2
3941;10508;1481522784;10
15926;6387;1481528677;4
7771;1035;1481519189;16
2419;7517;1481521759;2
2348;6721;1481525426;2
2174;23083;1481534889;6
24281;1676;1481546670;10
9804;10004;1481533310;12
24572;7165;1481537508;16
19082;14547;1481540461;12
10267;27106;1481518248;14
20082;8013;1481529414;12
1536;9684;1481538639;10
16050;23086;1481535468;10
24700;6161;1481515832;12
5931;4560;1481533583;8
4543;8404;1481534578;10
12083;6889;1481510807;18
15239;7087;1481516989;14
8950;3023;1481529105;18
1046;16007;1481515062;2
8941;7771;1481547815;16
1910;12142;1481534402;18
15494;1198;1481538110;6
15080;23971;1481534557;8
14152;12063;1481547642;4
9061;18812;1481541420;8
23158;12090;1481511017;10
27483;7190;1481511741;2
15414;346;1481528418;18
5007;9262;1481538533;6
1273;19871;1481524520;16
15015;22576;1481516843;12
2023;14209;1481517426;10
3469;11898;1481535402;2
9512;23490;1481519454;10
17601;1013;1481511038;10
10676;10665;1481518129;14
22933;21360;1481535916;4
27422;19286;1481551046;10
14257;14488;1481514109;8
9854;210;1481530376;14
2725;23302;1481512850;6
14288;20137;1481513641;12
131;16008;1481517015;4
1897;6667;1481509879;10
6726;1648;1481535179;6
5528;27037;1481548076;16
7785;24138;1481522269;2
11149;4177;1481540493;8
8379;919;1481520508;4
9062;13197;1481531370;12
8052;20519;1481512468;2
2128;15029;1481543538;10
20145;9361;1481536249;10
6839;17278;1481528802;2
13196;9982;1481510481;4
7023;6020;1481526657;12
7362;9972;1481510326;14
19233;10289;1481542535;14
14150;27426;1481548665;2
13215;9792;1481528226;16
8387;21809;1481537045;14
11997;5388;1481546617;2
27128;24986;1481527363;6
6696;17505;1481526525;16
10726;3030;1481514940;6
26477;27318;1481510364;4
12089;21497;1481543843;4
17042;14953;1481549022;12
27453;14252;1481529666;18
22959;9540;1481526140;12
1491;23439;1481551098;8
4258;19939;1481511826;18
22992;8094;1481551035;4
3047;3288;1481512804;10
10029;4748;1481518088;8
9153;9508;1481530909;18
25177;2880;1481542854;10
18328;10466;1481525530;4
27206;17892;1481514770;12
149;7047;1481512657;2
14903;6235;1481514191;18
8282;1637;1481510919;6
8533;1779;1481535776;12
9876;1991;1481546810;12
11950;8093;1481541273;2
23625;14777;1481531980;2
18423;5973;1481533393;8
20088;5894;1481536013;8
11915;12140;1481520469;10
17444;11723;1481527434;16
10619;7336;1481525021;8
6553;8512;1481512124;16
1282;11044;1481521500;14
8408;5286;1481548336;14
14184;23889;1481529275;12
9983;2788;1481538250;4
7524;24681;1481514254;2
239;20261;1481519515;8
9845;8761;1481527836;8
13970;20239;1481521337;2
17121;7853;1481525508;2
7314;11956;1481514183;14
5492;1381;1481515243;6
11792;4943;1481550789;2
6860;19419;1481549375;4
21003;6309;1481546881;2
1491;15298;1481522737;10
20303;24161;1481544706;6
12134;22921;1481543318;6
17757;17791;1481524478;14
4038;19985;1481522266;2
1586;268;1481519561;8
11826;17424;1481539419;10
4516;10118;1481535835;16
14972;20541;1481520867;6
6580;3609;1481521630;8
24394;18069;1481543052;6
19547;21454;1481538635;6
6621;3629;1481528333;2
20125;10593;1481533116;12
19493;9870;1481543769;6
19800;16807;1481534134;18
13204;22940;1481531041;12
2817;1927;1481525371;6
25385;3922;1481520831;14
19864;8901;1481527071;6
22651;23019;1481513810;2
12575;11951;1481546498;6
8318;2354;1481548685;18
8173;9283;1481525686;12
27333;16122;1481513588;12
17285;19947;1481539308;16
27026;6670;1481520672;16
2411;1219;1481517520;2
2996;10877;1481529705;8
14289;7830;1481513253;10
19559;27039;1481518247;16
1586;26329;1481523408;18
2330;8486;1481547432;8
7980;4553;1481537331;18
5359;9802;1481547281;4
23515;17782;1481526677;18
1072;437;1481545574;6
11745;987;1481540712;12
16202;15248;1481535712;12
6703;6666;1481549050;4
17283;3991;1481524615;8
2155;17253;1481533141;14
25443;1862;1481544866;4
10244;18878;1481518759;6
8136;5862;1481517443;16
8195;963;1481544471;10
8472;16187;1481538948;12
8886;1666;1481535501;16
20950;7876;1481531603;10
13782;20464;1481535012;12
23098;10999;1481550445;4
7294;2425;1481530959;2
1312;8577;1481544166;6
8033;222;1481532551;6
16333;19061;1481526694;18
11068;8757;1481546503;18
16894;16298;1481548310;18
12065;1501;1481534171;18
9739;17030;1481532766;14
7806;12624;1481526730;4
2336;1032;1481537062;2
14496;42;1481520936;6
13781;6784;1481515485;4
25072;25441;1481538867;6
8157;27201;1481534743;16
18078;23449;1481525752;6
6782;14885;1481517801;4
3385;11244;1481511044;18
9547;4862;1481535653;12
11086;2024;1481544612;8
27165;923;1481530614;6
953;3930;1481534875;4
26111;5041;1481511204;4
3004;10824;1481523905;6
6121;25502;1481534671;6
11618;17269;1481518136;6
4272;11834;1481546628;12
22641;4240;1481510667;8
440;8228;1481536972;8
3973;3951;1481548290;16
10416;12353;1481514567;8
17517;22578;1481532576;8
4004;19801;1481524189;18
4688;12241;1481534239;16
5837;6994;1481519548;2
7995;1086;1481524511;8
12562;10273;1481529757;10
20239;15227;1481529732;18
9194;20867;1481529325;8
9802;1720;1481530813;18
14552;15483;1481513629;16
13454;4520;1481541851;2
325;4999;1481526335;10
1261;25531;1481527639;18
12237;4965;1481531452;4
6922;17335;1481511604;4
13241;971;1481516668;8
8990;1258;1481541919;6
9549;2015;1481545507;6
7879;8236;1481526575;2
1318;3968;1481514953;6
6151;1219;1481530230;18
10606;11089;1481550268;10
20539;3910;1481515249;8
13;19831;1481519671;14
5778;20151;1481542386;10
1670;3640;1481547770;4
9243;24532;1481514074;4
10604;17262;1481540964;6
39;11040;1481528283;14
2953;15009;1481543430;6
6167;10983;1481540820;8
11095;3561;1481521629;2
17361;20338;1481543279;14
3588;7242;1481513313;8
1815;12058;1481531769;16
8183;5517;1481514263;4
21736;20626;1481527374;18
5264;4044;1481526680;2
6646;9956;1481546147;16
3728;25181;1481527466;18
7453;14201;1481542839;12
12212;6526;1481546181;2
3932;254;1481548834;16
9212;6686;1481512063;8
1926;3740;1481513040;8
18052;4942;1481531030;18
18466;8753;1481544851;16
19721;23515;1481535845;12
18183;21307;1481511610;12
27333;11037;1481538856;6
7469;7316;1481533807;12
9196;9487;1481510945;14
27543;27335;1481542337;4
13346;11127;1481539049;2
12245;13620;1481512387;16
1388;19057;1481525823;8
17531;26999;1481531348;4
12103;2125;1481532702;4
18335;27198;1481537109;16
18052;1095;1481520785;6
14935;18350;1481542547;8
43;6587;1481516764;2
16799;20864;1481527029;18
2124;10274;1481536165;18
7297;6787;1481523756;14
7941;27020;1481545979;6
10093;20948;1481518697;10
4331;10371;1481544159;4
2330;23490;1481535885;14
11154;14895;1481523282;10
14514;10614;1481541949;8
19932;20093;1481524377;6
11821;1578;1481538030;16
9316;10197;1481549070;6
20645;8358;1481537556;10
26473;8835;1481532578;6
1106;27157;1481550534;14
10406;20110;1481520338;6
4296;11668;1481550465;12
11132;4687;1481543639;6
8948;14565;1481515848;10
17444;7820;1481518163;18
16093;19942;1481514582;16
9;8036;1481550459;18
19819;6031;1481534935;8
1011;8166;1481518073;12
26204;1206;1481549759;4
5035;23616;1481523597;10
9521;10528;1481537006;14
8034;27473;1481537769;18
2168;25393;1481550342;8
9916;8349;1481527495;8
10235;14706;1481536415;18
14245;260;1481548285;10
26114;27458;1481513797;12
8923;11052;1481531056;18
9967;11941;1481511811;18
3278;8348;1481512597;14
6356;13808;1481509637;12
14701;26070;1481545514;2
1685;8509;1481533621;6
13081;6382;1481540799;6
24666;9978;1481530983;18
12033;121;1481531141;10
20291;14255;1481514316;12
6641;8593;1481523976;6
24249;25158;1481534147;12
7427;8238;1481545638;4
6721;1001;1481513760;6
6542;7033;1481525244;10
23344;8973;1481531918;14
15471;10990;1481541594;4
12318;19925;1481544935;16
24064;10505;1481527047;6
27278;17464;1481537870;10
14136;24971;1481530813;16
4283;8353;1481531409;18
5953;27482;1481510785;16
7440;2425;1481516490;8
1596;7469;1481517507;8
12158;27412;1481525240;14
5724;6721;1481515519;14
1934;5716;1481533859;4
58;27493;1481536206;16
3643;8388;1481514182;10
10023;4739;1481541716;14
3588;2135;1481547631;18
1742;26333;1481525442;10
27478;9396;1481515549;6
435;20527;1481524262;2
5855;8756;1481535918;14
8486;20074;1481550838;4
17902;7274;1481526073;16
6724;24138;1481512156;4
7585;1597;1481521853;14
20922;7277;1481538469;10
1231;10203;1481540839;4
23867;20532;1481537572;10
8093;22871;1481537092;10
5384;6117;1481536784;2
6200;2752;1481522644;14
10591;10568;1481549003;4
20453;19967;1481516102;2
8452;12951;1481523680;8
27434;12067;1481547321;4
11256;7501;1481522712;16
27090;208;1481536529;2
11077;9462;1481517832;4
27031;11141;1481537752;8
4797;883;1481545621;12
16807;9063;1481520515;8
12809;11869;1481512765;18
1909;5505;1481523522;2
14242;24668;1481540190;2
12814;26476;1481532560;6
14002;7672;1481543373;8
7806;17040;1481532261;8
6968;25076;1481528385;14
19507;19199;1481547030;4
11575;9777;1481510427;12
4990;15479;1481518319;4
8050;17269;1481550991;14
11787;27379;1481526110;8
21759;4948;1481525222;12
8761;19848;1481522123;18
1188;11134;1481548724;2
8697;6659;1481521320;16
1594;7894;1481520737;8
5355;10885;1481522003;16
15127;10500;1481528112;10
21496;26114;1481519228;12
10111;7491;1481525352;16
10824;19946;1481517153;14
10606;21300;1481543357;10
6212;7008;1481543473;2
23488;7278;1481510380;6
8972;19225;1481517723;6
22625;12161;1481525463;6
1901;6732;1481519560;14
5672;7598;1481530195;14
3682;27038;1481528486;18
14580;8302;1481519758;16
1512;25167;1481531592;2
7066;1103;1481532606;2
7296;5828;1481530251;10
9061;20609;1481531860;6
24918;3368;1481537868;18
25542;9788;1481545547;8
21808;11267;1481517953;2
693;1442;1481546859;16
6244;10033;1481524588;10
10068;7364;1481526769;8
25364;23786;1481518531;6
7851;10831;1481510502;8
5962;7848;1481527491;10
9539;2398;1481533583;10
27454;12641;1481544855;6
394;16832;1481530069;6
13912;9490;1481532329;12
27177;17393;1481523893;2
15012;9968;1481537554;4
20347;10493;1481531802;2
12162;21387;1481523566;4
4484;5947;1481548443;16
12037;18399;1481509510;14
5686;1619;1481514649;14
1484;18896;1481524877;2
9220;8161;1481522262;18
1955;23328;1481522179;8
3537;4330;1481535773;6
9473;962;1481511278;10
7647;3371;1481543818;6
1688;3025;1481540946;16
20786;372;1481541644;16
20465;10317;1481520320;14
17578;9114;1481511385;12
6372;21370;1481546015;6
190;6272;1481510028;14
27412;19057;1481529598;14
17430;2980;1481532151;16
9805;202;1481544214;18
5019;12627;1481520727;18
12093;4995;1481542601;4
14238;26303;1481529359;14
1635;17284;1481516308;10
10220;5738;1481535613;16
27335;25325;1481539424;16
3491;14634;1481534910;14
10111;12087;1481539656;14
3428;5960;1481548740;12
4221;11028;1481514158;18
6508;18113;1481550813;8
6451;1727;1481544383;18
23619;6966;1481510085;6
6782;11224;1481547075;6
11948;27002;1481537316;8
5840;2845;1481545222;18
1495;18071;1481541773;4
11256;20846;1481521674;2
18879;1435;1481510533;16
7890;19305;1481533110;14
14549;3748;1481527766;6
1144;17436;1481550811;2
8982;4694;1481528040;10
18811;9209;1481516065;12
7983;19826;1481547288;8
1604;17593;1481521258;16
6926;20852;1481516905;8
9548;7246;1481541671;12
2832;4684;1481531416;10
9684;7572;1481520362;16
7359;20900;1481550855;18
18154;15306;1481522597;16
8390;9105;1481521890;6
25377;7503;1481520695;10
17568;24711;1481542473;14
5734;11743;1481547785;16
4954;8014;1481534593;8
5844;22145;1481539112;12
89;261;1481523732;12
10621;5759;1481543738;4
427;20012;1481513811;18
17377;6396;1481510831;10
20062;15212;1481548667;4
8300;3071;1481517780;14
3401;17002;1481534544;2
11841;3919;1481538309;18
8427;6142;1481530777;10
9010;92;1481531335;8
1911;6797;1481520035;2
5878;25064;1481523010;4
18299;19922;1481544125;8
12311;12582;1481525160;8
8800;18964;1481512230;14
1441;11127;1481524769;12
17362;10617;1481520760;14
7790;2349;1481513632;6
24141;1310;1481542324;12
20888;20128;1481517971;2
20769;17394;1481530838;12
237;12048;1481532999;2
21005;66;1481513897;14
21092;22460;1481521379;8
6348;19223;1481528831;12
6359;14711;1481526377;2
16852;15122;1481543316;16
1215;6576;1481535011;10
10247;13928;1481521461;12
4233;19936;1481550877;12
1556;4545;1481537800;2
22270;5419;1481530543;4
117;15304;1481527937;10
6654;1849;1481529761;6
6395;12058;1481539249;14
26302;3978;1481510181;10
15098;23049;1481520527;14
363;27103;1481530534;14
16910;6455;1481512161;8
23892;9631;1481538868;16
6700;8742;1481513015;2
5936;7036;1481535799;6
20949;21804;1481526755;6
6628;1435;1481529833;10
7463;10636;1481527465;16
26037;3788;1481526219;2
27384;9745;1481521794;16
8896;8519;1481548668;4
22135;3786;1481530771;16
27105;13188;1481545047;2
20629;11401;1481543728;12
10715;1259;1481521784;6
17879;21295;1481519610;16
24378;10197;1481538338;14
20466;25547;1481548018;16
7353;7852;1481535434;4
5804;23098;1481515441;10
16836;9623;1481517252;6
6996;27097;1481522387;4
10527;5585;1481518976;2
6273;4322;1481515883;4
6360;6379;1481538407;6
10420;6973;1481532507;16
9763;7073;1481547498;6
7440;12164;1481513546;2
1178;16678;1481540807;8
5723;10081;1481523775;8
16843;7053;1481537489;2
5841;10318;1481531949;12
8574;14980;1481543391;18
1395;26105;1481516500;14
25442;3613;1481549327;16
17331;989;1481527141;16
12764;3852;1481528191;16
12021;1977;1481537851;18
11811;1110;1481548065;2
308;6961;1481510680;4
8569;9773;1481529451;18
10203;6238;1481512180;16
9150;12366;1481516017;8
20239;15371;1481542525;8
6231;9190;1481530226;6
7368;11902;1481544917;18
22483;1408;1481519459;6
16045;8399;1481536945;16
2426;17442;1481521033;14
15339;18216;1481549540;2
4013;1920;1481541748;8
10420;3948;1481549258;8
10230;423;1481536421;6
19053;1494;1481528624;4
23490;11780;1481526304;12
15517;15077;1481535890;10
27175;3713;1481513595;2
11397;997;1481532416;10
27102;1456;1481537467;14
8988;25180;1481519280;14
2157;3572;1481511554;18
959;23114;1481550225;4
15463;19471;1481529152;18
9962;25188;1481544757;4
1226;12247;1481520841;8
19093;5375;1481536884;12
27172;6348;1481516281;14
1912;26329;1481540868;4
20326;1764;1481532358;8
235;25328;1481525238;16
8157;5010;1481514406;16
1448;11124;1481520955;10
4597;2170;1481540310;16
13977;5891;1481537061;16
6892;10121;1481530607;2
8464;3559;1481548587;10
21321;7850;1481529181;14
11719;8386;1481511401;16
3586;16125;1481524636;6
7695;10446;1481548930;16
79;10533;1481524456;18
1149;9167;1481521723;6
7390;1033;1481518609;4
1863;9808;1481527415;14
8398;18114;1481514015;2
23815;5698;1481521041;12
10512;7836;1481543738;8
8902;3393;1481549525;6
1636;27552;1481513184;18
16198;9680;1481529799;8
8354;23833;1481517058;10
22939;5019;1481514237;16
9808;20868;1481536031;8
7372;17460;1481529052;12
7186;24416;1481543283;6
3616;19812;1481533230;14
12102;14658;1481521230;10
3771;22647;1481543468;18
16198;15492;1481546711;4
8688;15350;1481536562;16
7632;25518;1481514234;10
6159;19531;1481509847;8
22132;23728;1481548199;12
22680;14439;1481538397;6
9311;20932;1481539301;6
27490;21454;1481537930;6
5634;1839;1481519479;14
6589;7595;1481521796;18
16314;4179;1481520951;8
21268;9986;1481521699;10
7138;27033;1481527294;6
7614;17296;1481519896;2
2428;18845;1481525044;8
9638;20969;1481514161;4
8172;6580;1481521331;12
13870;27408;1481546977;4
27090;7925;1481533889;14
4822;26150;1481547430;2
6352;3461;1481521256;18
3757;27269;1481516271;10
18862;21480;1481531673;8
5099;148;1481518496;8
15031;348;1481545729;6
15999;6984;1481549123;8
2827;6330;1481534049;6
27469;5437;1481522840;6
1339;1395;1481541106;14
9668;20459;1481532017;10
1409;7460;1481541558;18
8827;10890;1481543533;12
5083;2037;1481537522;16
27142;4761;1481550050;12
14624;20471;1481525748;14
19575;17575;1481544686;12
1763;9628;1481542520;4
1185;8755;1481549960;4
2125;18423;1481550050;8
8591;24782;1481510973;4
11953;5333;1481529241;16
9837;8961;1481513458;16
4689;6176;1481526225;12
11407;8834;1481533445;4
22472;11785;1481519586;16
11258;25058;1481515658;14
8922;24356;1481537377;8
7402;21074;1481548156;8
9556;3116;1481518129;8
14985;9421;1481545854;10
12212;13817;1481543774;16
18884;170;1481544720;4
4185;9133;1481525170;8
18881;1413;1481534537;16
17457;66;1481541475;14
25284;198;1481524945;14
10037;8683;1481518961;4
2384;5823;1481515428;10
1124;10810;1481513348;16
8467;5387;1481516605;12
27443;10813;1481525967;8
6853;18151;1481528532;8
391;264;1481542904;16
8303;12220;1481518729;4
1316;8785;1481527566;10
1079;14547;1481527692;6
2345;1376;1481540486;4
12744;10080;1481529626;12
9437;21465;1481548390;6
13872;8644;1481526985;14
27389;8584;1481518511;12
10772;10909;1481545681;8
12097;20963;1481515372;8
8508;26085;1481512752;12
3626;17308;1481509774;2
15932;11146;1481529286;6
19834;1405;1481546434;6
8516;9482;1481540828;2
14802;7623;1481529480;18
11090;8957;1481533042;8
21499;6702;1481533397;4
24680;18199;1481521803;6
11766;11805;1481511437;12
8304;6592;1481537099;10
11221;23004;1481535457;2
21747;20787;1481545839;4
8697;1375;1481528261;4
1488;184;1481512810;18
6671;8022;1481530623;10
4041;10282;1481544677;14
4954;6344;1481536647;12
17029;9645;1481515708;18
23366;7630;1481515200;10
3625;7762;1481542695;14
27103;1130;1481529622;16
4837;3986;1481537381;16
3586;26038;1481530002;8
20295;1406;1481532631;2
9903;10501;1481510604;6
6539;9004;1481538806;2
6960;12334;1481545855;18
8884;17417;1481544582;8
17352;10100;1481531641;18
12145;4945;1481518611;12
6794;10715;1481543282;16
14956;5091;1481517286;8
1842;3260;1481546027;16
8478;21077;1481544294;6
4571;23030;1481530883;12
7591;9882;1481539931;18
9890;24457;1481526884;6
6431;5695;1481533213;2
16848;1801;1481511251;16
7536;8369;1481531662;16
12699;10996;1481509905;10
21076;6862;1481534980;8
21799;18835;1481520133;2
9630;1927;1481547193;6
19915;5985;1481545370;4
26474;7277;1481515810;10
10489;1954;1481526717;10
25368;23120;1481527196;6
14143;6874;1481542704;14
7011;6865;1481538340;6
83;4593;1481543627;2
3085;25442;1481518632;14
27232;23328;1481512250;12
6606;27555;1481544154;4
1376;22446;1481547510;14
13974;21462;1481549066;16
4191;24675;1481537754;10
2119;568;1481540688;14
10698;15105;1481513345;16
16848;9567;1481525239;4
44;6380;1481531931;4
25447;15304;1481541767;16
5908;9741;1481510792;12
7160;23101;1481548625;6
20946;11251;1481543551;14
3121;19941;1481536524;4
24724;9761;1481511709;18
11402;19232;1481513981;12
1736;6970;1481513467;2
9279;344;1481533126;4
10562;14913;1481510918;16
5499;1584;1481521462;8
1504;20908;1481515700;8
3683;10412;1481535664;16
6567;23319;1481540048;16
11613;15309;1481526838;6
23262;4021;1481539331;8
9486;4759;1481512051;18
27178;8909;1481541483;6
23305;15478;1481518428;2
10609;1532;1481535811;6
11023;6852;1481533943;18
11761;20853;1481517790;6
4723;158;1481542393;12
12699;9133;1481537509;18
6127;10107;1481526593;4
3466;26303;1481543191;8
10226;20461;1481520050;8
9883;15104;1481526354;16
10489;9842;1481514496;2
7536;18940;1481532524;12
10274;6358;1481536483;2
10924;6533;1481548476;10
9407;10986;1481538013;18
20318;10362;1481531484;8
285;3330;1481529466;14
14168;16558;1481515803;18
5598;192;1481529566;4
9455;11668;1481545935;2
5048;15486;1481532982;16
19066;19752;1481515877;6
3283;10229;1481545976;10
7367;3116;1481510903;8
24685;324;1481524710;10
10574;1252;1481545886;14
6484;3448;1481523653;2
128;284;1481525215;10
6916;6012;1481512634;14
1019;8775;1481538166;14
6367;11066;1481522138;4
13976;6274;1481510037;10
27277;8513;1481549891;14
2737;3746;1481517345;6
15075;4508;1481514577;18
23049;5696;1481537997;12
19991;8866;1481532108;6
166;12370;1481540101;12
6562;261;1481542318;2
1253;4306;1481523201;6
27087;14247;1481510211;12
20685;19494;1481525063;4
8940;5902;1481529368;12
9158;26312;1481515831;10
8168;192;1481540612;12
27343;8347;1481547184;8
6615;21316;1481545700;18
12216;21080;1481523376;4
19222;9210;1481536452;14
26470;18314;1481516583;8
2121;6400;1481510250;14
15189;14262;1481514562;6
7972;1862;1481529345;8
19028;23338;1481541308;14
6456;7081;1481541941;12
23142;2522;1481513660;12
26152;22259;1481518224;6
17250;9447;1481524043;14
13079;27095;1481518511;16
24710;3120;1481540310;6
9187;23000;1481520370;6
17160;1422;1481512179;8
27555;19220;1481522278;12
8749;23893;1481543983;12
19225;7890;1481546063;18
14887;5914;1481537237;4
2376;4048;1481535618;16
4509;968;1481541107;10
22603;1577;1481521178;8
23034;5880;1481526217;18
10208;25055;1481539983;14
1209;10403;1481513853;14
23299;24660;1481545655;6
255;9802;1481529820;6
5743;187;1481516930;6
17168;14908;1481538026;2
4205;2325;1481528701;12
2380;7566;1481522144;6
16143;6121;1481520672;6
6331;11814;1481530167;18
6144;16006;1481515604;10
5724;7266;1481512031;16
18346;8514;1481550539;14
19070;3405;1481520821;2
19958;27039;1481539965;14
9429;12092;1481541532;16
8542;2824;1481529041;10
15777;8001;1481517672;2
13724;16929;1481525244;10
14289;10410;1481545666;8
11373;7457;1481516696;12
6189;897;1481525454;8
6312;23623;1481536246;18
883;17026;1481521751;2
3069;21465;1481542082;14
1163;14651;1481527557;2
14811;1289;1481517389;4
18192;5813;1481549283;14
15370;17533;1481530990;4
1789;4557;1481532820;10
4579;8534;1481510100;10
2947;5037;1481513870;16
20401;104;1481525999;4
17330;10255;1481524568;18
18068;19419;1481542609;14
9865;6868;1481539446;8
14584;11376;1481522625;4
7886;1120;1481527970;14
8434;20923;1481533772;6
160;24986;1481544064;2
2606;6587;1481544977;10
562;9626;1481545905;2
18178;18424;1481524133;16
1848;11112;1481517028;12
5957;14488;1481511155;16
6168;2754;1481519830;6
15354;18051;1481523391;16
1271;6973;1481530737;4
13677;18077;1481532016;10
17575;10412;1481545598;4
17401;27096;1481547613;18
8536;9434;1481518724;8
15105;1696;1481541399;4
8480;24392;1481523337;12
5475;6524;1481533677;8
10726;18328;1481520593;8
3741;8987;1481546132;14
1284;23755;1481524693;4
26184;7099;1481513369;16
14135;8690;1481545947;16
310;15117;1481528286;2
8058;10634;1481535719;14
4985;4943;1481550172;6
22794;26301;1481544163;2
24258;10327;1481537226;14
7313;6151;1481510857;4
6800;8352;1481548166;10
4014;1606;1481526439;10
17498;9240;1481510301;2
8350;11705;1481550527;2
8779;6152;1481525436;2
1742;5843;1481522408;8
10717;933;1481528392;6
2425;20110;1481546656;2
6152;3707;1481525462;8
1104;6780;1481536084;10
13822;8886;1481538223;8
6703;27375;1481546443;14
25390;3013;1481514014;14
10388;11501;1481513524;4
5469;3543;1481533042;18
10641;13241;1481516615;8
6418;1086;1481547042;16
27535;18511;1481545259;18
18960;24255;1481543932;4
13200;10713;1481515723;4
23832;25535;1481524678;12
2982;2144;1481548827;14
2785;21398;1481528925;12
11268;17457;1481529595;2
3133;11083;1481545590;14
2750;15078;1481514637;12
6823;3566;1481549639;16
2825;6481;1481548889;10
8566;8474;1481539065;16
6370;12759;1481536219;14
566;1335;1481529397;14
27487;8416;1481539022;12
13137;10362;1481528802;18
8582;219;1481531236;8
15989;26035;1481530675;14
2997;18157;1481533823;14
6351;22530;1481523473;18
6172;9262;1481540860;2
14806;1210;1481551086;4
17572;27310;1481545149;4
10067;23507;1481537433;12
1608;2411;1481538653;10
25431;18332;1481548094;14
11416;12157;1481540540;8
17282;4956;1481543856;14
9409;5262;1481512287;16
2122;11373;1481536694;8
16934;10530;1481512082;18
1412;27443;1481541508;6
1029;27469;1481522330;12
71;10094;1481526179;18
5037;18837;1481535670;8
7491;13114;1481519410;4
1991;10360;1481530962;14
22464;8337;1481530096;10
7469;12353;1481550017;8
27375;15463;1481523590;10
9461;20524;1481532085;4
3162;23891;1481539140;16
14896;8477;1481519386;10
1569;13813;1481523665;16
19508;915;1481527593;12
1687;7937;1481533856;4
7618;9477;1481525388;2
1889;25051;1481542372;6
10266;9161;1481517710;10
15310;9536;1481546340;4
10011;1789;1481534577;10
8564;9253;1481550399;12
1278;903;1481535822;16
8989;9749;1481512292;16
6694;7860;1481533126;8
25547;9874;1481513454;6
4875;16368;1481532594;12
14918;15732;1481517492;18
5968;10419;1481511122;4
14258;11152;1481516662;18
17035;13199;1481534193;2
11216;7043;1481551022;14
290;17335;1481535997;14
1188;6487;1481513506;14
18835;406;1481544676;16
5430;20530;1481523734;6
6689;11055;1481519403;6
13618;21716;1481521217;10
3566;10569;1481511549;6
18049;10748;1481531508;2
1048;5944;1481539501;14
15703;4866;1481518952;10
25364;6327;1481531830;8
27161;25025;1481535272;18
228;1925;1481530237;14
1226;13977;1481551059;4
4856;3903;1481527643;6
8136;7833;1481516027;2
4557;26187;1481544226;4
15754;25492;1481543789;16
4278;20148;1481536376;2
4502;10379;1481518162;12
1982;12284;1481550764;18
11088;13875;1481529777;14
12813;6977;1481524040;10
27493;3996;1481516673;6
16848;4029;1481525750;18
15522;5779;1481513446;10
21379;5983;1481550800;4
10486;10356;1481522046;18
1192;25320;1481533511;16
8889;19595;1481509535;2
16117;16905;1481516950;18
12013;3613;1481549296;4
16033;26074;1481517600;8
7864;9967;1481511585;6
23352;8584;1481518278;8
9832;20908;1481520880;6
3067;22450;1481534554;14
13887;13777;1481549014;18
6135;5870;1481516102;2
7525;1376;1481521394;10
9734;1734;1481549253;8
23622;9488;1481525728;8
3161;3022;1481516087;16
24141;25414;1481513438;6
96;13286;1481517333;16
9891;1727;1481529011;6
4348;9677;1481521886;12
27204;14936;1481542847;6
24738;18465;1481544038;8
8803;18114;1481516141;16
25537;14901;1481512530;2
1187;20126;1481532627;4
8740;20372;1481542803;18
12412;10247;1481529630;12
4251;18815;1481540654;8
1370;10982;1481542180;10
3717;22967;1481525405;18
8355;5938;1481547803;8
1377;7955;1481548285;4
10118;7536;1481544047;10
5506;7327;1481539267;12
2750;3648;1481523492;16
2841;11603;1481523487;16
568;10291;1481510137;12
2382;7495;1481516301;16
24675;215;1481517396;8
6019;1968;1481512945;6
7389;18893;1481516462;2
3277;11696;1481516649;12
19964;5762;1481518238;8
9239;9026;1481534059;2
8390;1645;1481519472;12
6714;4776;1481514581;2
5119;27161;1481544226;6
2015;3725;1481530968;6
14823;1207;1481531338;4
22955;364;1481545845;10
11985;7683;1481525357;4
7043;6479;1481544373;12
16053;9671;1481521163;4
4606;26469;1481537065;2
6191;8492;1481521193;10
6262;17515;1481523877;16
8635;9262;1481510020;16
13078;6496;1481544106;14
8248;1051;1481534556;14
8590;9287;1481511540;8
4600;25191;1481547612;16
24562;376;1481532517;8
325;16099;1481527260;6
4353;3707;1481547263;4
5001;4864;1481520040;14
5280;9631;1481511188;8
7242;4990;1481526502;4
20987;20099;1481536064;8
8799;5294;1481547087;8
6358;4866;1481523736;2
19763;1113;1481537228;16
24376;1421;1481523002;14
2880;3263;1481545563;14
9998;14950;1481512918;6
20092;9310;1481511982;16
5353;15308;1481525630;18
7357;356;1481544598;16
20093;12055;1481519104;6
8565;7313;1481543992;2
5992;12582;1481519852;6
8643;7955;1481548468;2
1607;1230;1481517270;10
24087;14564;1481539362;6
14547;27327;1481542615;18
6530;1273;1481546696;14
16142;8588;1481537980;16
3123;23515;1481509723;16
15519;9743;1481549780;12
17002;23831;1481536444;16
1622;14241;1481538246;4
1174;10206;1481536609;18
80;12012;1481543775;16
6390;4682;1481521341;2
11908;6415;1481523712;18
13859;19869;1481523511;6
14885;9960;1481543145;6
4751;1201;1481550865;8
14873;1678;1481532451;4
10640;13817;1481526767;6
6682;14801;1481514723;18
8590;8151;1481530659;4
10623;8375;1481512939;14
9755;8837;1481510459;14
15521;23140;1481533814;2
1219;20976;1481513297;10
1360;16807;1481530531;16
8144;10496;1481538197;8
21403;14708;1481534042;2
6401;8421;1481545378;12
23187;18151;1481549610;10
15085;21214;1481518888;2
4510;15105;1481550172;14
9055;6566;1481511931;8
27295;11897;1481524970;12
14811;9294;1481521192;6
10310;17506;1481526511;18
3288;8150;1481526065;6
15229;12041;1481520902;2
5529;12153;1481525667;12
27410;2835;1481533816;18
22932;3778;1481544847;16
7958;5332;1481546677;8
17845;10795;1481530087;14
20119;19092;1481519164;8
4590;21403;1481525269;2
21085;10921;1481533480;10
8489;15084;1481536460;16
12868;6004;1481534122;2
3975;9533;1481510364;10
10735;2987;1481544600;18
15488;6404;1481515776;16
24681;9205;1481530761;12
13874;17240;1481547538;6
9656;10045;1481529252;16
18200;3619;1481522869;6
22452;22962;1481549856;14
324;3981;1481522895;2
19826;3069;1481544683;8
1058;7713;1481547556;16
10214;20336;1481535904;6
5096;14710;1481528186;16
18069;27431;1481518616;2
14798;352;1481536257;2
18914;13461;1481520337;6
1494;4859;1481514966;14
10250;16132;1481544546;16
11210;21094;1481538392;8
4558;4007;1481533245;18
10243;20419;1481550508;8
5248;4032;1481531780;4
9513;8750;1481546498;6
8421;12328;1481544584;6
3949;23046;1481542845;14
22927;6462;1481520698;12
19944;15016;1481546501;8
3906;26157;1481516537;14
21807;11788;1481524023;10
1558;13211;1481512867;16
27200;14918;1481532513;18
4258;12318;1481540847;14
183;22606;1481529477;6
23443;19826;1481520642;6
20679;9768;1481547947;10
4904;5259;1481535651;16
27095;7049;1481519704;6
6283;5037;1481549087;14
11395;12818;1481545779;12
6430;20036;1481520053;10
10990;172;1481546987;14
6231;15470;1481544285;12
10706;8472;1481539776;12
12046;52;1481522596;16
6594;19598;1481545669;10
22508;7582;1481521700;6
6385;6118;1481522611;2
2351;4284;1481511046;8
4738;12787;1481543302;10
4324;10538;1481518389;10
1573;3283;1481532403;18
1061;5472;1481550702;4
16531;2146;1481523468;10
279;6952;1481520356;8
7913;10802;1481524547;6
9205;21803;1481528475;14
3458;25246;1481530509;4
25388;27118;1481544591;16
9196;8532;1481512588;2
15732;14711;1481520094;12
8933;8462;1481549148;2
10802;9467;1481510771;6
20786;5283;1481518952;18
5881;12019;1481529922;4
14136;6456;1481526465;18
10821;1591;1481548370;4
20049;18088;1481530358;12
8364;7847;1481539568;10
4363;7073;1481544624;8
18472;23644;1481535392;12
14139;14261;1481520820;4
17252;1569;1481519757;12
20575;27542;1481539249;16
12016;10612;1481542036;18
20773;9479;1481539698;12
23450;2978;1481515170;10
20785;11807;1481513189;16
8743;4035;1481547408;16
5372;19510;1481517585;2
14875;342;1481514754;6
17150;14515;1481543461;18
1589;26304;1481520216;6
9480;364;1481525128;2
10407;22495;1481535837;6
27401;9469;1481537353;14
2030;997;1481528600;18
22;7104;1481527739;16
23535;1875;1481511342;8
10517;1147;1481528379;10
4812;11157;1481513917;14
321;23118;1481517205;16
12212;8468;1481519346;18
11795;25263;1481519644;18
20899;22624;1481511932;6
19850;1167;1481519387;6
14587;8970;1481514524;18
10509;21314;1481522276;12
10010;9519;1481529134;4
27009;13876;1481526716;4
6022;11620;1481549930;8
3968;23447;1481511965;10
57;2160;1481540874;16
20927;6924;1481533919;16
3379;6185;1481537234;6
11730;6617;1481517496;18
11831;3704;1481523436;10
15739;988;1481524281;12
25058;7830;1481534715;8
7330;9422;1481536164;8
3249;27551;1481539770;6
12414;6170;1481547965;2
19217;3915;1481535296;16
3686;14794;1481544830;6
27096;11759;1481519650;10
21445;12069;1481529137;18
1278;25366;1481514279;12
13790;11801;1481545901;12
2452;3268;1481527054;14
3947;20862;1481538474;18
26480;10496;1481544236;14
9980;5034;1481547140;10
17042;7777;1481520837;14
2752;4223;1481548086;8
7021;10812;1481546710;2
27019;14778;1481522233;18
10653;17406;1481535012;14
9421;8929;1481545768;16
25392;22937;1481530485;10
2383;7792;1481513466;2
3594;1019;1481550105;2
15249;560;1481534215;16
4843;10183;1481527725;14
13971;2161;1481526569;18
18079;10649;1481541151;18
7778;18903;1481549797;10
11133;9661;1481531164;14
262;26110;1481543649;8
12326;3618;1481532781;14
4187;11991;1481545207;16
19941;5592;1481536718;2
23805;10996;1481547399;16
211;27393;1481528928;6
18082;3413;1481533411;12
15475;1864;1481537697;6
25346;6539;1481509732;14
1000;5673;1481546581;10
6795;6466;1481523456;10
402;10539;1481518393;12
14715;3077;1481526743;2
24952;6031;1481513832;12
21232;16120;1481517977;14
5;9333;1481548397;4
12775;9879;1481523623;14
9891;14583;1481510564;10
2287;1115;1481510556;6
1006;5677;1481514782;8
9318;12648;1481539402;16
11758;10890;1481550155;16
12185;25232;1481548189;14
5803;20846;1481546969;2
26262;9566;1481522138;10
8533;16997;1481522332;16
19022;3020;1481546418;12
9518;8554;1481550132;12
7851;10604;1481535203;8
2335;20135;1481528932;18
8645;24259;1481513247;18
3911;1160;1481540938;8
23165;8818;1481538348;18
20244;22645;1481548113;12
5880;12374;1481543548;10
16298;17233;1481529354;6
11217;15137;1481521923;14
4220;14821;1481523983;10
8947;4893;1481532814;8
6015;8398;1481546019;18
27552;11683;1481535354;18
16351;1058;1481542318;14
18247;13011;1481530574;6
24987;6015;1481527643;6
2017;27419;1481548363;8
6719;2800;1481540364;10
11031;9369;1481526284;6
23084;3463;1481546294;8
5118;25390;1481510061;4
20243;16873;1481550102;14
3407;9737;1481538521;2
6614;10417;1481527627;6
16179;1137;1481523130;8
7281;19827;1481548899;12
12518;4282;1481533090;18
18862;17886;1481526712;16
3395;17885;1481518453;12
27033;8865;1481521793;16
11607;6871;1481542849;18
2015;6520;1481523077;2
12943;6113;1481526444;16
6962;27395;1481512032;2
26313;7290;1481510193;2
20694;11009;1481515960;6
1768;13203;1481512670;10
26107;11102;1481537308;18
11566;5890;1481545329;4
6519;1128;1481541179;6
14576;1557;1481547585;4
8127;9165;1481545479;16
8911;8761;1481544181;2
9346;8833;1481526003;6
24569;3012;1481523871;6
25495;8975;1481511626;4
12784;23117;1481521456;2
6114;2385;1481534618;14
4285;10767;1481509529;10
11059;5736;1481531499;8
6724;6640;1481532836;4
4876;1375;1481543305;14
15476;9009;1481519074;6
25425;83;1481528427;12
4569;1865;1481510169;16
363;4595;1481531624;6
12185;17302;1481535295;10
19966;7145;1481531176;8
10360;16874;1481527530;6
10982;1965;1481542788;12
18196;8468;1481522533;18
13261;21446;1481545242;16
17160;14812;1481509987;4
14253;23754;1481539188;6
18185;7283;1481545039;12
19067;10163;1481543035;4
16180;6888;1481540719;18
19055;27171;1481522062;16
4686;23173;1481526194;6
18165;3910;1481535076;2
3373;9300;1481545403;14
15021;20129;1481515608;8
11119;18179;1481511049;12
15253;19989;1481522666;4
17404;248;1481549621;4
3026;6387;1481539098;10
6918;18082;1481517535;18
599;12220;1481534889;18
14244;26471;1481544639;6
9821;24935;1481511460;18
18178;8120;1481517406;2
16927;21270;1481532192;14
19420;16204;1481519932;14
14818;20913;1481536264;6
19957;19756;1481541870;4
7556;26211;1481529217;6
5423;5399;1481525438;16
20147;25373;1481527779;10
17390;4589;1481538599;8
18839;1315;1481520084;8
9979;14185;1481536467;14
18444;15744;1481513821;18
7360;2962;1481531586;12
8847;7479;1481527924;18
20472;9840;1481531548;16
18936;12181;1481525351;12
8534;19307;1481543343;14
9184;6216;1481511740;14
7298;19955;1481533724;6
21232;25356;1481546145;14
8668;8945;1481529441;16
4873;9862;1481540572;14
20325;7273;1481543577;6
1397;7634;1481510583;18
4996;25522;1481513041;6
17514;15247;1481533046;12
3649;24928;1481533790;2
8881;311;1481525313;8
2020;12707;1481539513;6
68;21719;1481544638;12
7830;14986;1481512733;16
7489;11251;1481527655;6
15735;14662;1481530457;18
2012;7058;1481516823;16
10807;6223;1481521173;12
12372;8556;1481539733;2
13221;14001;1481533839;14
15012;3088;1481540712;12
7800;12425;1481540194;6
5775;7496;1481540192;16
22496;8376;1481528063;12
27459;10835;1481512973;4
3600;8690;1481518341;8
4352;1101;1481544602;2
11728;13209;1481509910;14
10530;12022;1481522037;18
19832;4181;1481513787;10
9433;5353;1481540648;6
7554;189;1481518686;8
3116;18193;1481548475;6
1025;15235;1481516076;18
9164;5515;1481522547;8
27289;9538;1481549578;14
8141;1156;1481513297;8
25266;2607;1481531123;14
6595;14192;1481542663;18
24132;14186;1481547241;8
25381;17045;1481519405;18
114;19585;1481519441;2
1043;7420;1481527216;10
369;19277;1481541617;10
9485;9306;1481519621;6
20356;16816;1481527001;18
2364;6960;1481520532;18
2988;15075;1481514772;6
5900;1264;1481549342;6
2152;9442;1481543209;16
1721;20089;1481517392;12
25062;7280;1481525705;14
18192;4750;1481519479;10
400;20985;1481534225;16
20989;25360;1481537018;18
20522;8755;1481517974;14
27020;4363;1481524116;4
19235;24413;1481527875;14
8165;21232;1481541521;2
10045;17303;1481528709;4
10522;3539;1481532447;10
10530;3461;1481513571;16
249;7874;1481542746;10
20944;2424;1481530149;12
9274;2126;1481530261;10
9415;6797;1481521782;12
11253;19625;1481515540;18
10782;12227;1481542360;16
3972;27541;1481525243;10
8026;11947;1481514154;18
4731;6993;1481535059;4
6642;9240;1481527885;16
13899;25049;1481522996;16
25194;20243;1481511669;12
2807;11618;1481534269;8
3591;1599;1481536948;18
16185;25182;1481525928;2
10046;25514;1481531234;6
7870;7287;1481517646;18
8141;24649;1481545494;12
4575;8939;1481516306;12
15317;9570;1481524208;6
23037;6384;1481542506;14
8411;4009;1481521977;16
10021;16200;1481523792;6
17156;7358;1481522174;8
4578;19274;1481517902;10
26205;23346;1481514400;12
165;4903;1481523753;10
7077;14256;1481529057;4
15351;6770;1481539814;16
9785;14795;1481549156;18
5353;1079;1481512628;2
29;1861;1481544030;18
6979;5961;1481527374;10
23014;258;1481547479;4
1960;4756;1481525610;6
17425;21;1481545464;10
3727;9487;1481542182;6
9212;19476;1481523092;8
20427;7632;1481545632;6
6700;20135;1481521586;14
27137;12098;1481546845;6
5996;4241;1481540795;8
9815;18111;1481539157;4
14237;3792;1481516654;6
7915;4766;1481511782;6
20522;5922;1481549819;12
5972;6522;1481516509;6
19867;17334;1481542132;12
14951;11178;1481550259;14
6015;20704;1481520537;2
26082;153;1481535331;12
12866;4176;1481531289;12
9903;25187;1481537560;6
20973;3422;1481549584;2
5732;5521;1481516303;16
3469;6598;1481532591;14
11404;13978;1481516629;2
10833;11130;1481550658;12
17843;8547;1481522104;2
11704;7101;1481538643;16
17423;6124;1481516117;14
3271;7332;1481545277;16
9799;21488;1481542140;4
4541;7902;1481529081;14
22483;18812;1481528366;14
1289;14614;1481528173;2
10188;5805;1481518003;18
11170;20994;1481543659;16
15081;5474;1481550433;4
7883;10291;1481538330;10
9684;15992;1481543446;8
15431;12771;1481532093;14
4706;6679;1481531802;10
6763;17274;1481521558;10
425;11685;1481526957;18
5831;7249;1481530528;2
22143;11136;1481514127;14
10659;19823;1481551024;10
15295;4867;1481543589;2
10540;104;1481531855;6
375;11390;1481533480;18
23791;24926;1481532212;16
27232;11850;1481519132;4
21803;20404;1481544521;18
14796;26049;1481509936;2
7560;10310;1481532350;2
4559;9875;1481512281;6
8141;17870;1481544932;16
4350;11692;1481510072;4
138;15962;1481515433;12
4546;7271;1481518391;6
8274;11086;1481532986;12
3400;1146;1481527728;6
9987;22310;1481540952;4
4212;7552;1481538569;8
23861;8401;1481538050;2
26103;6874;1481516062;12
25166;1120;1481534932;18
10229;20088;1481538505;8
24971;8750;1481540166;12
18848;12647;1481534041;8
9831;20062;1481523176;14
10189;14822;1481543932;14
1084;8728;1481527098;6
1842;20155;1481516962;14
2839;4882;1481525033;18
229;16016;1481528788;6
6566;19200;1481514659;8
8995;26263;1481510228;18
9113;24182;1481525274;4
271;3974;1481531889;2
10638;5700;1481547248;12
17350;16840;1481519733;4
10191;9686;1481510109;14
9167;14130;1481538900;8
8309;20310;1481536500;18
1086;4985;1481510118;6
8282;19490;1481522317;18
10648;8832;1481550042;18
7781;9453;1481530542;2
16198;25321;1481522289;4
14568;3324;1481517340;16
10235;9876;1481531735;18
21321;34;1481528324;14
5807;12413;1481531308;12
3075;6865;1481528866;10
6727;17333;1481536707;18
1904;12230;1481529760;6
7847;441;1481532319;18
1902;22984;1481540111;14
27490;19218;1481540276;4
23123;1638;1481531171;18
9166;21234;1481541236;2
23653;7390;1481517556;16
12420;9783;1481539037;8
13785;3325;1481523026;16
4056;617;1481551074;12
5881;7811;1481515806;4
18183;11043;1481515029;2
17042;14184;1481533014;4
23653;7491;1481535796;14
27263;9947;1481538401;18
5923;2997;1481532445;12
9630;12185;1481511290;12
24928;8691;1481528133;18
18165;5285;1481514711;16
27520;7379;1481509865;18
4687;7495;1481529287;2
27486;7355;1481536924;18
9500;1569;1481522556;18
27296;7427;1481541396;10
25188;4003;1481531138;14
22933;19908;1481544388;16
2844;24376;1481529028;8
12297;4628;1481522398;16
6290;6575;1481545349;4
15484;27031;1481510091;6
19878;7621;1481519690;18
1890;21317;1481535115;12
5922;14701;1481511177;12
25391;9058;1481536252;4
11061;24356;1481541747;16
10271;5521;1481542873;6
20418;239;1481536413;10
24955;15374;1481512569;8
76;27309;1481516326;16
2610;5729;1481540859;2
1221;7562;1481514955;6
10362;17211;1481511065;6
9989;6786;1481524085;16
1779;12031;1481530924;2
23535;6488;1481537608;18
6793;10927;1481521235;14
11598;27166;1481529628;2
2321;3786;1481529771;4
17361;11016;1481541951;10
18213;15075;1481515023;16
6385;14192;1481532913;14
15109;191;1481521044;18
25043;17267;1481522381;10
20325;3248;1481535160;16
1862;6207;1481516896;4
22983;4863;1481511022;16
3678;17486;1481545450;18
25041;119;1481538916;6
5420;20963;1481536716;4
11392;357;1481533583;4
1359;10004;1481519367;6
6765;15101;1481545382;18
1207;304;1481517449;12
6009;19288;1481520776;14
23789;18046;1481510797;8
9284;16050;1481510204;8
9505;5925;1481526048;10
10200;6856;1481537087;12
5354;27480;1481527283;16
13287;20744;1481545554;12
9518;8135;1481536498;8
1134;7851;1481522779;6
23830;5806;1481530377;16
14001;19024;1481525208;10
55;13426;1481548732;14
16132;8300;1481531495;8
7519;20908;1481522099;12
25508;23518;1481546980;16
6770;17233;1481535694;8
8450;7478;1481528448;14
17280;18873;1481520190;12
19222;12290;1481535910;16
17419;5938;1481520999;14
7994;1134;1481519825;18
10495;21596;1481538563;10
6525;9565;1481538147;8
4184;5508;1481511720;8
8491;18819;1481540700;16
15745;23644;1481549537;6
6155;8419;1481510673;14
1162;9158;1481537606;16
4580;617;1481511176;2
5432;11588;1481512939;6
6915;14983;1481518489;6
8093;16848;1481509606;6
2963;6677;1481547740;6
19312;17049;1481530900;8
8832;10544;1481545563;12
6987;6010;1481533823;12
17442;21321;1481512299;10
12585;20400;1481529302;2
11399;10511;1481534542;18
11076;6428;1481528844;2
1957;9395;1481537588;18
9191;19061;1481523162;2
4930;16824;1481534792;8
20289;17757;1481532975;12
2021;1593;1481511526;4
23141;24585;1481512219;16
395;14919;1481517551;12
2033;20399;1481539236;18
5893;1875;1481536034;6
1538;7715;1481545796;2
10675;11003;1481535918;12
1109;6500;1481527171;12
8583;12309;1481535729;16
6809;10641;1481533274;8
146;11811;1481540206;10
25371;10425;1481512068;18
27544;6596;1481549730;18
20673;27185;1481543865;2
1557;22794;1481527557;16
27228;6664;1481541537;14
2954;1327;1481525312;14
3642;4207;1481525959;18
3293;14780;1481539653;4
1571;4852;1481537605;4
2119;4210;1481542345;16
10852;5037;1481535024;2
7167;17850;1481543044;14
8747;19547;1481526744;6
19859;16834;1481527231;4
6831;9411;1481532866;10
6154;26392;1481523497;2
17894;17789;1481542380;18
6626;26304;1481523235;16
9602;13772;1481534265;2
10613;14992;1481549419;18
1917;6158;1481515931;4
15459;5738;1481524626;18
10180;18892;1481526127;8
967;23863;1481533959;6
8560;11904;1481529300;18
12055;20631;1481532805;12
9681;16192;1481538152;18
19865;6460;1481546978;16
5915;21798;1481545777;10
24426;1838;1481509775;16
24164;1195;1481551018;14
162;1728;1481528717;12
17875;5409;1481512327;12
12025;1214;1481517188;12
9133;3067;1481524634;18
3790;6822;1481542808;14
10226;8368;1481534735;16
8634;1162;1481533623;8
8972;24650;1481525005;4
13677;2281;1481513163;18
14711;8837;1481526272;6
19301;2143;1481542384;12
23337;1037;1481539961;14
23757;3393;1481545318;4
2282;2998;1481516164;6
11270;21231;1481512482;12
5878;8462;1481534629;8
20572;8542;1481512930;8
19306;19311;1481525161;18
5688;6402;1481515262;10
3493;5437;1481529063;12
11083;19778;1481535605;10
8382;6679;1481509559;6
9956;8918;1481542021;14
13862;9548;1481515109;16
8991;1051;1481510359;2
18837;25392;1481545469;18
14796;11388;1481514772;16
205;10121;1481534904;16
21736;10289;1481539857;6
6790;20045;1481531874;14
18894;4863;1481525912;2
4225;21078;1481523168;12
1192;5301;1481535256;10
2362;15514;1481526724;16
4184;24691;1481537413;16
21084;4989;1481531759;16
12092;4193;1481541669;18
10033;8884;1481532949;16
6540;11245;1481527503;14
4834;6413;1481517528;16
7886;15243;1481521157;10
6474;1062;1481522960;14
13945;8333;1481513215;8
7021;357;1481543454;6
20128;27343;1481527021;16
82;1123;1481519439;2
3277;13809;1481520228;2
6865;27398;1481518888;6
27393;428;1481521040;8
25069;21378;1481512129;10
17444;1197;1481549207;12
22938;4963;1481538789;12
22138;20401;1481530501;6
5895;10113;1481513034;18
10459;1610;1481545818;8
13876;4523;1481525868;4
6852;9509;1481517688;10
14988;2805;1481529791;18
23761;17891;1481520432;2
25387;3290;1481547279;14
8959;5906;1481541586;8
24469;1420;1481540563;12
18816;11026;1481525883;8
8140;12032;1481515257;10
24472;8644;1481550776;14
17241;11077;1481546332;14
8955;10911;1481538571;4
27378;4962;1481523235;16
15423;10467;1481518837;2
11485;15127;1481533292;12
9453;7895;1481523891;8
4009;26127;1481532227;14
6330;10875;1481533687;2
8406;17038;1481513601;16
1367;22650;1481516311;14
26476;3850;1481541124;4
22159;10778;1481540072;4
2400;15129;1481544839;4
6722;9390;1481539690;18
8825;26281;1481546160;14
18079;1656;1481528153;6
20707;11727;1481548781;6
8119;17174;1481550891;4
6296;1958;1481531332;8
5925;8986;1481532568;14
9516;15926;1481528951;10
4043;6348;1481523410;14
21267;3607;1481541074;6
12048;7021;1481545614;12
2983;11131;1481528248;18
19876;18342;1481545634;8
8502;11125;1481511934;16
13314;8645;1481538338;14
27230;4332;1481520447;16
53;4778;1481520482;18
27521;9837;1481546037;10
25385;10617;1481541074;8
3069;5989;1481538622;6
20536;8956;1481547504;12
14004;12232;1481520451;14
11642;4697;1481516273;6
19229;24470;1481510852;8
7056;21719;1481517946;10
19299;6146;1481523519;16
117;18862;1481522601;16
11772;7047;1481511676;6
21716;4259;1481538669;6
4044;23542;1481524434;10
8743;6948;1481515850;16
4916;2944;1481514006;16
897;9897;1481539354;16
14002;10735;1481541792;2
1843;425;1481533500;4
1648;11885;1481516678;18
1352;10094;1481540257;14
14450;7075;1481527355;18
166;9358;1481516409;10
5405;2419;1481524273;14
24428;12413;1481520683;10
1073;15369;1481544045;14
13814;22796;1481536520;18
9149;8535;1481533188;14
9428;19885;1481517840;18
5394;17004;1481523294;10
4671;7475;1481545666;14
7835;8919;1481545849;6
225;14699;1481517548;2
14187;23525;1481527604;12
27558;8883;1481525368;12
5359;5740;1481540134;18
339;10231;1481514520;8
26266;168;1481515502;10
2394;5405;1481550858;6
5898;10460;1481524398;4
13790;4967;1481542183;2
14879;5866;1481536959;18
1983;5854;1481541776;10
432;5810;1481531958;14
359;14450;1481531870;16
1039;3773;1481529731;6
10462;14184;1481549152;12
2354;14140;1481530714;12
4841;24430;1481517303;16
23173;24675;1481524934;16
12031;22958;1481521436;10
11221;19530;1481527080;8
11771;9648;1481547505;2
10549;3534;1481529188;14
174;8678;1481530299;12
4958;6142;1481511684;4
5402;7894;1481549643;4
1572;2789;1481545701;8
210;11158;1481541452;10
6840;5896;1481540845;18
17921;2012;1481517083;10
3060;11241;1481529932;16
2424;1773;1481511661;14
23652;8308;1481544627;14
8432;6444;1481547739;16
4235;4624;1481535989;8
5479;9478;1481521596;14
19792;17845;1481533137;16
23056;21375;1481536101;8
27196;7084;1481531443;10
27449;6421;1481531048;14
11234;14952;1481529000;6
8647;15985;1481549759;18
27546;17045;1481537700;4
8938;1912;1481535953;12
4779;5707;1481540108;14
15518;27409;1481537091;16
11122;3539;1481539354;2
3123;13876;1481519442;16
19068;4056;1481526895;6
8370;8764;1481533797;4
1510;5396;1481546365;14
10904;17593;1481547609;16
6016;7687;1481549508;2
20110;19835;1481537123;2
18840;26101;1481523754;18
3897;1572;1481547549;12
12120;9666;1481536230;14
17034;9828;1481543980;8
1046;8306;1481532691;16
6108;15738;1481529894;10
18887;23303;1481534317;12
253;4265;1481523193;10
20289;1992;1481528464;8
8813;12291;1481548841;18
18837;19471;1481541409;8
27208;18151;1481536516;10
10828;10674;1481515735;14
1511;9316;1481532926;2
4658;26281;1481536436;16
6296;2797;1481519352;14
4568;9315;1481544129;2
9191;9556;1481525286;10
7618;2331;1481540791;12
19545;2400;1481519031;16
20082;1021;1481535065;2
287;17043;1481547202;12
9421;1049;1481547448;14
5826;22431;1481530561;8
12139;25433;1481510077;12
9565;12787;1481510906;6
4035;4197;1481517910;8
6915;11742;1481536091;12
21378;3063;1481536584;2
365;27313;1481531564;18
6673;6497;1481531547;16
17305;3507;1481511512;18
19199;7421;1481525870;6
7941;1266;1481539448;10
7802;24954;1481545702;8
19721;3981;1481549855;16
5869;1876;1481543270;16
25371;8589;1481529525;16
9778;262;1481550786;4
1017;20108;1481534419;16
5943;2356;1481518457;10
22271;10214;1481518776;4
11094;5435;1481519724;8
1584;9454;1481510222;14
27058;10689;1481538208;18
4666;19421;1481510112;6
1872;12643;1481539261;6
12654;6717;1481517392;8
11778;6633;1481521519;14
7538;17035;1481548240;8
5010;8689;1481514457;14
5286;2277;1481520078;14
6655;5925;1481517413;6
26069;20044;1481520505;10
1909;5989;1481510761;4
16127;1910;1481549667;16
1676;25170;1481537821;18
10546;1389;1481547128;16
6919;5710;1481544487;18
19847;20328;1481542849;16
6538;10295;1481514036;4
20325;2026;1481543079;4
8137;23039;1481536402;18
5676;14632;1481542483;18
8142;18173;1481547258;12
9059;23645;1481527755;14
8963;150;1481535809;16
7645;21321;1481549889;10
2156;281;1481537851;10
45;1096;1481517633;8
11609;6936;1481538132;2
24392;20151;1481515316;16
20357;2978;1481542402;16
1599;12405;1481536370;8
5982;22169;1481536617;14
4020;18873;1481550225;12
20534;11723;1481542020;18
10161;5510;1481538643;6
13815;10515;1481527138;14
17039;5922;1481533901;12
8161;16362;1481524597;14
14712;17296;1481512979;6
3028;4659;1481548578;18
12614;14156;1481523478;10
21217;16013;1481546365;2
24682;17472;1481540101;18
19749;20290;1481540219;18
15231;25184;1481545624;18
294;1514;1481527214;6
11591;9187;1481511793;12
5636;19420;1481533679;6
5703;8414;1481529340;10
11485;14876;1481512942;6
15131;91;1481537892;8
24126;10518;1481540977;4
13775;8974;1481542619;10
20191;2787;1481515672;18
19053;4563;1481548839;10
26084;25070;1481524006;6
9602;308;1481516481;12
20420;27102;1481511436;8
10322;4658;1481523177;12
13864;8908;1481545787;16
19556;5424;1481524973;16
6555;5050;1481533676;18
14625;6501;1481533491;14
13005;9626;1481520861;2
12710;20124;1481535889;10
27097;17550;1481546619;16
5906;17296;1481538159;4
20951;21096;1481512763;12
8046;10288;1481549243;4
14558;17271;1481512560;10
17573;9193;1481515299;2
6709;16308;1481525948;4
1957;12145;1481540996;8
16640;6428;1481523969;12
27331;7056;1481519824;8
14575;26149;1481528977;14
27048;11052;1481537056;4
17424;22135;1481537697;4
22603;7155;1481518564;16
3026;5034;1481515514;16
14704;7855;1481542526;8
26161;20907;1481545649;6
17312;5474;1481523463;14
24450;9464;1481525421;4
19588;6483;1481548879;6
26101;18202;1481517584;12
8440;12581;1481542170;6
11128;3596;1481541045;18
6191;10928;1481542384;16
27389;8512;1481527828;8
1713;13131;1481540976;6
10182;13877;1481548392;18
6934;1124;1481526037;14
8439;1084;1481542260;8
7521;7308;1481550327;12
12150;10273;1481511458;2
27462;11024;1481517764;8
19789;8132;1481525625;16
20153;26051;1481548366;4
20072;1591;1481519410;10
2017;27451;1481518290;6
8137;3466;1481535317;18
1907;20634;1481526708;4
12951;11075;1481541145;8
7405;1333;1481519130;8
5692;13792;1481515536;6
6653;23160;1481549657;16
3461;4550;1481548665;14
11700;6936;1481526562;16
2176;13261;1481549517;4
6107;4965;1481521163;2
9443;3247;1481515660;4
7070;1742;1481528925;4
1570;8975;1481521750;8
17505;253;1481516787;16
20005;13786;1481540720;14
20044;13872;1481540877;2
20901;14621;1481520103;16
3510;8446;1481546728;14
11041;6191;1481522606;6
13213;14262;1481542167;18
1701;21227;1481536518;2
2320;248;1481548173;16
7361;9970;1481517964;16
25388;7834;1481550848;16
7244;17271;1481532959;4
10981;5266;1481543513;16
11824;26100;1481514965;2
14821;6833;1481538149;14
19495;5518;1481514458;18
6734;19233;1481529834;6
7586;27386;1481522010;18
6715;8473;1481538485;18
9822;15471;1481514898;16
4246;20412;1481526140;10
19859;15484;1481529862;16
4545;7881;1481528600;2
16097;6729;1481511483;2
11399;21493;1481536730;16
19967;5278;1481521868;18
11059;3971;1481531532;12
1231;17585;1481525371;6
10019;10469;1481536022;12
24937;1379;1481535464;16
14257;1052;1481509972;4
8597;21838;1481529630;14
2889;122;1481545961;14
3990;9357;1481544748;6
16098;965;1481548352;8
20945;17419;1481546293;18
10875;12713;1481529217;2
20041;390;1481518473;10
12047;23055;1481520245;12
4042;11479;1481535750;18
6121;905;1481540786;8
17032;1487;1481530130;8
7435;25288;1481532498;2
10909;4960;1481513644;16
14188;11390;1481527850;10
10460;6578;1481537870;8
3694;4753;1481546562;4
21473;2170;1481537143;10
11375;1230;1481538245;16
6353;1024;1481519001;18
7143;7312;1481533997;4
11120;14779;1481531433;2
16799;1698;1481533893;12
20405;26150;1481513805;12
25394;17547;1481538214;8
4019;19059;1481512787;8
8323;3539;1481523666;16
7398;8094;1481543390;16
10527;27479;1481537366;12
12279;1623;1481533197;2
3291;1266;1481511545;16
8447;17262;1481550567;12
5727;1484;1481512255;2
18214;19866;1481519324;12
18906;4963;1481510824;6
25184;6525;1481522292;14
24257;10307;1481534907;12
11140;6031;1481541561;18
27383;20519;1481530349;8
23860;15517;1481530357;14
9512;21484;1481511875;6
27053;13426;1481525552;14
5;7938;1481543864;12
7161;12184;1481523734;10
11717;5840;1481540359;8
7911;10616;1481542919;16
322;10838;1481513885;12
4028;264;1481514269;10
27422;12238;1481514178;16
3619;19288;1481536714;2
9446;14133;1481522630;2
179;9569;1481519050;14
4188;7572;1481543510;10
11717;12585;1481524461;8
14170;4624;1481548918;16
20685;10238;1481513285;12
3993;15092;1481532239;10
11373;18177;1481543080;4
9164;11390;1481539413;18
14152;4024;1481536410;4
17529;27544;1481528362;10
17435;27344;1481529434;6
14795;10674;1481536307;16
17135;5914;1481539118;6
3352;4566;1481519625;4
12405;6268;1481512469;18
18181;11987;1481540730;8
10251;9992;1481524425;10
5809;7872;1481517540;8
8029;5724;1481526399;4
6112;14543;1481545610;6
3376;5870;1481517086;16
18886;18350;1481535517;6
23053;24;1481539328;16
14793;7862;1481543380;18
23892;6294;1481549618;2
5901;3325;1481527866;4
4862;2347;1481533952;6
4268;991;1481518440;12
1550;8090;1481527154;6
6918;20077;1481534740;14
2030;2756;1481519736;4
9630;21737;1481541293;12
1898;12644;1481530985;8
3274;5548;1481546337;18
16640;27416;1481532954;12
6617;3754;1481526116;18
20759;25067;1481523963;14
12785;329;1481521941;8
8955;26073;1481518005;14
7900;3068;1481525099;14
17577;4814;1481512605;2
16838;16836;1481548160;14
9113;6301;1481515824;12
23100;14930;1481511643;4
18867;11618;1481527943;12
25173;15767;1481522619;10
8160;188;1481526066;12
2392;26148;1481521197;14
395;8018;1481533486;6
19471;27406;1481520008;12
17470;352;1481532018;14
9649;14657;1481528106;2
1375;6718;1481541641;10
11566;10229;1481544208;18
7849;21386;1481550244;18
2139;10111;1481544789;10
14872;11124;1481539329;14
14252;20963;1481548750;16
10046;8473;1481521531;4
1522;24375;1481510999;12
2797;897;1481520753;16
3583;6724;1481544953;8
26104;20297;1481545194;8
11139;19510;1481529738;18
6005;9671;1481532288;8
3692;1171;1481517808;10
20079;17512;1481516252;2
10014;24176;1481521359;14
4600;8461;1481510062;6
23518;1566;1481513497;14
10260;7436;1481526533;18
11120;7699;1481514684;2
9564;6920;1481548515;18
9536;3625;1481530317;4
9525;27384;1481543466;10
2416;14128;1481525155;8
22644;21300;1481533356;4
5412;8575;1481543525;10
4255;5039;1481545928;4
2964;6605;1481533262;10
192;8524;1481536728;8
5914;10410;1481550111;6
13818;1533;1481550493;2
1671;21365;1481521652;6
5627;12087;1481537822;2
2742;20137;1481527809;16
22500;9188;1481524163;8
14567;23630;1481512666;4
3788;6361;1481530977;8
261;19550;1481533106;16
13976;14797;1481549816;10
51;21495;1481548934;8
14120;2415;1481519822;12
23040;6649;1481546868;6
19088;2391;1481518856;2
7404;7466;1481526611;2
25370;17611;1481541040;18
22582;7405;1481512731;10
24562;14872;1481534446;14
124;2386;1481517949;18
11039;19937;1481540211;4
7849;13187;1481543615;16
6217;17789;1481510240;4
11728;25364;1481536875;10
6121;8641;1481529008;4
17456;8394;1481520357;4
21463;9001;1481534585;10
17903;22163;1481532424;10
1906;1594;1481513501;18
27410;25174;1481530724;8
9741;12710;1481514122;14
5032;8119;1481533293;10
16013;7012;1481526876;2
10375;8033;1481528452;12
20934;22960;1481525288;4
5702;6418;1481520939;6
24259;12758;1481515374;18
19279;1622;1481543177;16
1052;15301;1481517713;18
17269;27172;1481540163;18
16308;6308;1481528587;2
18882;19869;1481549693;2
4944;11208;1481544888;12
3620;5956;1481530998;2
10184;19281;1481549449;8
1071;5775;1481531712;6
14552;5643;1481545759;18
4524;14695;1481543358;18
5359;16997;1481538199;2
6475;27342;1481545552;10
7865;11725;1481548935;18
24481;12308;1481536776;10
11952;25284;1481526738;6
10622;23120;1481520460;6
24521;6682;1481511430;4
6417;15423;1481537965;14
16178;12695;1481525559;10
19805;1140;1481540604;16
26315;14802;1481537562;18
20785;3020;1481519282;10
17268;15327;1481526804;6
10462;9956;1481538621;8
13904;3706;1481542947;16
14543;8555;1481539331;8
27335;10246;1481546275;6
4104;1903;1481545419;18
18340;25001;1481514223;16
17303;6351;1481529535;14
27000;25041;1481531104;10
27401;19775;1481547855;10
5774;11036;1481531182;2
11685;21461;1481549227;16
25431;9446;1481547989;18
22316;16789;1481541091;16
19298;18339;1481536781;4
8525;24966;1481548206;14
7551;12759;1481547254;10
1693;3124;1481548185;10
3604;17511;1481535497;12
14122;18883;1481517330;4
18152;11714;1481531132;10
10612;18334;1481517878;8
5870;24690;1481535413;6
19817;9870;1481546939;4
9356;4243;1481545682;14
16135;10466;1481542221;4
24281;17848;1481535055;14
27100;11389;1481543665;10
234;10709;1481530755;8
4867;27337;1481519932;2
17278;20848;1481521838;4
25528;15465;1481513570;8
617;22482;1481522049;12
22143;27393;1481531582;8
24568;10110;1481544518;6
2796;1854;1481541009;14
26110;9566;1481549040;12
1146;6363;1481519662;2
19064;27418;1481518414;6
19847;4777;1481547233;6
5899;8449;1481549441;12
5404;27200;1481519149;10
3681;4850;1481548142;18
16889;26112;1481520253;8
3025;6260;1481547039;16
21282;5630;1481522357;14
16883;2407;1481548011;14
10566;12334;1481519661;12
7365;4297;1481509657;6
14900;3290;1481549349;14
3728;14711;1481524224;2
14194;23548;1481535014;8
24667;27135;1481547399;16
12134;24842;1481537611;6
9897;1279;1481541864;18
13618;20425;1481550492;16
6981;5837;1481521276;14
2022;20947;1481550643;10
5839;26068;1481524879;10
9981;5901;1481547331;16
11404;3418;1481544803;16
8153;13804;1481512328;6
6021;220;1481550878;14
2621;13678;1481545002;6
8390;11909;1481533272;12
6301;10989;1481548657;10
2288;11399;1481544456;8
13877;25047;1481519167;18
6481;27379;1481524958;16
13003;4987;1481550866;12
1229;24782;1481515264;4
19791;3747;1481520246;4
3379;6763;1481521849;6
27261;18811;1481517824;4
10325;9960;1481526143;10
10988;7277;1481530345;14
992;8645;1481545330;16
21367;14953;1481550222;16
6211;6387;1481527142;4
14656;17024;1481540681;4
9518;22550;1481523670;2
7792;12627;1481529296;16
22462;14585;1481527352;18
22530;27462;1481519048;12
11007;2646;1481509751;4
10209;18880;1481515519;10
18261;13287;1481516895;2
7994;12653;1481536465;16
22493;15074;1481533091;16
8319;4510;1481523134;10
7814;3616;1481513320;10
18867;5277;1481522383;8
13788;17501;1481537814;18
21737;24427;1481539902;18
5977;5732;1481514151;14
8309;4258;1481522252;10
4591;192;1481534116;14
6938;7639;1481535845;4
8418;8341;1481544643;8
10005;10802;1481522153;14
7520;12787;1481525662;6
19236;154;1481542928;16
10768;6451;1481515925;2
7519;6976;1481542473;8
23168;20485;1481529418;2
439;27401;1481517856;4
12073;10575;1481513692;14
7915;9868;1481514706;6
21383;7898;1481547444;8
78;5976;1481532761;4
2422;12234;1481532481;4
9362;8779;1481544851;16
1385;4569;1481511418;16
7633;12353;1481546658;10
8124;4549;1481540516;4
19944;23082;1481538321;6
3683;2816;1481509753;18
11599;22444;1481541662;6
5028;12020;1481512415;6
11155;10359;1481525479;14
10015;1068;1481513141;16
4672;6939;1481525433;2
10262;5804;1481520267;10
16804;20674;1481544857;12
10685;17873;1481542331;10
9197;15470;1481537092;16
12921;25180;1481529967;12
17866;4592;1481535292;6
14195;14191;1481512075;18
15996;7816;1481541829;2
4301;3945;1481550009;10
3930;27156;1481549153;4
2827;1842;1481510894;10
235;3493;1481543405;4
11396;14918;1481535011;16
1189;11120;1481513969;18
2394;18111;1481519710;8
12376;7002;1481532651;12
2753;13815;1481527395;4
2294;1620;1481537119;4
9845;7863;1481524571;14
6004;22148;1481513357;2
18312;11957;1481518223;6
23040;14795;1481533955;8
8678;24481;1481549355;16
18879;5641;1481521598;2
27324;5475;1481524507;2
14004;3978;1481549672;18
8416;7013;1481512459;18
4775;19059;1481518274;12
20024;13261;1481512451;12
9498;2525;1481527512;10
27028;6974;1481530420;18
27321;148;1481525474;2
9155;24955;1481517570;6
5627;3028;1481529490;12
12091;2866;1481535018;16
1689;27159;1481525400;8
11409;11765;1481534140;8
25467;10109;1481515527;14
6852;9771;1481527802;18
11096;1645;1481522879;14
9169;13853;1481529510;18
25035;10878;1481542953;4
8046;6832;1481513874;12
5036;27331;1481522341;16
19532;96;1481520428;2
25171;11898;1481530052;8
22462;6858;1481513220;14
20782;19932;1481547340;4
27177;19946;1481530830;10
27474;11730;1481524481;6
20131;10379;1481521991;2
7604;332;1481537417;14
8433;27389;1481521805;6
7482;4983;1481537739;12
27289;15781;1481529328;14
3790;27089;1481537611;4
7873;25508;1481546115;18
7496;8868;1481540130;8
26104;11693;1481535012;2
10694;10834;1481520328;4
4564;10366;1481538236;4
19281;4046;1481528806;4
9785;16369;1481545001;14
23036;14800;1481537163;18
2605;1550;1481547882;4
1070;4804;1481515972;2
17173;7795;1481548288;2
5930;15137;1481520183;10
18903;27026;1481531801;14
14420;5676;1481533439;18
7865;11605;1481532813;18
14403;19212;1481543967;16
7781;170;1481535099;14
7672;10081;1481515488;18
7088;23755;1481539114;14
5943;17580;1481513807;4
9162;15324;1481543886;4
3541;5673;1481548514;18
7557;23173;1481512059;10
5;7157;1481516983;8
12284;292;1481539519;12
238;17362;1481544588;16
27405;20481;1481517932;10
12035;2777;1481547750;4
15230;27034;1481520755;18
20943;14079;1481534953;14
9103;13341;1481525919;14
22133;3122;1481524725;12
22313;17032;1481539566;12
26219;16783;1481533111;4
5105;12712;1481547311;6
12800;13979;1481522072;18
10181;11404;1481547668;12
16046;297;1481511336;6
15122;8396;1481512461;12
9280;1910;1481542989;6
3076;3020;1481514296;16
1678;24349;1481523655;8
22137;3275;1481522433;4
17510;6303;1481517670;10
1384;11757;1481549790;18
6226;3372;1481511631;12
2612;16130;1481520508;8
78;14243;1481511964;6
10641;17439;1481528345;2
9889;11829;1481541200;16
3120;10489;1481547653;14
15403;6650;1481514294;6
6947;7443;1481521011;8
1957;12089;1481521848;2
1977;17263;1481528540;10
7517;8465;1481542849;12
23099;3991;1481545680;6
9845;9499;1481547092;6
7276;6239;1481548104;14
18764;17904;1481524455;2
17156;5698;1481545108;8
4351;24249;1481537678;18
7896;9519;1481537201;14
27229;9533;1481542350;8
20049;1128;1481543742;12
27469;10191;1481513247;10
24981;16193;1481528633;16
8136;27284;1481519717;4
8307;4805;1481533193;10
5807;22972;1481519599;4
10926;9880;1481524676;8
19068;4549;1481517457;18
5950;5951;1481514464;4
10910;11004;1481516520;10
4287;9468;1481544456;16
13772;4209;1481520476;2
12292;7872;1481523179;4
14244;12294;1481519379;2
22988;6867;1481549101;16
6192;14219;1481548050;10
12033;26144;1481542355;2
4997;20080;1481518546;16
7308;7066;1481539086;10
19057;8405;1481548110;18
8583;7302;1481528702;14
8902;6698;1481545438;10
989;1392;1481524557;10
7778;9664;1481521262;14
8521;19534;1481549666;14
27269;24918;1481540644;4
6611;23740;1481547617;14
6956;4979;1481527642;14
2132;10195;1481528534;4
1791;19543;1481547621;8
5955;18911;1481533093;18
12766;20224;1481522549;2
3706;273;1481511042;18
16832;978;1481539581;12
8575;8682;1481521772;2
19286;19056;1481519056;8
1921;21833;1481547359;12
6762;17168;1481510539;2
20994;1969;1481520344;14
10024;19582;1481509583;2
18112;6582;1481520599;4
290;9981;1481547242;2
23334;10071;1481515574;2
3939;6271;1481549118;18
3002;12406;1481529003;2
20910;19865;1481523477;14
6584;15224;1481545181;18
1224;8461;1481547334;16
3;14192;1481540186;8
1596;5374;1481518704;14
18881;234;1481541315;16
1708;19779;1481538397;6
11822;20122;1481513190;14
7783;1954;1481523856;6
22134;9060;1481529809;12
6863;27449;1481549045;6
4743;24667;1481546188;14
5924;6972;1481531635;6
3290;26373;1481549689;8
6879;7527;1481516468;18
16887;14247;1481530356;18
20193;22430;1481517323;4
23318;7302;1481514162;10
27141;3021;1481524689;8
5247;16034;1481513858;6
6919;6784;1481550094;8
24279;15086;1481524042;2
26164;8048;1481522787;8
22485;9486;1481513899;10
437;3277;1481541994;16
26070;25055;1481525243;6
17307;14641;1481533991;8
14798;4658;1481510379;12
18839;6932;1481531212;8
1118;11375;1481512908;2
8526;3689;1481547436;8
3021;22459;1481518882;8
6839;18069;1481526443;16
2817;25166;1481515182;14
1495;4234;1481535404;4
2385;4542;1481544855;10
3609;11088;1481540885;10
1533;3962;1481510916;12
6767;3507;1481539433;12
17533;6764;1481534781;6
10239;6172;1481543235;2
26083;6802;1481543789;16
15748;8922;1481544986;16
8990;10748;1481519687;14
10309;5473;1481524004;2
5857;18436;1481527224;2
19915;1214;1481542506;4
8741;1587;1481530077;8
17846;9710;1481537118;12
7607;6627;1481532429;10
24657;21282;1481536108;14
15240;22989;1481538266;16
6668;7352;1481543279;10
10424;8468;1481543202;18
10204;14431;1481531070;8
956;1441;1481510418;6
22577;27461;1481533097;2
8766;14795;1481509759;18
3898;1636;1481519036;10
24254;15483;1481535632;4
13824;6305;1481520210;12
25194;1353;1481529672;6
6357;15075;1481526834;4
2779;20628;1481519861;12
9801;2763;1481521045;2
13177;3756;1481529510;8
6567;3955;1481546608;14
4906;17923;1481525835;18
3264;4878;1481550481;14
5514;1335;1481532364;14
25518;14128;1481510121;10
9900;14514;1481514786;8
12781;23860;1481550966;2
8909;3935;1481540972;2
6526;19302;1481524556;14
16780;4822;1481514619;8
23056;19060;1481538329;12
3024;22142;1481537204;10
6666;24254;1481539762;8
7621;8109;1481511227;2
7401;8584;1481528135;8
18871;6801;1481522499;10
9829;24981;1481510000;12
27399;5892;1481543384;12
10282;994;1481515201;12
20129;11111;1481516787;12
11609;17121;1481542463;8
6560;12216;1481524015;18
16800;5360;1481546032;4
6951;20472;1481514020;14
5364;4053;1481522452;10
11860;16812;1481531012;4
10198;10704;1481540334;2
16105;5855;1481539010;18
19831;6110;1481536409;6
1699;2021;1481543201;14
11112;16909;1481514932;12
26159;5968;1481533988;2
1850;15109;1481548416;18
25511;7893;1481527945;12
8111;7368;1481541747;12
10416;22526;1481547232;12
3648;3495;1481532157;16
6311;23695;1481537983;14
396;15731;1481519852;14
83;23616;1481512420;12
7056;11231;1481547393;12
2170;6691;1481530928;10
14435;10312;1481548968;10
3939;9891;1481531464;10
24663;10894;1481545380;14
4304;20301;1481513809;16
1408;6864;1481532319;18
5607;11016;1481537798;2
9734;24648;1481539800;4
10647;14715;1481534957;8
15312;8147;1481543966;12
441;9516;1481540249;16
9959;9990;1481524250;6
11907;11224;1481533749;8
4924;14614;1481534381;16
3777;5357;1481535642;4
8046;17420;1481525117;14
5868;23540;1481510294;8
2966;16035;1481537165;14
23116;8997;1481517687;16
25522;22296;1481529278;14
9647;17518;1481525027;10
18461;7762;1481550118;18
13854;9161;1481546766;10
4311;14910;1481511450;16
8757;8435;1481519709;18
6975;10715;1481538602;4
23003;2290;1481534706;2
17550;3942;1481509654;2
5886;13180;1481524497;6
20416;17038;1481536386;14
8873;15961;1481525341;6
12368;18344;1481520880;14
12403;7475;1481537784;18
9211;23753;1481541787;18
2352;1882;1481540175;10
23852;21487;1481517519;14
25182;19560;1481518551;10
19910;1880;1481517261;4
2766;14584;1481533185;16
20949;18310;1481547244;4
7270;18846;1481532264;4
7251;1075;1481520046;6
15092;23033;1481538779;12
11403;6612;1481547906;6
15319;565;1481522908;12
6578;8763;1481532080;6
21722;21814;1481545422;14
1378;1867;1481532299;4
1633;9159;1481517516;12
15082;4334;1481522288;10
1941;17506;1481523814;12
10800;16824;1481547526;6
3534;4313;1481521893;14
6192;1074;1481547711;2
11031;17001;1481513983;4
27133;10614;1481550819;8
2765;18343;1481546468;14
1662;14979;1481531543;14
9736;7487;1481542859;10
6177;2157;1481547051;4
3271;1769;1481548549;14
25169;8420;1481529543;2
6545;23849;1481519877;12
15323;18188;1481514554;2
7684;11156;1481531419;18
1030;25187;1481514977;14
2947;3914;1481520132;12
2776;5726;1481546680;16
7167;12707;1481518402;8
25447;15250;1481517839;12
6476;17526;1481528819;8
22540;25363;1481546503;6
6246;183;1481522373;6
10930;24481;1481517407;2
1070;5697;1481527122;14
8877;7314;1481518711;12
9777;2019;1481512522;12
9499;392;1481527451;16
6652;256;1481539182;2
11624;11856;1481530450;14
26308;21843;1481537318;14
27135;6829;1481522030;6
10983;2774;1481540800;18
16887;6801;1481519054;16
21002;23021;1481524605;16
27415;23443;1481532690;10
2748;8965;1481547754;2
1962;7443;1481535684;18
19079;18198;1481541912;6
19908;18191;1481534494;18
15368;21728;1481522833;12
7955;7066;1481511860;4
10261;16847;1481522789;10
23854;4969;1481539047;18
4628;12157;1481534488;8
6943;25113;1481546712;12
1873;17026;1481530661;4
7635;2804;1481534624;14
1971;24172;1481525819;8
1206;8453;1481545034;18
16199;4033;1481515855;18
9484;20589;1481542837;18
4221;8498;1481545554;10
15029;17301;1481550839;8
19558;20682;1481521476;6
8124;5855;1481538903;12
10205;11609;1481533945;8
18312;10725;1481521197;18
27004;22527;1481541239;2
11094;10721;1481545067;6
20088;23896;1481548937;4
27002;13928;1481539953;16
5084;9861;1481511345;6
20473;1535;1481520503;10
16144;2333;1481531794;8
9623;19170;1481522018;2
9845;401;1481536807;10
1962;3568;1481522077;2
7619;25192;1481531889;18
1110;15297;1481536559;18
9879;27482;1481538477;6
6002;27165;1481546987;12
10639;27088;1481536731;2
9449;9192;1481541467;16
7904;7898;1481509882;8
5724;6699;1481539963;18
6200;20074;1481535130;12
15738;10380;1481537291;4
5815;5293;1481513597;12
26240;1725;1481518483;14
5715;8109;1481525390;2
2758;27450;1481525688;2
81;1286;1481543533;6
1490;17583;1481530783;6
20545;1559;1481524150;6
8557;23650;1481525686;8
5519;15755;1481525853;16
6027;3970;1481535083;2
1109;3736;1481545350;18
8945;6226;1481518914;2
13950;27011;1481536646;2
27414;1892;1481538778;16
1742;10601;1481546079;4
12230;4578;1481535968;12
9061;20358;1481518798;16
3380;1152;1481530624;16
9649;10221;1481521361;12
11880;24977;1481544010;8
8416;7462;1481534280;6
13341;24659;1481546185;16
1342;4916;1481510719;4
8638;12069;1481541157;10
24749;7685;1481538957;18
13803;10307;1481522343;4
240;10006;1481522300;16
1073;10258;1481522421;10
1695;5696;1481510384;18
7395;23467;1481535438;18
24964;6603;1481521858;2
5993;1689;1481544044;14
8828;7466;1481544635;12
3961;13297;1481541166;2
27269;3401;1481510240;10
18838;20773;1481511997;8
7891;27163;1481550864;14
2789;8248;1481529139;18
13813;16203;1481519826;4
14909;20926;1481518686;6
1960;17579;1481526418;16
27461;17054;1481535554;4
5809;14640;1481509789;18
323;6524;1481543559;2
9478;19881;1481523049;14
14879;10636;1481543168;16
15520;15005;1481512597;4
2791;5530;1481514507;6
11485;23120;1481535566;4
6334;11612;1481538420;4
19545;10283;1481545028;18
21806;24058;1481525923;12
25054;16014;1481518668;14
27263;157;1481519298;6
23302;18936;1481549020;14
9297;16914;1481532675;2
27210;20952;1481536145;6
239;9811;1481535344;14
4863;18883;1481512608;18
6646;1082;1481534241;14
19790;9188;1481534166;2
8531;21499;1481536395;6
12073;16807;1481543521;4
8969;386;1481509902;2
8866;23047;1481545219;18
7426;6801;1481526980;12
6677;1973;1481544614;6
26308;7519;1481539455;18
19967;14403;1481523006;8
14908;3619;1481541500;6
9505;9968;1481547027;6
3933;5634;1481545182;16
10540;6799;1481544379;16
15761;25356;1481535109;2
9242;8940;1481518275;16
12645;10252;1481544131;12
16816;21729;1481532462;10
10120;6855;1481536319;8
24701;7793;1481543628;18
27452;6941;1481534234;14
5376;10259;1481523823;2
26085;4257;1481532891;8
17;6883;1481511327;4
11005;10266;1481539166;14
22315;9123;1481514373;8
20392;12866;1481527037;18
9750;4296;1481531869;4
26031;24360;1481549838;18
11130;57;1481534965;14
4996;17054;1481527169;16
8480;9416;1481543235;12
7762;13679;1481521617;16
17530;11085;1481520840;12
17286;5119;1481511113;10
12378;8947;1481515031;2
9652;2769;1481539652;6
978;1510;1481548596;8
20686;5754;1481518594;10
8650;23341;1481540789;14
397;438;1481511774;12
1880;27179;1481523238;4
7800;12656;1481514644;2
6295;6913;1481516189;8
12092;7299;1481536938;16
4979;974;1481521791;4
5864;6332;1481520060;16
6608;22937;1481515683;14
7073;27426;1481548601;18
11002;2330;1481516127;18
6559;1226;1481513447;14
10406;15154;1481513102;16
1427;8362;1481523081;18
20526;26031;1481549542;4
16781;2776;1481539975;10
24087;4858;1481543223;6
9262;23891;1481515162;12
16126;17795;1481545880;10
1837;8135;1481532893;8
127;10520;1481540488;18
20040;15935;1481529128;16
12797;10573;1481519284;14
25051;363;1481524233;18
1863;9180;1481530757;14
20937;11596;1481550387;10
12120;16051;1481530424;14
7948;4954;1481537118;16
12773;3778;1481533372;18
12744;7937;1481535097;8
7903;6287;1481546741;14
13856;10395;1481535426;4
7058;261;1481532930;8
10405;24987;1481513813;2
1675;4557;1481523953;16
25500;11157;1481543640;2
17894;21413;1481536643;16
24733;25160;1481536053;4
11606;10118;1481530790;16
6449;8818;1481522821;12
8807;2378;1481546685;18
6218;1675;1481510340;8
2402;8089;1481532674;4
2143;27032;1481540879;4
19966;6569;1481526274;2
15250;2970;1481522492;14
9391;6997;1481524488;10
8506;10810;1481517333;14
19819;1070;1481547930;12
5002;10203;1481522192;14
6856;15513;1481545025;4
23162;10112;1481525950;8
7147;1305;1481542618;12
4300;5819;1481516815;10
4024;2889;1481545325;10
23329;3363;1481536213;8
2149;6995;1481534659;16
1884;24842;1481511871;16
19852;16122;1481520432;18
4211;7260;1481545245;14
10200;15317;1481528617;14
5527;11025;1481540209;14
24370;7823;1481533975;4
7915;22469;1481528465;14
13297;7160;1481525998;18
15990;5251;1481545460;12
6595;27199;1481534556;8
20157;3700;1481515462;4
24680;11024;1481531168;2
7493;6684;1481516350;6
895;8025;1481545814;12
22454;5886;1481546756;16
1514;16848;1481537407;4
20479;22468;1481517118;4
11084;4641;1481523803;12
12642;11704;1481513702;2
1048;12100;1481523252;6
20070;15021;1481526018;12
13794;4969;1481521503;12
10881;1362;1481538005;14
20086;23466;1481517184;12
19236;3766;1481515257;8
405;27046;1481524197;16
5681;4669;1481519972;12
12647;9898;1481531709;14
26302;9003;1481527609;18
11234;27506;1481528859;16
4177;4212;1481514293;10
1523;5364;1481518112;12
4704;433;1481512679;18
5877;15098;1481511672;2
5106;27556;1481538554;6
3495;10118;1481543993;6
9529;8376;1481538704;16
27534;22146;1481512202;14
22976;8438;1481543590;8
1259;18423;1481532302;16
9253;8357;1481522857;14
18340;12418;1481525368;6
9896;24139;1481514193;6
8485;10880;1481544289;16
10215;16937;1481529167;2
18908;1455;1481541576;6
113;12798;1481521555;18
12024;21389;1481536553;4
27173;23167;1481515982;18
24347;20545;1481532970;8
20530;4547;1481530688;12
9889;12181;1481517295;16
21718;15300;1481530559;8
14915;2635;1481520774;16
5492;254;1481526025;4
9008;7577;1481539860;10
6219;3395;1481534245;10
19057;17470;1481519647;14
4272;23329;1481540412;10
2380;9960;1481535507;10
11212;6769;1481549283;2
17213;14182;1481548959;10
17379;18200;1481546316;8
5650;10103;1481537874;12
8573;6244;1481526081;10
13779;9479;1481550539;2
7365;4904;1481516030;4
4670;27404;1481514038;2
14873;4354;1481516369;4
206;5926;1481516158;12
10235;9000;1481546251;12
2033;9164;1481543209;12
19028;21076;1481535073;6
10266;14115;1481512130;14
9521;11623;1481545000;18
25283;9840;1481550359;16
27418;25346;1481528345;8
6343;8602;1481529846;4
27095;12138;1481538846;4
1341;7641;1481517317;6
949;3725;1481526808;18
6000;11860;1481529623;6
19776;10271;1481512471;18
14636;19052;1481522316;18
3272;7829;1481537026;12
14547;7630;1481513707;18
5489;3922;1481550086;4
13298;14862;1481512981;10
10881;10997;1481513480;14
21030;16023;1481512714;8
6540;310;1481528441;8
7188;1928;1481529051;10
25433;290;1481532740;12
17498;1005;1481512462;16
17847;25489;1481545512;4
5346;4686;1481538149;6
3370;6548;1481510542;18
13981;6294;1481513031;12
1211;8692;1481515240;10
13826;12760;1481522431;16
15931;14681;1481522824;12
2347;238;1481513034;16
23159;8684;1481544704;14
4963;1059;1481510998;12
18874;10252;1481525898;10
8763;4919;1481542100;12
1531;3934;1481530462;4
17583;15325;1481520311;12
1912;6177;1481550116;18
23628;7983;1481534396;12
3001;13909;1481547447;14
23525;7966;1481518581;2
10768;1666;1481551074;10
27281;6633;1481548884;18
5400;1420;1481534394;16
22259;4315;1481516449;2
10235;9852;1481512109;6
8711;10549;1481539432;10
7423;53;1481532830;8
18330;9288;1481543489;8
21288;4895;1481526432;16
15247;25003;1481539667;4
1975;12868;1481513800;16
6167;9793;1481532330;6
8237;23970;1481519230;16
5857;10090;1481540894;6
9279;10983;1481542887;6
16640;9552;1481518647;18
9505;20539;1481518920;10
6288;19228;1481549235;8
12654;4049;1481527857;14
7626;20684;1481518613;12
6736;10099;1481526521;2
17481;1956;1481537897;4
8870;6895;1481537936;14
6503;134;1481548755;2
7014;1233;1481529424;12
567;10782;1481543732;16
4925;3779;1481545998;12
12234;18209;1481547991;2
11122;6366;1481550786;12
1286;8349;1481513021;4
11576;20035;1481539314;10
23762;22265;1481516711;14
10012;70;1481525367;14
26070;167;1481530849;12
8163;1320;1481525632;10
8992;3766;1481523429;12
19593;20572;1481540844;4
6706;5712;1481532387;2
7348;10778;1481537100;18
17548;9898;1481538063;12
7546;25426;1481537620;2
5637;17903;1481511848;8
27207;3402;1481550704;2
7908;8397;1481517077;6
6371;1537;1481519104;6
7891;5122;1481538282;4
13864;10700;1481526547;16
11054;24952;1481527412;18
11076;11759;1481549380;8
21723;9328;1481550834;10
10329;10103;1481547262;2
5517;17570;1481545284;18
10094;9279;1481528221;12
20785;4520;1481513301;18
16336;320;1481525311;14
4032;23542;1481530996;18
19319;96;1481538383;2
10218;9626;1481523501;2
14689;3980;1481532928;2
21368;1494;1481515055;2
18881;3276;1481535999;4
6132;10011;1481514583;18
14154;8500;1481523735;18
10673;5976;1481525117;8
7012;3532;1481528233;12
2824;17213;1481514442;8
7259;5693;1481520445;18
14573;25192;1481549276;8
8303;3541;1481546196;6
1900;9551;1481550559;18
5391;14580;1481525998;12
27178;3469;1481527209;14
16192;218;1481536451;2
1126;14239;1481531058;12
8425;6324;1481528554;4
19935;7336;1481520319;16
20643;7889;1481536493;16
19526;2137;1481534912;6
18463;4363;1481546501;2
19064;9407;1481544033;10
3081;10737;1481517136;6
2334;5852;1481532644;6
10099;2385;1481536661;10
267;6315;1481540126;12
88;5746;1481533522;4
20989;7397;1481542630;6
27229;4983;1481534791;10
16780;17871;1481518728;2
12308;10619;1481530234;2
27059;21716;1481547361;18
14106;17006;1481548647;14
8033;9748;1481542024;16
2132;16180;1481535430;18
3936;9835;1481516430;10
4298;20982;1481522329;8
6107;12285;1481530422;10
26317;3420;1481534674;6
19919;18960;1481548463;10
4857;19207;1481515193;16
11483;7712;1481538969;2
9564;9456;1481540910;14
1194;6724;1481520954;16
19753;20949;1481515879;6
11803;1203;1481512746;14
24529;9609;1481543465;14
9803;9024;1481547511;6
15083;2422;1481532832;8
4319;10328;1481522638;4
12284;21711;1481550694;10
18179;7470;1481533333;2
5529;1486;1481539572;12
9656;14430;1481537946;6
17149;16193;1481530749;12
5091;8356;1481549418;12
13974;7004;1481523486;18
3643;8053;1481516144;8
1712;21303;1481510765;18
12134;27088;1481528356;16
3413;1028;1481534332;16
6120;1048;1481543665;18
27391;6687;1481522685;18
1404;20318;1481535799;14
6234;6960;1481549488;8
24951;20116;1481529581;12
22930;15137;1481512376;14
6630;11110;1481517816;2
1061;16037;1481516161;10
27231;21833;1481542109;10
2340;20413;1481522172;10
4105;11985;1481517076;16
4778;5100;1481517851;8
180;13224;1481519539;12
3702;978;1481526534;8
8527;27104;1481534171;4
19498;8130;1481515022;14
24685;5085;1481539554;18
4676;8378;1481546427;18
7768;8253;1481518450;10
1328;303;1481534193;18
5003;8755;1481523893;12
9556;23113;1481537626;8
1089;115;1481515505;4
23349;19932;1481533888;16
22274;3714;1481536807;18
1600;8866;1481543985;18
9899;19804;1481513421;4
6319;4824;1481525008;6
27289;3600;1481548942;10
4991;8890;1481541977;4
11003;18046;1481524863;18
4323;14572;1481545381;2
9951;11954;1481530296;16
10501;18105;1481542977;2
23884;15746;1481536375;4
9609;8336;1481522511;16
20949;15030;1481550428;12
1134;7084;1481516840;14
20310;13114;1481515853;12
16050;8637;1481546318;8
20683;10623;1481518614;18
7064;5952;1481537866;14
5441;9324;1481530512;2
16780;14949;1481518970;6
3161;21318;1481533686;10
1134;4360;1481520559;14
23864;10786;1481543639;16
13211;8877;1481521859;2
10665;357;1481547698;18
7829;19581;1481515067;18
17241;13972;1481542026;14
20739;11099;1481527715;10
16302;7259;1481533632;16
19847;9474;1481513871;18
8600;8419;1481547251;6
7888;7609;1481541464;8
7597;16190;1481543168;2
5721;13884;1481533234;8
4928;7011;1481541019;4
8941;20297;1481533329;6
5968;22940;1481525389;8
4572;16193;1481547948;6
3460;7638;1481546471;2
17040;9976;1481525282;14
5629;18887;1481515469;18
22964;6379;1481522849;4
8507;8003;1481525393;6
13212;10537;1481519563;4
3627;12561;1481529734;18
1727;10922;1481532323;6
3855;6724;1481527512;16
7101;10075;1481515662;18
4234;2123;1481548215;12
1334;14890;1481523553;16
1207;18884;1481523839;6
5473;226;1481526066;8
15098;9313;1481529547;12
1698;12770;1481511873;14
9150;3340;1481515541;10
6830;18260;1481546171;16
9434;25071;1481528772;18
22939;12046;1481541867;2
15139;3284;1481521900;10
14812;1767;1481532074;8
8464;18070;1481532878;14
27490;25397;1481532409;14
8766;14496;1481539620;16
25541;6194;1481541375;10
7699;4728;1481550073;8
9239;15247;1481541746;4
19422;18336;1481537158;4
12188;11766;1481543299;12
1372;9989;1481541822;12
15318;5127;1481544017;14
10267;9194;1481546110;2
6636;7820;1481521072;14
6715;13681;1481513166;4
2841;12120;1481547030;8
24327;5243;1481509882;10
22923;1592;1481536899;6
11022;9067;1481514859;12
6736;10220;1481532233;16
4359;23488;1481517188;12
27312;5822;1481519699;2
5040;1766;1481512719;12
6670;6110;1481543428;2
7829;25394;1481532986;12
20292;5469;1481542551;6
19079;3012;1481537957;8
3118;2832;1481525203;14
15189;14566;1481550801;16
19269;5970;1481514499;2
19544;23113;1481521259;10
26244;3499;1481529342;2
8668;2750;1481550903;16
9761;20987;1481513715;14
11783;1500;1481535143;14
23062;8683;1481526914;12
7145;128;1481541866;18
17028;12360;1481541469;2
16311;330;1481521252;6
27199;6245;1481522772;18
6945;9220;1481513114;8
1646;6539;1481550303;6
9890;2413;1481544989;16
24136;4964;1481543357;14
25414;9203;1481534176;18
1216;10821;1481536530;10
23030;5385;1481512818;12
9429;5634;1481516806;12
9534;15287;1481545791;12
20041;20548;1481541066;14
3919;5047;1481544571;6
1851;2978;1481511224;16
2355;2771;1481542709;4
27542;16193;1481521270;18
7613;6279;1481536828;4
21402;24529;1481524439;18
4697;22135;1481531073;14
2174;9427;1481522086;6
3727;3390;1481521562;12
4521;26262;1481528374;16
25401;27094;1481515528;16
8115;5853;1481524122;10
17863;9878;1481519949;16
9341;353;1481532295;16
22431;2793;1481521161;2
23663;16294;1481521736;16
10636;8933;1481533128;12
10348;9364;1481537685;14
5418;11692;1481540325;2
17579;8935;1481548809;2
11089;7269;1481534099;18
17421;20338;1481517873;4
10823;6652;1481549961;4
10996;356;1481527026;6
21221;4316;1481532804;2
12560;19319;1481527879;8
1916;6560;1481518934;8
5782;5038;1481525628;6
3915;19272;1481512147;6
9566;6985;1481519421;16
16929;3955;1481545567;6
26032;20137;1481542028;14
5890;21279;1481547285;18
22494;10988;1481532874;12
9433;3009;1481542418;2
23857;8399;1481540899;10
14638;6533;1481514160;14
20576;5041;1481540949;6
4730;1026;1481544960;14
427;5243;1481532101;10
12362;5296;1481519585;2
411;5049;1481531036;6
8922;9758;1481525440;4
10028;22535;1481513307;18
5102;14272;1481519070;16
1070;17517;1481530109;16
21711;13947;1481522854;14
10711;27289;1481526621;2
8364;19303;1481535367;14
8301;12139;1481512087;6
2963;3853;1481543672;6
12403;8927;1481531643;16
24997;3586;1481540601;16
24687;6167;1481528549;6
7267;20636;1481531669;2
10508;4692;1481539230;4
5641;3269;1481547974;12
7627;23855;1481515484;2
7077;25467;1481523219;16
11255;23086;1481539257;14
5730;1605;1481518284;12
23340;20740;1481548490;18
12310;5389;1481524068;2
10527;6417;1481522442;10
14585;9469;1481511334;4
18845;13003;1481524626;4
20688;8333;1481518618;10
168;9309;1481512225;8
1454;11396;1481530439;12
18946;8574;1481527212;12
21484;5100;1481515326;10
5689;7512;1481526712;10
9837;2755;1481515062;10
25340;8976;1481512420;18
1451;6645;1481509568;16
4528;9609;1481527806;8
9216;22934;1481532701;14
17389;10876;1481513905;16
11622;1814;1481510410;12
106;22135;1481540929;12
5919;9764;1481512154;14
7937;10010;1481539768;2
5611;2033;1481524515;8
26473;5121;1481510840;8
8120;7110;1481516829;18
12156;6357;1481542619;14
27522;26310;1481526789;16
10504;8953;1481521327;6
1610;1731;1481549563;18
4644;17795;1481537119;16
22161;9411;1481525012;8
6344;17601;1481511010;12
26329;8893;1481527234;12
232;12308;1481510956;10
23886;7463;1481513969;2
1195;8405;1481517949;6
10256;1384;1481540815;4
353;6200;1481537644;12
7012;23152;1481533402;16
25547;9218;1481523917;16
15745;15731;1481518385;18
1918;312;1481525470;2
10486;6996;1481522036;12
19971;8429;1481518162;16
16827;6662;1481523335;12
9665;18879;1481515894;6
17783;8539;1481511704;8
11211;7490;1481524597;8
5508;22536;1481519876;6
14193;1206;1481523979;6
1181;3546;1481536832;12
14134;27389;1481514301;8
6025;12405;1481535002;6
15129;8367;1481517861;2
5404;20123;1481510026;14
18193;12308;1481532376;2
14660;11941;1481514452;16
25285;4219;1481539510;12
15222;7208;1481546378;2
26034;15703;1481511496;16
23056;255;1481526386;4
22266;20539;1481543740;8
1275;5025;1481535854;2
88;1918;1481525067;14
12354;7973;1481520690;2
124;23001;1481531855;6
1122;19311;1481515058;8
27268;2833;1481548158;4
18344;2766;1481538275;18
8278;13940;1481517051;12
17297;5089;1481540402;16
3953;7812;1481526238;18
1764;11014;1481516363;14
8738;24279;1481510208;2
8877;1031;1481509721;10
1129;6681;1481510623;8
8575;2141;1481526717;12
13806;6949;1481513096;16
9765;22921;1481519242;8
15407;6799;1481547770;10
11150;9840;1481547692;6
19599;7482;1481527361;6
5808;6274;1481531096;4
9416;245;1481542312;4
9544;1660;1481521462;6
27008;6782;1481539564;10
6107;10576;1481532322;8
12644;27178;1481529097;2
6149;23056;1481547816;4
7609;9;1481521267;4
14132;9502;1481533886;8
4705;20948;1481512669;8
10659;20852;1481524641;6
19508;3971;1481534623;8
23750;8687;1481536899;10
7999;8349;1481525698;2
4281;8511;1481518934;14
6123;11757;1481543865;14
17299;18857;1481535514;12
9896;12121;1481530505;16
1683;8399;1481509974;16
983;4850;1481540246;6
11824;10354;1481531749;18
24126;8581;1481509696;14
5960;22959;1481511946;12
5507;998;1481538813;10
15352;11780;1481526909;18
5469;22313;1481549777;14
1371;10764;1481531564;4
8410;27464;1481527651;14
5972;19992;1481523886;2
17413;24349;1481521875;6
19082;4294;1481547079;16
4263;22272;1481521118;14
13822;11102;1481544555;12
18846;25442;1481522004;8
20928;21442;1481546393;6
23761;8518;1481520453;6
5693;14167;1481523402;6
2987;15480;1481535336;6
6818;14117;1481522931;18
21365;10493;1481546502;2
8588;1449;1481550864;12
11109;319;1481541563;16
24937;14793;1481517213;8
3944;20999;1481547464;14
18874;15303;1481545343;8
27327;913;1481546529;6
17921;9834;1481526186;6
16037;4759;1481525172;18
27416;15739;1481528851;10
951;6583;1481514433;4
11916;20126;1481538866;10
4963;10633;1481519023;4
8172;5843;1481537133;6
12161;9;1481517548;6
3969;9279;1481543695;4
7236;10229;1481530690;2
10268;9447;1481529133;6
8367;26166;1481511848;2
1915;20967;1481529836;14
10114;23366;1481511574;16
16803;258;1481535214;8
9602;988;1481526571;14
1744;10360;1481521758;18
5939;1107;1481522403;16
13679;3396;1481549758;4
27197;20480;1481525436;10
10464;21360;1481544456;18
9216;17440;1481521055;8
3023;22313;1481526782;18
10878;7577;1481548317;18
11920;6168;1481511568;12
12786;12045;1481518988;6
9253;10551;1481550560;4
20628;6193;1481547504;10
8399;2881;1481535719;12
17583;6921;1481520849;10
2931;5428;1481517706;8
9758;6767;1481535430;18
4675;10510;1481518648;2
23805;4677;1481511423;6
20299;8414;1481534098;12
6698;7392;1481511872;18
17893;5981;1481543839;18
6140;24932;1481516782;8
6396;5989;1481526431;8
20931;11245;1481539448;16
9674;21842;1481523406;2
2126;8916;1481531952;8
9540;22532;1481522491;18
19510;5868;1481542148;8
14906;9451;1481534128;16
9529;3585;1481521541;4
4205;25425;1481528149;16
14548;19714;1481548535;16
23748;27178;1481542241;10
71;7512;1481529092;8
9748;20137;1481542132;14
5089;6698;1481532365;16
5707;7766;1481522678;4
23536;8906;1481522121;16
24842;9635;1481531879;18
2132;16138;1481530792;12
25024;1483;1481537176;18
5245;15223;1481530325;4
21719;7021;1481536494;14
21814;2772;1481530299;12
11743;2761;1481517776;18
10782;5739;1481521719;16
6420;7169;1481521139;4
24357;1842;1481510380;2
10247;5898;1481529526;14
2413;7208;1481527017;14
3352;19581;1481524566;8
8295;7946;1481523839;16
11085;8413;1481522164;18
2382;4056;1481536449;10
8134;8450;1481533419;18
9561;17444;1481536264;14
280;5730;1481540843;8
4918;15103;1481534459;10
21069;11110;1481544885;16
84;5431;1481537010;8
19763;126;1481532923;8
4325;18155;1481535212;12
1084;1426;1481529060;4
5082;23543;1481539844;16
11376;5006;1481517295;2
23355;7556;1481541498;14
12283;9361;1481529388;4
13202;2420;1481511113;10
14203;6925;1481529819;8
3392;17190;1481512433;2
16097;21228;1481525958;16
26317;18889;1481513651;6
6924;9915;1481518897;2
13796;13003;1481544946;6
1135;3901;1481526106;18
7287;23532;1481535922;4
22;7786;1481520732;2
21481;7437;1481527111;14
2984;2279;1481530966;14
7043;420;1481539221;6
8899;19074;1481528937;2
19813;2020;1481527543;4
8917;7896;1481541434;8
24481;2345;1481524828;14
21443;20138;1481528439;2
17430;8599;1481527852;8
27451;17278;1481533951;14
8430;1431;1481517085;12
8249;2784;1481537175;8
13177;1456;1481524263;14
4012;21279;1481545112;14
32;25041;1481550349;18
9396;3085;1481512151;18
3681;9994;1481544683;8
3258;11063;1481548767;8
1086;299;1481510419;12
26314;4337;1481523603;2
5746;24671;1481543703;6
20406;5045;1481516580;12
27377;11384;1481534520;12
3906;2766;1481510702;16
20926;23448;1481527397;2
9247;10355;1481540967;12
19813;4576;1481522004;6
17460;5276;1481550601;12
11015;10213;1481519541;10
14572;19599;1481527490;12
7806;10332;1481547422;14
18818;20773;1481548665;18
1314;13889;1481530286;2
6548;969;1481528766;2
4994;9829;1481521423;2
13977;20138;1481514243;14
11099;8548;1481524293;18
10821;21292;1481549689;4
4354;8657;1481521158;16
6870;1017;1481550701;18
5706;10683;1481523949;2
9059;12073;1481527387;6
24283;16314;1481513660;16
14977;23543;1481536880;12
18188;179;1481539092;4
5857;21231;1481519916;12
12237;19837;1481535311;18
5936;428;1481550114;16
11787;20365;1481518211;4
4034;1577;1481547426;4
10576;1523;1481525116;10
8971;622;1481538824;12
7640;10596;1481541604;18
414;12062;1481511370;16
7079;10638;1481521143;6
27;16789;1481543370;2
12305;10103;1481527506;6
15736;22531;1481526257;18
15212;27056;1481532827;16
18805;22942;1481515124;6
13899;3739;1481545184;4
15991;10001;1481535007;2
8640;12219;1481512065;6
12600;8406;1481541970;12
20330;25369;1481541023;6
20049;20927;1481531578;2
1201;8195;1481540154;16
16937;8864;1481513474;18
5018;10594;1481550209;6
21221;12921;1481526843;16
18819;6935;1481537805;18
24750;1079;1481542035;16
22315;1796;1481550214;16
19984;5913;1481540490;4
17253;7975;1481526221;4
4759;6994;1481538090;14
19306;14152;1481537234;2
7190;6574;1481517940;14
7550;27380;1481547382;14
8695;8552;1481528979;14
10203;17042;1481536851;12
17465;17800;1481512104;12
10363;1522;1481515132;18
8939;6275;1481524954;14
10312;12101;1481548804;2
3682;5121;1481527510;8
5017;4286;1481513758;14
5243;12153;1481550404;4
12309;6290;1481535793;8
12799;5989;1481548495;2
9737;27136;1481510207;14
1836;4187;1481538609;12
3257;13890;1481539083;18
10469;14580;1481544918;2
4808;11392;1481525365;8
2799;6251;1481520904;8
8967;27324;1481543075;10
1286;211;1481547462;8
23449;20045;1481536664;12
22179;7873;1481530743;6
20118;11790;1481525423;4
941;11790;1481533110;6
1424;21465;1481545226;2
17511;17377;1481550424;2
7915;12869;1481514584;16
8754;83;1481512060;16
10415;11849;1481530836;16
14577;6396;1481509986;16
10029;9421;1481536469;2
23346;18822;1481516390;4
8277;3730;1481512899;6
7399;23488;1481510848;12
6404;5723;1481518445;2
909;15306;1481523402;14
13911;4182;1481532797;14
8896;4654;1481533673;12
100;5040;1481539592;6
1041;18859;1481530218;4
11898;17168;1481511218;2
11952;17578;1481541065;2
16872;1516;1481525091;6
13942;11233;1481524897;4
13851;27335;1481534492;6
6255;5405;1481537282;10
4312;8416;1481540959;16
8529;16297;1481510045;6
4857;1252;1481547788;4
2138;16351;1481523268;10
6808;3086;1481529838;8
289;9454;1481526494;10
9133;15299;1481512688;16
18837;2276;1481539953;2
24679;24986;1481546669;8
17048;10785;1481534825;4
4723;8129;1481534616;10
6022;13461;1481524858;14
14258;17045;1481533007;2
9301;1927;1481520850;8
16130;5628;1481538682;16
5613;13209;1481549162;10
5877;3936;1481509971;16
8499;1510;1481536200;4
20853;5392;1481519609;14
7482;7455;1481547798;4
14498;18046;1481523120;2
8310;22270;1481545337;8
8555;1448;1481546379;8
17302;9900;1481540717;8
3584;11034;1481526493;10
23098;8449;1481517529;18
6125;3743;1481530017;2
1352;15351;1481513808;16
6471;22526;1481523803;10
3162;6353;1481545153;12
7186;4923;1481525348;18
3588;2806;1481512798;2
9959;25342;1481520783;6
14182;24714;1481522039;16
5830;9286;1481529152;18
371;27539;1481532537;2
9899;12731;1481550809;6
4037;7265;1481530955;4
27202;11953;1481534533;6
4838;3467;1481547141;18
7452;27285;1481539549;12
6159;2376;1481544443;12
9306;10328;1481529214;6
1899;12398;1481529490;10
21809;18212;1481544225;6
6324;19558;1481523701;8
6920;16849;1481542158;6
15368;8397;1481521405;14
1357;4299;1481523823;18
895;20931;1481517979;16
9246;4516;1481523871;10
11022;19984;1481534809;4
3534;9567;1481545277;2
12352;9484;1481537609;6
8529;1090;1481533347;14
11692;27486;1481524176;2
885;2725;1481547891;6
3266;19791;1481510802;2
310;18085;1481550947;14
12655;7679;1481525187;10
12016;18904;1481546972;12
6806;1247;1481548772;16
6722;26032;1481544178;10
12764;5119;1481510977;14
15933;3387;1481515087;4
24668;12646;1481544599;18
6482;25288;1481527469;16
7686;24701;1481524596;4
12798;14194;1481511863;14
14166;5098;1481535921;6
18868;20588;1481516751;14
8379;15107;1481510015;18
24327;18247;1481549355;8
4994;1225;1481541863;8
5430;15239;1481546494;12
5919;6647;1481520767;8
15999;184;1481521817;6
6409;11985;1481523262;18
5880;18805;1481519099;14
19805;1355;1481516026;6
6985;1279;1481527020;2
14872;8889;1481524097;8
24282;10207;1481524550;14
7049;4177;1481539445;8
1023;17901;1481535995;10
23032;21808;1481525853;18
6651;7441;1481542138;16
8899;15162;1481526919;12
23640;4262;1481550903;16
1899;9211;1481522443;18
13679;8297;1481540122;8
7590;431;1481518254;16
4692;3717;1481543323;4
12869;20007;1481534357;14
23858;5528;1481512751;6
15933;5429;1481534569;8
6544;21370;1481538234;14
27188;20928;1481516224;6
6326;6251;1481535985;6
3372;23468;1481547710;18
19831;2271;1481514344;18
11213;1883;1481515041;2
8656;16318;1481544497;16
2753;7170;1481545860;16
19092;8509;1481522052;16
14495;23867;1481516822;18
9636;7172;1481527577;8
5384;7475;1481532536;12
1493;1569;1481546436;12
186;17389;1481515322;8
2371;6222;1481514949;16
6864;10374;1481510073;16
4056;8507;1481521128;14
10089;5259;1481523611;4
6654;15097;1481532467;4
6183;27230;1481522530;2
27033;26314;1481525124;10
6931;6431;1481532562;18
6357;7833;1481547600;16
11415;1092;1481540985;18
18843;10465;1481520921;4
3264;7297;1481546266;8
18850;11085;1481530223;16
3629;26049;1481509796;2
7008;15223;1481523765;4
12069;2980;1481535121;14
5517;9743;1481525984;12
12631;417;1481541047;10
12295;153;1481524097;2
7840;2335;1481527837;4
17262;19741;1481550108;14
19986;359;1481529616;10
7351;17033;1481527926;16
10305;25168;1481511394;2
8137;15324;1481531098;16
10846;13821;1481511580;2
17183;8463;1481525499;10
9152;14496;1481528433;4
23621;9685;1481511154;16
22447;4264;1481542369;4
6589;19303;1481540019;4
5942;3127;1481547708;12
24971;26112;1481535702;14
11110;10090;1481530871;6
8553;4694;1481537982;2
9333;971;1481549246;8
20959;19790;1481518364;12
26260;26083;1481535575;6
14538;7051;1481544060;4
7293;17289;1481516167;10
6858;10207;1481532121;6
4042;14874;1481540931;18
26;8815;1481516045;16
4955;4641;1481523553;4
16884;6524;1481547826;2
14202;24128;1481519075;10
10535;12710;1481509572;14
6455;21799;1481520047;2
19984;1168;1481534645;10
6365;23000;1481521087;14
3540;4859;1481513781;18
19432;1052;1481539528;6
27134;25516;1481545584;8
8430;9239;1481521185;14
10799;9214;1481511491;4
19050;7988;1481516282;14
4974;25081;1481534914;6
10781;25286;1481535925;6
21403;7710;1481542870;12
20683;27476;1481543006;10
101;11792;1481524213;6
24962;7851;1481528329;6
4892;6631;1481533994;4
14909;13822;1481511054;8
12696;27059;1481549992;6
3930;11267;1481525455;16
5402;1912;1481545973;8
4361;17362;1481527090;2
14578;9114;1481550030;8
6840;3771;1481532112;16
14981;17404;1481525433;4
16915;15017;1481542121;8
10720;24955;1481542688;10
6157;9187;1481512405;12
11635;1213;1481529665;4
1970;13186;1481516647;12
4853;23728;1481523695;8
105;24126;1481527470;6
6013;9785;1481536656;2
15990;20526;1481527461;10
6532;7695;1481550705;2
6636;14641;1481526314;10
5695;24954;1481525818;16
3728;6295;1481539871;8
5294;27101;1481524192;4
24061;4215;1481528430;2
1345;12012;1481549407;6
19062;11090;1481547449;2
18892;2771;1481543163;18
5652;8837;1481513200;2
1274;12793;1481524082;6
11416;9748;1481512119;16
12055;103;1481516246;16
426;8397;1481523158;10
10507;13872;1481519729;10
27422;24733;1481531178;10
19582;23652;1481520876;2
13808;16836;1481547525;14
4507;8511;1481538700;14
16928;5776;1481518068;2
8359;24250;1481535430;18
27188;8468;1481528892;10
14661;25508;1481535567;14
3931;1019;1481539567;2
1143;20681;1481535951;10
6284;21486;1481523888;4
27131;11948;1481513302;18
1882;21316;1481519564;2
19925;21069;1481520882;2
6145;19058;1481531304;2
12760;986;1481536957;6
23180;339;1481525386;6
24442;21382;1481548287;8
1730;14904;1481520233;8
20946;14964;1481546111;18
25193;6118;1481525226;2
17791;19074;1481526928;16
20932;4569;1481536992;18
9789;2524;1481525218;16
24749;62;1481536074;12
9423;2291;1481550087;4
19749;23789;1481544955;16
14259;1319;1481538891;12
14580;6144;1481538859;8
3936;7391;1481530656;10
12420;17284;1481550996;10
13200;11855;1481520864;16
13771;26161;1481548280;14
14040;3127;1481513398;4
10120;24981;1481538427;6
5279;19224;1481525177;12
1886;88;1481535318;16
9001;5893;1481532487;16
27330;25411;1481517815;16
7643;8412;1481512468;10
4523;23538;1481525965;10
8520;23142;1481537062;6
38;7339;1481509696;8
2948;5401;1481550001;2
21461;8902;1481548685;12
10046;14880;1481543499;4
12355;10852;1481536300;14
348;15249;1481512035;6
1175;4517;1481531592;8
17351;6959;1481538747;12
14803;6203;1481550514;14
13496;7093;1481539304;4
8600;2326;1481511889;2
7558;3501;1481548735;6
4850;20656;1481539360;4
12398;20408;1481526520;6
311;16709;1481517168;4
25507;21297;1481548115;16
19758;24457;1481510028;6
21490;23651;1481533850;12
7190;249;1481546242;12
22498;20239;1481521186;14
17418;1215;1481524425;18
11041;5046;1481523904;6
27452;6520;1481537201;4
1853;17566;1481513337;4
19284;3697;1481533491;14
7889;25541;1481544294;4
1121;4862;1481519159;14
2411;10996;1481515091;6
22642;1449;1481512194;16
27382;6259;1481542621;16
4320;2284;1481542216;2
8929;21216;1481533046;2
99;17414;1481545713;18
4568;9520;1481550221;2
7300;3694;1481521896;2
5870;7683;1481512044;8
8050;16033;1481521807;4
12809;23159;1481550754;4
1111;26313;1481549744;10
17278;2294;1481515599;18
27296;10021;1481539740;16
23468;7967;1481540955;16
1246;14923;1481528329;16
3163;16177;1481513777;12
1866;16880;1481523364;18
4600;9951;1481526916;12
7862;5989;1481515231;14
10492;12178;1481531830;14
25430;12318;1481547671;10
25386;5842;1481528060;4
4925;12146;1481549673;6
25073;3568;1481528518;10
12283;1625;1481514178;18
2322;15992;1481524025;10
2788;6541;1481510306;6
8120;25044;1481534824;12
5602;18150;1481545787;4
9685;6988;1481511986;8
7588;4897;1481547327;6
8847;9282;1481525159;10
6697;20687;1481516402;10
11687;5640;1481526017;14
14254;1251;1481521084;10
3726;1576;1481514638;4
15321;6990;1481541714;10
25383;7271;1481534602;12
337;4925;1481549351;14
4217;1372;1481535291;10
7962;5944;1481518793;6
24977;10562;1481512481;18
3402;21462;1481512880;12
9840;23087;1481527659;6
7433;15403;1481521544;14
20418;17253;1481509687;4
14622;5817;1481544620;2
10332;1497;1481531737;12
5898;21473;1481540189;6
21719;8251;1481518553;12
17845;12096;1481548800;6
12764;1194;1481540961;8
11800;22182;1481546824;8
21069;11952;1481524680;2
20455;17046;1481535874;6
17539;8834;1481536849;6
7189;25390;1481540900;14
1869;2811;1481549350;2
7597;3370;1481527678;2
20928;7698;1481523961;16
15764;5105;1481519318;12
1489;11803;1481535714;8
15491;5983;1481520186;10
4920;4776;1481527146;8
9521;4045;1481513371;10
24572;6405;1481540717;4
23548;14188;1481514660;16
7161;8017;1481533717;4
23319;6314;1481511307;4
12762;11955;1481521277;6
981;12631;1481512455;6
7259;4660;1481548895;2
10876;10647;1481523962;18
6114;2747;1481546218;18
6716;14263;1481549189;6
17397;5406;1481523378;2
14614;8560;1481524682;18
7865;8035;1481537668;16
19042;14001;1481535527;16
7400;14137;1481529992;12
6543;5920;1481530533;6
27541;1581;1481547131;2
10598;9854;1481529950;14
11070;4896;1481539125;6
11746;22651;1481521205;14
210;17169;1481524438;4
14973;1282;1481523023;8
1686;24087;1481531520;8
5346;7865;1481515854;16
20919;7090;1481520118;6
17515;27036;1481523370;10
31;19805;1481538640;12
25062;11946;1481549695;12
12760;5760;1481518402;2
185;3379;1481541177;18
9988;2728;1481533547;14
8886;25178;1481522702;16
4959;22871;1481529003;18
24446;6400;1481512009;12
5997;3779;1481526659;16
11862;1269;1481536235;18
187;1032;1481540462;12
9778;2326;1481523130;16
1922;1653;1481526346;14
23538;20395;1481538153;14
10316;10537;1481545823;14
19269;11404;1481538742;2
9769;14901;1481529283;12
2142;5352;1481550099;14
6548;373;1481515099;16
7465;6170;1481536514;14
18963;5073;1481549232;16
8504;18050;1481538116;6
17455;12317;1481522668;18
7836;18964;1481513598;2
6580;21483;1481547619;18
20301;23054;1481528626;14
2817;10423;1481515788;16
7938;13777;1481509820;4
6534;10523;1481545257;10
15312;4347;1481512704;4
8763;24480;1481536320;4
15249;9522;1481538310;16
25393;19916;1481540599;16
20066;10714;1481539486;18
13900;1265;1481526598;16
11414;6877;1481550373;2
9973;25342;1481522454;4
3610;12233;1481526429;2
5040;7023;1481530089;4
921;6725;1481511489;18
23971;11107;1481531989;16
20080;1185;1481531176;14
25034;1158;1481545624;4
7895;6867;1481522400;4
14133;12649;1481527357;8
13820;27427;1481524961;16
25382;9959;1481537280;14
17036;5969;1481532585;10
9525;18332;1481517799;12
2644;11060;1481540291;8
24532;1348;1481517877;2
20127;20010;1481511030;18
16933;5896;1481513795;4
19859;1813;1481516037;16
84;10195;1481517013;18
5737;4578;1481544968;4
21442;1677;1481519663;8
17887;20685;1481533380;12
1599;1690;1481521607;18
18910;7265;1481546504;4
1641;12360;1481539541;10
5396;13970;1481544393;14
7477;1333;1481547405;18
3262;4027;1481538326;2
18872;11056;1481532889;14
1151;20157;1481534541;18
9854;1150;1481533124;6
313;4826;1481534519;14
9160;16783;1481533878;16
2139;24744;1481549949;18
11253;23152;1481527575;16
3467;19883;1481538954;2
6764;24666;1481550219;14
11051;10907;1481529687;4
5977;1515;1481531717;4
10906;9808;1481521567;16
23896;13131;1481521533;14
12766;24430;1481520546;10
4976;18114;1481520630;8
17405;7021;1481526493;4
8781;7675;1481546358;14
3736;21462;1481524730;6
4806;3154;1481518755;10
22648;1500;1481545453;14
9433;2024;1481534755;8
4230;8435;1481542094;14
18764;2768;1481520970;14
19273;26104;1481544626;6
15349;17396;1481514992;12
23003;4253;1481533420;12
8518;19763;1481536888;4
9790;15298;1481514137;8
6673;8567;1481544457;10
1705;27291;1481512886;10
8445;6209;1481535038;2
12311;7999;1481518558;2
2159;6888;1481521148;2
4573;14574;1481544638;18
1604;7960;1481531292;14
23330;15452;1481528663;6
26304;10809;1481515793;12
19825;7146;1481523815;4
8750;6302;1481541843;2
13559;923;1481514564;2
10706;11897;1481522907;14
4902;6629;1481536778;16
12358;7607;1481524060;6
10354;22613;1481517602;2
5514;8513;1481549851;16
10419;7137;1481515389;4
6571;20036;1481530760;16
15492;17160;1481519316;16
27174;14779;1481519532;6
195;3467;1481534357;14
11763;4010;1481518716;2
18878;10513;1481533292;4
1801;12226;1481547718;10
20413;10773;1481547115;18
17250;14564;1481514625;6
7052;2155;1481542686;14
5384;8561;1481518268;2
11951;18901;1481518049;2
26330;1984;1481530345;10
17264;4911;1481524165;18
1705;10218;1481533153;14
21228;14810;1481549024;4
10190;9672;1481547135;14
4812;7777;1481526604;6
6271;8451;1481534663;4
354;14648;1481550398;10
9552;1843;1481532138;12
27488;2889;1481527350;10
16303;9356;1481549228;8
17507;19878;1481516852;4
4569;16139;1481512727;14
20398;9713;1481545780;12
245;3973;1481535307;6
16890;3513;1481531045;16
442;18312;1481548358;12
27195;9836;1481548763;8
19916;2010;1481530256;16
10681;15781;1481544804;12
15241;22938;1481522921;6
25261;10648;1481523015;10
15222;19956;1481520293;4
17870;9277;1481544494;4
11076;6575;1481520146;12
23507;60;1481536763;18
3953;13941;1481530167;4
20414;979;1481545616;4
6268;435;1481515117;4
4751;1848;1481544850;14
27509;8334;1481514640;8
10113;4332;1481521745;12
8251;15763;1481516087;18
23634;12027;1481530329;10
6452;6171;1481529740;2
10007;1771;1481516568;4
1433;10874;1481520581;10
12913;4334;1481538998;10
11405;17241;1481542093;16
11720;12583;1481525893;18
6390;6429;1481549916;10
1198;6024;1481534598;16
95;8564;1481535909;8
1424;26159;1481518433;4
23885;21490;1481514631;10
8151;12120;1481520119;14
3954;4951;1481549901;10
8328;3376;1481514038;8
9494;11132;1481521798;6
20573;22540;1481510874;4
9773;251;1481517255;12
1178;1279;1481537801;6
4245;7325;1481531464;16
5748;23114;1481521707;16
2635;16935;1481527855;2
7071;164;1481539066;12
17242;20369;1481544379;12
26318;22958;1481539444;6
6548;23167;1481547873;2
15336;6767;1481545715;14
8895;22962;1481540145;18
10352;2032;1481544107;16
4218;7874;1481530987;14
2115;1232;1481528741;8
12707;9309;1481550217;6
1590;6893;1481517376;14
17306;14651;1481533853;8
13677;27008;1481525102;8
26070;9057;1481537124;14
24283;7436;1481511060;6
16197;14435;1481537581;16
18905;12246;1481513909;14
8502;9670;1481547872;6
693;3264;1481517008;12
3854;5399;1481517442;18
407;10214;1481549046;8
27098;14800;1481511142;18
3395;8573;1481520629;12
27095;11140;1481539381;8
11097;1747;1481518366;18
4859;25172;1481546902;8
7078;10908;1481547346;18
9845;3022;1481521589;18
6010;2369;1481546600;10
9432;2427;1481550715;14
1165;9546;1481530150;10
6218;20103;1481515569;6
9340;7273;1481534834;12
10469;2293;1481533264;14
5805;3738;1481549196;2
23517;1513;1481533411;8
6622;18247;1481545917;12
8308;317;1481550761;12
16126;4627;1481516929;2
4814;17449;1481514305;16
6571;19320;1481540312;6
11909;7960;1481538918;2
19594;6574;1481514485;18
3071;1004;1481516103;14
7763;20044;1481524445;4
1851;368;1481532013;8
5260;8938;1481512756;2
27099;10089;1481525484;12
24669;7044;1481532805;6
5645;27095;1481519788;12
4959;10795;1481537260;2
7617;20133;1481533327;16
18191;20036;1481547409;16
17880;16129;1481531776;18
19496;4774;1481530553;6
19915;17481;1481551125;2
137;6378;1481534651;10
366;14920;1481525722;2
4214;14451;1481536767;12
365;6806;1481535205;18
3612;20014;1481535652;12
27165;11241;1481541873;18
27376;10272;1481515859;6
20120;15014;1481524733;2
5918;5110;1481531236;10
2025;10606;1481517284;6
11385;6121;1481515380;6
20404;1147;1481524617;18
15735;19093;1481515295;12
8351;22452;1481522595;12
26082;9841;1481533882;16
16129;200;1481521367;14
9750;10680;1481537335;12
21499;22972;1481516895;2
14654;6019;1481546985;16
4926;23891;1481516913;14
14433;3617;1481536950;6
11041;27125;1481537892;2
9794;6643;1481526752;8
7406;10684;1481521107;4
17552;9885;1481534155;16
19285;23327;1481513982;4
17757;10804;1481546208;6
24355;8445;1481518901;12
8251;1265;1481542259;4
2131;1445;1481528630;8
4020;11908;1481519511;4
8694;16819;1481536274;6
8194;5614;1481515890;2
12887;13215;1481519229;18
13822;8538;1481521630;16
9764;8884;1481513144;4
7425;20431;1481531546;4
1071;1001;1481524783;10
8972;16649;1481517319;16
9371;18052;1481541127;14
194;18880;1481527019;6
23052;22995;1481537773;8
22297;20535;1481533788;10
13241;3575;1481539476;14
11854;13011;1481535532;6
5108;6260;1481540996;18
11129;23620;1481548925;14
3924;23650;1481549515;16
13560;8282;1481540897;18
27543;4026;1481515148;6
2866;20151;1481529673;18
17143;19530;1481522744;6
19852;14918;1481513911;18
7330;15009;1481528528;12
1412;12945;1481535285;12
17025;17414;1481544830;8
1590;26107;1481521267;16
6245;7513;1481547556;14
4046;2745;1481527957;4
14799;6521;1481514181;16
196;18885;1481526415;4
227;15932;1481518412;2
1023;6968;1481548737;8
18328;319;1481540954;6
7536;92;1481535043;18
3978;24700;1481545562;8
4210;6775;1481523248;6
27379;12920;1481511820;18
5677;7881;1481530181;10
21452;19800;1481547147;4
566;1880;1481547256;14
10028;20530;1481533894;8
10251;14950;1481529575;8
2283;5759;1481537942;18
6007;21002;1481520168;2
8089;6581;1481534674;14
11911;23755;1481516732;6
5418;17792;1481517547;4
1918;11132;1481550087;18
7564;20943;1481518118;4
6578;6783;1481515644;16
25532;11416;1481549713;6
7571;5922;1481542305;8
18890;14189;1481544760;16
10509;9813;1481541040;18
5713;7356;1481544295;4
6495;4677;1481522629;18
4781;18846;1481535219;14
6195;20541;1481526865;2
1692;27035;1481531050;2
1259;12099;1481538131;18
20645;24258;1481540660;2
6975;15421;1481535747;14
17291;22647;1481514683;14
4850;2371;1481541323;6
17151;4563;1481524857;2
2122;18191;1481522296;14
8161;3641;1481526165;6
10238;26;1481542133;2
13910;23060;1481530859;10
1899;8560;1481540194;6
12002;5612;1481545850;18
25363;8839;1481515727;12
27009;1951;1481529567;14
14439;5768;1481521670;4
4864;9947;1481530582;10
22577;16914;1481530326;6
12121;12645;1481521581;18
9440;25449;1481519224;2
4359;14272;1481547834;8
6135;15520;1481527003;4
16039;2817;1481538296;12
3574;12120;1481519090;6
1294;12138;1481518220;10
10221;7498;1481547078;2
23048;27157;1481517822;12
13677;7059;1481512673;6
21722;11763;1481517057;6
2809;9987;1481542604;6
14643;8835;1481542093;10
11410;6524;1481541065;10
7809;15352;1481538191;4
8633;16813;1481514992;6
1200;20480;1481536090;18
1294;10888;1481550802;4
14120;2138;1481542676;4
1208;12073;1481520737;16
9985;3946;1481543372;8
27174;14554;1481532459;14
27425;14633;1481534604;14
66;9660;1481535514;12
8153;3080;1481540858;16
25706;291;1481525663;4
1986;18809;1481522152;14
5004;11907;1481518972;10
8165;12698;1481510801;4
27087;25443;1481539681;8
2120;8542;1481528324;4
5742;3974;1481519954;14
3155;370;1481528488;6
4321;13914;1481542065;4
10990;9454;1481516012;12
14988;9185;1481527309;4
23467;10379;1481510008;14
3015;8303;1481521966;10
2127;1560;1481537074;2
27550;19948;1481532986;14
7138;7818;1481515378;18
8432;14570;1481537182;14
24939;6501;1481527883;2
4733;6690;1481520092;8
1348;7613;1481530717;8
6652;3746;1481521669;16
9764;5040;1481523826;16
24480;11949;1481547255;10
12652;20132;1481522950;8
20947;26280;1481525656;6
5492;10459;1481536750;4
9470;23467;1481531054;6
6429;23526;1481510016;8
5886;27336;1481510744;12
13786;19454;1481513118;14
7190;10796;1481526724;18
14803;13080;1481536110;6
6930;7086;1481545403;12
15788;7977;1481550634;8
3749;8231;1481538402;8
5485;11009;1481540536;14
1349;17421;1481518968;2
8538;5522;1481532185;14
324;16203;1481538018;12
6576;27200;1481517993;12
10332;9845;1481530744;8
5768;3937;1481524329;4
7165;6437;1481550488;6
71;879;1481531918;14
4677;9679;1481534887;6
24662;1552;1481528450;12
15354;17312;1481539576;16
6660;17422;1481533351;16
1773;11106;1481536354;18
1148;988;1481547130;12
20302;4944;1481550863;8
19287;9415;1481535461;14
3047;3559;1481544819;10
20066;983;1481540676;18
12427;1699;1481539516;18
13948;1143;1481513869;14
6632;12292;1481537645;10
10810;27030;1481519619;8
3584;27554;1481529465;6
372;4850;1481509920;8
145;19944;1481529667;12
1185;13861;1481511859;8
1308;15215;1481537213;18
19966;6228;1481521507;8
20048;4011;1481549939;6
7639;9899;1481543441;2
13028;13817;1481515011;10
8549;5976;1481526637;14
5712;5699;1481531979;4
1156;3382;1481530871;2
326;4187;1481538846;8
10617;3268;1481511811;14
7036;16008;1481509859;10
3934;1036;1481514753;10
2908;189;1481522455;10
1932;22615;1481530480;16
359;1816;1481520175;8
26469;10320;1481536849;10
5957;14123;1481548078;14
15011;21729;1481519006;2
8828;5924;1481542737;2
10359;24984;1481523878;16
4979;22506;1481518656;14
3278;14622;1481521772;6
12287;14952;1481534249;12
20012;19804;1481520198;4
4516;4655;1481511224;6
9426;230;1481521987;6
14437;6515;1481548123;14
14699;63;1481540996;18
5885;16197;1481525390;12
10537;7335;1481550209;4
14665;17488;1481537642;6
12013;6891;1481545435;12
27482;18131;1481534043;18
11015;4215;1481532059;6
9713;2826;1481537056;6
3698;21069;1481528887;14
25140;10243;1481546477;4
18819;9306;1481534964;8
20340;895;1481540438;16
2395;10685;1481531565;12
27097;14143;1481513020;10
8337;19507;1481521961;18
1512;13856;1481536611;14
6215;5547;1481524217;12
22444;11149;1481535843;14
11210;7899;1481519670;6
13798;23330;1481545848;10
15987;3161;1481527346;4
10498;1048;1481516434;14
1035;21315;1481549556;12
23001;3968;1481525405;6
12115;6273;1481523408;8
23737;1556;1481546316;10
6642;8599;1481530160;12
11223;11685;1481516968;18
8827;20740;1481537635;18
11955;11127;1481518752;14
4920;12070;1481533539;8
10796;11951;1481521093;6
8479;9423;1481529986;6
20325;19506;1481536191;8
22179;5907;1481514726;14
2395;11250;1481531732;2
12156;25067;1481527882;12
2527;15785;1481540017;18
20679;22147;1481536678;4
8376;7270;1481509829;18
1023;1922;1481519077;14
17579;27489;1481548740;6
4762;10025;1481515776;10
7404;20713;1481520666;18
14795;1493;1481524960;12
16880;3788;1481514854;10
8579;25167;1481520759;8
7036;19060;1481511850;14
6464;10601;1481525923;18
12360;4699;1481545031;16
22503;19547;1481518503;16
6588;2126;1481512342;2
8318;13821;1481519230;12
6539;6383;1481544437;8
23618;9473;1481528104;18
8279;19423;1481549801;18
8573;1021;1481516418;2
10618;15781;1481524841;10
21298;19791;1481534984;4
8448;7318;1481537649;12
20959;11856;1481512339;16
2346;8738;1481522509;6
20786;13785;1481516054;18
8018;23858;1481537303;8
10288;8873;1481531611;4
25025;11799;1481512139;6
12148;24984;1481542479;18
988;1218;1481532900;16
977;4765;1481519903;10
20921;2376;1481517813;4
14554;2274;1481548843;6
11905;6317;1481531562;10
4686;23624;1481544882;8
4822;7626;1481512131;12
27016;11130;1481538341;16
25176;22550;1481516938;14
33;253;1481550776;8
26244;10384;1481534990;16
4831;1365;1481546045;4
20980;11955;1481520047;16
12407;15994;1481543383;18
17413;9448;1481525137;14
23142;3591;1481541876;6
3546;8532;1481546867;2
10064;9980;1481518600;12
8827;3939;1481521871;14
2349;11800;1481528466;10
5414;27002;1481510080;4
20463;15103;1481511754;2
20089;19233;1481516975;14
12311;3925;1481543322;14
23536;27482;1481529436;8
2751;25179;1481510770;10
13343;2164;1481524399;14
25378;11626;1481528903;16
14133;18910;1481517581;8
14132;12798;1481523142;8
12181;3377;1481522937;18
12091;18328;1481532597;2
12226;7029;1481522583;2
5840;26219;1481543268;12
7317;21318;1481522366;2
6713;27406;1481529823;18
17183;7624;1481538820;6
6572;1068;1481515217;18
10328;6688;1481521805;2
17334;13187;1481525999;16
10835;16799;1481540269;10
20143;14511;1481519568;4
8142;13863;1481534247;2
15391;22871;1481533613;6
2985;25541;1481517295;4
4751;9317;1481517935;10
12022;22964;1481528298;14
1309;21042;1481539157;6
5004;16849;1481532181;12
19897;7867;1481513883;16
2980;897;1481530710;16
17395;24925;1481543197;4
183;12816;1481519563;12
17430;8555;1481544603;10
8966;20996;1481511461;10
10636;5329;1481517590;16
7764;10738;1481518534;12
20052;19860;1481542820;18
15761;27481;1481511442;10
23117;8353;1481538223;2
3395;1906;1481525108;18
19594;10185;1481514542;2
10497;6419;1481542895;4
6114;10189;1481526106;6
8130;6233;1481528370;6
6880;6502;1481543372;8
10996;10879;1481514984;18
24679;7395;1481520363;8
3992;2121;1481511497;14
16122;19712;1481534131;4
10928;6857;1481535671;18
1007;2821;1481511470;12
5976;22626;1481540317;10
20953;11622;1481547779;12
20367;18764;1481540494;12
1200;6541;1481535709;4
8802;24279;1481510003;16
9064;17435;1481517794;6
6021;1580;1481525925;8
2418;1719;1481543856;12
27398;4844;1481542614;8
10694;3279;1481539508;12
435;1633;1481533032;10
7934;6437;1481546937;16
6467;5731;1481510764;6
9310;10103;1481534112;16
164;15739;1481534273;12
5904;18841;1481540700;6
9413;25492;1481530261;6
23787;21844;1481531188;16
13973;6554;1481516620;18
10259;7501;1481536606;2
7092;9415;1481512705;10
12023;8581;1481531423;16
19955;11623;1481526606;10
4501;4188;1481549713;14
1801;1346;1481546177;8
9319;3164;1481510740;12
26034;19054;1481515410;10
1595;20481;1481522573;18
22307;17287;1481535875;6
13972;10829;1481538107;4
19296;6194;1481548807;6
10103;2372;1481531787;14
10915;13892;1481549604;8
20153;22971;1481526607;8
6971;5862;1481541071;4
14269;10668;1481522787;16
7364;13904;1481512133;2
1372;10706;1481536676;10
1549;10045;1481526051;10
2162;1268;1481516216;2
14917;4175;1481524973;2
12046;19967;1481518899;8
17351;11;1481540860;6
17435;6806;1481521600;2
8872;15787;1481519802;10
8655;8466;1481519161;14
27059;17022;1481535472;6
10910;10311;1481518089;2
12713;6671;1481541205;18
15746;1324;1481539867;8
27384;19088;1481531054;2
8332;11811;1481526031;8
10235;8296;1481519034;2
4786;6607;1481540890;14
4874;19753;1481542447;4
12188;23740;1481531454;12
5127;27040;1481510136;2
3637;235;1481530647;14
7627;1191;1481530809;14
10064;10424;1481520710;18
25057;1449;1481531748;16
17526;11111;1481549101;14
15431;6264;1481543617;8
3461;24061;1481519473;14
6534;21719;1481514482;18
17537;7332;1481547826;4
11258;1289;1481543742;18
9220;1934;1481521652;2
26471;11112;1481538332;2
8476;2279;1481543649;10
24928;7582;1481509726;8
16034;1728;1481516447;2
12063;1327;1481543614;14
17262;1641;1481511116;8
22577;7972;1481527135;10
11146;7524;1481525653;16
27481;10913;1481550307;4
4926;3941;1481535782;8
9105;11668;1481512979;16
19559;17376;1481524894;16
12101;7686;1481515362;18
1116;3918;1481517844;12
9743;20890;1481522722;4
9569;12427;1481548906;12
1192;4199;1481520937;8
5913;20693;1481535537;10
18181;7872;1481520938;12
10915;5243;1481543154;8
3016;913;1481533204;18
3975;1958;1481513608;10
9279;7278;1481509604;18
14108;10524;1481534563;10
23010;21300;1481544372;16
8001;13999;1481541489;2
10492;15470;1481540058;8
27156;27335;1481538782;14
15305;4746;1481525824;6
9105;3982;1481524354;18
3973;9951;1481522034;2
11743;6852;1481521999;2
11051;4857;1481510706;12
20310;4783;1481515281;2
3086;19944;1481546695;6
15103;291;1481523956;4
14199;14002;1481543704;2
5805;5723;1481532465;14
26309;5640;1481547047;18
21268;15460;1481539933;8
18180;12368;1481510711;16
24529;12294;1481542046;10
17;5388;1481518529;14
18874;9112;1481525678;14
9;8446;1481512917;16
4675;11758;1481549882;18
12118;24355;1481546543;2
3014;7864;1481536383;16
7875;10821;1481545504;16
25044;1329;1481546552;6
8343;10921;1481528058;8
8567;1236;1481523109;2
24681;24501;1481516170;8
27470;5730;1481510961;14
14925;4954;1481532767;8
6634;4851;1481528679;12
12092;15517;1481531992;4
11406;11636;1481533279;10
5120;5032;1481513619;12
11100;9522;1481544920;10
3544;37;1481520899;2
5402;12867;1481530031;16
15224;7062;1481525897;8
20153;17485;1481532408;6
19960;5969;1481536809;2
7524;25261;1481549729;2
19873;23621;1481535373;12
17031;11916;1481518834;12
4576;6193;1481538517;6
27443;9062;1481536052;12
10121;15129;1481522883;8
1501;21259;1481532445;16
5414;1934;1481509913;12
25166;15326;1481532986;12
12583;27488;1481517154;10
14656;4503;1481521812;12
22272;17135;1481516829;6
14878;407;1481520211;14
14981;21500;1481547488;4
4858;9861;1481550740;16
4361;27448;1481532316;8
20335;27452;1481517098;4
7586;11416;1481516178;10
20063;408;1481541706;6
7252;2640;1481511346;8
27005;6226;1481540479;8
6927;8473;1481516507;14
10081;4707;1481526998;6
208;6670;1481512000;16
5249;8644;1481527368;2
14118;6559;1481514801;4
14437;23085;1481514645;8
14138;5845;1481549481;2
20085;9241;1481516812;4
26266;24396;1481530255;4
58;20534;1481528683;4
16098;1144;1481538583;18
25412;2526;1481539789;14
1006;20131;1481513275;14
19506;24691;1481522914;6
16873;25043;1481526764;6
6304;3706;1481535813;16
26074;8537;1481511800;4
12407;10434;1481525006;10
10413;8690;1481523355;14
3990;7402;1481512187;4
26476;16852;1481514101;16
6420;15216;1481518867;10
16836;21228;1481531913;12
9025;9064;1481544328;18
6692;6926;1481547224;12
25083;24668;1481539127;6
7874;4306;1481533246;16
23049;8174;1481516380;18
9832;1381;1481529874;2
7788;9159;1481528842;18
27296;145;1481526393;18
14631;4548;1481543993;14
71;20485;1481549022;18
13188;4710;1481533290;6
14115;1571;1481548855;14
18040;1120;1481543507;18
1862;9009;1481549200;8
11089;9255;1481512881;6
336;22468;1481534420;16
9341;11884;1481510949;2
5518;12784;1481527020;10
19965;4021;1481511731;8
23467;9272;1481540050;10
7138;12072;1481550453;18
20128;23740;1481522311;16
7791;6158;1481521539;16
10175;21504;1481543579;12
13884;14641;1481528685;2
26029;4104;1481510215;12
4662;13777;1481515383;18
4222;17292;1481536812;10
20981;6611;1481532337;16
27262;6641;1481543273;16
10416;9310;1481548424;18
4958;24748;1481528759;10
23447;9538;1481545857;4
394;3146;1481517071;12
6364;13871;1481524787;4
23741;15996;1481512504;16
1107;9296;1481520836;16
20936;427;1481519535;12
20959;9951;1481537894;16
8744;5782;1481524973;18
13973;3259;1481513187;14
5266;13855;1481518050;6
8296;21382;1481530906;2
5108;9539;1481541900;14
4105;26395;1481515523;2
8234;3637;1481509813;4
4882;18312;1481536224;18
6358;13216;1481528375;10
6925;6520;1481545234;4
7159;4523;1481527953;4
16864;321;1481547538;18
3155;22938;1481535599;6
19873;8279;1481541255;6
11723;14106;1481546384;18
2015;16033;1481545613;16
14106;19776;1481517805;6
8738;8935;1481523931;12
7470;8279;1481521487;10
7482;27159;1481522063;10
7460;8353;1481528031;2
17379;20153;1481510766;14
2730;3559;1481528445;10
11222;19028;1481535446;2
12653;19039;1481516371;10
3394;10922;1481520474;2
76;16889;1481513851;8
1422;9822;1481515607;18
304;15452;1481550144;12
1907;14186;1481534542;8
5435;13876;1481530998;4
20525;10686;1481517201;2
9319;11625;1481525674;8
1641;7581;1481525150;14
4528;1099;1481545353;6
23864;27019;1481538752;8
21758;13974;1481549849;2
6781;12813;1481524774;8
15478;8655;1481535613;2
6946;4624;1481524451;12
27263;22538;1481533763;6
19510;16800;1481530274;4
22487;18839;1481539134;2
3630;10473;1481532395;10
10066;18436;1481523523;16
10215;11395;1481513472;4
5866;14879;1481514611;10
1010;4969;1481513416;10
19076;11759;1481550576;8
15985;19956;1481522380;8
16862;15786;1481543788;10
67;1094;1481534540;4
3598;10655;1481534750;4
20292;19883;1481510949;6
5412;1973;1481516331;8
26184;12773;1481521820;12
1313;6826;1481514084;14
9974;9508;1481546724;12
8977;26184;1481546276;16
405;19068;1481540630;4
9255;23063;1481519507;12
10526;19777;1481531617;18
3289;14108;1481541594;8
8756;24986;1481533905;10
5842;23543;1481546378;16
11761;1585;1481513401;12
1592;15926;1481548226;4
26307;9661;1481519782;8
19549;7144;1481519799;12
19235;21839;1481528120;18
17331;5083;1481529328;12
11614;9995;1481530106;6
10415;10268;1481517365;2
20122;402;1481534205;18
25065;6539;1481543193;12
1290;24470;1481535924;18
20404;19528;1481542866;12
12577;7452;1481527993;4
3246;2839;1481537912;4
26155;5267;1481541651;10
23695;1033;1481550680;18
425;2413;1481550520;8
11202;4354;1481532656;18
168;12013;1481520041;6
27481;17413;1481519208;8
26145;20153;1481539629;8
7353;20928;1481511888;4
118;17440;1481528452;6
24174;7400;1481523059;4
9955;6316;1481522644;10
6705;25062;1481526088;16
10880;20454;1481534150;6
21415;14240;1481510926;12
18804;20359;1481542534;14
21377;3619;1481538575;6
14700;5388;1481536996;2
1699;6378;1481511997;2
10606;6642;1481529626;8
8274;27269;1481525542;2
18114;9790;1481545419;16
10191;8291;1481519767;16
3952;20132;1481537217;4
19921;6143;1481551104;8
2013;24457;1481515480;6
11253;20292;1481521515;6
2982;5372;1481511269;4
25382;4038;1481530284;6
14690;8016;1481513932;18
17444;19276;1481520574;6
11993;1426;1481537057;4
1040;16124;1481535690;14
6599;1289;1481543318;10
4993;7911;1481530371;12
22933;19850;1481520799;8
2609;23056;1481512100;12
2166;5976;1481518882;12
23020;1140;1481544354;14
1376;7318;1481518447;16
8900;9670;1481539543;16
8922;9196;1481546769;2
9964;1491;1481530191;2
14654;20575;1481530651;16
5895;14796;1481543037;8
8133;5951;1481528666;10
8044;6105;1481527455;12
21300;1490;1481550517;6
26185;5547;1481511781;4
4706;21398;1481542073;2
2737;11135;1481531510;10
23521;4357;1481526016;10
6483;15129;1481521802;10
14403;22624;1481547908;16
15786;7550;1481547032;16
13758;5006;1481544631;4
10281;15104;1481523285;8
19726;16049;1481519415;4
6933;17883;1481513579;16
25371;23751;1481544239;18
12794;15356;1481514714;14
3069;19308;1481535119;16
10549;7283;1481521210;4
410;24714;1481515977;18
7004;15450;1481532951;12
1312;20147;1481538709;2
8166;5747;1481541853;16
22179;3290;1481534475;8
2768;4316;1481527198;16
12731;13296;1481536432;4
18837;8094;1481511763;6
3927;7514;1481550457;16
4875;11414;1481548720;8
5;3065;1481549126;16
5413;7641;1481534059;12
4732;332;1481519071;14
9065;26071;1481546429;16
4777;24745;1481539324;12
7361;6482;1481548385;2
19272;25169;1481548104;10
12143;23180;1481520029;8
12140;1776;1481542820;12
13079;25004;1481515993;18
8172;23152;1481520639;2
11395;8591;1481515849;8
17270;14585;1481513828;4
23048;24924;1481539462;18
9759;4921;1481509960;16
1379;13822;1481531092;4
14885;15309;1481530545;16
23742;2350;1481542744;12
2162;2423;1481548462;16
2771;7468;1481518042;12
8409;17584;1481513022;8
6777;9749;1481542319;4
9665;15783;1481512632;6
2158;4311;1481530619;4
23016;20996;1481510294;12
3951;9414;1481526578;6
1449;3419;1481543172;4
7583;6000;1481511328;8
15987;8985;1481542696;12
8164;8749;1481517301;16
25468;5952;1481543705;6
1517;16050;1481532606;8
14585;16902;1481542468;12
25166;1351;1481540266;2
16864;11388;1481532886;18
2380;16819;1481537237;12
7264;6205;1481526430;14
24659;8094;1481549641;18
19495;24924;1481529140;2
12140;8954;1481541256;18
20444;4682;1481510358;6
3460;6933;1481533015;14
22453;11485;1481518474;6
26035;14935;1481548690;14
1380;11714;1481526614;6
8118;8109;1481512435;4
915;22993;1481539620;8
16827;25001;1481515995;8
18894;342;1481530378;4
1637;21092;1481538671;12
23789;26098;1481516342;4
83;21283;1481525463;2
11841;19296;1481545997;2
6349;3076;1481521752;12
7620;20679;1481549739;4
7371;10273;1481545867;6
27102;4673;1481516445;16
19951;6441;1481549125;14
14803;1874;1481514883;6
15482;10672;1481533023;6
14981;24164;1481528446;10
20006;5775;1481532209;2
9948;4671;1481548336;10
21837;25012;1481544469;18
7910;3274;1481513022;6
8580;6178;1481544298;18
8086;11394;1481541320;12
14657;10367;1481518329;10
17034;10738;1481546252;6
13189;11959;1481537218;8
6807;361;1481538748;8
22579;5612;1481509545;4
27522;1246;1481529705;2
14806;8388;1481517775;2
5422;25002;1481510064;18
16887;27104;1481551103;18
6455;4303;1481528692;10
973;11997;1481521095;14
1070;21802;1481522907;2
9570;7608;1481526136;14
6357;23002;1481541811;14
4748;1111;1481513106;14
6151;6643;1481525881;4
13984;10591;1481537471;18
16177;2321;1481536644;4
5257;14934;1481512255;4
22270;2837;1481517596;12
8929;27333;1481534901;4
19873;13772;1481539417;12
6364;7889;1481546053;14
20123;21370;1481535201;12
27179;17923;1481537208;2
24136;4806;1481525118;18
4041;210;1481525788;8
9455;241;1481511027;10
7276;6198;1481524198;4
17449;26049;1481525382;2
5724;4739;1481522888;12
1433;1230;1481524276;16
5845;4323;1481544787;14
3748;9792;1481549428;18
8685;14164;1481538752;12
233;14893;1481543213;2
9647;20627;1481540284;18
5688;25059;1481539212;8
6632;18882;1481540817;6
11384;12187;1481524281;12
27313;9792;1481531457;18
6725;8982;1481544383;10
4039;3422;1481519270;4
14185;27486;1481546642;6
9761;4240;1481544030;6
17274;1878;1481522164;6
8379;7817;1481545755;18
23050;22298;1481539563;6
7612;336;1481520236;14
9077;2337;1481512724;12
10288;24327;1481526753;16
4539;9448;1481539575;10
7328;8560;1481530967;18
9794;17484;1481511135;10
12614;1389;1481542414;8
9465;1385;1481533105;10
5720;1002;1481539733;16
12237;18323;1481515954;18
2032;8379;1481533224;14
3598;23854;1481520046;4
8387;15303;1481542332;4
5723;224;1481544741;14
8939;7964;1481534659;14
10639;15766;1481538361;6
3060;5353;1481540912;18
3468;20290;1481526155;18
10846;5901;1481518725;16
10191;4574;1481528782;16
1074;23696;1481525262;12
27510;11636;1481545162;4
875;281;1481528729;18
8568;1571;1481528556;12
20689;20082;1481524866;2
10714;4927;1481536646;10
27197;12309;1481515010;8
1889;6380;1481525657;16
8645;11747;1481522308;18
1121;17402;1481532137;4
5747;6785;1481514055;8
12083;4230;1481535319;18
3939;22479;1481526528;6
1049;27010;1481549300;2
19779;7058;1481541763;12
8922;939;1481514718;8
19279;9026;1481510672;8
9894;17252;1481513789;12
15934;3986;1481541900;14
24952;14703;1481523512;2
3395;15301;1481524045;2
4005;5727;1481547899;12
6868;7388;1481541464;4
27101;27423;1481528615;2
9242;12581;1481514097;4
4593;23729;1481515738;6
17458;27051;1481542416;10
7482;10003;1481526087;12
6812;8491;1481534649;18
18046;14901;1481544868;4
6585;22135;1481543704;18
8919;21801;1481549646;14
1201;7700;1481550155;14
278;8408;1481521215;14
10543;15483;1481531646;12
17414;17211;1481533434;4
3116;17031;1481535417;12
20789;2353;1481510986;18
8535;340;1481513712;6
10022;21403;1481532691;2
14906;14701;1481537014;2
319;5041;1481539706;16
8373;1909;1481543209;4
8398;27444;1481531399;8
7399;20952;1481541558;2
25042;24658;1481545468;4
6803;14124;1481521552;12
11131;23004;1481536692;8
2998;14557;1481523479;18
4930;6614;1481520686;2
5960;1695;1481543040;4
7834;8905;1481511537;10
9356;8983;1481549241;18
6249;15533;1481546012;16
10929;10105;1481525959;16
11396;6986;1481527113;6
23141;17532;1481547198;10
26038;20153;1481547884;10
5119;10470;1481512430;18
25162;27282;1481550003;2
27004;17601;1481522367;12
23123;5892;1481540912;4
9847;1362;1481541879;10
13726;19739;1481546836;10
2526;10211;1481513308;14
13803;8927;1481534867;12
3065;17053;1481532037;10
9467;27028;1481536254;4
1286;16041;1481547683;8
4266;25159;1481543685;8
19069;11176;1481548938;10
20423;2729;1481511671;2
8334;11000;1481545504;16
15029;4285;1481510818;8
22607;2373;1481528982;18
24927;4329;1481534861;10
5374;13924;1481519590;12
1439;17527;1481537754;14
25399;10226;1481542956;4
11790;23534;1481538681;8
15083;12239;1481518685;10
25402;19878;1481514018;12
8912;10215;1481545204;16
4035;5876;1481522342;18
2833;26139;1481535086;10
6380;17577;1481533370;14
22135;4951;1481511758;12
25049;10291;1481516477;14
5040;10033;1481542448;4
15307;5499;1481540391;8
17261;8239;1481516476;18
10909;15918;1481532806;12
14980;8386;1481542860;10
20113;5898;1481531919;6
20081;18804;1481545584;4
23337;15009;1481531596;14
23168;11225;1481548065;8
6622;7627;1481523939;16
17568;27378;1481511550;2
8533;13259;1481544174;8
5501;885;1481531435;8
27282;10659;1481511820;8
12311;24445;1481541526;16
11128;258;1481525894;2
3983;13781;1481517460;8
24062;1148;1481542996;16
9552;8696;1481529920;10
13802;17412;1481517378;12
13775;8021;1481536936;18
19788;4865;1481531507;16
30;9342;1481537382;6
17878;3888;1481511277;10
12585;20520;1481512339;2
27266;22921;1481509706;4
6809;10541;1481512333;6
3776;24964;1481542422;12
11054;18814;1481510395;8
22492;5036;1481521897;10
5937;4864;1481543115;16
13774;10670;1481512890;18
14629;20103;1481550279;6
297;3757;1481544178;18
25405;1407;1481532361;16
15304;24749;1481537575;8
8452;17334;1481527938;14
8342;8742;1481521518;12
9179;14821;1481542758;16
1427;19573;1481517707;12
4214;1352;1481517215;6
8357;2016;1481518826;8
25059;5080;1481511572;10
21367;22313;1481528585;2
7062;17500;1481523893;10
27206;2281;1481518117;10
4539;9842;1481525773;14
10694;1923;1481528641;18
17847;5104;1481540529;8
13226;24762;1481545300;10
6893;6932;1481546511;18
266;1435;1481523867;10
1422;22626;1481519041;8
23162;10773;1481534573;18
9990;2954;1481549681;6
7278;9887;1481540782;12
25518;10385;1481532844;12
17133;27289;1481521333;4
2777;8486;1481512193;10
6472;8957;1481536656;2
24425;1533;1481547028;14
6550;10547;1481532559;10
6136;8276;1481521161;6
5822;6141;1481534195;18
21491;8394;1481525200;16
26166;8118;1481532205;14
4330;17536;1481548364;18
10780;27013;1481533764;14
363;3;1481512701;6
9546;14040;1481538345;18
20949;10614;1481510901;4
20392;1103;1481529769;16
10930;6544;1481527482;2
3578;4901;1481545758;10
16808;2125;1481547607;8
12352;9998;1481520191;10
11392;5782;1481525539;4
17782;8827;1481542580;6
5247;4911;1481537118;18
8359;1082;1481523610;6
6411;6529;1481534761;4
1884;15071;1481517816;14
17475;3997;1481516002;8
19595;9498;1481527323;10
37;1313;1481526806;14
14002;22988;1481534610;18
4801;13929;1481525408;14
1744;11029;1481509996;14
18173;11602;1481545152;2
1889;10717;1481516377;2
9008;1628;1481531184;8
9651;3713;1481549903;6
10683;17280;1481530910;10
7939;18245;1481549392;16
23187;19425;1481511538;8
24743;9411;1481521152;14
10222;6522;1481544421;16
23854;3276;1481526740;8
6694;3691;1481548253;16
1200;2824;1481537272;10
9109;3070;1481513759;14
18906;9246;1481531600;4
12627;12920;1481513826;4
1645;6634;1481519175;8
11997;19888;1481534513;14
27159;6576;1481515997;4
20011;8322;1481518829;18
6832;7646;1481550407;12
2749;11778;1481525325;16
1571;9547;1481543145;4
1065;210;1481537963;12
1619;24281;1481524697;12
1955;9977;1481530521;12
2982;14701;1481509950;8
3164;7369;1481519003;4
7036;8910;1481541549;14
17258;19062;1481534852;18
27158;7148;1481534900;4
13902;15231;1481540687;4
5264;17290;1481524298;12
14554;10683;1481524483;14
20971;6684;1481510121;10
10916;1700;1481536400;14
440;20369;1481523137;16
15346;12288;1481524944;4
6003;10623;1481530865;16
13888;23014;1481539180;4
14910;1886;1481545662;14
9801;22432;1481526926;6
12418;14164;1481542524;4
24469;3047;1481511524;14
9305;9403;1481516382;10
4735;14780;1481540059;2
2643;4958;1481516046;8
21451;13972;1481519213;2
1983;2748;1481533717;16
8251;19598;1481522548;12
1259;3756;1481541436;16
2979;6153;1481514953;4
11787;4610;1481518232;2
11596;22312;1481523542;14
3757;25054;1481515570;16
1539;1601;1481534629;18
5106;22542;1481545282;2
5277;20484;1481535431;2
10926;101;1481512235;2
5852;19897;1481518572;4
25400;7610;1481516380;2
4694;3616;1481514455;6
14581;1708;1481549940;14
4969;11920;1481518616;2
4753;6332;1481543669;8
18416;1600;1481547840;18
24648;2796;1481530504;6
4345;24511;1481517851;8
12121;24724;1481543555;14
943;2173;1481543285;18
22163;1896;1481531439;16
164;14207;1481535496;4
4867;20244;1481525115;14
27397;15072;1481530998;6
1215;6631;1481526190;18
19817;13863;1481547963;18
17377;6194;1481539067;4
5915;5121;1481530063;4
19226;1590;1481517887;2
7884;1745;1481523438;14
13079;7111;1481530632;8
25184;16017;1481510014;8
23885;5698;1481534764;12
10564;1006;1481543029;12
6859;19759;1481528199;10
9820;22141;1481528231;2
19284;8299;1481547878;12
7686;1431;1481530076;2
103;9505;1481539079;14
9536;8945;1481534659;2
10241;14252;1481537963;14
18342;7577;1481514638;14
10416;1492;1481523365;16
9671;14648;1481519730;18
20544;5873;1481518110;12
12713;8480;1481527429;10
16874;399;1481528501;8
7568;15114;1481548312;4
15085;14196;1481539209;2
599;10193;1481541936;10
15377;7933;1481528149;6
1135;17173;1481542371;12
27328;1278;1481549749;12
17004;6301;1481536605;8
19235;1794;1481531156;14
8371;20606;1481516143;16
4184;17270;1481532701;12
10185;7621;1481534444;8
4583;12291;1481542700;8
24481;16191;1481541579;12
5960;15090;1481542515;10
4578;2635;1481538918;8
9879;1746;1481523399;18
7075;22585;1481511932;12
6992;10231;1481520203;16
12013;7031;1481550675;2
324;5301;1481538207;2
14906;6686;1481550479;18
9390;19917;1481550310;8
10925;1610;1481551074;18
17287;17420;1481518214;2
1060;5330;1481528015;14
5018;1125;1481516508;10
27135;118;1481515464;6
27390;10722;1481538941;18
4797;20947;1481511471;10
16121;6203;1481540117;8
19938;21400;1481540289;14
8864;23858;1481516497;8
19932;9801;1481521430;4
23466;11409;1481515483;4
5531;8015;1481536051;10
2791;17566;1481521435;4
11614;6351;1481530338;8
25367;9873;1481536542;12
22988;8656;1481541336;6
279;15075;1481521380;8
8302;18091;1481548504;16
8386;13004;1481516181;16
1628;10464;1481538719;2
23542;6477;1481515394;4
6238;22942;1481550248;14
27311;7364;1481529465;14
1925;6723;1481511352;2
21223;20409;1481520879;12
13818;27328;1481531466;6
3219;3690;1481532075;2
9527;11269;1481542169;16
25063;25159;1481510796;16
1208;9848;1481528358;16
17471;7290;1481526796;10
22648;1932;1481546274;4
7998;5418;1481525155;16
22957;25517;1481546945;16
17283;18818;1481550073;6
11156;6817;1481519980;8
21322;13950;1481541039;6
17255;27187;1481529275;4
19302;6810;1481526154;12
17586;5012;1481539479;14
20586;4945;1481530131;10
18912;27555;1481525561;18
17015;424;1481535855;10
15253;7836;1481529818;10
11788;25077;1481540130;10
10027;38;1481526260;10
9182;10326;1481538254;4
10549;407;1481518456;8
9981;14229;1481527712;18
15072;11945;1481523111;16
4859;27281;1481532583;10
230;6805;1481542267;10
5126;7859;1481527925;4
23807;10638;1481544458;2
3025;19078;1481550623;14
12297;945;1481514333;12
27048;16120;1481531716;12
933;22451;1481525571;8
16141;7265;1481549065;2
4522;10123;1481514533;2
18332;24375;1481534536;8
3290;10206;1481525436;12
3463;2816;1481524723;10
20048;21717;1481541298;2
9997;11944;1481540069;8
1303;2146;1481542049;10
3855;19737;1481524609;8
27286;4233;1481544177;4
6146;3609;1481521187;8
6004;3605;1481540547;18
8517;8414;1481518544;6
16807;11483;1481525789;4
1647;8682;1481549290;18
10044;21283;1481521343;8
10420;1334;1481519670;8
10388;14900;1481526994;14
5631;23037;1481515675;14
10354;5479;1481522525;16
10683;6646;1481519121;16
6936;4883;1481546019;12
1850;7772;1481548910;6
10109;9192;1481532996;16
15476;3248;1481516706;16
20920;5826;1481547085;2
19756;6789;1481524208;8
27282;25425;1481547504;4
27055;7962;1481536398;12
6768;4315;1481534434;2
6224;3428;1481528391;18
12781;4552;1481544971;12
9357;21222;1481549489;14
2755;9894;1481545998;10
13903;4957;1481520042;8
13461;7612;1481532676;14
1989;1206;1481521548;18
5264;1439;1481542297;10
4198;4219;1481531623;16
25533;11601;1481527222;10
23016;14696;1481528152;12
27337;10025;1481521786;6
9101;2173;1481548066;14
5845;10835;1481517079;10
21463;241;1481513910;4
10685;3609;1481524109;18
11485;5548;1481520963;2
1124;24357;1481518693;8
6008;283;1481521660;6
16336;22995;1481509919;4
8553;22939;1481550936;10
20359;16982;1481522664;6
9645;17516;1481543063;18
10562;4760;1481531048;2
14259;8541;1481549211;6
6237;1281;1481512065;16
1811;11948;1481517642;8
5975;15339;1481548286;2
6114;9773;1481529195;14
8682;23;1481531181;6
9188;4664;1481528938;8
11158;1142;1481528204;12
1051;4360;1481540114;10
1380;10728;1481527945;10
25447;6879;1481520235;18
18399;9280;1481532222;14
11797;8014;1481542452;6
1739;21403;1481512175;4
8867;17420;1481540411;4
3330;6971;1481520188;8
19818;1705;1481546848;6
6778;4185;1481544310;10
3374;14858;1481540888;14
23786;6770;1481531128;14
12559;10806;1481521871;18
2320;1235;1481528013;10
8743;27521;1481536198;4
11958;10826;1481538958;6
9209;7797;1481534444;10
13798;7712;1481533141;12
23142;17467;1481536505;8
6944;14626;1481528896;10
15301;9000;1481511782;16
27017;13758;1481529202;2
17474;189;1481509728;12
1800;7905;1481539334;2
20327;21295;1481517013;2
13620;23663;1481549750;18
10001;7189;1481539153;18
23059;20973;1481514612;4
1258;9737;1481526327;2
13124;24745;1481545498;18
8425;27482;1481530276;8
14141;7397;1481527684;2
22927;5869;1481519715;6
22626;4264;1481546694;18
8574;4685;1481535960;16
8447;22147;1481539912;10
10795;19914;1481519553;4
12731;4739;1481543088;10
1156;21921;1481530919;10
282;19069;1481510294;6
7371;3996;1481527643;14
95;1558;1481531127;12
8281;1905;1481525493;18
137;8882;1481541817;12
16295;9867;1481527464;4
23060;11985;1481519317;8
20895;2426;1481524258;18
23852;7799;1481513563;2
9212;21230;1481534876;4
12162;9209;1481518286;8
9491;23805;1481541730;10
23066;6501;1481538475;16
14863;10727;1481539188;16
15752;5426;1481536343;18
6532;9846;1481534727;6
4918;5810;1481511202;2
11714;10361;1481533089;6
8747;18201;1481521421;10
1099;1556;1481544644;16
3956;18260;1481526749;10
24745;4857;1481542379;18
8799;12398;1481538040;2
4298;10894;1481533029;10
6789;18871;1481531052;6
20370;21446;1481521564;4
10009;10100;1481538722;18
20974;14857;1481509971;12
7441;20547;1481531512;4
20414;10694;1481541592;18
18511;9666;1481527944;12
15306;11884;1481538941;6
21267;4627;1481511074;18
25327;21722;1481523644;16
5758;3377;1481541000;2
26219;25283;1481512464;12
8436;22613;1481539074;14
7182;23662;1481521203;6
16100;1175;1481510837;4
1410;3690;1481550619;2
17294;11591;1481536160;10
1266;6164;1481516342;12
4347;8022;1481522655;14
15745;7325;1481545416;10
9188;10508;1481511772;18
4877;18763;1481536706;14
1048;27202;1481511183;18
4207;7268;1481517963;8
1322;12096;1481545299;12
10264;2844;1481537458;14
14872;9106;1481544823;14
3398;18175;1481526312;2
24176;2998;1481539743;12
16885;1369;1481517705;14
18810;3274;1481521315;18
20084;10243;1481509827;12
9511;12407;1481524622;12
8417;18321;1481527678;6
23757;1678;1481532531;14
8974;1394;1481538514;12
8506;5928;1481535516;14
7157;19487;1481510193;18
3146;17485;1481547581;8
20987;26315;1481536220;6
3287;10163;1481517968;2
6318;18166;1481546269;8
13803;1876;1481517096;10
24058;1499;1481545414;8
11952;79;1481521990;10
20591;8643;1481536726;12
23665;10562;1481533553;12
15033;22452;1481525142;16
9649;21086;1481547645;10
24063;4023;1481519718;18
8403;2280;1481535406;6
9323;1515;1481525692;12
7556;19476;1481511903;16
8516;1976;1481522189;12
18349;20907;1481550821;6
3594;7768;1481541349;2
1419;27174;1481517294;16
7617;11622;1481547865;6
6004;19834;1481534344;12
11392;14167;1481509835;14
14874;10594;1481547035;8
1017;24277;1481546448;6
17456;22456;1481543319;10
9361;198;1481511923;10
4923;3125;1481519729;18
976;3467;1481542337;2
8691;15746;1481536542;8
1392;16132;1481514842;6
1701;14796;1481539783;6
20446;23066;1481531300;18
432;4038;1481524738;18
155;5486;1481512955;14
9737;27546;1481534873;4
25051;5083;1481527973;8
2807;1919;1481530738;14
7893;24445;1481509686;10
10309;11797;1481512858;16
1878;3776;1481509552;16
2793;21299;1481532926;10
14712;990;1481528964;6
20684;7394;1481545232;8
21316;6193;1481550083;8
18102;19806;1481549316;14
6934;5264;1481550066;2
16802;10007;1481540834;12
5276;7645;1481526463;10
17528;19776;1481529730;10
313;3291;1481539145;4
370;18190;1481519804;2
6123;975;1481523804;16
1772;6031;1481533300;14
5276;10004;1481533553;6
23665;11751;1481550206;2
7396;9668;1481529838;14
19775;7008;1481522973;12
12318;27485;1481537296;8
6575;6970;1481536391;10
9870;20090;1481547833;12
9363;19851;1481531202;6
10774;27374;1481523300;14
3512;18821;1481515008;6
23646;20339;1481516806;6
6105;3918;1481547849;12
6781;4996;1481516605;2
137;298;1481528682;8
2320;7491;1481548332;12
24142;20521;1481527863;12
16927;1075;1481514756;8
27554;3623;1481520005;16
6500;20084;1481533893;18
7888;11501;1481546253;16
7046;5843;1481547818;12
21268;14196;1481542938;16
5083;27459;1481525453;6
11394;5;1481514818;18
4272;17009;1481511539;12
130;11615;1481526958;16
6201;12088;1481522419;18
13188;4299;1481545237;18
22613;7451;1481512708;18
12117;20546;1481542279;6
11250;6970;1481524277;4
3086;4568;1481550235;4
21383;2348;1481534345;8
15375;4825;1481518606;8
12944;1597;1481516246;12
560;21722;1481538486;14
4930;20138;1481528968;10
11729;27061;1481532292;12
1432;5600;1481511389;2
10263;4527;1481515133;4
14905;17384;1481520677;8
1881;5105;1481535336;10
4728;5642;1481550050;4
4263;9769;1481516151;6
6120;27408;1481534615;4
15009;10749;1481519212;10
27389;24370;1481543080;14
14996;9413;1481519926;18
16910;11042;1481543193;14
6207;15467;1481518265;2
14908;6315;1481543462;14
20369;20602;1481532492;8
12286;12871;1481538243;2
22578;1052;1481513055;8
17550;9761;1481531223;6
11482;18914;1481510396;8
15161;20083;1481515136;10
9527;19842;1481525121;4
23121;3271;1481521977;10
20114;9664;1481531522;6
4191;7167;1481523641;16
2892;18901;1481525478;10
15433;11635;1481550989;4
19865;1263;1481515184;14
25384;27036;1481510189;10
20135;5083;1481525491;8
25004;11605;1481522065;18
12328;12712;1481543274;14
9952;4894;1481520296;2
19859;10231;1481544980;6
17462;17879;1481522609;6
22462;8991;1481547262;6
4587;5122;1481527309;8
3268;6136;1481537478;12
6646;4504;1481533207;16
17464;7557;1481533355;18
11957;67;1481517187;10
22577;22483;1481529227;4
8782;15298;1481537904;2
997;11178;1481514001;14
6194;7983;1481510390;14
290;20521;1481513342;12
6262;5638;1481513271;10
11107;2159;1481529109;2
11944;3324;1481542289;16
20588;8893;1481514293;12
8393;21378;1481521497;18
17849;10785;1481523816;2
22579;23262;1481525293;18
3747;20602;1481541660;14
7265;9005;1481541177;8
4812;274;1481547836;14
17425;27005;1481518976;14
10075;13870;1481547387;10
10251;8989;1481534431;4
12762;21399;1481513073;8
6937;19091;1481514637;12
14048;25088;1481542115;10
2278;5474;1481519403;2
18150;9278;1481528233;2
17533;4019;1481533557;14
15237;8541;1481516405;4
18782;23813;1481511994;14
1124;9149;1481509855;18
2012;18805;1481542797;10
27261;27311;1481540584;14
1301;8949;1481539161;2
3690;5082;1481537063;16
2327;18850;1481541779;12
21069;12783;1481532134;10
5329;7016;1481525869;6
1163;441;1481540381;8
1574;7689;1481541325;4
15306;1314;1481537246;2
7698;1841;1481527579;2
15236;23864;1481510581;4
6720;17867;1481546601;16
14858;22530;1481531627;6
7326;3349;1481549448;16
15162;10821;1481516267;6
17172;23038;1481536661;16
204;15786;1481533890;18
7878;8519;1481531244;8
15016;24254;1481524116;10
17293;20133;1481536497;12
13912;5401;1481539261;14
7964;1854;1481523057;10
10182;26032;1481512927;14
967;6869;1481545837;6
5522;23669;1481511590;18
3943;4281;1481524466;2
11408;5830;1481527108;12
6290;1251;1481520536;14
26074;11742;1481541683;18
14549;18076;1481540223;4
5263;2408;1481531066;2
17791;17006;1481512587;8
6640;27342;1481547643;18
3751;9521;1481549282;10
58;10265;1481523611;14
3602;7302;1481524887;6
25163;25442;1481512031;4
9324;1706;1481510257;10
23084;14936;1481528971;6
5476;4705;1481544694;8
5127;23548;1481525748;2
5384;19834;1481522921;16
14921;1328;1481543085;8
8171;4216;1481534595;4
15786;23173;1481523077;14
8462;12761;1481519899;6
10547;236;1481510618;8
4358;15084;1481527071;16
4516;6629;1481529094;14
7857;5685;1481515197;10
23118;13214;1481534975;4
10256;10878;1481534721;4
25508;7473;1481534762;2
12362;5417;1481526273;18
18782;15745;1481532156;10
1848;289;1481527176;16
11158;13775;1481542343;16
8089;141;1481545711;10
14437;11717;1481546586;14
134;136;1481538046;6
9058;5956;1481517690;10
1254;27141;1481538560;12
8575;6436;1481548964;10
5016;8004;1481511973;12
27230;6997;1481523309;6
25344;23533;1481535967;10
2036;15086;1481537261;18
9964;22461;1481521846;4
5924;5810;1481528567;14
12354;7999;1481549719;14
2173;13978;1481544567;6
20419;8866;1481529923;18
9301;11114;1481517501;4
6176;12015;1481518156;6
348;2786;1481521506;4
14202;20971;1481523486;12
22453;1647;1481550146;6
7360;7418;1481515313;14
21384;6017;1481524858;6
20459;13784;1481547336;2
8016;10739;1481513860;6
22535;6580;1481532044;18
14261;18050;1481519793;4
23157;4187;1481531257;18
7982;11891;1481523088;2
25011;11985;1481549049;16
4841;48;1481516080;16
10653;7608;1481515418;2
2525;2787;1481529556;12
1251;13813;1481532516;18
4891;8221;1481535849;2
14885;13780;1481522225;12
14905;7894;1481530801;8
8109;21077;1481523431;10
15127;1327;1481546019;8
6618;13814;1481521228;6
12091;8326;1481510697;6
17921;23113;1481524061;18
21804;23971;1481519607;16
1878;3680;1481529349;8
1046;269;1481527976;12
12417;95;1481535850;18
14558;8923;1481535719;14
20634;9365;1481535888;10
3374;1081;1481528171;2
2843;24685;1481550411;14
10377;1406;1481524110;10
1024;13181;1481537084;12
2280;4767;1481549896;8
1608;16098;1481549499;6
5933;18179;1481542443;16
4232;4912;1481540604;10
18181;17285;1481537798;12
6234;9566;1481550120;12
1685;12061;1481538363;10
27230;2644;1481510253;10
4607;20192;1481517296;14
5747;1401;1481514742;6
2822;14238;1481516131;8
3015;18763;1481538868;6
433;10822;1481524015;10
8596;4833;1481518378;14
7860;1368;1481514325;18
5277;1485;1481534340;6
4901;10250;1481515372;18
3977;5267;1481514140;12
3286;10851;1481534401;18
22446;20827;1481546525;16
7438;20462;1481526453;18
3987;4264;1481512067;18
303;20919;1481518671;16
10192;12698;1481514717;12
8818;2766;1481539794;18
18193;7371;1481538724;4
6245;15370;1481530759;2
24622;3616;1481539434;18
6639;11767;1481549356;16
6287;22143;1481543484;6
4029;9468;1481518541;10
8163;1110;1481536368;6
7552;20138;1481517197;2
15380;6377;1481526533;10
9948;5892;1481515371;10
2763;9404;1481523633;6
6638;8129;1481519167;18
25059;15133;1481545617;4
5397;3942;1481536772;16
989;1499;1481524634;10
7612;19812;1481518500;18
10071;19374;1481513184;4
261;3615;1481515845;16
23894;27203;1481540131;8
8465;5029;1481521934;16
6596;16201;1481525143;10
14420;11603;1481535588;10
15301;12140;1481518687;2
25191;4325;1481536277;6
11143;6155;1481522142;6
7552;3532;1481520677;6
6025;5393;1481544172;18
20807;12040;1481517831;6
7186;10315;1481529915;12
1638;7547;1481548932;4
972;15215;1481514409;4
8373;24284;1481546232;4
19819;7646;1481539764;16
8434;6998;1481550705;14
14427;6428;1481540362;18
21714;5768;1481534280;18
7083;5947;1481538546;14
11592;14570;1481551013;6
9494;8563;1481511944;10
25011;3856;1481531343;4
20404;8049;1481549810;18
3352;4783;1481542991;6
9956;11778;1481528816;12
211;1390;1481524167;2
27031;8545;1481519935;4
6252;7890;1481542606;6
19791;6378;1481522039;10
14288;6535;1481512094;12
20865;22451;1481533440;10
20302;26216;1481533557;18
1552;9861;1481543563;10
19828;16320;1481549089;12
4895;18114;1481546011;14
4695;14003;1481511275;12
26182;5827;1481536158;8
27135;25392;1481519392;8
5073;2279;1481520231;8
11619;5740;1481525442;14
4328;26098;1481539161;10
14131;10004;1481544719;10
15323;6870;1481525840;16
20335;1358;1481538365;14
22922;11985;1481547076;16
4827;1638;1481542919;18
7292;5866;1481537513;12
1668;7258;1481516336;12
6784;282;1481518437;10
5711;2398;1481528590;8
26311;19773;1481514983;18
5424;11269;1481512542;10
11685;7070;1481521346;16
10257;7686;1481527103;16
6482;9297;1481519659;2
13794;10091;1481535792;10
22501;3023;1481537278;10
1639;4413;1481533577;4
18893;17331;1481516330;4
9533;4627;1481522729;18
34;21452;1481518735;18
122;10725;1481541878;12
20865;20153;1481520300;16
16119;15079;1481542893;10
13260;7101;1481529666;16
20225;3751;1481530198;8
20938;6841;1481541103;18
20411;5981;1481516037;16
3768;25411;1481542070;2
6653;6202;1481524729;14
10013;8795;1481534571;2
12031;3278;1481544362;10
3074;20148;1481547190;16
10081;1451;1481550228;2
1108;9408;1481530417;14
23024;18107;1481547219;8
20295;3024;1481530204;10
21268;6118;1481511804;18
3018;7099;1481512447;6
1109;6669;1481531041;14
9481;16195;1481527660;6
17441;6330;1481541956;18
7501;1738;1481525062;18
22646;5280;1481520849;10
288;7766;1481511658;4
9999;6401;1481529723;8
18859;1324;1481523872;12
1534;7468;1481543343;16
397;5805;1481544092;6
2377;4275;1481524372;4
22925;8503;1481520325;16
6534;6681;1481539384;12
25087;19856;1481541171;4
5844;3906;1481532208;10
7317;7877;1481530345;14
903;10119;1481513642;14
1003;25372;1481515339;12
12396;956;1481529102;6
10075;10427;1481517883;18
27312;12063;1481516202;16
8993;11476;1481533856;8
3086;7170;1481520463;18
12219;4018;1481548198;14
27118;19507;1481523239;18
23728;4486;1481546262;18
5045;22213;1481520130;18
19304;919;1481532202;8
5850;2404;1481538349;10
23087;4508;1481519760;4
10537;4501;1481522280;6
5633;27322;1481525956;12
24413;1902;1481511824;10
4544;9794;1481515242;2
18075;14203;1481515831;4
15212;4195;1481542394;14
5723;10367;1481527557;14
27228;5626;1481511367;6
14797;17576;1481544847;2
22955;1412;1481525056;2
27552;1667;1481537542;18
8922;11767;1481550522;2
1600;913;1481544685;8
18112;23640;1481546334;4
21921;7334;1481532171;4
6246;6024;1481522932;14
19598;11958;1481528427;6
9284;1605;1481522737;18
3947;15302;1481519030;18
3964;26322;1481524353;14
27431;22929;1481545023;6
11005;5378;1481518711;2
27547;11020;1481517582;14
21292;21096;1481548932;18
22537;16308;1481546895;8
18079;20065;1481512290;16
1392;16913;1481532406;14
4195;19876;1481533294;18
8234;14261;1481539790;4
11904;8575;1481518452;6
12712;4906;1481535830;10
12308;17405;1481522383;8
23176;17403;1481510051;12
1714;6918;1481510659;6
22585;27447;1481532340;2
21259;15390;1481513075;18
19800;18072;1481541606;16
1149;14615;1481521387;6
24689;17265;1481516545;2
14239;16014;1481531225;16
23738;22626;1481529478;8
5096;27118;1481536960;16
6654;20336;1481540223;16
12294;9058;1481549948;10
10202;3285;1481538525;14
20895;27020;1481541133;14
11170;9753;1481536868;14
9002;10436;1481541897;18
11827;27060;1481542397;12
22451;21451;1481548500;8
3457;5127;1481530532;14
9421;7047;1481526337;18
9157;19825;1481544281;10
20682;6442;1481528693;14
5776;1733;1481519076;16
6437;20674;1481525708;6
8250;7596;1481548906;12
2526;18946;1481544959;6
13924;10715;1481512856;6
11240;1152;1481524115;18
5033;11217;1481529336;4
6421;13195;1481509804;4
1859;27480;1481522237;18
893;8035;1481520115;16
22273;14622;1481535622;12
25379;11099;1481547436;2
5360;16143;1481549683;16
1492;9767;1481516642;12
4660;7760;1481549446;8
13914;3702;1481523622;2
18199;12177;1481517239;10
13864;4926;1481527460;6
9665;1052;1481542595;14
24921;24347;1481517158;14
25196;15024;1481519751;18
1046;6415;1481536701;10
1577;1388;1481529389;10
9894;3119;1481525231;6
22136;11625;1481520740;12
9368;14119;1481533501;2
17535;8686;1481532085;4
6485;9239;1481549805;6
6555;5761;1481510967;2
25402;10715;1481518903;18
22642;8230;1481536780;10
6918;6919;1481524239;4
17143;1384;1481547166;8
20547;4610;1481516709;4
27052;1075;1481516732;14
7110;296;1481510109;10
157;1929;1481518411;18
11790;19648;1481521675;4
11176;12282;1481543477;12
8898;9876;1481512604;18
1647;19726;1481528710;10
8238;9266;1481514454;8
4873;25537;1481521448;8
4345;8582;1481527892;4
14572;19842;1481515985;6
18842;22615;1481527622;8
11080;25159;1481516622;14
11793;12322;1481534952;16
11009;16652;1481511783;2
4782;12867;1481518257;18
12297;6334;1481544131;14
5756;4705;1481536646;6
7281;7182;1481517292;12
9518;14917;1481539550;10
12021;9215;1481519731;18
9777;10032;1481548051;16
23757;16142;1481517448;10
17240;11991;1481535495;2
21384;23338;1481549545;6
9870;141;1481531127;12
1682;8928;1481537530;12
1020;8141;1481550382;12
8172;14702;1481543861;14
21096;17849;1481538412;12
14125;15933;1481533811;18
4956;21716;1481510986;4
8317;24136;1481518161;4
3625;8959;1481531478;12
24425;5713;1481510001;14
1681;6321;1481541077;10
21483;21500;1481547548;10
4804;189;1481545039;14
14130;3962;1481533553;2
3091;20011;1481549663;8
7925;4213;1481522818;16
16894;10670;1481516284;10
14801;21367;1481517857;10
1628;10623;1481536209;8
25168;27294;1481519888;8
10906;4343;1481540773;10
14778;6122;1481537369;2
3275;19850;1481523971;10
20114;10774;1481530418;16
1682;5768;1481516550;8
5504;1286;1481550579;2
7365;13872;1481549816;12
21321;18534;1481527234;8
6964;11869;1481518220;10
6325;2166;1481514292;12
12873;14430;1481527976;4
27053;13288;1481510399;8
8366;4226;1481529017;18
23522;8088;1481550046;4
15188;23191;1481513309;10
24446;15078;1481511986;12
14801;24565;1481536999;4
9891;10881;1481527943;10
23085;3612;1481548149;2
9740;5725;1481519515;8
6267;3714;1481550343;18
13216;20079;1481545376;8
13905;17037;1481547729;18
24660;10012;1481550796;4
257;2741;1481545598;10
24475;6828;1481521501;12
14889;7574;1481537079;18
16134;1122;1481528770;6
1486;24570;1481518133;14
26205;13677;1481539467;12
18816;27540;1481528391;4
6771;4192;1481525721;14
242;7009;1481518380;10
19827;6567;1481525669;10
7894;8920;1481526055;6
12220;8371;1481519745;16
5600;8693;1481524014;14
10102;27549;1481538902;10
10713;21721;1481530117;18
10064;3449;1481531726;2
16905;5282;1481510531;2
18864;25366;1481519986;10
23727;5285;1481535559;14
19093;12415;1481510367;2
20098;25431;1481521979;8
12796;20110;1481525370;4
3629;8277;1481510295;14
14651;15215;1481547644;2
9551;55;1481545944;4
5803;8921;1481539899;12
10528;20006;1481514395;2
19918;8181;1481551111;2
9371;1124;1481531310;4
9999;1383;1481521889;12
1522;6000;1481513567;16
1264;3773;1481520973;4
917;12581;1481548532;16
14948;23099;1481541523;2
693;3954;1481538047;6
2836;6879;1481528753;4
11987;11642;1481533380;10
24088;1455;1481548636;2
20588;11115;1481525968;16
27311;17531;1481534394;4
12074;14908;1481511722;4
14166;23489;1481532142;2
11053;221;1481516179;18
6512;4329;1481520518;2
3975;1177;1481536253;6
6515;3154;1481516365;4
7823;7171;1481512646;18
15021;4262;1481542974;6
8690;15763;1481538097;6
1743;12518;1481510685;8
11104;17480;1481539126;6
13212;24259;1481527918;10
5870;4723;1481520172;16
1957;2158;1481544875;8
4208;3419;1481539581;2
53;20360;1481528949;8
19022;17510;1481550933;16
3300;3712;1481523592;18
7087;1340;1481532523;16
26035;19914;1481509781;16
8586;2640;1481520931;6
974;10240;1481518848;14
1625;20151;1481549524;10
24473;10191;1481541303;2
6382;11626;1481528142;6
3375;17044;1481510473;6
16804;4766;1481543713;4
3285;19028;1481520784;2
11786;8809;1481526617;12
199;8018;1481536502;14
9500;2119;1481536384;4
7896;14581;1481510955;10
1433;27390;1481535802;12
19063;11616;1481510406;18
15253;6209;1481545934;18
1958;965;1481515682;14
24132;18934;1481525733;4
5719;2877;1481518295;6
11210;7352;1481532110;10
9670;252;1481539083;10
5869;23303;1481542001;10
7049;9745;1481521150;4
1910;3060;1481512879;6
9242;4801;1481543051;16
2746;9750;1481534920;8
5925;1318;1481532286;12
5911;9844;1481512001;12
885;8463;1481526830;4
7540;22479;1481516329;10
12317;11636;1481515169;18
1952;16336;1481511699;4
19945;6883;1481540536;10
4929;22254;1481544983;4
19276;943;1481549623;6
7062;2848;1481549198;2
19520;6320;1481545058;18
23439;2411;1481516322;14
9992;20071;1481533500;12
20068;4517;1481531660;10
6433;11173;1481511727;16
24956;36;1481517101;10
5829;7978;1481518649;12
6701;19821;1481519779;6
14629;8538;1481523285;8
24742;11854;1481534366;2
973;12296;1481534442;10
5737;27096;1481512460;12
9682;3601;1481510031;12
10633;11815;1481526962;18
5979;3699;1481533437;12
3694;16928;1481523898;2
22461;12591;1481528853;8
8931;27416;1481547187;16
10197;7696;1481540561;2
6256;3119;1481531997;10
3073;22963;1481544971;2
21496;5703;1481532200;4
26148;27551;1481510585;8
7519;3648;1481531558;6
6668;5093;1481531419;2
8688;17176;1481532738;14
9430;8576;1481514673;8
25387;4042;1481509595;2
26184;25055;1481522223;12
10314;27541;1481524795;6
4581;5750;1481534538;12
3916;7558;1481538895;18
13826;20959;1481548866;14
8968;421;1481551016;16
3047;20040;1481523239;2
24570;3933;1481513588;18
6149;16862;1481534909;2
21436;20245;1481528510;6
11870;26317;1481530898;8
3160;19898;1481546203;2
5939;4978;1481519075;14
5052;20050;1481512806;8
9025;6419;1481533153;10
12212;22498;1481520367;18
24568;13855;1481512187;6
16033;17537;1481542230;6
22989;26074;1481545056;6
19779;8354;1481537165;6
8556;23518;1481546274;10
11114;6410;1481545732;2
6766;11685;1481519072;12
14640;10677;1481527580;12
17483;2401;1481512129;18
27461;8901;1481538632;8
8174;27425;1481537127;18
9877;22921;1481521532;12
10193;7109;1481548890;2
2844;6934;1481524585;4
51;20658;1481530556;14
149;24253;1481534580;12
2784;343;1481512978;18
17459;22467;1481545201;16
7042;17312;1481544576;2
5890;12619;1481543350;10
3124;23468;1481511270;12
287;16131;1481517050;16
20485;4657;1481548353;10
4183;19556;1481514213;18
1447;8916;1481546376;12
12867;14546;1481546879;12
1635;11036;1481524900;8
18105;22649;1481542171;14
7093;1158;1481516406;4
21305;5908;1481541915;6
5803;20963;1481531699;4
15475;11268;1481544670;16
5952;19801;1481516601;14
9563;21717;1481525773;12
6378;21228;1481521073;6
13972;22297;1481516690;4
4662;4679;1481540364;4
12097;7481;1481524709;16
4664;7831;1481516894;16
1799;220;1481548153;10
6961;8959;1481549397;10
17401;14188;1481523708;4
2116;20548;1481522868;14
6247;5103;1481517257;12
11769;4186;1481515667;10
2836;6241;1481514273;2
11961;19226;1481540062;2
21267;4930;1481524776;12
8695;11805;1481515366;14
5427;27041;1481532656;8
20925;8514;1481533492;10
27199;4045;1481520563;16
19215;26074;1481522342;12
12159;6442;1481538572;6
1725;6560;1481531722;12
11097;23110;1481514827;6
16314;7400;1481513637;16
19775;10224;1481534782;6
10020;18884;1481511124;4
17364;26244;1481529147;12
15452;14259;1481549210;4
5911;1703;1481537775;6
8901;8183;1481513816;16
8124;10187;1481528906;16
7347;5409;1481511689;14
7264;6811;1481529058;12
21321;13241;1481529461;6
13343;27054;1481511175;4
21253;7762;1481529282;2
25545;25078;1481533673;14
14795;3991;1481520656;16
11985;22542;1481547646;8
3723;4947;1481512750;16
24931;5806;1481526254;6
1432;18864;1481544093;4
23319;2998;1481524965;2
19988;14659;1481539715;4
4707;14874;1481519910;12
19216;19547;1481517232;4
25045;5090;1481540858;6
21000;6361;1481522413;18
7457;24446;1481540873;6
20073;3778;1481534375;18
1121;23448;1481526784;18
7368;3617;1481536727;2
97;1722;1481528301;14
6546;18051;1481547244;4
16828;8866;1481517201;6
144;11804;1481550619;8
15787;8372;1481528853;8
24373;17015;1481529587;8
982;1338;1481525507;4
3596;10366;1481550381;8
1433;19551;1481513531;10
27025;7079;1481544010;8
6171;20094;1481537828;2
10785;16822;1481529792;2
6553;25399;1481537281;8
9422;5266;1481539546;12
3116;12282;1481542357;16
13288;1236;1481540623;8
2325;1952;1481535797;16
9421;9671;1481515189;4
9484;22450;1481513754;10
23649;4284;1481532104;2
8231;19039;1481531544;16
5934;15122;1481542972;10
8491;23443;1481539660;14
20573;20022;1481529529;16
27091;8005;1481539563;18
24707;8173;1481531558;8
1887;5400;1481519289;12
7347;17173;1481520210;4
8299;5969;1481512762;6
11053;16017;1481526958;2
4587;1881;1481527256;10
4879;7910;1481524961;8
14183;3777;1481539735;6
27385;8403;1481510296;8
24356;14950;1481523935;18
27024;6195;1481524969;6
13772;7996;1481524811;6
6625;9677;1481536335;16
7356;2764;1481538399;8
17414;24457;1481530082;10
12774;19969;1481515458;14
20925;21384;1481550309;8
13880;12619;1481532034;4
5921;9395;1481526753;12
41;6602;1481533751;10
202;12867;1481538099;14
12015;19939;1481519234;10
18963;19803;1481527000;14
14195;10096;1481547832;8
9671;11043;1481532106;18
21370;9310;1481532056;12
11746;6146;1481526212;16
19040;17515;1481541537;4
7155;19312;1481533099;2
15244;969;1481538584;10
7390;16040;1481547503;6
16929;15324;1481511542;4
10810;1918;1481535633;2
6113;1900;1481542282;4
7318;18423;1481524981;18
4182;19812;1481530405;8
8368;3600;1481545351;18
22795;1735;1481550086;8
20128;26395;1481517193;16
5506;5864;1481516227;8
22303;5927;1481539014;8
23532;11398;1481544808;2
17155;6728;1481536777;14
8172;7888;1481536380;2
9829;4516;1481528816;10
7596;2814;1481549966;14
8868;14982;1481526615;12
4005;275;1481520388;4
8747;27016;1481533807;2
7962;13907;1481524392;18
22492;6801;1481509600;18
27542;5723;1481526790;18
22968;19828;1481549972;10
6964;2824;1481545758;18
9894;1923;1481515156;10
3545;18177;1481539471;8
7095;2802;1481539110;8
21259;26111;1481510850;4
14904;15319;1481518532;12
408;8400;1481536545;14
4765;1050;1481535776;6
5404;10596;1481510233;18
20120;4350;1481533208;10
19208;25325;1481549821;14
46;1006;1481525699;12
1198;5082;1481527932;2
14811;8870;1481512166;8
3545;10314;1481518789;2
1915;11;1481523496;2
9842;6951;1481541820;8
19497;1878;1481540533;6
18416;406;1481516093;6
11685;17309;1481539234;12
10825;401;1481540537;2
7031;6516;1481521360;2
20301;1647;1481534649;8
4542;3008;1481532465;16
24469;4605;1481515115;16
8635;6484;1481532194;10
7442;14143;1481510881;12
17154;21799;1481541958;4
8566;34;1481546746;16
3248;26260;1481525970;4
9204;9794;1481549222;10
7145;7415;1481511275;4
23546;13124;1481515594;12
9189;6404;1481533841;18
25003;6943;1481522939;18
11117;9435;1481525783;10
15470;6966;1481549089;12
15005;10446;1481542481;16
41;2165;1481533323;12
15116;7712;1481525275;16
1919;6209;1481536638;14
9563;256;1481515306;18
16649;7908;1481549473;6
6638;275;1481536259;18
1108;22;1481549961;14
17875;1159;1481547597;6
11803;17482;1481514831;8
9189;6483;1481543124;12
3704;10529;1481530652;8
23760;10467;1481516930;14
1498;10877;1481517781;12
10682;21495;1481538435;4
1510;7545;1481545406;8
11220;12518;1481520534;6
11040;6840;1481545694;10
5734;3934;1481536059;18
4700;4891;1481547614;16
7540;24932;1481542034;2
10594;16293;1481534111;2
8532;14639;1481550755;4
4803;10103;1481515997;2
5895;7933;1481525944;10
24989;10319;1481544012;14
22871;7581;1481527116;16
8894;7312;1481512210;8
8485;19236;1481518645;16
10500;1602;1481540723;10
7392;7046;1481518857;8
9305;7171;1481523368;2
3574;7034;1481549373;8
3411;18156;1481516305;18
27520;11227;1481512587;14
3586;8448;1481514477;10
6828;20946;1481544995;4
562;15078;1481517224;4
25068;14903;1481537342;18
11383;5394;1481546044;4
11407;15390;1481509919;18
25161;24782;1481539138;16
9512;11235;1481550823;10
18839;20109;1481549235;8
1380;8171;1481513222;6
1690;20963;1481512985;4
25504;2825;1481541757;8
16141;1656;1481545193;14
21487;177;1481539668;2
7000;14899;1481528051;16
1130;23166;1481550115;8
8741;13785;1481550990;14
25535;1188;1481518279;14
20124;7967;1481532500;10
17244;20284;1481512220;8
11005;895;1481520559;14
257;1356;1481527652;18
5995;23787;1481512685;18
20868;5826;1481533582;6
1977;442;1481536618;18
27284;5726;1481520393;16
22506;4808;1481530037;18
23531;8505;1481516325;12
3260;27007;1481515960;8
17894;180;1481539230;4
18047;10387;1481531248;12
6972;22132;1481543236;8
2315;1922;1481523170;10
7630;15247;1481510443;14
23515;167;1481521060;8
2950;6772;1481509737;8
9738;20369;1481543848;16
2329;3689;1481533312;8
7855;1768;1481523662;18
2754;9804;1481528867;14
7407;16194;1481540625;6
8704;22961;1481535450;18
3293;1771;1481525648;18
9963;10119;1481528808;10
14448;14192;1481531422;4
4896;1101;1481547183;12
12631;19075;1481531222;4
14780;17034;1481538025;14
4258;18075;1481544082;6
18834;25511;1481546665;2
301;2832;1481539246;4
15154;7371;1481534467;16
7814;6199;1481537589;18
2320;4751;1481523110;16
20785;20586;1481550388;16
6888;4851;1481530451;2
11597;17893;1481536732;2
11714;8121;1481519010;10
26091;1286;1481527501;2
27472;5933;1481538233;8
24952;16856;1481544437;12
10795;5868;1481536726;6
13924;11375;1481532076;4
6380;6998;1481545235;2
15471;14560;1481526112;14
19571;24706;1481528887;10
1919;3600;1481539583;12
7588;9556;1481512203;10
6857;7;1481521308;12
14256;10739;1481510287;12
25325;24451;1481520684;14
3648;4320;1481519183;16
1326;23740;1481513322;12
4898;973;1481515108;2
9546;25055;1481541526;4
17573;1071;1481512043;14
4606;8656;1481539579;12
25046;23031;1481531544;8
17173;2962;1481522471;18
7297;1717;1481545964;18
13984;3340;1481520007;4
3393;356;1481532639;2
10431;15788;1481549451;16
5773;23082;1481515323;4
9794;8290;1481533914;8
1027;3547;1481544659;8
20528;9805;1481528082;2
19925;27409;1481527036;10
15159;15738;1481530717;6
8133;283;1481536975;2
17508;3680;1481514295;10
11829;9670;1481512197;2
1922;8561;1481542356;2
17420;8576;1481547068;6
11687;5503;1481533827;12
5855;9406;1481533772;16
17269;909;1481535715;2
22276;14805;1481539509;18
4350;4588;1481509597;18
10537;3756;1481510663;14
6327;12648;1481540655;16
1690;1370;1481540685;10
167;21401;1481513963;18
8599;24962;1481550754;14
25503;22531;1481550885;14
11783;6545;1481541621;16
17403;14428;1481524446;10
6919;6288;1481514802;16
3623;160;1481541065;14
1952;6298;1481543421;10
11630;10348;1481515282;18
4355;25197;1481525337;2
9210;21480;1481519756;12
11243;5073;1481536581;12
6275;25086;1481523387;6
2140;168;1481520366;2
2756;8175;1481534660;2
15414;24284;1481534792;14
6804;6999;1481519305;8
22925;1204;1481509712;6
7059;19625;1481519607;4
23162;14188;1481511858;8
19050;82;1481544776;14
8359;12414;1481547900;4
3275;20642;1481535858;14
17281;1053;1481532692;4
24359;6256;1481550364;12
19840;8777;1481522288;14
23054;5389;1481511148;12
24724;22922;1481527806;6
20975;9439;1481526944;12
7811;4744;1481529443;12
20397;320;1481523780;16
20909;7915;1481545599;2
10891;14951;1481545930;2
7000;14256;1481537758;18
3295;8889;1481539363;18
14879;1403;1481537415;18
4580;3468;1481516483;6
2395;7479;1481511613;10
11253;1798;1481529478;4
10510;19865;1481516961;16
23117;1381;1481542897;16
26470;8516;1481546848;18
4549;11377;1481518132;12
5902;23490;1481548653;4
9682;1379;1481543779;16
18144;4866;1481518134;10
12326;8937;1481548982;2
5956;12519;1481512271;2
20124;15036;1481529250;4
7776;8944;1481543526;12
3468;160;1481541861;4
19199;22930;1481548361;2
2122;10551;1481528261;8
10205;10094;1481524292;12
8157;5711;1481533572;18
21091;6979;1481549508;6
21316;27099;1481518156;18
5040;15931;1481520000;16
14283;1585;1481536834;4
4787;12710;1481531181;14
9421;3693;1481528752;12
11233;8548;1481522557;14
7607;6559;1481546453;16
11057;8175;1481535302;10
1984;21076;1481536087;4
15990;16119;1481527299;2
17510;164;1481514813;6
1409;12211;1481531963;6
22924;20302;1481524816;18
17584;1812;1481516631;12
18848;12038;1481531908;2
400;14558;1481524321;10
11144;17213;1481534459;10
8933;441;1481536958;16
1797;13286;1481547795;8
10569;19215;1481542544;4
21809;13196;1481545424;14
6643;3736;1481524569;2
21279;6442;1481518811;18
25190;120;1481540662;10
10245;4856;1481544285;6
26330;2463;1481547900;10
7477;8145;1481522801;10
25042;25379;1481518246;14
9274;4596;1481542596;10
27466;6616;1481526400;6
17334;20453;1481527240;6
11218;10326;1481530205;8
8746;15935;1481545003;14
21481;1680;1481542045;14
10679;3372;1481511526;18
8316;3561;1481537184;16
11271;22462;1481520605;10
20989;2157;1481517716;16
8322;22653;1481546765;14
7781;19284;1481515574;16
5640;11799;1481509711;8
5763;5027;1481510297;14
18938;22643;1481514475;6
18340;1374;1481511475;14
7870;12565;1481548266;2
1611;2807;1481532585;12
5257;18115;1481534184;4
11797;20096;1481513412;14
19910;14622;1481511700;14
4596;4676;1481510192;18
2910;1989;1481519366;10
24410;8711;1481511982;18
5102;8586;1481525606;18
14140;94;1481531234;12
6259;10348;1481528598;10
18864;3013;1481533682;12
7872;5935;1481548386;18
8645;5889;1481526973;6
10544;17878;1481539488;10
8847;17022;1481533761;10
20326;11058;1481527526;4
3897;17583;1481522958;2
11789;12358;1481530418;12
11781;7882;1481518755;4
3086;20920;1481514600;10
27478;3546;1481541123;6
18048;4040;1481550112;18
17185;7881;1481519243;16
2732;3466;1481521995;16
21362;9881;1481549789;12
12076;4785;1481537379;12
8922;165;1481531347;14
11028;20925;1481548099;2
2390;7254;1481524883;2
8046;5748;1481517156;12
1976;23116;1481522596;18
1203;15980;1481544707;14
1487;216;1481510608;8
6354;7160;1481529373;12
7905;4839;1481546984;8
7866;8503;1481523129;2
15522;1685;1481511738;12
4213;1027;1481544656;2
1766;19576;1481527429;2
24058;1203;1481529310;8
6543;20989;1481542443;10
5399;13003;1481525697;18
4238;1115;1481534060;18
5480;2018;1481512223;2
6827;26166;1481545966;8
2404;20154;1481516790;12
24064;228;1481547194;14
6487;14556;1481529649;4
22613;6797;1481534181;8
6803;7529;1481515982;14
17503;324;1481519074;2
8237;8553;1481525982;12
3692;27047;1481516032;12
5807;6161;1481543245;14
186;27377;1481542821;16
1983;14630;1481517427;2
9793;21844;1481525796;12
8003;4028;1481513505;2
2954;24462;1481548222;6
3947;15300;1481515635;14
8360;27374;1481543925;18
8134;1447;1481524851;18
8464;5927;1481549961;16
10080;20963;1481525435;6
6003;3619;1481513355;10
22937;7035;1481521223;2
10516;24473;1481514841;10
1485;16199;1481540956;14
13900;2019;1481510237;2
11077;2337;1481510265;4
10309;26312;1481529770;16
1132;5402;1481523385;12
10622;15015;1481526673;10
17790;23467;1481542330;10
4854;20328;1481547483;6
4958;3118;1481517902;6
27025;20425;1481524586;14
26070;1278;1481510809;14
10496;25487;1481547067;14
15073;12286;1481531425;16
9915;23350;1481543610;2
19531;11155;1481535312;6
7609;12152;1481541057;14
20657;16013;1481515729;14
7692;13785;1481510995;4
1864;24685;1481536432;6
1021;937;1481517623;2
8585;5261;1481517595;16
25493;17477;1481536809;18
8282;10653;1481536212;14
25385;4571;1481548217;4
12415;17030;1481520838;16
22533;6699;1481514785;8
4017;6329;1481544140;8
1573;13344;1481529399;10
8281;18846;1481532150;2
22148;1632;1481533313;14
6207;131;1481530726;16
27418;1923;1481522522;10
10261;14631;1481528725;14
183;6576;1481509535;14
12058;4516;1481529184;8
8834;15309;1481519620;8
1656;4590;1481535436;14
21722;1812;1481527310;2
17375;9794;1481520931;16
26;21376;1481533088;16
18335;26102;1481535711;6
6414;14874;1481534868;2
19587;6681;1481550047;4
25361;4880;1481515298;6
7099;27;1481538696;10
8160;4211;1481546693;4
1765;17143;1481532947;2
16816;158;1481509964;4
4302;5957;1481516262;8
10262;1150;1481533499;12
13184;8446;1481537337;8
2772;8420;1481535956;8
9986;19952;1481511695;14
24256;1707;1481547028;14
4265;246;1481530828;8
20522;19559;1481514069;8
1173;423;1481525896;12
382;20446;1481515659;6
5968;27024;1481537595;4
4317;5729;1481537278;14
22992;25140;1481530024;14
2820;15784;1481528630;16
16184;19223;1481512618;8
20643;25250;1481519516;6
9364;6719;1481546794;12
15491;10198;1481549925;12
27377;7966;1481532066;8
16824;11385;1481519639;2
4225;3075;1481522400;4
3286;6457;1481545002;8
5926;11786;1481520164;12
3611;9949;1481524356;12
20938;5352;1481539935;6
391;3566;1481509945;6
8596;20153;1481524683;16
5377;5729;1481513880;14
7997;17770;1481514696;6
1616;6222;1481534180;16
12043;25004;1481527274;18
10239;10459;1481514075;4
441;17388;1481526553;18
2465;5427;1481534243;10
11143;8765;1481534552;14
64;17568;1481516040;2
11723;13454;1481517487;18
7263;20951;1481529996;2
21496;5427;1481529130;14
17039;19072;1481534070;12
19910;107;1481519879;10
13262;1777;1481547020;8
5849;3789;1481524870;12
11088;27318;1481528671;8
9870;22640;1481540630;4
8373;14811;1481511254;6
8291;12771;1481519719;6
6940;1838;1481550177;10
26098;13785;1481512355;6
3164;18874;1481546503;10
25377;4732;1481527390;6
4025;7452;1481527457;8
11909;1644;1481546388;8
13796;8183;1481525154;8
1446;5410;1481541097;12
20083;2334;1481524849;14
12378;3600;1481510603;6
25159;18190;1481521038;8
6266;5715;1481532042;2
9535;23885;1481540944;12
12352;10224;1481523957;2
27334;12627;1481532138;6
24681;11124;1481536864;16
4562;22994;1481546608;18
3916;4852;1481511512;10
27465;1922;1481535810;10
347;3617;1481550923;16
372;10030;1481515898;4
3620;17500;1481525071;14
21719;22135;1481548051;18
7903;14899;1481543637;18
3535;1262;1481526144;18
13677;1900;1481515535;14
20934;25356;1481549776;2
21838;26069;1481514608;2
17007;10027;1481541677;8
20295;10785;1481522678;18
24511;1969;1481531568;4
1026;19941;1481540955;18
1454;1880;1481530772;10
4572;27344;1481531275;4
4235;27171;1481532919;10
3324;14209;1481525379;2
1393;7591;1481545442;12
12414;2837;1481543834;2
6727;7076;1481515940;14
7795;16336;1481534403;8
6587;23507;1481510157;16
24250;6356;1481533896;8
6421;3066;1481524788;8
278;4278;1481536945;8
8758;4976;1481523651;4
11567;1853;1481546951;16
19283;12296;1481537232;10
2783;20151;1481542420;8
3466;14511;1481544946;8
9982;4785;1481527938;16
17009;25325;1481518724;16
6487;9479;1481534114;14
6287;86;1481550774;18
22500;9369;1481519854;14
20708;4516;1481530919;18
7836;4530;1481511486;2
6890;128;1481544870;10
2740;1985;1481527657;12
8801;4207;1481516503;8
6982;11846;1481524882;2
6589;27024;1481546959;8
9536;9889;1481540548;6
19506;3120;1481517698;4
19301;25402;1481548525;4
4251;6185;1481535071;4
11127;3505;1481542781;12
6881;4577;1481536463;12
10202;620;1481547005;16
23830;25542;1481534834;2
3276;6003;1481516236;14
10685;9361;1481522631;12
3002;1895;1481510950;6
20686;8530;1481525868;18
14931;20022;1481544023;16
17009;16188;1481542593;4
9881;21383;1481522008;2
12565;10182;1481547186;16
332;18198;1481529459;18
27162;15239;1481531333;18
19041;20133;1481523684;6
4755;3072;1481540410;2
10412;1698;1481511599;14
2122;9219;1481510333;18
27042;12578;1481547851;16
24475;20131;1481537918;4
9763;7394;1481528820;10
204;20189;1481551081;2
14914;13815;1481533690;18
11695;7878;1481534000;16
166;23727;1481533794;4
9904;8512;1481525513;4
12419;1364;1481549323;12
17310;1430;1481519652;4
1889;7514;1481522683;4
7328;12583;1481527966;18
1161;9395;1481522183;10
6631;15324;1481548183;18
17850;13910;1481527023;2
20944;5870;1481528229;2
17152;15085;1481532591;14
11408;10218;1481540611;8
9393;2387;1481531016;2
27403;7360;1481541840;4
3746;12655;1481520023;18
6555;4607;1481526731;18
4978;9308;1481521962;6
20524;14963;1481519885;14
2987;5441;1481519533;8
8503;14132;1481529109;10
6893;9362;1481536123;18
11135;1422;1481524401;16
10894;5010;1481545808;12
290;20906;1481526390;16
15091;14904;1481515671;6
6651;21362;1481526515;8
7590;1179;1481544913;4
10527;234;1481539143;4
27188;1400;1481513239;10
15023;21078;1481548143;12
27447;5849;1481517240;4
20116;11414;1481533172;4
16097;103;1481542032;12
6772;27017;1481549216;8
7347;11053;1481521737;18
12087;6382;1481532297;4
10879;6765;1481536624;6
6921;19817;1481511280;8
2422;5808;1481526466;2
8689;3274;1481532633;10
7697;6304;1481545706;8
4029;8304;1481544110;8
14704;6872;1481520907;14
1863;8890;1481542202;16
38;5043;1481520854;10
27041;1032;1481523237;10
2982;19835;1481523689;12
14780;24970;1481526327;18
18866;4991;1481524164;4
6696;17575;1481535776;8
10185;10437;1481539003;12
2749;1342;1481521409;2
6203;11790;1481524089;10
6994;22955;1481550931;14
10291;5516;1481512714;12
20953;19285;1481536979;18
21800;6185;1481520108;16
26138;8282;1481546674;6
16097;23650;1481526411;16
8365;6150;1481523902;10
22483;12026;1481534218;16
9516;3389;1481524516;18
24744;11621;1481526472;4
27285;9510;1481514517;14
128;11806;1481537345;10
14165;21472;1481510576;2
10385;6117;1481532980;14
27047;11247;1481523099;4
10418;7707;1481513472;10
1096;15463;1481516995;2
25165;18901;1481512412;8
3270;23541;1481511603;4
8304;8350;1481531116;16
4354;6976;1481541051;14
22276;6667;1481541407;4
7788;6792;1481518096;2
16902;15987;1481534173;18
7282;20302;1481512905;12
11770;4925;1481539543;4
5120;384;1481550341;6
19959;7148;1481536934;14
6413;11123;1481529871;18
4728;1000;1481533263;6
13814;20996;1481516857;2
18107;11917;1481550533;12
1537;1794;1481543118;2
21839;293;1481515961;14
20999;1722;1481525189;12
27404;8438;1481540352;4
21259;1904;1481550921;6
14635;9839;1481534835;8
4781;7597;1481535372;12
2880;8443;1481530109;8
7076;6489;1481547318;12
1300;3079;1481520484;18
3373;3951;1481532992;8
3368;26107;1481545017;6
15318;14132;1481528761;18
17570;17502;1481542319;14
8479;21084;1481516573;14
7387;24478;1481533617;10
6852;1847;1481527461;16
15135;11271;1481536671;10
10910;10178;1481538854;8
4190;17486;1481512108;6
19417;24281;1481536480;2
19585;11558;1481513387;2
39;17292;1481546167;8
22937;21444;1481544846;6
19068;5688;1481540103;4
27476;20036;1481510045;10
16203;24689;1481509636;6
9839;3009;1481520139;6
18901;7556;1481532073;16
4007;9434;1481526375;6
6930;6147;1481539356;8
12387;25441;1481529889;8
1535;15242;1481514042;12
10486;25140;1481539964;18
19229;25370;1481530756;14
21452;101;1481537455;4
20397;11770;1481517411;12
15935;17395;1481540685;18
6828;11270;1481543733;6
7767;9743;1481523060;10
2387;8511;1481514488;10
12164;26139;1481549806;16
2017;22991;1481542034;18
20243;1568;1481532600;6
1912;9419;1481541865;8
27415;11744;1481540750;12
6983;22487;1481529623;18
18144;4291;1481536872;4
15321;6682;1481529887;10
27388;27006;1481517737;8
11594;11602;1481511386;12
8741;5501;1481541872;18
4926;7574;1481535115;2
27032;19321;1481547841;8
6731;9510;1481532087;6
15013;26305;1481527211;16
7544;5126;1481536215;12
22643;10489;1481515195;4
17436;1367;1481544790;6
13939;12153;1481529060;10
6525;20318;1481541113;8
15369;6922;1481535698;2
9298;19788;1481543219;12
4330;5937;1481547055;6
12121;167;1481539581;10
19828;3600;1481509535;6
1763;21362;1481512594;2
8949;9427;1481511712;16
2394;9314;1481546394;2
15476;8538;1481549651;12
11565;6503;1481551114;18
8636;1304;1481529331;16
8025;7254;1481532681;4
24088;25547;1481535996;16
4682;11361;1481548185;6
8359;19454;1481550206;12
16535;21229;1481524515;10
11763;21365;1481540172;14
4337;9744;1481518842;6
4021;6807;1481538735;4
23055;14876;1481523279;6
6431;10785;1481535788;10
6192;17428;1481543780;6
1336;6476;1481534735;12
23158;20708;1481514426;8
11952;20120;1481541793;6
26319;7630;1481538750;18
9994;11631;1481523836;16
26068;17515;1481524171;16
11142;13819;1481520931;14
7517;7439;1481511776;4
11057;2735;1481536969;4
17275;237;1481539858;8
1845;24480;1481534187;6
4698;1321;1481514200;16
7557;18904;1481522785;16
27325;12796;1481535326;10
8435;2757;1481513932;16
1284;26999;1481524390;4
15306;9403;1481539048;16
11083;7871;1481541135;2
4587;6405;1481515455;6
9974;19856;1481521752;6
8539;6935;1481540014;14
22213;7352;1481531984;4
20099;25507;1481539897;14
17584;17843;1481523628;12
1375;19069;1481544149;16
10764;15222;1481539985;14
6412;6311;1481550329;16
22506;12700;1481515992;4
23179;5260;1481533860;12
299;7613;1481539008;4
19918;20328;1481545312;10
21232;13218;1481509853;18
20261;7046;1481544499;8
8495;6718;1481522401;16
8999;226;1481527094;6
18263;14631;1481517405;14
4311;354;1481514628;10
1331;10161;1481547280;16
9968;4557;1481522460;10
11987;1424;1481535499;2
7975;2410;1481514797;12
6920;23696;1481524190;10
12026;5712;1481536523;2
8641;12059;1481512499;18
14905;9016;1481520524;14
11851;3591;1481516654;12
3769;15252;1481527200;4
9819;6319;1481539524;10
7954;13200;1481526456;12
1004;19726;1481550502;10
24997;20486;1481543186;16
23762;12072;1481548078;12
9528;9214;1481526027;16
6032;11172;1481542355;6
2350;14420;1481537343;18
17001;1211;1481516405;8
19288;15296;1481522277;8
17882;12562;1481534839;18
10910;1795;1481511208;4
3625;102;1481541258;16
1073;1901;1481523711;14
11042;15962;1481529234;16
10201;4313;1481534192;8
9148;6357;1481545152;12
11717;7538;1481516826;6
7906;27161;1481526276;4
16134;8088;1481520721;14
7463;19762;1481530607;14
6888;15032;1481529257;2
8644;1496;1481532853;12
20445;1092;1481517300;18
19534;153;1481532059;14
2166;10031;1481523562;6
8122;16142;1481529044;18
11622;9551;1481527021;10
7869;7975;1481517650;8
19726;19861;1481515319;2
16889;7632;1481550309;18
7053;8389;1481514030;12
4187;1606;1481546158;6
14569;6717;1481512589;18
16799;3627;1481545627;16
6003;17363;1481547191;8
5331;20573;1481539670;12
6183;11946;1481517188;16
11684;20981;1481550266;2
25468;25508;1481528935;8
9404;7576;1481527493;16
26099;25340;1481513408;12
3754;23109;1481539732;4
22921;6566;1481524513;14
3079;14574;1481528887;16
13137;4699;1481532379;8
10916;15014;1481532179;16
3880;5260;1481523860;14
10023;12335;1481533711;18
6864;11034;1481535565;18
10387;23110;1481522085;18
246;15241;1481527973;16
1776;20411;1481540799;16
1360;6295;1481531494;4
21085;338;1481509533;6
16194;15356;1481528603;2
23833;156;1481532382;18
1645;23047;1481547300;12
14125;3618;1481541033;4
22273;6015;1481542831;14
5732;11018;1481532038;8
27203;10875;1481530231;8
22497;2274;1481516383;18
5629;9062;1481542921;6
6728;18822;1481547701;8
16887;12581;1481549043;10
6548;7049;1481529553;4
3391;23121;1481535702;14
1111;4902;1481530600;10
13825;15032;1481523299;4
11075;292;1481545099;16
21465;6232;1481540277;18
355;1388;1481519417;12
4898;18871;1481523316;12
5471;4353;1481535150;16
15735;15323;1481515648;14
6894;9996;1481525588;2
20925;14260;1481537036;4
9875;5121;1481517364;8
9519;6204;1481550073;12
13903;13780;1481519143;2
5782;10527;1481539298;16
3146;14924;1481537162;16
12561;15390;1481518530;14
27475;5487;1481551106;2
12721;10495;1481547120;12
7379;15766;1481523973;2
3983;24347;1481533487;18
25285;10681;1481531827;4
21722;27427;1481547567;2
14583;2283;1481511730;2
9221;15002;1481525775;16
9469;6533;1481538207;10
19573;9774;1481513831;10
4947;8029;1481529833;4
20316;4680;1481550714;12
27033;1573;1481533012;14
10733;7586;1481526274;16
16894;20852;1481528091;18
15230;18193;1481515581;12
3002;26138;1481535531;2
12117;9647;1481530395;12
3612;20352;1481520233;18
11;13777;1481517725;2
9983;22644;1481529343;6
10504;6936;1481543604;14
11364;4923;1481511312;2
15296;12945;1481520968;16
4965;18834;1481533773;2
27421;22145;1481530755;18
13824;881;1481548609;18
25194;25386;1481547679;8
21413;27433;1481543979;18
15025;4007;1481538698;6
4658;18809;1481515094;12
8740;13854;1481510145;10
10834;14572;1481541553;16
8187;19856;1481548998;14
10675;17458;1481511228;18
3602;4953;1481535959;4
17420;25380;1481527521;18
16119;27130;1481543059;6
6685;27439;1481532125;10
17163;16650;1481547267;12
7083;23011;1481509958;12
1388;20536;1481532382;14
3255;24680;1481520073;2
16295;262;1481517144;4
9077;12644;1481522106;14
4876;7552;1481538077;8
11233;19867;1481544079;14
10573;5418;1481550028;10
4005;21462;1481524930;14
20420;22958;1481533988;4
11409;8577;1481509943;18
16883;18349;1481513545;8
1572;10182;1481527028;6
20287;2332;1481549750;2
24017;7001;1481524582;4
6303;5976;1481515563;6
10498;12017;1481523287;12
26477;12141;1481549361;12
3620;4688;1481535346;14
10510;8598;1481528944;2
14123;24670;1481544132;8
14947;4925;1481546453;8
8971;5400;1481546891;4
10596;6026;1481542605;10
17519;13947;1481550327;10
6655;26260;1481528438;2
10813;2365;1481542078;8
16011;14899;1481534848;8
14243;10561;1481528792;6
24475;7005;1481514065;16
9464;24428;1481529586;18
14444;4281;1481523278;8
9323;1792;1481527506;2
1954;4571;1481532944;12
5033;9436;1481547295;18
27332;1534;1481518950;4
6994;22312;1481529939;12
8523;16807;1481523273;16
23815;9203;1481525637;6
11789;6391;1481511869;12
14907;25280;1481515210;18
19052;23349;1481526707;6
23517;1007;1481515684;14
1977;20085;1481516823;4
6857;7143;1481519043;4
19791;18077;1481522840;18
16803;5285;1481520855;18
9013;27087;1481516338;10
6228;359;1481511094;2
7571;26478;1481533701;6
4827;5829;1481517724;6
181;14636;1481511233;12
3596;6227;1481536022;8
19043;11395;1481518901;4
2352;11801;1481521221;6
7208;27542;1481525277;16
16193;11039;1481539913;6
5740;3992;1481512097;16
11597;9426;1481541113;8
6780;22626;1481518400;10
6488;25086;1481538142;10
1408;26031;1481511156;6
7163;23187;1481544905;12
19046;11136;1481537308;16
14777;6502;1481510319;4
4353;10114;1481531830;2
4762;11791;1481534796;2
11268;19983;1481548922;12
8028;24665;1481548277;18
8240;2350;1481536911;16
3755;22463;1481515326;12
6715;14660;1481523410;2
8328;2765;1481542751;14
19581;4345;1481521602;8
11917;27285;1481529046;14
5354;18912;1481517960;8
4347;6975;1481525978;2
15326;24572;1481535616;14
6637;25081;1481544427;4
20342;6685;1481516729;4
17673;4530;1481549000;10
7526;22925;1481524938;4
1712;4610;1481521946;8
6730;22310;1481549564;8
12360;5405;1481527522;12
15734;4707;1481526784;12
1765;6026;1481512335;4
26114;10712;1481529457;10
18153;10460;1481538384;8
23031;4228;1481531698;14
2741;3031;1481522144;12
14912;26128;1481537184;14
11762;16135;1481548546;14
10685;26070;1481549242;8
1501;7533;1481533486;10
6538;22939;1481540731;6
2327;14230;1481515531;16
22136;3699;1481537661;14
22579;11849;1481547551;10
22925;7924;1481520638;4
25392;27004;1481524744;10
5611;15085;1481515577;6
10191;27330;1481524013;18
12074;16827;1481536923;18
5392;23305;1481511966;2
6584;11104;1481526176;2
3791;25021;1481547777;4
12220;17264;1481526715;18
24471;10288;1481539684;14
20106;19493;1481550736;6
7866;27288;1481536584;14
6790;19050;1481539744;10
1232;132;1481519958;10
6629;8295;1481522609;6
14262;11374;1481517856;12
12582;1840;1481509872;16
2026;9416;1481521753;18
9433;5643;1481520446;6
9960;20952;1481525810;6
5276;8412;1481535859;18
1235;20310;1481531015;18
16297;326;1481530116;6
5504;20937;1481530794;2
20936;20958;1481532696;4
7889;20491;1481546491;14
10120;4312;1481541330;10
1104;6176;1481534138;18
24176;8744;1481549237;16
1926;4799;1481543698;6
1129;12037;1481547039;10
187;20848;1481510236;6
14559;6530;1481528096;10
1403;17309;1481512792;4
8153;6798;1481544299;16
3538;17404;1481546641;6
10398;25036;1481521323;14
27026;10711;1481510957;4
10574;1183;1481520365;4
12354;27270;1481529235;12
12567;18882;1481529923;10
25140;9531;1481538979;10
27389;11226;1481511600;4
6950;5418;1481538743;10
262;1733;1481512671;16
9211;8834;1481538852;12
11176;21292;1481539441;10
15460;6589;1481529814;12
69;11784;1481538874;12
1245;10851;1481525756;10
6720;1536;1481541112;6
17846;3287;1481528947;10
22796;14269;1481514858;2
8942;9479;1481524223;10
877;3399;1481517942;8
7915;7335;1481531594;16
19;1623;1481519071;2
7883;23860;1481520224;12
27554;6452;1481522415;16
4902;6943;1481516682;6
1397;18815;1481550674;2
2115;4228;1481515440;2
6985;10682;1481535129;10
10226;5106;1481546361;4
8552;8749;1481539282;2
1444;9874;1481511671;2
12391;6913;1481543325;14
5957;1443;1481531548;8
27420;8636;1481539528;10
22142;26318;1481548548;14
1643;25468;1481537971;16
20936;19885;1481517990;4
4510;24569;1481515492;10
9533;21230;1481526885;16
3626;25430;1481550617;12
14782;15087;1481513304;4
25425;9509;1481536672;14
6725;11807;1481542276;2
13863;9003;1481542571;16
20967;10459;1481538770;10
24752;23118;1481525424;14
20712;1978;1481537668;8
16037;19801;1481533028;8
2328;8443;1481532670;4
9771;25383;1481548834;14
24743;2122;1481512745;10
1545;10988;1481536403;14
7689;6815;1481509606;2
7795;18860;1481525473;10
20974;19852;1481548497;12
9962;27388;1481523332;16
12758;25162;1481522309;16
10531;964;1481550334;12
3070;21719;1481526527;12
7170;22453;1481546484;6
19898;24672;1481518617;2
10670;10703;1481516851;10
13286;27143;1481546307;2
269;1692;1481535015;2
10320;11834;1481545159;6
14141;11221;1481530717;8
22494;7039;1481532605;2
8586;14638;1481540451;8
7319;24347;1481538089;6
933;7858;1481529151;18
1610;6856;1481534403;4
12867;10727;1481545101;4
6767;2822;1481544462;16
4898;27393;1481536979;2
21472;1565;1481525158;6
10989;2366;1481524845;2
8759;8166;1481543153;18
19943;4267;1481529886;10
1257;7159;1481519238;2
7332;1213;1481545166;6
5991;5911;1481531789;2
5866;5421;1481542894;4
16022;25166;1481536606;4
4743;1199;1481529487;4
4301;25191;1481512516;10
20419;24296;1481539451;10
2744;22472;1481543272;18
4686;17486;1481520687;16
11375;11064;1481521680;18
12630;15369;1481529529;8
22794;8586;1481527651;14
5825;13216;1481536543;6
5812;19881;1481528960;16
3340;15302;1481511892;2
18179;1431;1481525748;4
27537;10030;1481535385;10
16805;12329;1481519333;18
9662;10706;1481529407;10
19871;10546;1481542848;4
9880;11916;1481528522;4
20126;17395;1481531216;2
7325;19229;1481536888;2
4865;2017;1481542944;8
1892;427;1481544886;16
7689;1169;1481539781;16
15161;21230;1481514790;6
13872;3592;1481522232;18
9952;79;1481547783;18
16797;5479;1481527992;12
19;4292;1481520013;4
23866;10004;1481516190;10
15226;14270;1481513780;10
15991;205;1481511443;8
4897;10611;1481520631;12
20076;6569;1481535872;6
2280;2786;1481533653;4
8025;8596;1481534830;16
26187;12238;1481514427;4
3998;177;1481516602;2
3392;12122;1481541226;6
27282;19582;1481513112;8
27504;6108;1481546539;8
1094;13124;1481537225;4
12781;4805;1481534413;6
8251;4877;1481543560;12
9710;25377;1481510053;10
21809;6002;1481519854;4
5260;17514;1481511929;16
5889;8957;1481538467;4
22924;1023;1481550209;14
18334;2370;1481516667;4
16535;24349;1481534923;16
10075;5871;1481513914;16
6279;4524;1481512464;6
4019;24478;1481513323;18
8250;19074;1481540868;14
15081;1112;1481542868;10
25344;3989;1481515394;4
21306;10186;1481512631;8
1863;10525;1481540647;12
19957;8033;1481525274;12
8362;23151;1481537495;10
8744;27473;1481542362;18
13005;14923;1481548125;2
11256;14543;1481512369;4
14702;4806;1481543560;18
13288;27229;1481522050;10
12177;16043;1481526316;10
12063;25266;1481524384;12
11592;9897;1481532213;2
19956;12046;1481509920;4
23518;11598;1481539359;6
1173;23030;1481520145;12
23176;17508;1481523852;6
5877;27310;1481545478;8
6683;16780;1481523210;14
5812;19869;1481531075;2
1384;12380;1481546658;10
4677;2979;1481540250;4
1914;5894;1481520468;18
2525;7935;1481509582;6
10695;22997;1481546299;6
10254;5398;1481509800;12
8442;13904;1481547273;4
23100;4754;1481510288;18
5717;7009;1481516706;8
2288;14697;1481514599;2
4692;10915;1481529355;18
17517;20643;1481523168;6
17211;6231;1481526076;6
10521;14999;1481516394;14
5770;11387;1481526793;8
9875;27557;1481542207;6
7934;7869;1481509550;4
20240;16656;1481512956;6
16127;11131;1481542198;2
8146;3961;1481539837;14
2869;5405;1481524414;14
7685;27022;1481518504;10
185;8476;1481549960;2
6406;16848;1481528834;16
6900;617;1481510750;14
10253;20626;1481515569;8
27200;1088;1481550968;10
5352;9891;1481538078;6
10411;8450;1481538145;2
5654;8464;1481541217;12
13904;6870;1481523555;18
6633;23520;1481510975;4
18812;421;1481539865;12
6263;4739;1481548556;8
1046;14117;1481522017;18
961;4289;1481539881;8
10713;8306;1481530870;18
1251;14122;1481539410;6
23104;1027;1481519455;14
12353;13180;1481527529;12
17422;9679;1481547231;10
10513;109;1481531293;4
2737;143;1481536996;14
1640;5099;1481537620;2
14793;26145;1481510395;2
24701;7906;1481545179;16
7555;26035;1481531549;8
434;23350;1481519493;2
4974;4701;1481550606;4
16140;7271;1481524565;14
25512;17584;1481513503;16
19039;19226;1481521199;4
10907;25291;1481516734;10
8249;20707;1481533271;16
10288;15188;1481511084;10
7337;8150;1481522506;18
8138;7357;1481532098;2
10846;1539;1481549190;2
314;12771;1481550586;6
7512;24970;1481519827;8
4727;15786;1481520964;12
11270;12013;1481544581;18
13189;3016;1481512331;16
4759;9766;1481528840;6
11374;20758;1481538303;6
1185;11958;1481533286;18
4311;20950;1481518550;12
14665;25449;1481511495;4
27293;23152;1481511038;12
6516;11018;1481515385;10
9514;1332;1481535097;16
8317;27426;1481512457;8
10099;7070;1481524734;8
15784;1340;1481542737;10
436;23446;1481515022;10
8141;3707;1481520979;12
4823;4300;1481516816;6
7281;12235;1481509520;16
6453;8480;1481533845;14
8550;9763;1481534125;10
1720;19959;1481532215;6
3913;7349;1481540722;18
11955;26082;1481546227;4
18182;5757;1481532352;14
5357;7804;1481517165;18
13803;11767;1481532465;16
1429;1932;1481543979;8
15390;23111;1481533260;14
8334;20299;1481533304;8
14913;253;1481528387;18
19812;257;1481527472;14
5007;11250;1481516194;14
5702;8887;1481528294;6
14123;15237;1481546106;16
7162;7415;1481546952;16
21715;153;1481531415;6
7442;6407;1481527085;12
9395;9837;1481515964;18
14187;6555;1481522567;8
4747;23335;1481537902;2
9828;3469;1481512567;8
14075;16848;1481550108;8
12428;17894;1481516908;2
9743;16100;1481534340;16
26112;26306;1481510866;4
17441;9757;1481550865;2
2026;4054;1481511796;10
6715;13187;1481546088;14
17262;23517;1481529802;8
14288;10010;1481541831;16
10240;409;1481546629;8
12561;21497;1481532782;10
17415;4865;1481546976;14
5435;26;1481533161;6
5036;8295;1481515767;10
11602;12135;1481511135;8
3010;22585;1481549857;6
5376;6000;1481522797;8
27555;5917;1481522070;6
13559;15002;1481527382;10
10093;18078;1481537716;4
19988;6479;1481526060;2
9869;3448;1481536248;18
7768;5006;1481550405;6
3080;14985;1481534215;16
2812;23002;1481543348;10
5108;22937;1481542624;6
12317;27142;1481525047;6
11598;22538;1481549088;14
7330;21319;1481523379;2
7110;19802;1481541350;6
15452;21318;1481544049;2
23117;19046;1481528953;18
20932;12782;1481540578;12
19821;10878;1481531097;12
8296;6817;1481548518;4
3412;20147;1481531827;4
19550;18305;1481533856;12
3031;10031;1481536215;12
1133;25393;1481513896;8
2783;19070;1481529002;10
1498;8406;1481533224;4
23123;6922;1481538491;10
8945;6486;1481544527;4
17790;20479;1481519081;2
2646;11396;1481513221;10
11248;20520;1481527063;2
6550;1953;1481524477;16
10307;18339;1481529953;2
18260;9819;1481540917;12
6683;12641;1481516483;18
27163;24965;1481544310;8
9221;10470;1481533362;10
17412;6324;1481528160;8
2731;10470;1481522457;6
2424;6298;1481533102;12
1396;4343;1481532671;2
9765;27208;1481530509;4
24354;4256;1481534029;12
9894;17616;1481513068;12
7616;9312;1481542409;8
4977;9486;1481512622;2
1034;14444;1481547972;6
27521;6833;1481521873;10
4282;20713;1481529161;12
1900;1490;1481521397;6
5085;10099;1481544581;16
12139;21360;1481545347;10
20708;7555;1481542662;12
7607;1951;1481550152;18
6691;8462;1481516097;18
20347;14910;1481535488;18
11618;249;1481540984;10
1124;5499;1481528443;8
6983;22964;1481530857;6
20453;3609;1481533572;8
26031;26085;1481532617;18
3257;20075;1481541151;16
5504;6864;1481542934;4
20602;14498;1481541271;6
298;1777;1481550279;2
7244;10082;1481531195;10
4911;6657;1481539709;2
22582;1369;1481512770;14
16888;16909;1481535188;10
20104;14551;1481517113;14
10434;24413;1481512292;10
1952;157;1481510525;10
3425;6214;1481529155;12
1519;1547;1481530456;8
17282;24568;1481518273;4
23340;15464;1481519682;12
10811;10202;1481540946;14
17310;7694;1481550631;4
9454;3961;1481550351;4
7628;6772;1481512721;10
13030;10725;1481509934;2
7328;4578;1481524017;12
9961;5352;1481550911;2
23647;19919;1481519533;12
24927;10356;1481523732;6
9206;27390;1481515406;4
1856;23340;1481524305;2
19454;7465;1481550846;14
27198;7361;1481514653;14
9862;13773;1481527632;2
15999;27086;1481512642;2
921;23620;1481536485;4
7517;17794;1481535074;14
8490;8905;1481546423;2
18182;7954;1481549576;6
8908;15320;1481515644;2
22578;21302;1481513189;12
23110;4167;1481530758;16
27027;15320;1481510721;18
399;13262;1481521144;16
11745;12614;1481529038;2
6921;20341;1481535290;16
10180;6430;1481513674;12
8371;23099;1481515148;6
1646;428;1481549695;6
6177;23752;1481548047;14
6951;16811;1481550396;10
15159;11896;1481528167;16
5750;937;1481542432;8
1515;1956;1481544719;18
6271;10262;1481521052;2
20944;16132;1481549847;16
14219;12391;1481522095;10
17173;19297;1481530436;18
10024;24984;1481537759;16
9368;9359;1481521867;8
8744;11609;1481537139;4
19208;8449;1481525320;6
10829;10547;1481519230;14
23164;7;1481544523;6
9217;25166;1481510190;14
149;1748;1481534778;4
26182;14141;1481516606;12
20587;3971;1481527435;4
16915;19945;1481527929;16
16780;9950;1481514751;4
10594;5934;1481542892;6
11772;20627;1481546530;6
17292;7062;1481525297;18
27289;17157;1481521574;8
15370;20974;1481538668;2
6137;1689;1481517448;14
12376;8406;1481547276;8
9963;27390;1481542512;2
21722;8006;1481517139;10
5992;14263;1481530869;2
1920;7860;1481512394;2
8903;923;1481514841;18
20473;10074;1481547408;10
12421;7236;1481546840;2
51;18865;1481516855;2
6690;6611;1481537145;16
15991;10518;1481509737;6
9060;3916;1481514739;10
27322;15377;1481529873;2
7587;5434;1481543092;14
376;11134;1481539638;18
13679;10689;1481521439;2
12561;7962;1481515098;2
8941;1032;1481550929;14
1095;7550;1481522243;16
25543;20154;1481548622;6
24648;15324;1481516599;16
18399;129;1481516026;16
7519;11605;1481542487;8
15748;26149;1481549532;4
6390;8872;1481519790;10
2428;25411;1481530119;8
4596;6018;1481511252;4
3615;17334;1481538038;6
27003;6602;1481522132;2
24172;5520;1481537515;18
5439;17882;1481529326;8
14707;1726;1481523945;6
8308;4486;1481515686;4
1185;7905;1481541731;8
3547;16873;1481514229;2
22574;11948;1481515261;10
350;20958;1481537689;6
3412;147;1481513428;10
7419;2784;1481540012;18
23062;2833;1481544564;2
9489;6937;1481531942;8
10846;354;1481533780;10
20113;6346;1481510087;14
5045;18438;1481542637;6
16928;19777;1481512132;4
11009;10682;1481527548;2
27399;4946;1481540260;12
355;9739;1481548245;10
8138;1636;1481535441;8
17333;10717;1481547116;4
20687;11125;1481515224;10
4664;8690;1481528935;16
7568;1979;1481534086;8
14979;958;1481542803;12
22169;10214;1481523764;6
2021;6576;1481548264;10
17508;23541;1481512351;2
18078;16051;1481531673;16
13826;20609;1481513972;16
19737;6326;1481544234;6
21360;7901;1481522222;8
26188;7470;1481527110;4
1638;27176;1481543738;16
11780;27375;1481530459;4
7253;4296;1481535125;10
15989;15224;1481550826;8
22624;18466;1481518699;8
26189;27165;1481529836;14
11057;25400;1481536090;18
17183;9570;1481515182;6
21495;11232;1481543279;16
1166;2403;1481517980;6
10308;5810;1481539377;4
9743;6432;1481532428;4
4031;6109;1481548371;18
26111;17770;1481521558;2
12766;1162;1481539188;18
7249;11376;1481531657;12
4937;9754;1481548993;18
19221;3074;1481516056;2
154;5833;1481516205;10
315;20968;1481541496;8
130;6190;1481536326;18
357;15230;1481545890;14
8480;3712;1481509711;18
875;8319;1481520633;4
19625;11720;1481521194;6
20245;157;1481531523;6
319;6801;1481533907;14
18814;5995;1481531562;6
18305;7967;1481546138;10
5978;1955;1481527848;12
3370;11090;1481542003;10
15015;16799;1481514992;10
9279;17414;1481548300;8
1719;6605;1481530998;2
3914;11033;1481540113;8
8591;7389;1481551058;14
14562;12631;1481546135;8
6964;2748;1481521154;8
17240;15023;1481519189;10
11252;9240;1481540921;18
24375;233;1481534271;16
8478;10406;1481538007;4
1767;20631;1481525155;16
20108;12117;1481524624;8
1567;23451;1481529377;16
1133;4184;1481518562;18
10208;18077;1481521884;2
24682;17213;1481510480;18
10874;19821;1481546036;12
16886;10310;1481513683;10
5815;1886;1481520451;12
6567;3740;1481518236;18
21005;10530;1481532159;12
4326;25537;1481532756;4
269;191;1481550363;18
16040;5707;1481538004;2
6289;21289;1481538992;10
9539;6241;1481544939;12
7995;23811;1481550170;16
3419;959;1481510316;18
8519;20587;1481527859;18
23644;24654;1481549389;10
10812;22526;1481543593;14
11179;17705;1481540675;6
1987;9180;1481525167;10
26318;2138;1481537279;2
23740;19816;1481546908;2
5115;18332;1481538241;14
17577;19068;1481531978;2
9967;6780;1481519055;14
20945;6716;1481519096;16
14230;6898;1481512808;14
5441;21795;1481509960;6
10314;3769;1481541233;18
2422;10875;1481528043;16
12614;1988;1481530798;10
24925;24750;1481523165;12
4702;7293;1481537064;10
6431;19550;1481521522;16
22621;8803;1481547698;8
17176;8187;1481513839;12
15212;12762;1481536728;2
8818;7267;1481518007;16
411;7946;1481526262;8
15117;1558;1481514900;6
2122;12034;1481521161;18
20040;5520;1481548376;8
10632;8688;1481512298;18
13003;1307;1481536415;18
6852;14237;1481514192;10
7450;3074;1481538432;14
6551;2337;1481541751;6
13289;7980;1481523501;18
27314;366;1481548983;4
1166;17578;1481517663;16
6369;6188;1481550771;2
19938;1773;1481536977;16
5110;10540;1481516489;8
12404;25193;1481526074;18
7768;18040;1481527007;14
8449;9870;1481523648;4
6474;11053;1481516894;12
3025;4881;1481541900;14
26070;6938;1481516064;14
18804;3375;1481546122;8
3458;1318;1481531251;6
9435;24622;1481520063;14
4553;23619;1481520246;10
18082;9848;1481528068;14
19573;2291;1481531538;16
4902;22268;1481517785;16
23517;1794;1481533946;2
10623;6245;1481549414;10
15350;1766;1481528153;8
1049;9205;1481532341;18
5100;5762;1481529004;10
19848;27162;1481512311;18
20014;9362;1481546969;8
6294;901;1481542576;18
8187;4539;1481513720;10
17464;1341;1481511330;4
5264;10912;1481543476;8
9710;23033;1481523346;8
19533;14972;1481547463;2
1604;24278;1481519453;18
6317;12583;1481533860;18
25068;4893;1481514188;14
2340;10183;1481520302;8
13238;3083;1481528048;18
20423;12387;1481550165;4
5747;2809;1481545269;2
10989;10837;1481536457;14
27377;21413;1481537096;6
25265;19952;1481550817;4
18156;6219;1481527809;18
15326;5837;1481520603;18
27328;4032;1481536819;2
21715;8801;1481523945;4
9207;19222;1481521667;16
10116;25280;1481524258;2
2453;6915;1481544263;10
913;9019;1481519075;10
19816;1632;1481545305;16
21281;911;1481527637;10
21308;1581;1481531650;18
3982;1015;1481533778;16
25286;8667;1481543403;8
558;6123;1481518003;6
6449;11793;1481530558;8
13971;23883;1481533754;4
6234;6786;1481546105;6
5887;18159;1481548442;2
3413;16307;1481525428;16
5727;23140;1481527346;18
16878;8015;1481537126;12
20463;2879;1481522982;12
7460;12380;1481544383;12
1602;9256;1481524722;14
2986;37;1481545200;14
8037;6431;1481549781;18
6379;9020;1481528405;16
10271;3769;1481544879;10
8678;4533;1481536859;14
2125;5654;1481525880;8
5528;10105;1481518081;14
22957;26148;1481509852;16
11807;17891;1481539750;16
17436;958;1481523110;10
18350;7029;1481549891;2
9668;23791;1481543082;10
9967;19092;1481523386;16
5982;20631;1481538307;4
10774;16128;1481547723;8
86;12562;1481549021;18
20687;19916;1481523376;4
9975;3921;1481512335;6
20050;4259;1481545510;4
8340;25003;1481518533;6
9745;13859;1481531076;8
23467;24937;1481528599;18
73;8240;1481513484;4
20292;22603;1481524224;8
11120;6420;1481526664;12
19837;10162;1481544726;16
27400;5491;1481545411;6
11102;3781;1481537917;8
3742;10874;1481512077;18
10046;27025;1481535531;12
1890;7317;1481513628;2
2125;14699;1481546766;4
6383;23334;1481524345;8
2761;23304;1481544766;18
8016;1546;1481544394;18
15987;8005;1481528194;14
10295;10618;1481516457;8
23614;18871;1481544276;4
6935;1195;1481549267;18
14116;11605;1481539820;8
3073;16011;1481520176;10
22531;5037;1481519090;16
5499;22480;1481514464;10
6610;5265;1481525908;16
10101;82;1481541518;4
11140;3079;1481546556;4
1899;6008;1481513416;18
8768;8647;1481544236;10
7954;24143;1481532286;2
19079;10309;1481509832;12
19039;16780;1481540671;4
15227;24651;1481513706;6
10164;7072;1481535530;18
8348;17422;1481542052;16
12118;17399;1481510253;12
3649;2752;1481530657;6
1033;20143;1481546906;16
12347;22273;1481526143;6
11069;14555;1481512433;18
10025;3124;1481521102;4
1851;3898;1481529572;4
1843;4610;1481542172;12
258;6013;1481521414;10
1530;13914;1481545742;14
4234;6186;1481512462;6
8901;22254;1481535562;16
7712;7536;1481536666;10
10733;23052;1481540641;10
6516;11776;1481537847;8
19281;8018;1481513991;8
6585;2326;1481511823;4
21253;308;1481513587;8
10013;4865;1481532825;16
8034;15999;1481511006;2
5478;9996;1481524440;6
11126;5969;1481515776;6
1961;12028;1481523723;12
1628;8959;1481538557;16
1406;148;1481546437;10
7451;6027;1481535205;12
6275;8496;1481511929;10
8465;15768;1481546925;2
8301;1228;1481519797;4
21746;1154;1481510094;10
19759;15302;1481522054;18
23009;24659;1481541737;18
5438;11621;1481510170;6
10764;20531;1481540280;16
1048;14230;1481547132;8
3123;11096;1481515442;10
19916;18891;1481540205;16
8436;1603;1481524907;14
21315;17036;1481542558;4
7605;10825;1481509528;18
10009;3417;1481520054;10
12211;17472;1481531679;10
7441;6561;1481541361;8
12413;1211;1481531612;12
1018;2931;1481546526;6
4056;9056;1481519658;10
1354;13618;1481511082;10
3955;10206;1481547797;14
2733;7339;1481532592;14
2809;2329;1481547056;4
7924;6260;1481526443;14
15739;8341;1481518037;10
8884;3688;1481526795;18
8394;4509;1481550743;12
17028;14143;1481535286;6
25547;20739;1481549803;6
229;7672;1481549731;4
3352;9415;1481543304;12
21074;11596;1481542291;14
5936;4583;1481519331;18
1421;6299;1481550954;18
14558;4668;1481539608;2
6919;9896;1481518226;16
12578;3375;1481517655;8
5756;3537;1481520554;2
20682;10703;1481520989;14
6466;8516;1481544288;8
6479;9509;1481534031;8
1746;25044;1481523833;10
21300;1025;1481550247;2
6613;18821;1481517536;4
6824;4829;1481548905;12
19284;20657;1481543582;14
10068;4004;1481516762;6
11043;23728;1481542259;6
3160;4015;1481547563;4
8523;9776;1481550201;2
22963;6977;1481515903;2
17893;13804;1481523106;2
20626;6444;1481538182;14
13080;20140;1481518414;8
15482;4195;1481538623;14
12567;11146;1481539934;14
13781;25365;1481541937;6
1408;20284;1481530082;6
3953;2948;1481539436;18
6640;20453;1481545302;6
20245;6598;1481535222;8
11577;345;1481521732;4
4282;8950;1481533303;8
6256;6139;1481524152;12
5941;7186;1481515438;18
10614;27536;1481518410;16
18416;16796;1481516578;18
3374;21401;1481520265;2
17290;5488;1481544597;16
20868;15228;1481532158;4
6780;1931;1481524904;16
8380;8499;1481516608;10
23355;2525;1481548769;6
17564;5693;1481509547;6
7456;24968;1481527878;12
5985;4878;1481538983;8
10697;13984;1481536928;12
27174;27405;1481535012;6
13782;7369;1481539028;10
8801;15485;1481548941;10
18812;14262;1481531021;4
6252;19531;1481543031;8
686;3007;1481535199;8
19056;22;1481529195;10
9678;12118;1481529739;12
5907;7421;1481534587;12
1407;27010;1481546676;10
3691;24675;1481526432;4
2125;12321;1481521320;12
16318;25367;1481514957;8
1732;23971;1481550248;4
6395;14261;1481540291;18
19545;14707;1481542826;18
3597;13260;1481526544;6
20292;8174;1481548012;6
1510;24180;1481532723;14
19723;16187;1481520408;8
5120;1958;1481539042;10
23121;18340;1481538333;12
7342;23756;1481537976;16
2375;7343;1481527174;18
1171;1179;1481544651;2
7627;6598;1481532723;12
27286;14559;1481544317;16
9199;9736;1481531086;12
9286;12136;1481548573;6
25380;6786;1481513672;12
7461;11988;1481522308;16
9660;10218;1481545887;18
10252;7688;1481539673;6
26311;8728;1481522935;18
9430;12322;1481542916;10
14999;11481;1481547511;14
1892;25382;1481513738;18
25049;19057;1481520604;14
9274;21379;1481523055;2
22983;10609;1481527724;14
11744;1531;1481527069;8
3704;11054;1481523974;2
19897;1253;1481528518;10
27559;6952;1481521048;18
7317;4268;1481520016;10
4748;90;1481523545;12
1014;6583;1481540125;18
7871;4675;1481510666;10
6830;8517;1481537865;16
1009;5712;1481534104;10
3032;3638;1481530042;8
5330;6730;1481538596;18
10568;10595;1481535978;14
4800;8579;1481549188;8
6220;26394;1481515370;16
10724;3904;1481522758;4
15033;23520;1481510508;18
10801;6622;1481524225;8
6189;4158;1481549659;8
8143;8465;1481528218;10
11131;18198;1481529469;6
20445;9796;1481530048;10
10907;13289;1481535754;8
224;366;1481519406;14
1607;24928;1481510253;8
23861;5034;1481534651;12
6676;12013;1481530482;16
8494;9669;1481518299;16
27335;8137;1481549093;16
24622;160;1481531898;2
10603;16294;1481542572;6
9483;7894;1481536851;2
6386;4337;1481520986;4
5637;19803;1481540387;4
25432;7999;1481520957;4
19223;3163;1481529429;18
14804;11698;1481523694;2
24132;5084;1481525968;12
11159;8946;1481514145;8
11809;9214;1481546080;16
6521;1158;1481513288;8
23083;14198;1481542817;16
17378;1148;1481531332;8
11484;419;1481533503;4
6655;7793;1481523866;16
27541;10985;1481539917;4
19934;4665;1481547727;12
7532;4786;1481510163;12
965;7934;1481518298;4
18197;4775;1481525653;18
4759;19547;1481545977;12
6311;19302;1481519168;6
6805;15353;1481511005;10
17893;6783;1481527464;12
27431;13199;1481542354;10
19284;24254;1481525498;8
27088;4521;1481521713;8
7052;6886;1481543574;8
4758;1886;1481545540;2
11095;6455;1481531394;8
6598;558;1481548693;10
1837;58;1481544249;8
23832;7619;1481545669;12
9520;11218;1481549550;4
8973;25340;1481530342;18
11856;23327;1481541282;16
4525;13889;1481519316;6
11023;20082;1481516640;12
7333;1954;1481546444;16
1492;20013;1481532402;8
9949;14931;1481530744;2
2816;19080;1481514759;2
20023;3604;1481545867;14
10914;20045;1481532052;6
7404;4753;1481549458;2
5528;20050;1481510252;2
8306;5893;1481522129;18
11483;21491;1481532304;10
13794;9956;1481543858;16
5806;9160;1481516206;8
10571;3990;1481526403;14
2874;14797;1481525378;8
16196;6008;1481537782;10
10251;21503;1481519309;8
4544;1702;1481528792;8
5773;1148;1481523368;8
22964;6673;1481536748;10
8160;27;1481527791;8
276;17375;1481530375;6
11089;18336;1481523575;2
20986;12568;1481544352;4
19276;1203;1481516976;10
14952;19915;1481538863;18
16891;19712;1481513190;12
4899;8322;1481514688;10
1154;8031;1481521715;14
2738;5120;1481548427;10
7589;2878;1481533145;12
8344;16879;1481536409;12
325;15533;1481533392;6
23167;17574;1481545296;18
13941;9185;1481533192;18
4294;19304;1481533027;14
18209;27096;1481527452;16
5949;20240;1481537638;4
7606;9371;1481532061;16
3488;7501;1481544585;16
2343;17422;1481531042;12
6031;2128;1481536719;10
13222;6873;1481516834;14
5435;23857;1481536208;4
8698;23031;1481546796;12
25384;19087;1481531252;18
10119;5121;1481535801;2
18938;16195;1481521085;8
4348;15026;1481540425;14
1572;2409;1481532021;2
19077;6299;1481532825;10
6126;1979;1481512862;6
20092;14131;1481512843;18
11082;6299;1481541633;16
9435;22271;1481534791;2
1895;2794;1481548418;6
6251;9765;1481510248;8
22536;3116;1481517186;6
24473;9636;1481516764;2
4880;24446;1481522865;18
20926;8130;1481522910;14
10908;20295;1481548891;12
26049;6235;1481532381;14
9901;15516;1481550932;18
17405;187;1481526019;12
14202;6182;1481510158;6
14581;6981;1481521465;10
18073;8297;1481523449;16
10395;13809;1481529613;8
8485;9482;1481515397;8
1533;7079;1481515609;12
5892;14859;1481522492;6
4357;11059;1481531967;12
17001;24349;1481526436;18
19308;11043;1481516581;4
20990;1079;1481533658;8
14961;1727;1481537261;8
16139;6712;1481525658;8
18341;20446;1481514039;16
1672;19956;1481546347;14
11591;6560;1481520787;12
11227;20921;1481535998;16
8746;15131;1481523437;16
19920;24657;1481520440;10
143;22441;1481549117;14
15354;305;1481541045;18
9460;10472;1481527289;14
16193;6975;1481550789;8
18115;1041;1481525898;6
6575;19520;1481528467;10
8804;2465;1481513984;16
11609;18339;1481544427;2
27464;1563;1481531875;8
14142;1253;1481544206;14
9867;3744;1481536792;10
6483;19091;1481513474;6
20326;20358;1481531927;18
10410;8885;1481545345;18
5353;7846;1481522738;4
8586;14155;1481515962;12
2144;22159;1481534957;12
8475;10174;1481539910;18
4776;14183;1481510510;18
15135;9494;1481529281;12
4317;12787;1481529628;4
7266;7401;1481511370;8
90;5244;1481531653;4
1067;12157;1481528639;14
1415;20656;1481534214;18
25385;22301;1481524328;18
8549;14289;1481510844;14
6418;7160;1481509533;2
19818;22442;1481543179;10
11824;20118;1481538268;4
4301;18312;1481514095;10
11127;1378;1481532917;14
15224;9802;1481526952;8
27229;7335;1481511215;2
13261;9861;1481522785;4
25043;16043;1481526310;16
7818;6996;1481521651;18
227;17256;1481519198;12
958;14696;1481544971;2
6801;22472;1481545215;10
10293;280;1481529386;10
1232;5050;1481532859;18
25162;14439;1481516337;2
17871;19908;1481542140;18
3591;2524;1481541180;6
18808;8018;1481537394;10
16050;4838;1481519069;14
5780;9285;1481550935;6
6107;10502;1481545437;10
19914;21231;1481509571;18
4687;16891;1481542808;18
22481;8634;1481539450;4
23039;6353;1481547014;2
8153;20773;1481533319;6
1263;976;1481511586;18
20866;12404;1481511597;14
22146;17552;1481541880;8
27378;1012;1481519769;14
5959;368;1481532665;8
4337;11101;1481540237;6
20122;12028;1481515362;4
17783;6204;1481534898;4
157;9955;1481528462;6
9271;5694;1481538331;14
3418;2881;1481549453;18
9248;21226;1481536624;10
23111;7870;1481540313;10
6772;3465;1481524649;10
23041;12558;1481523858;2
16369;9854;1481533654;16
6143;6770;1481518184;12
4749;1345;1481525449;2
1674;170;1481531858;4
15474;7372;1481521332;16
7048;9060;1481536813;12
1023;13495;1481511621;4
10605;11135;1481523465;6
15072;20297;1481538491;2
16863;19491;1481548184;16
12033;20189;1481509559;6
4034;21495;1481524079;8
16118;7944;1481525350;16
27449;17154;1481550832;2
9509;21485;1481536110;10
18424;7782;1481518992;14
13198;6221;1481516764;4
5278;4548;1481530087;6
1915;6839;1481532388;18
5408;9751;1481542821;10
2393;2406;1481527953;12
22487;12145;1481519082;6
18952;5941;1481526630;12
12568;3018;1481515038;6
151;6666;1481546372;4
12155;9947;1481546615;14
13678;3464;1481511398;2
24981;7547;1481541049;8
3250;6361;1481530719;10
10706;20979;1481512979;18
1790;8655;1481520914;18
4358;16122;1481519083;10
14136;18844;1481527881;6
6953;20193;1481515988;14
9514;6693;1481549742;16
22177;10311;1481533342;6
10907;1080;1481528717;18
8935;20656;1481519043;2
3396;4689;1481514797;4
7148;3374;1481540807;4
2411;17862;1481511336;6
20846;8001;1481514502;2
19823;23630;1481538627;6
23176;384;1481547737;18
10272;20361;1481512609;12
24352;15012;1481510504;8
8596;27344;1481522038;10
5100;3696;1481548173;2
9872;24954;1481528147;14
1105;8754;1481533963;14
25324;18052;1481549334;12
20599;15023;1481537231;12
19726;24986;1481527503;10
14778;17022;1481525412;4
9490;4974;1481512495;8
23034;15133;1481509503;6
76;3737;1481522806;18
2171;20068;1481531706;16
3252;12708;1481533558;4
25383;2277;1481528599;18
1918;4345;1481537818;18
266;11402;1481540281;12
4842;3532;1481549696;10
8756;23187;1481536286;4
14690;9362;1481524135;18
22147;9741;1481532640;16
14199;4867;1481545620;14
27413;2844;1481543587;4
15295;4958;1481542516;10
20938;24126;1481540391;14
15083;5510;1481538306;10
2767;241;1481528644;2
110;27293;1481544571;12
3134;23544;1481518596;8
8354;16101;1481525541;14
24650;5262;1481547373;18
17375;4734;1481512598;18
17162;12797;1481513215;10
1666;7859;1481534936;14
8642;4944;1481510872;14
13182;15131;1481523010;4
7915;19052;1481522859;16
85;5814;1481539480;2
5985;8474;1481524172;2
7841;11717;1481550549;12
6432;27473;1481518454;2
19945;3681;1481542666;16
10525;8745;1481530985;18
1978;7884;1481545658;6
20538;11563;1481513007;16
15460;3982;1481550662;4
10387;17033;1481545834;14
13814;6786;1481527434;10
19045;1129;1481518658;18
2746;3000;1481512427;14
18179;10601;1481522065;14
24986;10357;1481510904;10
9898;9884;1481527470;8
8387;5754;1481513594;18
20933;11009;1481510224;2
3597;5651;1481531507;4
5260;20462;1481540126;14
12585;7082;1481534221;2
6266;14863;1481522164;12
11020;9874;1481550486;14
1598;3418;1481533059;2
20446;16789;1481528375;8
9878;9167;1481535854;12
1320;16117;1481516216;6
362;12649;1481549648;16
8275;3415;1481513842;16
19527;10412;1481548353;10
9457;4042;1481545540;6
2373;8947;1481542715;6
4040;10378;1481537668;6
8868;46;1481519326;14
1491;15409;1481510475;10
9448;5704;1481549101;14
27425;5874;1481531057;18
6699;17405;1481515796;4
19945;23020;1481547397;4
8529;24965;1481519477;16
10535;2737;1481548033;10
2342;22614;1481538670;4
4826;7516;1481524810;6
5830;18355;1481513214;14
1906;965;1481525954;18
5693;27229;1481520112;10
3619;13081;1481545514;4
4686;27521;1481526532;10
19918;7707;1481520722;8
10206;430;1481515736;6
12358;6610;1481546767;6
6116;17389;1481514789;6
11848;5967;1481525024;16
15227;11616;1481519347;10
17209;23076;1481542908;4
17510;13794;1481522279;4
27036;9686;1481550432;14
1011;7022;1481550445;12
13678;25371;1481541144;18
6526;19991;1481525156;16
8822;5007;1481544596;18
16377;10701;1481515677;14
8445;5685;1481529631;2
15028;7696;1481515849;4
19952;18262;1481527277;2
18817;13454;1481550983;14
25341;5418;1481511796;14
1571;7268;1481536138;8
2725;9279;1481510625;4
6856;1971;1481537847;16
20341;15368;1481544524;10
25541;12162;1481542652;4
6534;14189;1481544909;2
23140;22313;1481533470;2
4541;1724;1481539165;18
1350;6181;1481548145;2
909;1021;1481525042;8
145;15161;1481520799;18
261;3324;1481522606;16
11043;15788;1481510703;2
18173;12333;1481521485;14
22662;11904;1481516372;18
3638;6663;1481536374;14
11407;20789;1481540420;8
20922;3771;1481524910;14
4736;9776;1481529999;16
6025;26102;1481520447;18
6181;149;1481514319;10
6536;9636;1481533976;18
12771;20328;1481546451;12
22960;5283;1481547021;2
2324;2328;1481531431;16
23115;20525;1481530306;18
16036;12038;1481549103;6
7944;20143;1481546912;12
11141;3699;1481541604;6
16136;3146;1481513023;6
14780;2369;1481526950;4
12285;1229;1481531331;4
26313;13852;1481550854;14
8703;11101;1481512261;10
9844;27228;1481542395;6
20301;19425;1481543166;12
23620;18197;1481519269;16
17404;193;1481522458;10
6586;23516;1481532934;6
27389;10122;1481526937;2
19916;7174;1481518048;8
10891;7249;1481539717;6
21317;26480;1481527826;4
9710;9648;1481510567;14
7248;10560;1481539217;10
1061;10424;1481548750;10
8809;1107;1481538019;16
1722;305;1481547580;2
4360;18818;1481539906;16
22459;11619;1481529402;18
4246;18102;1481539538;14
6107;1142;1481531608;14
18878;19967;1481521489;12
10507;13824;1481518260;6
7394;6475;1481537167;6
4696;11915;1481543574;4
4027;8427;1481540925;16
5693;5401;1481540044;14
17506;20971;1481544001;12
2983;5900;1481544142;2
17296;8745;1481526112;18
11477;4233;1481545049;4
144;7356;1481534437;16
7076;11056;1481545394;16
1602;22989;1481548952;6
14872;27205;1481510741;2
342;1588;1481523626;8
3287;8302;1481542500;12
17002;8957;1481535418;10
8576;1181;1481516439;16
27445;1419;1481516435;8
8968;11695;1481547145;4
8430;6415;1481537130;10
27474;8228;1481509856;8
9863;15036;1481535951;14
6212;9645;1481538867;10
247;7615;1481536773;18
4531;9766;1481550630;18
6591;16185;1481514350;14
4773;25371;1481512061;10
22987;19530;1481532496;4
5722;1492;1481550854;14
4590;1396;1481511592;8
4348;4822;1481526023;18
8594;12090;1481542337;18
19026;6376;1481510842;12
6185;10259;1481541859;2
891;16013;1481524523;14
7897;10639;1481523060;4
21415;8321;1481530970;18
927;6937;1481517247;8
9561;6851;1481534954;8
11055;10724;1481515972;12
5122;12092;1481526321;8
7034;11718;1481519121;2
9499;1206;1481530825;10
6403;10219;1481535529;14
11239;14656;1481510081;12
7996;11225;1481539652;6
306;10291;1481532926;6
20284;14106;1481518049;8
11050;26260;1481542684;14
11174;22871;1481534344;4
8961;2881;1481526760;18
5699;23751;1481543068;6
6441;16843;1481524358;18
15005;3391;1481520694;2
13128;9419;1481513455;18
17392;22648;1481544558;12
10398;20523;1481538225;8
23862;997;1481530905;12
4564;21718;1481512194;8
8053;7590;1481531814;12
10600;21728;1481526174;8
6306;13187;1481535528;10
10694;24674;1481546631;2
23863;1581;1481549902;18
2418;12880;1481539713;6
2773;8320;1481550479;4
7037;8379;1481529375;6
6237;8953;1481513058;6
23859;1315;1481526762;4
9463;4787;1481527740;8
23666;19494;1481538523;10
6669;6000;1481525138;10
8183;19779;1481536770;18
22258;23863;1481526321;4
57;1102;1481514053;14
4211;17268;1481541143;8
23021;21030;1481523551;16
24719;16647;1481541328;6
12028;3373;1481549918;18
20756;123;1481516488;18
11051;5861;1481511351;6
6412;8863;1481544340;14
8575;13780;1481512881;8
10989;1777;1481526965;8
9855;10683;1481510398;14
3018;11361;1481549433;16
20927;24133;1481539813;18
20539;568;1481522934;14
27199;23110;1481528495;18
7975;431;1481544857;16
6595;281;1481512352;4
10493;12072;1481511818;14
10498;7688;1481542214;10
20974;5049;1481543059;2
8836;27228;1481518451;8
5810;20704;1481513174;18
11729;20288;1481536523;14
12121;20787;1481549446;14
14263;7605;1481528703;14
10834;27014;1481513795;10
23262;1009;1481521657;6
3615;20444;1481534773;18
6234;10240;1481530754;6
620;22248;1481547912;12
565;4893;1481532540;8
131;11219;1481518736;18
1498;17792;1481511524;6
2379;14577;1481535628;14
22292;18807;1481519459;18
20953;9156;1481525458;6
27023;8356;1481528687;4
11238;8485;1481547197;8
20414;16135;1481520106;14
19528;8494;1481514320;6
3905;5727;1481529503;12
5640;10502;1481533658;6
16131;14810;1481512183;16
6796;19;1481541089;14
12132;13256;1481550623;4
1913;10535;1481523378;18
21806;6971;1481531589;12
14921;18940;1481540163;12
19780;5730;1481512874;12
6815;16335;1481538973;18
40;25087;1481542978;10
11252;4834;1481518078;14
2755;6723;1481539836;16
7639;13890;1481524818;2
3248;4105;1481529735;12
347;16187;1481532493;18
4294;1270;1481527547;8
1620;17002;1481532931;16
23446;12247;1481545906;2
389;21715;1481538712;6
25388;8304;1481522777;14
184;10114;1481526456;16
12102;20037;1481519192;12
12650;11049;1481511443;12
15229;6373;1481515256;8
17252;22252;1481538348;8
23049;5643;1481523854;14
131;3940;1481547998;10
21319;11176;1481544351;18
3428;23852;1481526826;14
1925;12307;1481537234;4
17284;2415;1481526033;10
27013;4878;1481526030;14
1382;5091;1481539682;10
8703;1038;1481520628;12
7077;19835;1481523925;18
6416;6734;1481524804;4
1423;18330;1481535222;6
25089;17431;1481511794;10
17893;9999;1481538143;8
23041;7542;1481535869;16
20909;6961;1481514754;4
1537;11723;1481532944;6
9761;5119;1481511046;4
7327;11004;1481524310;2
6255;3975;1481534526;4
19533;2801;1481516752;12
11870;12065;1481515902;12
15079;12164;1481545393;18
20547;27411;1481526696;8
3398;7056;1481548311;16
22461;19776;1481518426;2
19287;21229;1481523777;2
14660;17190;1481519819;12
19816;4558;1481534032;4
23669;1177;1481545582;16
8400;2733;1481545693;8
12419;1857;1481517816;8
3741;11172;1481542474;8
1697;1203;1481523428;2
16026;5389;1481515282;6
2116;6680;1481543709;12
2329;25542;1481545645;14
2880;17875;1481548073;4
10363;8033;1481537192;4
17441;5004;1481531928;4
10260;22144;1481546461;18
2131;6252;1481542428;4
22443;6934;1481542958;14
4054;1331;1481520588;8
18152;27446;1481520369;4
14639;8885;1481528848;2
879;2835;1481537084;10
10929;8698;1481538040;4
11141;23789;1481525254;12
12074;17296;1481512730;2
3897;9363;1481520746;2
10469;1846;1481520950;10
2808;21288;1481530796;12
4946;10596;1481545121;8
14917;9569;1481531907;18
1171;7833;1481523709;6
10593;23748;1481530354;16
14142;9101;1481517521;4
25189;5837;1481511429;8
17034;23468;1481540072;2
2762;21367;1481509795;14
27329;17844;1481528312;12
14155;2115;1481534263;16
228;12122;1481524849;8
1514;14820;1481510111;10
16203;13874;1481537363;14
20402;3256;1481538226;10
3069;14121;1481534719;14
3095;24932;1481521854;14
12355;11177;1481510296;12
6614;7395;1481509619;2
6697;3850;1481551118;12
25401;3566;1481526308;16
19071;13724;1481529959;4
2130;7937;1481549216;14
12041;6608;1481543164;18
27024;2019;1481525825;16
27416;9406;1481522017;10
3505;14555;1481543039;8
25001;17391;1481518368;4
10506;15465;1481528976;8
10103;18194;1481517280;14
6570;2908;1481549098;16
1913;17530;1481517791;16
5751;13852;1481524884;2
10412;8879;1481509594;4
10250;26333;1481530700;12
25166;2789;1481516690;18
18867;6201;1481547008;8
9158;6690;1481537282;8
7975;19505;1481540079;10
26310;4976;1481526838;16
7870;7794;1481518914;12
6736;24294;1481518657;6
21;15347;1481514045;4
4520;6722;1481510117;10
23020;12812;1481545359;16
17467;18895;1481521825;8
5106;1328;1481548567;4
19064;19883;1481535204;10
14662;13887;1481550924;4
1884;2890;1481517663;10
8362;7296;1481513294;2
20926;11089;1481542415;10
2346;20526;1481509635;16
8591;7294;1481548938;4
16178;8427;1481547363;2
18906;352;1481540400;6
1402;18910;1481547117;16
21077;6532;1481516336;16
4054;8376;1481550013;14
20044;4336;1481520108;8
23789;17377;1481533865;16
16796;25449;1481526676;4
21371;2789;1481527048;10
12796;367;1481534868;8
19625;16038;1481520562;4
19281;1190;1481530427;8
9769;12326;1481549322;18
14140;5247;1481549311;14
18072;7327;1481511597;10
1959;15298;1481550320;6
22585;12183;1481549051;6
9443;27541;1481509852;18
13187;1101;1481525005;16
8909;9;1481517362;14
10613;11862;1481529419;16
6170;20945;1481537909;10
5396;21462;1481541480;2
18463;1591;1481530600;12
11128;22452;1481527196;8
7302;14663;1481540458;8
24087;7529;1481509783;10
1165;10259;1481537736;14
1970;9178;1481511314;2
27023;4278;1481535390;10
20453;2783;1481522384;10
7966;15310;1481510273;10
12332;15313;1481535796;10
7351;18114;1481527846;16
7357;1217;1481535342;10
8234;1797;1481541673;4
4757;17485;1481523461;8
2526;11897;1481519852;18
6413;10045;1481522072;4
4741;9839;1481514351;8
1896;7244;1481520330;2
20587;8918;1481550339;18
266;1447;1481542685;4
2910;20586;1481516774;8
1251;8373;1481527974;6
20037;6216;1481534848;14
23755;9412;1481514211;18
5926;8425;1481544631;4
19922;8381;1481538537;2
1593;5760;1481517377;4
16016;12311;1481533614;2
8468;27555;1481524653;2
4918;3915;1481544541;8
14920;24714;1481538121;6
913;1126;1481522447;2
7167;14129;1481517074;8
12083;7557;1481532196;6
1495;11858;1481548606;12
19076;3977;1481536796;6
4543;6249;1481531506;4
1025;1932;1481550315;6
1221;3745;1481540345;12
23327;21444;1481523143;4
19966;7476;1481550368;10
24427;27453;1481537741;8
8567;8804;1481546025;6
8912;174;1481529756;18
1068;12139;1481537791;16
8378;7051;1481516728;16
25065;19305;1481517331;6
1952;1771;1481519468;18
11090;983;1481531425;18
23446;4956;1481539998;12
13902;23037;1481529715;10
7478;1643;1481544130;4
10729;21297;1481537602;18
16302;18456;1481512741;2
15019;1078;1481549007;8
7144;4008;1481538561;16
14910;11822;1481538329;4
6522;1061;1481511530;6
8475;14545;1481529823;14
10833;10474;1481510220;12
4891;2407;1481541430;12
15508;3491;1481527383;6
6504;19022;1481542496;12
25049;8171;1481511002;8
21000;10376;1481517684;8
8308;3015;1481516564;2
5956;16304;1481543605;14
8826;23642;1481539145;16
26155;1316;1481524162;2
4564;3927;1481535766;18
7988;9863;1481522292;12
17297;10096;1481509786;6
11905;3957;1481541306;12
17209;21808;1481515622;6
17436;10466;1481523084;16
1221;4290;1481534860;4
7779;12378;1481533354;6
6598;4213;1481525674;6
3373;17211;1481532520;14
13290;22571;1481510171;2
20981;14693;1481543935;14
17478;13196;1481528295;8
4237;4700;1481511027;4
21318;6632;1481541412;2
14699;6143;1481529522;14
12653;12290;1481544989;14
20079;13224;1481532382;12
22994;8867;1481544787;18
14659;15370;1481526661;18
4876;3165;1481516769;4
9137;9415;1481525304;4
19870;6951;1481517374;12
7070;13678;1481543955;10
20300;20913;1481515468;10
18858;10837;1481536488;8
11782;14113;1481534425;12
4627;14918;1481519659;8
13;1000;1481521226;8
16121;13855;1481523027;10
10545;9675;1481538404;16
4565;25449;1481511796;4
82;16100;1481538424;12
12046;5244;1481546949;18
7692;5696;1481518352;10
27027;5028;1481540441;2
9198;7545;1481538913;8
15117;11851;1481543456;12
9174;27296;1481529935;14
3065;5946;1481537787;6
6311;12234;1481529767;6
11602;9609;1481524487;12
18840;24662;1481524788;4
20036;25086;1481542891;12
20037;1349;1481522658;6
11412;4957;1481524405;8
3256;2407;1481525325;14
2399;18200;1481534979;10
8602;7327;1481522476;6
22995;12582;1481545034;18
272;14948;1481531129;16
20113;9207;1481539270;18
6027;9297;1481536469;16
11063;7095;1481514470;10
20360;1220;1481533597;12
3070;12818;1481512929;2
26091;17292;1481546953;12
1086;9970;1481525984;16
24064;10506;1481546998;4
3689;22460;1481544223;2
17428;2386;1481535773;4
13785;10925;1481515104;12
19885;1854;1481528071;6
73;20636;1481524222;18
14586;7077;1481512003;4
26309;6549;1481521267;18
19852;13211;1481530738;2
14537;27549;1481520242;4
1895;11120;1481522694;8
7021;23620;1481536403;10
111;8371;1481533256;18
6234;563;1481527569;10
16302;18151;1481521489;8
220;22494;1481516443;4
17921;971;1481548111;8
215;62;1481522081;18
26315;5479;1481519136;12
247;13290;1481545724;14
6119;27003;1481522907;4
9240;6371;1481526361;2
7354;12282;1481529139;14
10022;6113;1481529197;16
14918;17530;1481547016;18
13880;27201;1481537074;4
2794;2380;1481522830;14
26094;8951;1481546959;10
16193;20415;1481531353;12
27410;15996;1481530963;4
9164;27432;1481534766;16
14640;3627;1481530882;4
23026;6981;1481535377;10
22272;8519;1481524997;10
1625;2124;1481510327;2
25061;23521;1481549656;4
13948;23856;1481531299;14
12291;22585;1481545176;12
27262;5393;1481529025;2
3685;3277;1481513062;12
5614;17797;1481524249;6
7087;17349;1481515457;2
2838;8449;1481537509;18
15005;27334;1481540770;18
7570;4241;1481527790;6
18811;1336;1481512734;14
156;4994;1481545616;16
10262;12391;1481530962;12
10113;4812;1481549580;16
7109;25467;1481536486;14
4670;17455;1481542851;6
12757;11409;1481509759;18
15249;21367;1481517140;2
10115;20919;1481545651;4
4338;6336;1481528825;10
16780;20831;1481539996;16
15031;14273;1481535633;6
5877;6177;1481539135;18
3287;9439;1481538882;6
8389;27425;1481515114;18
24648;14712;1481533909;18
12652;19992;1481516735;2
20289;13853;1481537171;8
9734;1344;1481520471;4
11388;8907;1481522920;8
9550;22614;1481511376;4
24063;4019;1481527808;8
4543;10494;1481544124;18
9970;23738;1481515882;4
18198;10983;1481522068;12
20599;17532;1481511921;6
6614;20759;1481523371;12
3252;2142;1481549000;6
8289;1935;1481528427;18
3957;13800;1481528172;16
6212;13786;1481548847;12
10814;18818;1481521734;2
20947;20038;1481513096;12
20996;375;1481532108;6
3078;17580;1481515025;2
24469;11216;1481527451;12
22509;9279;1481543916;6
14798;5079;1481528206;14
20657;17611;1481550456;8
27310;9366;1481547938;12
1901;1879;1481544409;12
23642;18886;1481515158;2
1063;8863;1481525339;6
1859;3916;1481532405;16
14431;15076;1481539327;8
4522;24356;1481528396;4
8438;12017;1481549363;4
7038;7592;1481542951;4
5245;4013;1481516136;2
4724;1733;1481538505;10
11152;6561;1481525368;8
16927;267;1481548049;8
6874;24749;1481531498;6
8030;8589;1481539739;12
7168;400;1481531558;10
4856;16183;1481543317;14
13973;7813;1481537606;12
7388;8581;1481543522;18
8903;4903;1481544898;8
6465;10118;1481510854;2
61;22922;1481510279;12
2733;25169;1481513910;4
10015;11404;1481511320;12
18052;158;1481517101;18
3999;6331;1481543689;4
13912;14885;1481515087;6
21362;16803;1481521740;18
22178;17574;1481536769;12
229;20543;1481519396;4
5872;14157;1481536018;2
10881;7646;1481550605;8
8694;25080;1481522574;8
4206;23328;1481527094;6
1007;15154;1481537867;14
8982;19319;1481525286;6
9444;1143;1481536745;4
7011;20932;1481517961;16
9647;15485;1481512541;6
5419;23752;1481520248;8
8310;11959;1481547813;10
13559;20920;1481524517;14
9443;8905;1481522375;2
8809;19914;1481542652;8
3294;1247;1481537357;14
13939;2866;1481542131;14
20196;10112;1481541934;12
10355;12289;1481523020;16
5043;7169;1481525239;16
11824;1397;1481538125;14
13815;4186;1481516476;4
158;11227;1481545140;16
17257;7159;1481512186;12
13181;4582;1481522139;16
19075;3856;1481541442;8
4272;8646;1481514168;10
3495;10695;1481529394;14
13238;23010;1481523368;4
6915;10115;1481525659;14
6498;12784;1481537285;2
4288;8151;1481513909;2
2997;17404;1481547604;10
18338;7546;1481510633;14
20067;8576;1481529786;10
10005;3390;1481521536;12
8808;5363;1481544701;18
5027;22316;1481539404;8
20128;5878;1481530097;2
4659;11083;1481519509;12
13929;11230;1481523314;18
5867;4302;1481528424;4
6630;12800;1481520110;10
3700;73;1481529747;6
2771;26330;1481522975;10
15533;13852;1481538888;18
1864;13255;1481544445;16
21803;4317;1481514630;18
1364;18185;1481545906;2
4024;23004;1481518181;2
17566;255;1481513845;18
12289;15082;1481538108;4
5894;8469;1481512286;2
10673;9609;1481514998;18
5778;3688;1481517514;14
4813;8983;1481531690;6
1682;3378;1481530434;14
27201;20807;1481544663;8
25076;8239;1481527404;8
23894;20244;1481534596;18
12329;19532;1481530731;4
20479;10366;1481549744;4
13181;16648;1481522309;12
1671;6651;1481513904;6
255;14260;1481533107;16
14201;25089;1481549480;2
7076;12943;1481550597;6
16014;11758;1481521865;4
10729;10379;1481525664;12
27001;5692;1481539564;10
4229;3719;1481539938;2
2970;1336;1481523782;8
8997;18349;1481546306;14
24726;26100;1481535662;14
22988;19824;1481548728;10
1484;6187;1481533354;10
3973;5420;1481514157;2
9020;8800;1481532358;8
3686;8586;1481533810;12
17402;23740;1481542258;16
5956;20245;1481543334;16
8927;11044;1481522785;16
24692;1591;1481550402;6
8392;21412;1481542707;14
27046;1081;1481521718;10
8837;27450;1481545323;14
8863;3374;1481545166;16
4208;18165;1481550208;12
5688;23896;1481533570;6
8586;5840;1481534574;6
351;4266;1481515140;2
974;6308;1481540682;18
15753;19067;1481522962;16
8597;3255;1481539207;10
27095;14923;1481520238;6
20900;8468;1481542479;12
74;15090;1481529109;6
3903;19313;1481534071;10
7421;1683;1481524214;2
12326;13984;1481513371;18
9750;1377;1481512104;10
1149;1283;1481514931;8
6484;11077;1481540854;18
11803;13286;1481515653;6
19570;10766;1481545497;12
7368;4224;1481514405;4
11594;2836;1481535329;12
10420;8952;1481516766;10
10378;4841;1481526711;10
23149;2525;1481537059;10
10317;19063;1481526227;2
140;20857;1481520838;14
12644;169;1481536045;8
23468;9194;1481518249;14
20987;1265;1481545837;12
15403;1389;1481534452;8
2156;1456;1481537264;12
3376;6830;1481522992;8
11575;19824;1481511630;2
12211;4891;1481518281;12
27427;25380;1481548964;2
7577;10330;1481510765;2
23762;9285;1481542622;14
19792;4212;1481510753;18
343;11763;1481519868;18
8807;4993;1481541004;2
15521;7164;1481512266;14
14573;11055;1481538057;10
1424;14537;1481520939;6
27397;9978;1481541935;10
1123;13890;1481537747;14
6632;25185;1481549428;16
12139;8917;1481526427;8
6485;16026;1481549881;12
3986;15097;1481520206;4
11212;25503;1481534452;6
20400;7624;1481524933;10
9152;2334;1481544370;10
12186;6701;1481520677;8
24369;1496;1481538295;10
169;12157;1481515845;8
19286;1003;1481541168;4
22602;16335;1481550625;6
4530;13874;1481513707;2
7280;11801;1481543978;2
23896;70;1481530497;10
9797;211;1481519026;18
4230;23737;1481541555;8
13180;17333;1481545922;10
10014;27478;1481537556;8
23170;18878;1481547504;14
5917;9868;1481540643;2
27022;23344;1481538565;8
7005;9223;1481539865;14
15732;12321;1481524864;6
7982;19918;1481546154;4
21385;6303;1481510835;8
159;25376;1481547020;10
24446;7902;1481517694;12
26244;3748;1481527792;14
6699;5805;1481542410;12
9520;19762;1481542412;10
6679;1418;1481518400;6
173;15389;1481548975;2
14167;14923;1481526640;4
23648;6783;1481511633;2
12871;1073;1481509807;16
11400;10804;1481513142;18
6276;18310;1481541581;4
3692;22272;1481543362;18
3578;15962;1481538194;4
1690;16013;1481524137;12
7039;324;1481532183;12
5843;2738;1481541684;14
8567;7794;1481536526;10
35;6401;1481520560;10
12152;24392;1481531178;16
4029;1075;1481547978;10
12368;6148;1481532120;12
5245;12067;1481543171;10
9868;997;1481541278;18
11793;19983;1481547256;6
964;1503;1481548003;6
26039;14653;1481534297;18
17399;10358;1481547347;18
9509;10260;1481543811;14
10421;3609;1481521193;12
1384;1605;1481510840;18
12873;23024;1481547634;6
11869;4901;1481521552;18
2772;6159;1481540696;18
16198;3008;1481517694;18
27427;20453;1481514710;10
11483;12222;1481544660;6
4867;3789;1481537516;4
6937;13900;1481512633;16
12322;12025;1481530690;6
24128;19422;1481524220;18
10983;10119;1481522715;16
27480;4361;1481526661;10
6966;1068;1481514395;6
7799;22651;1481549593;6
23305;19301;1481544523;14
16128;2752;1481535896;18
20655;22493;1481543416;18
21759;10305;1481544000;6
4959;3389;1481513836;18
7501;1173;1481542021;8
1517;5693;1481545158;6
11041;9416;1481518996;10
16191;2428;1481523108;6
3622;8593;1481523437;16
6630;20318;1481541501;6
8440;11759;1481521937;16
23076;15329;1481547690;10
2942;24126;1481522832;8
19910;6987;1481534231;6
25286;27446;1481531583;2
13286;14557;1481512348;12
19493;11565;1481514282;18
3533;8414;1481523323;18
5585;34;1481541598;18
27294;9001;1481519865;18
193;195;1481543764;2
1523;15749;1481533816;12
426;8089;1481537882;6
20959;11394;1481548160;16
9160;26392;1481547684;10
5975;1634;1481540780;18
129;20888;1481520724;14
19075;17053;1481539269;6
9992;5613;1481530155;14
6319;10497;1481511423;14
21292;7246;1481536063;6
14442;6201;1481539870;8
6889;1592;1481525733;16
8451;23347;1481522577;10
288;4336;1481539959;14
231;16014;1481523708;16
15109;27453;1481527900;6
6605;27182;1481524944;18
1894;2794;1481538272;12
7899;20108;1481514214;10
7397;16880;1481545836;4
9651;11789;1481518894;10
26262;5850;1481521154;6
27037;11393;1481531477;8
1984;6120;1481529847;10
1857;22135;1481523574;16
24164;10028;1481528429;8
5527;4338;1481530020;10
21268;15019;1481521518;16
14695;5815;1481523379;16
14201;8327;1481529514;16
9004;1892;1481533245;16
6372;8828;1481543034;6
17149;6778;1481532134;2
4797;4813;1481541028;6
6457;17283;1481539866;18
1882;20035;1481529938;14
19958;1175;1481542021;8
27559;1646;1481514090;18
24511;1531;1481543917;2
7635;17381;1481539496;18
11252;18341;1481545032;10
11013;24278;1481541455;2
11141;13870;1481525986;2
1659;23318;1481543974;12
23167;4324;1481544884;4
23526;11892;1481538636;12
5734;12647;1481543226;16
14442;22146;1481521078;12
965;10496;1481518327;14
13214;2336;1481516380;4
25516;1951;1481510677;16
6455;17157;1481548823;8
23365;194;1481542375;8
9174;5975;1481538057;12
13495;19471;1481537208;18
335;23883;1481531887;4
8968;4926;1481536092;2
1339;11043;1481529904;18
4334;14135;1481539605;12
100;12247;1481512301;10
21404;7111;1481538566;18
23490;8297;1481517455;16
5035;14690;1481538099;4
7247;27521;1481513190;8
24249;23831;1481546787;10
4218;24706;1481510366;2
5866;7870;1481514890;16
19555;15100;1481536228;4
11745;146;1481515549;4
23350;2401;1481541060;8
21259;10318;1481533637;8
27399;2772;1481519038;6
9994;1887;1481513670;8
1073;10317;1481511779;10
3698;20951;1481546887;2
974;895;1481537083;4
20400;8994;1481520753;6
6346;8866;1481511080;16
5437;5118;1481519081;6
27042;12083;1481534477;18
8173;15105;1481535214;6
12141;21288;1481518425;6
5999;5870;1481535088;2
24749;5882;1481525839;2
1298;5294;1481531847;16
21487;8369;1481540928;14
6415;6213;1481512436;4
7332;20911;1481540483;18
17241;9106;1481522602;12
6153;893;1481531145;18
15961;4724;1481539629;6
1023;22443;1481549301;12
19170;10324;1481510783;10
10567;7767;1481516643;16
10687;8990;1481540085;2
15027;7936;1481539716;8
20982;11133;1481528680;2
23328;11959;1481513256;16
7791;11068;1481551103;12
8753;7799;1481513949;16
2010;16133;1481549725;16
943;3746;1481537025;12
10514;9471;1481515921;10
7007;1675;1481515913;2
15370;27327;1481524057;18
12232;11245;1481548458;8
23862;25364;1481516249;16
1793;1287;1481535588;12
3054;4805;1481538527;16
5694;14219;1481514035;12
1409;11862;1481550306;4
4501;15484;1481527732;8
15137;10407;1481545478;6
7799;10270;1481512103;12
11961;19042;1481543432;16
17416;9819;1481533067;6
9765;1393;1481522381;18
15721;24918;1481547846;4
4853;15135;1481520373;16
11824;11742;1481519543;16
15013;14004;1481547440;14
18821;11267;1481543219;16
2769;21718;1481531708;18
8396;10407;1481542139;14
2035;12055;1481528284;16
3684;16802;1481538005;6
18821;17364;1481534232;18
12214;23863;1481527768;6
19040;19071;1481547896;12
20691;6777;1481520565;18
25164;5104;1481511553;6
9819;15229;1481511579;16
12411;7354;1481530700;12
3465;20367;1481548333;16
7524;9752;1481547950;2
13260;2525;1481524637;4
7610;6878;1481511229;12
5640;13180;1481547547;16
6913;15755;1481513589;6
13177;3935;1481531119;6
11249;18260;1481530718;16
6855;11244;1481544125;16
15765;14426;1481542799;10
15747;3073;1481519020;8
966;19223;1481548923;6
25047;13906;1481511131;2
9638;25518;1481538633;18
3980;7860;1481546486;18
1080;24378;1481542814;10
3254;8384;1481519068;14
6332;8014;1481520312;14
303;243;1481516535;14
6603;6549;1481543168;18
6001;24137;1481527270;2
373;22487;1481519737;16
22490;14002;1481512908;4
17386;27486;1481545282;8
21282;3621;1481528536;6
12136;22447;1481519968;10
3955;23752;1481517954;16
11481;6811;1481548495;8
20679;6999;1481514303;18
1206;27520;1481513189;6
15325;6625;1481536900;16
9361;20066;1481546609;8
19079;11596;1481547585;10
23020;11475;1481544584;18
20352;13724;1481511590;10
11719;10380;1481538049;12
20931;7670;1481524449;2
5977;10602;1481527689;18
20973;961;1481538766;12
8939;15926;1481534413;18
9946;14910;1481511190;16
21074;1616;1481527930;8
27200;10715;1481510334;16
5997;5703;1481519969;4
19857;10807;1481520079;10
20600;10492;1481521731;12
14556;4222;1481532488;12
8637;27375;1481522697;10
11227;4735;1481527206;10
7604;5929;1481525459;2
4780;3701;1481509959;4
27408;20523;1481520140;14
19234;1900;1481542091;12
10615;27098;1481523680;6
6471;4641;1481513939;16
7598;21412;1481534350;4
9623;22795;1481542364;12
6634;21382;1481527541;4
6580;5944;1481515702;4
12560;8905;1481519602;8
1345;1892;1481543509;14
23697;10415;1481543044;6
27458;1990;1481530280;12
5478;10011;1481543792;4
27268;1071;1481532797;2
8637;8548;1481549744;8
20318;16819;1481519392;6
4529;15747;1481513303;12
9403;21492;1481530415;18
7075;13783;1481517298;6
26037;9803;1481529017;14
188;24134;1481518397;10
20999;14887;1481535025;16
21223;26102;1481526816;18
27282;23448;1481526215;6
19949;15036;1481519963;10
3757;10649;1481548090;16
21268;71;1481528573;14
18178;3155;1481509574;14
3388;13771;1481539862;14
1282;12057;1481511419;12
11213;329;1481513654;4
21493;6318;1481532104;12
15318;6235;1481534493;18
11782;10676;1481521367;14
20195;1512;1481529310;4
22134;17305;1481519159;12
8826;2331;1481548702;16
23856;1384;1481535238;8
16909;1562;1481549892;6
2030;1665;1481518570;2
9223;12426;1481538533;10
3964;23830;1481540347;18
6803;8134;1481514453;2
10524;9486;1481512393;6
7071;6724;1481511309;12
217;9299;1481530400;4
27060;64;1481536150;16
10121;13826;1481520920;6
4005;6993;1481538824;12
19866;19302;1481547086;2
1413;8462;1481545034;14
6919;5756;1481531305;2
9518;10203;1481525812;8
282;11771;1481514988;2
9137;4343;1481532922;16
7980;24283;1481524134;16
1616;22957;1481512287;14
6026;10209;1481531692;2
4014;15230;1481526680;10
2843;7263;1481527404;18
4734;6951;1481525940;10
11230;18890;1481528177;12
14566;25467;1481523542;4
10000;7983;1481546534;10
9256;1004;1481514785;4
26032;18910;1481539852;10
13902;7259;1481549129;6
20050;25023;1481545827;2
2346;6788;1481536314;2
3736;11222;1481525059;6
1991;2878;1481528584;18
2163;6224;1481539882;2
8983;93;1481515603;4
4184;14495;1481526663;2
10852;9969;1481510351;6
8899;1515;1481535545;14
8291;9304;1481539704;18
5109;2814;1481537264;2
1418;16191;1481529784;6
24282;8848;1481522655;16
13818;21269;1481514264;10
9156;19224;1481537862;14
7790;14577;1481537397;2
9356;8972;1481520005;6
1011;21491;1481546726;6
27056;10411;1481519155;18
3282;5849;1481522132;18
8529;1489;1481521631;6
17887;25360;1481534547;14
22469;1347;1481537925;16
14446;21315;1481545362;12
23811;27162;1481545377;10
15368;7526;1481546734;4
19970;24090;1481530801;14
13216;17306;1481542552;18
8551;8748;1481548154;6
7314;8692;1481513628;14
11242;3418;1481532099;18
5746;10258;1481517283;6
5654;18073;1481520647;6
14274;23647;1481546027;2
5911;17530;1481538266;12
11222;19818;1481537747;18
407;27127;1481533175;6
7447;6174;1481521960;12
5548;433;1481550542;16
27022;10191;1481533501;8
16808;18336;1481544081;14
24572;3680;1481550353;4
9056;19080;1481538405;18
4923;22533;1481531264;18
1927;6539;1481550017;12
3749;11387;1481548993;4
14800;2784;1481538862;2
20852;17921;1481540936;16
9916;8050;1481517563;10
6011;19498;1481535871;4
9257;14807;1481518658;18
12043;19723;1481536241;4
1725;394;1481549520;10
5998;8030;1481525635;18
1903;10360;1481516487;14
6135;10075;1481517031;4
10295;163;1481515238;2
11635;5815;1481551059;10
3009;17465;1481515826;14
4675;8234;1481523601;16
18312;6702;1481546414;8
4784;17275;1481539112;12
4897;12069;1481537930;18
2127;7444;1481538111;14
1028;17883;1481533124;12
1700;4501;1481539962;6
15026;20140;1481533377;18
19526;37;1481548631;16
24430;21253;1481523755;14
27459;17500;1481534147;14
2276;23050;1481537631;4
23518;15738;1481548034;6
1320;20910;1481510751;16
17053;12138;1481538288;12
2116;12764;1481528220;18
23490;8281;1481531385;18
6231;10245;1481533600;12
6173;326;1481532528;18
1449;27489;1481525134;6
5962;393;1481535235;2
5720;6800;1481543349;16
22456;885;1481541175;14
15309;8995;1481525159;14
27420;19283;1481517013;18
14439;22485;1481514480;4
194;10324;1481546582;10
6727;27447;1481532241;4
8140;5265;1481530904;2
10381;16863;1481516575;16
2376;24737;1481544427;16
21736;24259;1481544362;16
20682;5264;1481538086;4
8597;2131;1481517220;4
1095;17250;1481541034;4
11814;19026;1481515534;16
26100;11955;1481535692;12
8053;15;1481546980;4
19220;5393;1481536177;16
3393;8316;1481521356;14
8164;24282;1481516008;14
25156;9160;1481511462;16
22931;7029;1481515816;12
20369;12794;1481545002;16
2812;21311;1481530568;4
24139;18321;1481522746;12
11237;1456;1481524531;6
8728;7447;1481539770;12
1351;2116;1481516294;18
8553;17252;1481511714;18
8878;20099;1481522730;16
4735;1494;1481523204;8
9174;22509;1481522415;4
18181;2998;1481515486;4
6155;11206;1481538247;4
238;5900;1481547083;2
27509;7318;1481536327;18
6287;17792;1481510163;6
2787;1194;1481527668;6
8391;10018;1481525284;6
27383;9424;1481535293;4
27270;21362;1481528290;18
24745;17570;1481531945;16
17505;8974;1481522360;18
19533;6817;1481513422;8
19756;5901;1481529461;12
22976;22650;1481529845;6
20790;5089;1481548448;16
26128;25059;1481549891;10
12315;6462;1481542021;2
27407;24161;1481516039;4
21402;16821;1481511736;4
11959;21472;1481534435;14
25386;8541;1481545107;16
13081;6027;1481542746;14
27133;8925;1481520770;4
3932;2321;1481511351;16
7596;19716;1481541859;10
21499;5919;1481528900;14
4240;6416;1481540740;8
7398;15768;1481529320;8
6602;20145;1481510190;8
3021;9054;1481529437;4
23695;27481;1481530464;8
3067;11697;1481523028;12
9061;6318;1481531461;2
7099;20336;1481526361;14
2760;11001;1481514821;10
1289;1695;1481549755;12
1681;18216;1481545058;6
5894;18149;1481517824;14
11626;62;1481519047;16
20100;10810;1481514351;2
12119;20347;1481512557;16
350;5902;1481518430;10
2136;1601;1481518278;8
1255;8282;1481529497;14
5743;8933;1481534225;4
12017;20923;1481515759;16
19864;17006;1481544447;6
12398;321;1481518860;18
15990;15766;1481523161;18
5628;4967;1481524305;10
8278;5950;1481512920;6
15460;3485;1481532735;2
4963;8471;1481546562;12
17172;3856;1481513742;18
1903;11961;1481548852;12
13899;20975;1481550756;8
21797;17461;1481540476;4
12068;23546;1481516261;10
5639;20740;1481528868;4
7032;4545;1481528128;16
14878;2138;1481512055;10
13942;1409;1481549762;2
1457;3402;1481542291;12
1164;3995;1481549182;8
22430;5672;1481531041;14
8970;4007;1481524125;16
3946;8249;1481535546;12
18883;2732;1481537302;18
13758;6006;1481539957;2
85;3595;1481537349;2
346;6840;1481528748;4
2833;106;1481550864;10
8307;15018;1481518528;18
4695;7012;1481511354;6
405;382;1481530538;6
7017;2525;1481524914;12
14050;24;1481514008;10
2341;9997;1481518508;6
27332;5262;1481525233;16
6770;11694;1481530921;2
32;10024;1481536612;16
8510;4893;1481533067;4
18815;8121;1481536733;18
5051;22509;1481528614;10
11176;8572;1481527976;14
17528;4661;1481538760;4
20052;15309;1481544314;10
7172;11112;1481521625;18
8436;27491;1481528642;10
9791;7442;1481550458;14
20402;1232;1481533865;2
16887;3466;1481520887;16
7912;18111;1481518205;6
925;24540;1481528769;10
4567;10000;1481541386;4
6529;20124;1481525015;18
27034;1327;1481524408;10
7521;19486;1481519266;16
10508;25364;1481533700;2
6656;21499;1481535611;8
11804;25046;1481533423;4
20693;11176;1481546495;4
1654;11005;1481549058;16
16303;13870;1481539751;6
6638;7076;1481521844;2
15307;25269;1481526283;16
4608;891;1481548750;8
7157;13977;1481535537;16
7100;11236;1481549311;6
4175;8589;1481517601;14
17885;17580;1481532676;10
21489;1431;1481528899;12
11100;23466;1481540045;4
10852;23161;1481531133;4
3251;22922;1481509662;18
27486;19211;1481514755;4
27140;10118;1481524119;18
4541;22473;1481534126;6
5099;7160;1481545754;2
15371;15349;1481537357;6
369;18196;1481523902;12
6803;2283;1481550410;18
15374;27293;1481529199;8
4966;7538;1481538299;14
17481;16122;1481523634;12
3020;18934;1481540519;10
24425;4843;1481530565;6
8553;10016;1481512487;16
23011;4222;1481538811;14
6577;10495;1481514555;6
3512;10551;1481520498;18
5334;7543;1481517931;4
2797;7281;1481540874;18
25431;8152;1481517801;8
7567;6167;1481527542;2
7881;11961;1481517974;14
23049;12699;1481518578;2
6589;6408;1481534707;6
6736;12232;1481536532;4
11017;17034;1481524769;6
18156;6934;1481544602;8
4892;4501;1481518732;2
18880;27012;1481541995;12
9057;9490;1481524013;8
14166;19080;1481549698;18
25342;19625;1481531442;4
1534;6965;1481544565;12
6386;6524;1481515593;18
9160;1661;1481522717;18
18349;4777;1481517672;8
1048;16803;1481527599;18
20831;9878;1481524323;6
94;2874;1481543644;12
12059;20459;1481542265;4
12159;25378;1481526965;10
8597;10045;1481527157;4
6628;4959;1481511848;16
3284;26314;1481509578;14
12076;8694;1481541910;16
6734;965;1481527538;18
3546;18158;1481509910;10
5267;3251;1481521221;16
19058;26145;1481530403;18
4545;26049;1481510591;8
9972;6531;1481517336;14
9837;6584;1481529351;6
9020;27420;1481542077;4
963;2830;1481547216;10
24410;1037;1481511793;2
8834;409;1481533306;6
3574;27424;1481531220;12
4284;8884;1481515195;18
7809;24737;1481543533;16
27336;2996;1481539102;4
8543;7899;1481542098;8
22141;24968;1481544354;10
3340;3352;1481517364;6
7792;4242;1481520661;4
8153;10782;1481549409;4
22542;3538;1481543599;8
27199;16178;1481511386;18
14272;19876;1481529549;4
17279;19497;1481520053;4
23740;6379;1481519806;2
8016;19861;1481513599;12
7266;7891;1481541328;2
1416;18343;1481518325;6
18048;1361;1481542863;10
18213;8956;1481545367;14
12614;20685;1481524995;10
2796;8650;1481519613;8
7901;20063;1481517022;10
2371;4276;1481535158;8
5831;22178;1481526943;6
9890;9982;1481530262;14
6701;7379;1481510758;18
22463;307;1481517107;12
27404;19972;1481542597;14
9162;17349;1481511506;10
9678;18107;1481537421;12
18310;2334;1481539028;18
22997;8461;1481535867;12
25441;1265;1481518588;10
436;68;1481527900;12
19057;16838;1481534907;14
1531;14242;1481549935;18
240;296;1481515835;2
8115;12420;1481517310;6
6252;3779;1481545854;4
15484;15407;1481535106;14
5259;1972;1481545411;8
6983;22258;1481536445;6
10786;25397;1481532605;8
7457;14972;1481515771;4
7553;17577;1481512528;14
151;16093;1481525413;6
3246;25195;1481539115;10
4730;12698;1481510684;2
7924;19598;1481549214;6
7823;10068;1481526688;14
23791;3420;1481529932;18
15476;25077;1481533631;4
23666;4243;1481533523;2
12234;14154;1481512546;6
18201;8037;1481537479;4
23012;21223;1481545268;6
4006;11631;1481549912;4
1570;5428;1481515124;2
108;2279;1481549019;16
17474;8448;1481544511;14
18912;19279;1481522855;8
27398;7174;1481528499;8
6263;26189;1481523528;12
7899;8532;1481548513;8
17133;3991;1481519214;2
11941;5260;1481544576;14
12020;1340;1481549369;2
17791;25468;1481527259;16
1180;2802;1481538161;12
7943;11790;1481539517;14
10125;7005;1481546992;10
7683;11805;1481541826;12
22614;1211;1481512479;18
23319;11400;1481539127;6
6566;19917;1481517533;18
14244;5426;1481537230;4
11714;8816;1481526656;6
1597;4198;1481534182;12
14866;10795;1481524052;18
1312;2383;1481544415;2
25048;11051;1481534985;4
11098;21088;1481515739;6
27032;23535;1481523699;10
11001;4304;1481533194;6
14113;25372;1481511603;14
9682;15302;1481538957;2
2287;10832;1481514879;4
15072;8826;1481535729;12
9437;21300;1481518631;16
1738;2017;1481531938;12
2830;10573;1481528846;14
5745;23356;1481525534;18
1185;2877;1481535688;2
1067;20707;1481538870;8
5038;3369;1481514570;16
6915;11402;1481515157;6
1645;1021;1481534373;6
187;5709;1481527383;18
13947;9209;1481527074;18
10508;18114;1481525392;16
20999;5850;1481514543;14
4996;7453;1481537422;12
5398;15517;1481516732;6
21311;27003;1481521223;10
15304;8498;1481540800;8
8290;22494;1481535126;2
4016;19548;1481525363;4
7145;6134;1481513148;6
254;27425;1481522052;8
21253;16910;1481518653;14
5631;6978;1481551114;2
1305;7551;1481524701;16
9474;18884;1481531844;8
15227;8594;1481536697;8
7621;11178;1481546790;4
8165;24707;1481522054;18
7891;1011;1481539049;10
17508;9367;1481548224;2
21495;4569;1481517789;16
18860;6572;1481550318;12
6144;25323;1481542593;14
11096;14912;1481510123;16
7101;3134;1481538590;2
24064;359;1481533278;18
6959;10542;1481543547;14
3594;24929;1481522840;16
7889;7137;1481538086;18
16649;17574;1481514556;2
20038;13995;1481520994;2
16098;1816;1481526953;16
21308;5843;1481530509;12
8515;24649;1481541170;10
5378;1055;1481514269;10
6450;9020;1481527710;2
15492;20985;1481525107;10
3988;27164;1481522856;12
11175;2962;1481547890;8
1594;248;1481539479;10
23850;16650;1481532434;4
20446;7598;1481538097;2
9508;126;1481520069;6
9710;1275;1481536874;2
5501;1074;1481516674;10
10564;2772;1481544302;18
12773;20520;1481534190;16
8148;8318;1481546025;18
7254;16094;1481530338;4
12063;10606;1481516711;14
8877;12580;1481538552;8
3983;6913;1481540007;2
18913;5612;1481520261;12
25549;16144;1481531137;14
19043;1682;1481514570;4
14620;10930;1481515463;12
11364;6265;1481514673;10
3991;10623;1481524062;10
24933;5939;1481518620;6
19045;23525;1481546482;18
7792;11041;1481541644;8
991;9662;1481537519;8
9751;24753;1481521403;14
9674;14230;1481543765;12
22532;9878;1481511478;14
20573;441;1481520332;6
6354;14918;1481534928;14
10549;14118;1481543214;2
7624;6988;1481530586;6
14950;15918;1481519718;4
10611;15026;1481531503;4
4694;20144;1481517435;10
15312;186;1481521248;4
27174;10555;1481541459;18
15026;9360;1481549669;4
110;3683;1481548802;10
9205;6032;1481535935;18
12583;6254;1481547174;10
16093;88;1481511507;6
982;5974;1481512583;12
4735;17029;1481541963;12
2291;20524;1481548828;8
7612;20919;1481542374;6
2288;9449;1481549564;6
10887;13812;1481537885;2
23756;101;1481512673;8
1445;14934;1481539365;4
8848;7572;1481541100;14
1674;2760;1481515103;14
14566;8376;1481546807;10
1371;7417;1481545303;6
27133;9686;1481548289;18
7143;1555;1481514485;8
131;9898;1481517670;6
15302;14583;1481510395;18
16302;14648;1481533714;4
6320;16303;1481513270;12
6530;10525;1481524587;8
15213;1486;1481522965;2
1366;7006;1481525546;16
10198;18183;1481531205;2
238;1992;1481513031;6
19945;5504;1481511935;16
7168;3792;1481540514;10
16131;16307;1481528236;10
14891;22680;1481545423;4
5439;27491;1481546715;2
20576;7314;1481544913;2
5885;11240;1481515726;12
16320;6365;1481547028;18
23175;7862;1481522419;4
6933;10521;1481536640;16
8937;23452;1481518477;6
2729;15767;1481514632;18
19802;8589;1481527233;4
6718;15994;1481543990;4
9636;3574;1481513085;12
14926;4672;1481532023;8
1605;11911;1481520973;6
5431;23549;1481529628;16
7837;2018;1481511240;12
20707;15488;1481539346;12
6873;11940;1481517214;6
6327;4580;1481543031;8
7107;9407;1481523100;14
21800;16101;1481533951;6
1361;27490;1481544305;12
10804;23620;1481510461;6
27184;20461;1481511192;6
24935;14705;1481527689;18
14999;4007;1481512323;18
27103;14242;1481526752;14
1420;1075;1481530931;4
16097;22452;1481522365;2
14572;5423;1481534407;14
20225;9342;1481537045;6
6109;19991;1481547260;18
11098;24134;1481515970;4
5948;8802;1481510765;14
25169;2363;1481535539;10
4677;15474;1481519630;16
13218;5947;1481528043;6
1369;11247;1481548910;4
14138;9778;1481518988;16
22483;6215;1481515786;18
7780;22932;1481542455;12
10723;24430;1481513471;18
23630;11068;1481519800;8
14184;7422;1481512473;8
9871;17462;1481542903;14
18085;1638;1481537759;2
14690;19372;1481516498;18
10647;24174;1481535613;18
7259;4753;1481524649;10
9455;19917;1481517005;14
3127;10653;1481547500;10
18130;26477;1481512404;14
4329;14651;1481528970;18
7823;25042;1481537862;16
4882;20935;1481536692;18
10379;21737;1481517037;16
1174;11097;1481510370;8
3510;2426;1481528679;12
8571;7924;1481520303;10
16138;2411;1481548708;12
2877;3076;1481548437;12
7498;7422;1481539104;10
6184;8126;1481545442;6
11694;15;1481537534;4
10292;11041;1481541986;4
9520;3386;1481538693;8
4766;23849;1481519477;6
1872;27522;1481519600;8
8965;9894;1481537248;4
26333;17474;1481524472;4
8912;5126;1481522409;18
3259;10020;1481541303;8
23811;1382;1481538151;10
27291;5923;1481521767;8
12062;17297;1481529333;6
4980;25192;1481513969;6
15022;9304;1481533320;14
6568;11234;1481532312;16
11002;9676;1481536283;12
8018;24470;1481549075;12
6561;9754;1481547565;4
6452;5806;1481517134;10
12421;5993;1481533053;8
8892;10319;1481514718;16
7488;21254;1481536417;18
24742;10701;1481510716;12
24987;9751;1481526262;14
8965;13775;1481515496;4
15480;11208;1481532511;2
15961;20598;1481541552;4
4670;9067;1481521393;6
10279;22646;1481529823;18
27266;15470;1481523883;6
22929;21030;1481526430;16
10363;969;1481549240;14
11176;11799;1481532022;8
14129;11036;1481542643;10
25517;6570;1481529641;14
3880;1344;1481527153;6
6838;6895;1481521896;2
19050;4044;1481540711;6
1487;4669;1481534154;4
15235;2773;1481538784;8
22991;4822;1481516873;6
26322;10598;1481546018;8
27183;11798;1481544484;2
20712;18508;1481519332;18
18810;5962;1481522713;4
17850;9191;1481545729;4
27486;2385;1481544923;18
8323;9477;1481529343;6
6547;9480;1481532767;2
18849;20969;1481514865;2
1966;22499;1481516636;6
8296;19545;1481535746;8
24926;6716;1481510419;16
7769;3419;1481535787;12
4178;17156;1481520294;10
26035;4677;1481512931;2
20365;359;1481516525;18
19842;1516;1481548697;10
8366;5505;1481519280;4
1336;9750;1481524258;14
9665;14894;1481524959;12
1656;7327;1481535051;2
19417;9567;1481538829;14
12120;24532;1481518637;4
1324;11127;1481517665;16
10514;16298;1481521472;10
23013;19925;1481525300;12
5420;25166;1481523327;4
19795;9956;1481529952;4
8741;10535;1481531674;2
21462;7911;1481549920;18
8951;19806;1481530996;10
10206;27019;1481517834;8
8453;10797;1481547524;2
20035;1664;1481523809;18
14587;13726;1481532733;18
19984;18862;1481512172;16
11400;24478;1481527041;18
10268;14916;1481532621;8
7182;6794;1481526112;2
7059;1890;1481511177;10
1678;1253;1481517259;18
19936;10812;1481548886;14
9797;8385;1481524454;16
23354;6522;1481545789;12
20541;994;1481534629;14
9438;19710;1481518273;12
13680;6571;1481520050;14
12292;14916;1481537405;14
12067;1719;1481533792;18
1282;24355;1481516268;10
6259;21415;1481524401;12
7583;2281;1481535457;12
11396;8546;1481518788;12
8357;5651;1481538817;16
1517;3248;1481536500;8
12321;12057;1481544246;4
9509;16879;1481538048;12
19821;2328;1481513095;2
5990;6803;1481550842;12
5824;9278;1481516828;18
6969;20455;1481523664;18
10673;6918;1481542281;12
14547;24689;1481541492;10
3255;4178;1481513544;6
15012;25376;1481536493;18
14164;17373;1481530334;18
8430;16195;1481547626;2
27461;19866;1481549432;14
6626;8415;1481535412;8
13216;20106;1481532339;12
6364;19900;1481540901;14
17015;997;1481527854;10
12098;6733;1481522540;16
15005;2160;1481548961;12
6642;19199;1481526202;6
3961;6489;1481532818;12
20039;13976;1481539949;10
10356;6965;1481521546;14
3469;12951;1481511428;18
6961;3554;1481543223;2
26163;27292;1481542044;10
4669;9149;1481510076;14
14243;8234;1481533055;6
8557;10665;1481511209;12
19856;1887;1481534433;8
17148;1815;1481522525;18
6239;3945;1481512143;12
10380;25545;1481547578;2
17502;1548;1481532886;10
14150;8144;1481509625;14
12945;17904;1481521443;14
4728;17862;1481543276;4
12308;12215;1481549537;14
12641;20066;1481513142;10
14289;3248;1481514415;12
7894;6640;1481538696;2
7536;23534;1481550844;4
10012;6699;1481523890;12
5742;17009;1481519133;8
4587;14628;1481540433;8
9362;20454;1481536910;16
10222;12642;1481544600;18
20576;2139;1481515555;2
13201;8274;1481528838;12
15329;14659;1481517603;6
13618;166;1481527789;2
6508;9239;1481524611;2
16799;10999;1481521521;6
18051;5650;1481525450;16
1365;1993;1481526311;16
1342;1009;1481539984;2
21229;6160;1481512262;8
1167;26306;1481547095;16
27553;8142;1481520018;4
7618;17269;1481518102;6
27433;13929;1481527934;12
7446;19914;1481541078;8
11763;27466;1481540151;4
2409;367;1481520165;12
6949;10501;1481528737;18
20021;12428;1481516633;18
1360;9903;1481521175;2
10782;27229;1481512694;2
8933;1637;1481548924;2
9301;23179;1481513785;10
1532;4289;1481519691;14
3300;27382;1481522657;4
8340;1906;1481528564;4
24955;24666;1481526128;12
1329;26216;1481537360;14
1081;17397;1481522957;10
10616;9536;1481530680;2
20600;8649;1481537197;10
15022;8144;1481541589;4
23490;18817;1481527054;18
1725;7896;1481516433;8
8876;4739;1481527603;12
13212;10263;1481521518;8
255;20063;1481510256;10
1194;3589;1481537586;8
17032;26103;1481550570;6
19954;8961;1481529302;2
1921;1138;1481537072;4
1628;18899;1481547302;6
24128;2116;1481512225;8
14915;3391;1481509921;18
19497;19298;1481513718;18
1447;8965;1481527295;4
19947;14713;1481547697;12
26112;22606;1481541418;16
17349;10675;1481525341;8
6232;18909;1481511037;18
1224;12029;1481525891;8
21445;11126;1481544628;10
6800;25054;1481544594;18
4178;3988;1481546166;4
5983;9323;1481514261;8
17332;4024;1481520048;18
10513;8239;1481537054;18
17800;12025;1481549958;16
3932;22311;1481544708;4
11704;12262;1481524879;16
21746;2782;1481550866;2
23030;9679;1481530470;12
10543;27536;1481531753;16
5850;13770;1481542057;10
10876;3623;1481549064;16
8775;24446;1481520041;12
8968;4246;1481538325;4
15750;5725;1481533966;16
20908;9007;1481536388;18
14187;6552;1481530974;10
1897;7075;1481548474;16
9746;25508;1481523488;16
5033;17360;1481516234;14
17878;4731;1481526664;4
2605;14557;1481533206;18
22430;9151;1481550471;10
3219;209;1481513575;10
21375;11834;1481550301;2
26039;24675;1481537764;10
4762;20244;1481542990;4
24277;12370;1481515393;6
10229;11993;1481516308;16
10659;18821;1481531159;8
25542;8982;1481532180;12
6993;1589;1481530075;12
15154;24782;1481536098;8
686;20153;1481537660;2
8892;8798;1481528002;16
14537;8509;1481536316;6
4607;10499;1481538583;16
13221;20952;1481519863;4
10604;7186;1481539969;8
11826;15962;1481538534;18
3728;1014;1481515994;14
227;9510;1481534436;2
21729;10582;1481543480;6
8939;3589;1481526557;6
1492;7874;1481523377;18
2420;14587;1481519090;4
7155;21737;1481537291;18
21081;5492;1481515768;18
6646;1868;1481511821;4
15918;6261;1481534007;12
9635;5918;1481519659;2
14896;6973;1481519243;6
23727;9058;1481546695;4
22459;52;1481529644;16
4839;14818;1481513865;6
16333;4184;1481528821;2
20091;20485;1481541917;8
20125;27001;1481536850;2
2997;9414;1481515637;8
6625;6974;1481530690;12
24648;3715;1481528356;4
18049;1896;1481520357;18
5690;4527;1481538588;16
21719;917;1481518571;10
24669;6700;1481522874;8
13238;20995;1481549162;10
5402;1548;1481540168;14
21363;7978;1481515543;10
12322;1689;1481534828;6
1571;3330;1481532443;10
12293;1847;1481534551;10
20527;9669;1481530887;2
5774;2998;1481538205;6
15159;7444;1481537508;12
7617;289;1481515981;12
2782;2942;1481535367;10
6233;5691;1481535583;2
8403;25440;1481549232;4
8303;18909;1481523956;8
1025;6571;1481512167;14
5517;18112;1481529325;18
20360;4844;1481520712;16
3850;5727;1481548707;12
15369;23866;1481520999;10
23120;6669;1481511566;18
379;20325;1481518159;12
27036;6854;1481529753;14
8683;27504;1481525052;4
3778;11115;1481546292;8
1305;4928;1481535500;18
1922;23849;1481522408;16
7900;11842;1481544629;14
4676;24932;1481512296;12
11397;13874;1481550429;16
26281;23971;1481519443;10
7602;7555;1481512089;4
9367;23486;1481548236;12
4276;9814;1481546887;2
7416;25024;1481537333;8
10241;1909;1481524084;4
25182;9169;1481530862;10
5261;14544;1481547917;6
8921;2988;1481525456;4
10090;9952;1481529924;14
3898;9959;1481524918;16
10600;193;1481519306;14
10069;17003;1481545050;4
1485;6584;1481529510;8
6951;2960;1481525799;8
2327;14154;1481540598;12
23344;5435;1481510982;2
7390;6111;1481536068;10
8781;64;1481533482;6
17879;18312;1481545080;4
7408;17511;1481518843;12
9358;6673;1481517399;18
11703;16301;1481535392;8
2800;5779;1481515306;18
7443;3706;1481511217;10
16656;20997;1481546014;6
6522;8378;1481516871;2
8834;20137;1481542243;16
27490;98;1481535189;18
11250;10724;1481513202;8
14140;9972;1481528013;6
10721;10503;1481536609;2
3401;26147;1481549220;2
323;5089;1481539686;6
12161;5294;1481531111;18
9306;6607;1481527655;12
26280;7467;1481549055;14
5277;16891;1481538005;6
10998;69;1481510050;2
16651;7611;1481523899;8
20012;13903;1481540360;4
4739;9478;1481542658;2
6375;951;1481527809;18
13785;19285;1481518336;16
5390;16320;1481511248;12
6307;23833;1481520488;2
24296;12572;1481515764;4
8318;9980;1481547424;18
7464;187;1481534371;6
10024;24172;1481545157;18
17488;332;1481517422;4
6403;11951;1481510883;14
1025;4786;1481530147;8
6497;4739;1481548183;8
7523;2363;1481519656;14
8296;27454;1481532648;14
8328;20366;1481534394;4
15213;27325;1481541798;10
6660;14980;1481537500;8
2833;10381;1481519979;2
21360;7326;1481532671;12
15252;25158;1481513446;6
1705;19770;1481511840;16
11403;19545;1481537982;8
6864;4961;1481542796;18
12088;9101;1481535508;4
1362;5409;1481531096;2
3591;4485;1481548814;16
9262;11249;1481537610;6
24585;271;1481519651;12
8956;5677;1481514749;12
18051;8249;1481546862;2
6235;10542;1481522468;12
10093;9768;1481514688;16
5609;11127;1481521613;12
20576;18874;1481516966;16
1863;17416;1481537429;4
9526;12138;1481526127;4
10506;3977;1481519633;14
7523;13972;1481514562;8
10509;9767;1481532807;8
11412;6359;1481545672;18
15736;5719;1481522729;16
22463;111;1481514460;6
8825;11728;1481526679;8
6208;12370;1481515098;10
27232;8892;1481547337;6
17054;23107;1481545163;2
5301;23172;1481521342;6
4836;6272;1481542261;14
27175;3397;1481524146;8
21415;21233;1481517797;16
4583;398;1481523639;8
9838;20990;1481527971;12
22533;8320;1481522601;12
10193;10245;1481531158;14
2392;5850;1481522024;16
25366;8809;1481521612;12
22258;1903;1481536560;8
268;8874;1481544536;10
2352;8590;1481510038;2
19546;7925;1481537587;16
20951;9296;1481515167;8
20645;1375;1481530817;6
6363;8813;1481509923;10
10551;5881;1481511193;4
7467;6703;1481519653;4
21484;23305;1481528374;16
1336;19543;1481523440;6
3716;15214;1481530986;16
4831;25370;1481538034;4
14164;8886;1481532994;6
26311;22621;1481532833;16
1321;1111;1481547843;16
19594;387;1481512672;6
7711;8874;1481547293;14
7640;8030;1481532403;8
22532;1896;1481516671;18
12378;16093;1481512459;14
303;1681;1481550588;18
8523;1007;1481523894;2
27381;3939;1481513402;16
20681;17534;1481515367;10
13971;16928;1481543775;12
5920;23022;1481541453;2
19760;10894;1481512689;2
1562;26204;1481545799;6
11130;10632;1481514442;4
21315;5912;1481521544;8
5774;27418;1481518163;4
8687;6314;1481535626;8
13774;3260;1481534392;2
7316;13562;1481536827;6
7268;10216;1481534756;12
34;16093;1481544839;12
15768;25412;1481549912;6
11780;15309;1481516587;14
1530;25375;1481550111;10
18346;4875;1481525673;2
4317;3012;1481523944;14
24357;8274;1481536442;14
10314;219;1481520189;16
12627;9216;1481515202;16
16535;8961;1481516038;14
4660;2766;1481519554;14
22927;11239;1481551002;8
8126;11997;1481516396;8
20704;9807;1481515181;8
1392;9659;1481530371;16
20987;1723;1481531079;16
23365;7845;1481527758;18
19420;4853;1481547045;8
15460;7337;1481543161;10
20191;10907;1481525198;4
20589;15075;1481539270;2
13974;4773;1481547213;14
7300;1728;1481544423;2
1108;19304;1481541809;2
22501;5740;1481543795;8
3620;11862;1481529051;16
24654;312;1481522000;14
27383;24360;1481548949;14
6520;22464;1481511093;14
78;4591;1481519506;2
23549;5905;1481520596;2
49;2758;1481514101;4
3639;5118;1481546565;8
12358;10501;1481517613;18
3944;7011;1481537790;4
9240;12708;1481511366;10
6764;1493;1481519893;18
10830;1083;1481529397;18
8502;23152;1481547632;18
1404;3934;1481518902;2
10639;433;1481531102;2
17758;8922;1481536600;4
2730;24376;1481516767;6
7602;19215;1481546061;16
4700;27178;1481534598;12
10082;20140;1481514020;14
9028;428;1481541455;10
14625;927;1481521592;14
14935;2402;1481532679;16
435;17901;1481527762;4
3273;26051;1481515908;16
7468;11969;1481547957;10
19879;11259;1481525585;10
10894;3984;1481538349;16
17673;173;1481518789;4
14782;3983;1481548227;14
10666;3369;1481531233;16
8408;11088;1481530044;12
22292;9837;1481527553;8
8090;5602;1481543786;8
7685;4029;1481525917;4
5701;7974;1481518003;8
23741;6275;1481520526;2
3702;16320;1481519960;2
8999;17573;1481541488;6
8173;15478;1481509667;10
16894;17334;1481548983;8
27551;6945;1481511564;6
15403;27490;1481547128;6
14633;4663;1481536595;4
21837;17511;1481539180;10
20420;9284;1481512756;18
20044;3272;1481532244;14
13889;2940;1481536862;4
7543;7776;1481521038;4
18846;24429;1481513853;18
324;1779;1481528190;16
25531;16916;1481510874;10
7556;4311;1481541645;2
1148;19546;1481546157;12
15308;12070;1481524185;4
1408;5551;1481545580;12
23646;25362;1481517329;16
5840;1179;1481517934;10
21382;3281;1481539695;4
2739;15076;1481509630;12
6993;10436;1481521418;18
1307;10529;1481536162;14
7764;14547;1481540503;2
6824;1028;1481537205;12
19583;2379;1481531138;14
20735;6971;1481538431;18
10103;27337;1481510374;14
1550;22989;1481537136;18
1794;2953;1481543349;2
19436;8691;1481513630;8
6219;13910;1481526113;2
8532;14868;1481535643;12
27342;17435;1481538579;16
4855;6643;1481525005;18
1716;26148;1481525169;8
23337;1957;1481519239;12
17239;21436;1481526786;6
27196;24354;1481513739;16
19867;18078;1481544979;8
1310;19274;1481540888;12
27479;27061;1481539018;14
20865;19879;1481516719;2
5632;3991;1481523909;6
5847;5041;1481511189;8
4697;10010;1481531394;8
19066;11125;1481538999;8
16121;4899;1481545705;12
3383;9867;1481529476;6
11787;6656;1481526751;18
1259;5119;1481546373;18
22574;3586;1481540412;18
21713;17054;1481518384;10
14562;9383;1481510848;14
6405;22252;1481544189;6
25528;12573;1481534379;14
7587;21442;1481526477;12
8575;20240;1481537472;14
23053;8518;1481513342;8
282;8489;1481543788;18
3719;7806;1481531753;4
8357;6668;1481513744;6
10723;11623;1481513435;18
9820;5807;1481517617;6
12119;19530;1481516312;14
9840;20744;1481534672;16
1953;23450;1481548367;12
8826;11781;1481531456;16
4270;16126;1481526174;14
19897;25261;1481531737;10
6028;7084;1481519376;14
6223;1626;1481511169;14
19800;17275;1481512917;8
19217;22966;1481524168;6
6246;1503;1481549296;16
25342;27376;1481547464;14
6915;17513;1481514051;2
1091;9876;1481518897;6
14909;7094;1481540352;14
10623;5360;1481512316;12
19283;17171;1481540650;6
7405;27480;1481538463;14
22506;1308;1481513391;16
1678;8160;1481541982;8
1853;19300;1481526840;2
1489;14662;1481527208;10
58;4706;1481511204;14
4687;17239;1481544132;4
12095;18837;1481523903;2
8274;27038;1481531428;8
19287;27453;1481534631;10
18807;17418;1481537583;12
11398;2374;1481513880;12
4582;4215;1481523996;6
3693;20463;1481529040;16
3024;20978;1481514057;16
21489;404;1481530187;16
22131;1147;1481512312;12
9448;9001;1481533438;18
1077;2013;1481522506;16
19770;1981;1481518182;8
15988;12571;1481527344;12
17463;7882;1481548727;14
1708;16796;1481542955;4
24965;6324;1481540076;16
8142;1060;1481532042;4
1449;21416;1481522605;2
6151;9026;1481542913;8
27291;3024;1481539686;2
7606;17529;1481548992;10
11961;27134;1481546502;14
14192;9879;1481532196;2
79;12711;1481514530;8
7782;1355;1481534811;12
17902;10713;1481532523;6
5085;14698;1481522957;2
14437;7888;1481516427;16
10018;3745;1481550637;2
20938;11703;1481537786;12
9505;14128;1481538750;8
362;20104;1481546315;4
2609;8440;1481541997;8
17414;3975;1481543431;14
17398;262;1481525175;16
15766;9873;1481524764;12
11256;20917;1481518998;4
17403;6337;1481545953;4
17792;5967;1481523482;14
9532;6788;1481550006;18
1813;15993;1481515148;14
16006;2831;1481539242;4
5428;6466;1481519129;6
4749;5473;1481535822;6
11485;6229;1481536939;16
17794;25399;1481521152;14
5507;13862;1481546004;6
3749;4190;1481525439;2
8003;12336;1481521125;14
17500;4028;1481517942;6
19526;9819;1481535568;18
9808;25181;1481525664;16
10633;6362;1481535637;10
15073;18952;1481510986;14
27291;7505;1481528080;8
13872;1934;1481519202;10
7266;4301;1481532284;6
17583;6779;1481519130;10
19990;8938;1481540070;18
6660;3944;1481530037;8
24925;10696;1481517491;12
6453;24416;1481543396;18
8397;5677;1481537596;8
9830;18438;1481518047;10
3428;9214;1481536427;10
13314;221;1481531133;8
25185;15323;1481530646;18
16353;25431;1481541838;4
6778;1659;1481532783;18
3379;1591;1481514611;2
10533;20352;1481532825;16
23543;2908;1481550415;18
25390;3619;1481528472;2
19527;12094;1481533030;2
3005;24928;1481509539;2
6332;9774;1481543779;16
1029;6201;1481533866;8
10486;21739;1481535749;4
3252;12576;1481532513;8
20194;4582;1481549886;18
14551;10115;1481526949;8
11857;16911;1481517023;4
20985;6110;1481547543;12
6487;8822;1481547358;4
21302;11371;1481543647;18
8592;1450;1481550012;2
2422;6314;1481534063;16
23041;2427;1481524938;2
1656;23751;1481527584;4
1084;11218;1481548450;2
2987;4564;1481530174;6
18112;8463;1481547878;8
12914;15346;1481548642;2
5881;1933;1481523224;18
6159;12624;1481543580;6
9209;10610;1481534461;14
15508;4995;1481520955;4
418;95;1481519342;2
20082;2796;1481531987;16
335;133;1481532856;18
19582;7157;1481550933;14
6725;19496;1481532331;10
18934;5088;1481533135;16
23896;14711;1481527082;16
15731;13298;1481550833;6
5896;12559;1481550274;2
19075;1205;1481521162;2
23517;6615;1481538180;14
1019;12098;1481540880;8
4896;20077;1481540845;10
11616;5490;1481548415;12
15320;3277;1481533266;14
14895;10526;1481524879;12
2739;6506;1481513418;16
5981;9761;1481530231;2
10295;4676;1481534407;14
6265;14243;1481549907;8
18844;7938;1481525757;16
2881;10510;1481526218;12
24733;10104;1481533843;2
6314;3906;1481540424;6
1643;9972;1481531333;12
20300;5479;1481518323;6
18875;7142;1481536339;6
15216;19880;1481536554;18
3962;15160;1481538249;4
10092;13778;1481517769;18
2327;14925;1481527668;6
24424;379;1481522040;12
11625;5727;1481550001;8
2401;27538;1481533749;16
12055;16295;1481512573;2
23004;6612;1481510569;2
4873;10600;1481524247;18
18214;14124;1481532978;2
10416;9100;1481517030;8
14164;8276;1481544353;16
5808;11088;1481531663;8
1069;2819;1481519091;8
22934;16302;1481550881;6
9881;10238;1481530425;2
9197;7147;1481547653;18
26051;4053;1481544959;6
1858;16913;1481541693;16
7545;4840;1481533173;16
3982;13802;1481536790;12
18099;14451;1481515964;16
7072;27407;1481529407;10
14583;8479;1481547343;2
10381;203;1481524991;10
41;5084;1481542538;12
3610;10105;1481532421;14
23053;3745;1481540718;18
5651;7043;1481540288;4
18144;15926;1481545570;10
27132;966;1481529296;14
7253;17274;1481529683;10
17457;25011;1481520620;14
22621;22301;1481521142;6
4362;9651;1481516556;18
15101;4657;1481528727;12
21723;9508;1481532267;14
14905;5998;1481550099;16
8583;15105;1481532839;14
19075;5810;1481536370;10
9435;12279;1481525485;6
11140;18069;1481532196;8
285;12030;1481546578;16
8373;4810;1481524077;6
4898;19772;1481520853;2
27522;14857;1481515497;18
25328;13215;1481526924;12
19045;17454;1481534660;18
15226;1605;1481543696;2
7935;15737;1481520788;8
8275;11766;1481525318;6
7180;17174;1481535727;18
4966;5280;1481536496;14
21254;8826;1481533067;10
25449;17519;1481540248;12
27443;18046;1481520824;2
5429;11152;1481509554;16
17574;314;1481534345;6
6688;1555;1481526002;18
1961;8439;1481532312;10
9190;4724;1481516522;16
5045;17462;1481512591;4
27029;9539;1481520749;12
9167;18340;1481542362;4
10361;9860;1481511944;14
24685;18891;1481538465;16
2426;15240;1481516636;12
8016;4575;1481533056;2
51;5954;1481535756;12
7363;22968;1481544404;4
9997;6437;1481530037;16
5102;3981;1481536291;10
27089;19953;1481513558;6
4999;22932;1481513569;2
6261;1797;1481534483;2
21412;25503;1481538793;14
19302;2157;1481537717;12
20399;9951;1481532771;14
17283;11403;1481545407;2
14909;3898;1481547459;14
27164;4702;1481517618;14
23040;23350;1481524499;12
23507;6823;1481520706;10
1841;9854;1481524864;16
26164;3625;1481519098;14
2823;12178;1481545961;4
352;14934;1481541758;8
2874;8740;1481530760;4
14691;6142;1481535502;12
22940;16026;1481537597;10
8847;4745;1481521085;12
4685;8472;1481519027;4
14859;4739;1481529918;10
9517;8640;1481546731;16
20154;4311;1481529629;18
27344;12091;1481550616;12
11823;18841;1481543356;2
1060;20643;1481521961;2
3012;18165;1481547859;10
23002;3413;1481512477;6
6570;20013;1481516686;16
5004;9137;1481549364;12
15350;17470;1481544511;14
4754;15516;1481524307;8
6455;1716;1481525874;12
19218;23619;1481540130;16
18069;21315;1481518393;18
25392;19298;1481525919;14
25002;4506;1481549422;8
27395;11375;1481542473;2
22535;10363;1481522308;12
24918;19821;1481549290;18
18305;1557;1481510105;8
6657;2526;1481531775;10
8130;4527;1481517209;14
1668;17514;1481522671;6
23120;3277;1481526060;10
3287;4015;1481512847;8
3285;11806;1481517342;14
6999;6628;1481538301;8
20629;22132;1481510463;4
13890;19057;1481548825;8
25166;5938;1481519014;18
8148;4626;1481518796;14
19988;5298;1481511536;10
17258;20122;1481530179;2
1308;9876;1481549280;18
1213;6660;1481524663;8
10112;1425;1481521070;12
16652;74;1481526866;2
11703;13220;1481539154;2
11814;20962;1481528659;2
17459;6549;1481527308;4
6377;11697;1481535731;14
27551;10785;1481513335;14
20116;27465;1481512612;8
16802;1396;1481511879;16
4194;20786;1481527144;14
5717;14138;1481514083;8
20907;4259;1481544837;16
4800;15216;1481528447;18
27283;6921;1481516535;2
2127;8655;1481546178;6
11177;20963;1481514418;2
4014;4838;1481510904;12
883;21472;1481531013;8
24970;9489;1481515736;2
26038;27040;1481521968;8
4322;4834;1481512226;2
18051;4965;1481543047;18
6121;9347;1481539975;16
4042;13854;1481544188;18
14811;2284;1481530040;12
7541;4746;1481526829;18
13290;19937;1481549077;12
2390;4979;1481524118;8
20369;879;1481535158;16
19806;1196;1481524804;16
11157;10103;1481532348;2
11387;20347;1481519108;2
5265;10996;1481513372;14
7602;991;1481547346;2
10220;1769;1481528956;18
4523;22265;1481523021;8
1955;12314;1481541534;4
14138;24719;1481518054;18
6267;19833;1481519682;2
563;2736;1481518866;18
18862;17458;1481531300;6
1327;3123;1481517593;2
10305;4594;1481530855;16
9678;27266;1481544344;10
3542;23469;1481513634;12
5992;22489;1481549767;2
10519;23755;1481550695;14
19536;1861;1481537618;4
27315;7558;1481531551;14
8395;2791;1481510511;10
1462;13820;1481522406;10
14209;3727;1481538474;2
4959;7817;1481541816;18
6872;27400;1481536376;4
10465;11413;1481529034;8
6688;14239;1481520772;4
1152;10095;1481514387;6
8878;22497;1481509551;2
1599;5677;1481550235;2
27021;7413;1481546935;8
10013;17389;1481519931;12
558;3699;1481541815;4
2153;6138;1481519612;12
17379;6261;1481532917;2
7946;11642;1481544878;2
15213;14443;1481515788;4
4678;20466;1481543995;2
9836;16819;1481515914;16
20347;1797;1481521407;4
23057;19955;1481510728;18
6429;25035;1481548316;4
25390;25362;1481533715;6
20425;6801;1481518995;18
9284;21492;1481512276;2
11101;16808;1481549703;16
5098;6851;1481547557;6
5293;15323;1481546131;10
11635;9242;1481538293;10
14857;23507;1481543778;8
11029;27391;1481538582;16
3944;4670;1481511726;16
20958;7405;1481550846;10
26185;12355;1481544056;14
9020;10694;1481529377;14
5773;1673;1481541709;8
20445;27188;1481518369;16
11227;341;1481524044;16
24675;9423;1481525720;2
22509;5983;1481539506;16
10728;10827;1481512295;6
22927;5018;1481535208;14
5106;6839;1481531328;10
10111;7571;1481514168;14
4046;1797;1481519876;4
11408;23730;1481520172;2
2022;9137;1481531875;18
24929;10537;1481524991;8
347;12696;1481520328;4
1041;1967;1481513633;2
20866;19815;1481550989;10
9984;9462;1481517027;2
25369;5719;1481526534;18
19527;8398;1481513198;12
2836;26165;1481538626;10
10415;13341;1481519044;8
25246;1961;1481516912;12
2423;12318;1481549782;18
18835;2611;1481512843;12
3405;19737;1481513481;14
20303;5010;1481537182;18
17163;328;1481533958;14
17310;14270;1481533941;16
1493;1382;1481545414;10
5873;24294;1481511247;12
5824;8635;1481547376;4
17513;1378;1481527777;4
4964;10159;1481513682;10
13874;5907;1481528667;10
23099;5676;1481547666;10
20528;8886;1481511132;10
22142;1378;1481520438;2
5884;4313;1481525828;14
11739;21229;1481542525;12
4809;6303;1481516746;16
24679;8556;1481549675;12
11247;976;1481530385;6
26319;21389;1481549412;16
6555;19965;1481550356;2
27014;3080;1481546055;4
18912;12567;1481541115;14
9803;17893;1481519954;8
19946;384;1481550510;2
6999;8371;1481533101;14
5822;8239;1481528437;18
25283;949;1481514110;6
8299;12151;1481549524;4
6188;6151;1481527122;12
24655;16196;1481528362;8
6683;5899;1481529976;2
6214;23366;1481532781;10
23534;8883;1481540857;4
6159;8746;1481528255;18
10030;10780;1481521132;12
7670;7913;1481512530;12
14153;23055;1481545370;10
143;25324;1481517065;16
21833;23333;1481543676;10
11025;9190;1481523902;4
1190;17253;1481536809;16
7169;4965;1481547738;18
15777;4683;1481547370;4
15368;15450;1481548298;2
133;6198;1481521386;6
22796;6234;1481518052;10
10105;21369;1481541706;16
16128;22306;1481545305;16
1687;8282;1481541536;16
9893;20079;1481514956;6
12071;19549;1481520634;4
1430;5727;1481534767;14
26373;6474;1481517851;4
294;7873;1481537898;18
11910;20021;1481540898;10
3898;23009;1481543398;18
18097;21442;1481509898;16
3629;10598;1481549964;12
9561;9648;1481537370;2
10330;4557;1481520463;10
17878;11834;1481527469;16
26041;17331;1481539782;14
5722;24134;1481516136;10
2133;4054;1481522833;2
75;5816;1481510880;4
5695;14804;1481542497;14
17198;10195;1481533699;6
5970;4608;1481542709;6
5035;24700;1481522826;10
23753;1442;1481510747;14
5897;13005;1481516701;8
14138;9510;1481526918;18
1106;6189;1481523081;12
10164;1220;1481542040;2
6852;6607;1481536342;2
27008;3712;1481537383;4
16120;6696;1481547855;2
15492;15252;1481541791;2
5956;4880;1481509698;12
1157;21503;1481514965;14
18113;3987;1481547644;12
12557;1880;1481548591;18
8133;21084;1481511037;16
109;7692;1481511061;14
2821;26152;1481541123;10
27462;9971;1481513261;10
5889;4048;1481546773;14
20036;1043;1481517560;18
13213;5897;1481511871;14
5857;10099;1481523393;14
8191;27141;1481528590;14
12238;18159;1481549867;8
19805;11133;1481526480;18
6894;6190;1481550210;18
8327;8494;1481530873;18
8275;4974;1481533676;2
6986;5489;1481534941;8
9383;3425;1481513199;16
10908;7982;1481520513;18
362;5490;1481520970;12
10379;9281;1481514091;18
8015;9356;1481546554;2
25392;7176;1481549442;16
27472;19965;1481519414;8
17351;1409;1481527484;8
11786;23330;1481547578;6
3401;16351;1481527058;18
11829;26114;1481541044;2
6557;7863;1481535086;18
1029;24989;1481520734;6
27229;5950;1481537637;6
8957;19791;1481533143;18
9487;15786;1481545703;4
2138;5673;1481539107;2
1678;20526;1481523934;12
1072;3578;1481533026;14
2893;8355;1481538795;16
8278;335;1481541956;2
19508;21921;1481545101;4
10226;10845;1481513123;16
17511;6287;1481509988;4
13813;14811;1481532800;6
25053;13945;1481544908;8
6012;9660;1481514513;18
11745;20311;1481539479;4
12102;17795;1481550283;12
9813;19778;1481510434;16
3376;11253;1481549740;14
1361;13902;1481515583;16
27294;10355;1481525150;8
899;14638;1481511780;6
23532;25522;1481512862;14
22613;14119;1481514510;4
25140;23896;1481528607;18
4832;20136;1481550250;8
13560;12712;1481535482;10
1347;19881;1481512796;6
5028;2281;1481531513;10
6995;4726;1481531042;8
14444;1048;1481521357;2
3619;1232;1481543078;10
16118;1598;1481523688;18
11807;12188;1481513815;12
6699;18805;1481510031;14
22492;24666;1481520003;10
6930;1585;1481513103;14
1588;11152;1481513074;12
22269;10985;1481539443;4
3371;5752;1481545074;6
6546;5001;1481509694;18
12797;6400;1481547392;10
7893;1121;1481518541;4
25049;9832;1481541780;18
17471;16035;1481517859;10
12219;27403;1481551004;6
362;3728;1481517878;2
26218;9278;1481522196;4
19832;8563;1481510468;8
11729;25024;1481518135;10
5408;27428;1481525818;2
5715;9915;1481510029;10
23640;27451;1481518458;6
6841;2374;1481513829;6
24423;10806;1481535393;4
17444;13426;1481515267;18
237;22430;1481522826;4
2761;17302;1481509991;18
7873;1387;1481514368;2
19252;413;1481527547;4
16194;427;1481545128;12
15308;10178;1481525391;14
8959;23165;1481519411;18
17800;14199;1481524575;2
27175;983;1481510172;16
6334;9963;1481547329;8
5113;1579;1481528238;4
6788;15002;1481529669;2
15100;8411;1481519561;2
11088;16195;1481525546;14
9815;6526;1481537984;4
19819;13677;1481515794;18
14447;1177;1481531487;16
6227;6370;1481543762;4
1685;4822;1481526359;10
7110;12083;1481524298;16
15009;2527;1481518343;10
4507;5920;1481545628;8
19252;12642;1481537695;4
2366;8585;1481514583;18
3543;4230;1481510173;16
4739;3990;1481543673;10
4892;8711;1481545433;2
20403;27017;1481541150;10
4692;11848;1481525145;4
27311;5774;1481512622;4
8692;7038;1481542891;8
2149;14119;1481521371;18
17436;17471;1481538223;4
9805;19788;1481545170;10
10164;1411;1481512570;18
12644;14538;1481541136;2
4281;5377;1481524738;14
15212;4607;1481509742;2
26207;5106;1481520360;18
5359;25283;1481529706;8
3421;8540;1481541037;6
25044;25047;1481529890;14
25034;8274;1481542450;2
5931;12118;1481533908;10
25370;4350;1481549579;18
8484;5932;1481547945;14
1532;2160;1481513569;10
10380;6358;1481522817;14
12143;20989;1481536299;12
14544;2329;1481511757;18
18214;599;1481539955;8
27287;4741;1481522649;16
2727;4182;1481515081;14
7975;17211;1481510295;10
14140;5627;1481529025;14
9757;3019;1481522192;8
21088;17378;1481548938;4
14442;22493;1481522904;4
7962;22968;1481544720;2
17705;24370;1481520542;18
304;1332;1481547097;4
17046;11386;1481514597;10
3278;18183;1481550955;8
4914;4826;1481526278;16
6883;9199;1481534035;8
8572;21731;1481510502;4
21802;16886;1481531465;4
11124;13177;1481544367;2
7555;23616;1481526927;4
8983;4549;1481524432;8
6714;6857;1481546228;16
19209;9329;1481544229;18
21482;12582;1481520000;10
17021;7273;1481539575;10
11793;5878;1481545463;2
5686;11758;1481539573;14
6133;11903;1481534611;16
19423;19490;1481543266;14
1931;1057;1481546649;16
7614;10800;1481514631;18
21407;1145;1481539662;2
281;6303;1481512765;8
4025;15784;1481540845;2
2278;27268;1481513090;6
15252;8495;1481533493;16
18338;24446;1481545539;18
4654;20356;1481522007;6
10540;2325;1481514122;10
8777;3613;1481518955;6
16802;11105;1481546179;6
6965;1890;1481536077;6
8807;1983;1481521282;6
15085;13297;1481548634;16
2605;3788;1481522615;8
6530;14158;1481511657;2
11609;19770;1481529216;4
3956;6639;1481545509;14
11961;9218;1481512821;8
6232;11622;1481529963;18
3371;6145;1481546895;14
16848;1539;1481549050;12
8935;6014;1481526571;8
18764;8510;1481521165;18
8938;19067;1481538060;4
8136;23488;1481520862;8
8346;2787;1481525212;4
10073;9531;1481540558;16
24989;5744;1481534450;8
6659;8533;1481538364;18
14274;7809;1481548978;6
16647;11827;1481542217;14
17922;6489;1481521902;14
13888;2125;1481546035;16
21071;8760;1481525068;6
7713;1932;1481515681;12
14707;10709;1481537310;2
1864;20311;1481522104;16
8943;2810;1481550596;16
8688;7975;1481511356;16
22530;3467;1481545099;14
1294;12700;1481531095;10
7344;3630;1481533715;14
22542;1198;1481512496;14
5811;2824;1481544328;8
22144;8355;1481515378;12
10427;13854;1481545186;14
23516;17467;1481535484;2
2423;14261;1481511739;10
5764;20679;1481550979;14
27183;2405;1481531564;12
9563;23642;1481516913;18
4023;19959;1481548602;6
9206;14121;1481525641;14
6588;17519;1481525267;16
3730;12347;1481541693;8
20535;21718;1481543595;16
1013;76;1481546987;16
11599;4787;1481530223;2
1313;27313;1481548930;6
6528;2346;1481527674;4
11251;22960;1481531892;6
8879;7532;1481524664;16
8496;27425;1481521851;4
6634;2836;1481537369;10
5346;19286;1481524544;16
11777;1607;1481519312;4
10332;12238;1481534055;2
11592;3066;1481546309;2
10837;9809;1481530630;2
9364;10616;1481523527;10
20146;14871;1481518805;8
22542;7533;1481550503;4
6403;10574;1481509660;14
9797;6007;1481517052;12
15298;15744;1481516545;18
164;4580;1481535740;6
20674;8930;1481513465;12
25045;1391;1481518702;8
10107;15076;1481534943;8
6706;7390;1481547905;8
12366;1191;1481544551;14
8119;7572;1481512154;12
27403;14699;1481535416;2
19090;6766;1481536577;2
279;12712;1481523920;2
1410;18199;1481545453;8
7110;19210;1481544087;10
10318;9229;1481523426;6
27328;27177;1481543197;16
9794;11028;1481524819;14
3285;12136;1481526261;12
5957;9022;1481518142;4
22296;10722;1481524723;14
9460;3776;1481541098;14
8746;19807;1481526669;12
13189;25078;1481510915;6
1639;6284;1481526801;18
20997;6156;1481548800;14
4503;12064;1481510799;12
11801;5047;1481516135;6
11727;10180;1481521671;6
11384;8380;1481511766;16
9541;24426;1481511027;16
9528;12620;1481548139;6
1715;10264;1481521188;18
15994;2978;1481518671;4
18262;19889;1481541856;18
11626;8029;1481523214;4
4359;25056;1481546469;14
10513;4836;1481548048;8
2999;8465;1481542072;2
12644;14003;1481523537;14
25088;15753;1481525059;2
20318;6336;1481529064;12
20355;22135;1481527573;12
9309;10260;1481532548;8
19578;24752;1481522487;8
13775;6190;1481544656;4
20245;6216;1481526418;12
23302;10111;1481548008;18
2409;24570;1481516895;2
13869;4989;1481530927;16
9630;2803;1481516936;2
1897;2752;1481550020;10
21077;6996;1481528992;6
4911;27129;1481532084;10
6988;5755;1481548559;16
6792;186;1481510686;14
13878;3535;1481521311;10
18067;11248;1481526104;4
23754;1731;1481533204;2
6373;1790;1481516205;18
20413;2764;1481513843;16
43;15516;1481542490;6
5424;4033;1481535912;16
9025;29;1481514349;14
10216;7770;1481529449;4
3680;18807;1481516835;6
6175;4028;1481509837;18
10684;6882;1481530944;6
23030;5998;1481528566;12
23052;14901;1481534256;2
13495;1706;1481538943;6
568;7316;1481541115;14
1517;265;1481512768;4
13863;19088;1481549258;8
9198;6366;1481547764;12
3950;5751;1481533986;4
4917;15336;1481544075;10
3853;9806;1481516875;16
17309;8909;1481527738;16
8143;5959;1481541755;8
5297;10681;1481533674;6
6008;4923;1481548555;10
17045;25258;1481542799;10
1331;1769;1481529947;4
4213;6122;1481510064;16
13677;378;1481525878;4
5688;19306;1481518531;12
14554;27385;1481518764;14
11761;6319;1481523127;8
14136;11800;1481515205;10
17552;19992;1481548450;14
21801;6203;1481544647;16
20789;3072;1481543743;4
23544;24450;1481523087;14
7004;14895;1481544225;10
7031;2816;1481531323;18
1420;1695;1481548424;2
7447;22263;1481517280;8
4749;15409;1481512251;4
6154;11221;1481524717;18
189;1077;1481523335;10
25341;19546;1481528629;8
7442;4952;1481521873;8
13949;2833;1481512992;8
23550;12783;1481527229;10
3368;9473;1481529640;2
433;22585;1481515568;8
21093;9467;1481538744;14
6579;27023;1481533121;4
19932;8461;1481526778;10
24986;18908;1481519584;12
11987;16648;1481522116;4
1392;14574;1481512095;8
1545;3595;1481537911;16
11252;6780;1481519004;6
20491;13883;1481539638;10
16105;3976;1481518596;8
21074;23038;1481534541;12
13786;35;1481519847;12
12759;12002;1481539906;18
8276;23329;1481518234;14
27481;2947;1481549380;8
10209;25004;1481535538;14
303;14242;1481529834;8
5353;14797;1481518710;2
1872;6457;1481524265;10
5692;25343;1481538300;6
17351;8093;1481510740;12
15993;9019;1481518633;18
346;20398;1481518749;14
27134;9793;1481520176;10
9413;11227;1481550123;4
1631;27430;1481548422;18
1270;8390;1481532819;14
9713;1847;1481511300;8
996;7420;1481511966;10
5639;18157;1481526724;14
228;10320;1481511410;10
13788;19958;1481520808;14
232;15419;1481533563;18
2394;8587;1481535543;2
27440;8018;1481542411;6
6187;19053;1481530608;14
36;8370;1481514978;4
10179;9747;1481537776;12
10600;9540;1481525986;12
5426;376;1481516112;18
2644;18461;1481538903;18
6588;19575;1481510591;4
12783;14197;1481548876;2
8370;27336;1481530615;4
8279;25367;1481541057;16
103;4697;1481548238;4
7401;16195;1481516905;10
4009;17003;1481545866;18
1450;17255;1481535524;4
22641;20157;1481528001;4
4625;18330;1481549144;16
1917;10238;1481548756;16
19279;19914;1481548738;16
17397;16293;1481523946;16
9713;25413;1481524536;18
2644;5692;1481513404;2
11957;4590;1481549077;4
6723;25360;1481539166;18
7413;5084;1481530823;14
14434;11255;1481537897;14
17377;977;1481535590;10
12215;6250;1481521795;14
6536;10527;1481537611;14
26311;22607;1481518701;18
17531;15787;1481512198;18
24134;14185;1481543718;12
13972;16123;1481541970;4
18960;1389;1481520575;10
27489;1345;1481515922;16
8552;11100;1481530461;6
9792;3543;1481535934;10
7314;11064;1481537815;16
4529;13914;1481550255;4
20691;3352;1481542126;10
12122;12943;1481510045;14
4291;6121;1481510338;14
10179;13560;1481537201;2
13079;6813;1481520845;2
5678;13002;1481521058;8
13903;27343;1481523922;18
24136;11814;1481533833;6
13784;27327;1481549381;6
22446;11377;1481538362;10
8758;4839;1481521901;4
20758;17143;1481538671;6
17441;5358;1481530864;16
25166;4010;1481524023;8
6634;375;1481534113;14
15085;10511;1481509931;4
20129;125;1481547488;4
12307;10734;1481521122;6
14874;3766;1481537427;12
3542;11123;1481510211;16
25266;10257;1481545403;18
3028;4737;1481540530;6
10235;121;1481527951;4
19714;19776;1481519159;16
3391;23496;1481548686;4
2387;27197;1481540108;4
17607;22159;1481542884;4
5911;2893;1481528518;2
8480;1813;1481514227;18
7182;17607;1481547428;10
23004;7947;1481526071;10
3085;10506;1481518113;4
7782;9287;1481539727;2
5630;1201;1481531559;4
10309;1379;1481536949;2
7925;5607;1481515912;10
14659;11807;1481514646;2
10376;11391;1481528439;12
204;4976;1481537423;18
2344;8953;1481522067;14
1122;27055;1481549233;10
20787;22135;1481519787;16
20128;3988;1481535932;6
7058;3994;1481548371;8
16013;18199;1481529904;12
2392;3554;1481510288;2
16128;9221;1481540056;8
25183;25182;1481545913;18
5281;15460;1481542729;8
1226;19199;1481525879;16
23060;21715;1481523960;10
4197;14270;1481542835;16
23526;21387;1481532166;6
1077;13772;1481523596;12
12352;125;1481541186;6
8052;1019;1481535563;6
5724;91;1481514260;18
8033;19039;1481527250;14
4896;6520;1481548042;8
9822;22621;1481531139;10
22312;9499;1481541850;16
17300;9973;1481521695;8
15380;21081;1481541287;6
1633;169;1481525764;4
8034;26302;1481518863;16
15407;5737;1481524168;8
5688;9363;1481531763;6
19840;8650;1481510836;6
3619;8547;1481514430;4
22586;41;1481528463;4
23851;5647;1481546855;8
22144;27186;1481510668;6
1350;11209;1481530698;6
14917;1114;1481524948;14
14282;10603;1481538593;4
18906;14697;1481549907;4
14801;6984;1481518520;8
14992;2162;1481514268;8
25265;430;1481528964;6
14711;9975;1481546594;12
19039;20757;1481529834;6
20108;6820;1481526671;6
17886;154;1481513666;18
17568;6692;1481525501;10
7190;13872;1481530445;14
8728;1674;1481519184;6
12315;10774;1481538632;14
19970;4029;1481521858;8
3776;9462;1481528994;14
7038;9882;1481548073;4
4898;25002;1481542730;16
4739;25399;1481516186;16
11906;4039;1481547624;10
19090;20462;1481526231;14
27130;17034;1481534247;12
11141;10889;1481533396;4
404;11217;1481536623;14
7294;12153;1481546638;8
12318;9319;1481520985;2
20907;9964;1481512744;2
3927;8326;1481535491;12
26311;1746;1481520711;2
9983;23544;1481517090;2
15377;14907;1481513716;12
18860;1592;1481539279;6
11133;10178;1481533484;10
21400;3977;1481525592;2
290;2397;1481527763;18
23364;4850;1481515223;18
5946;25081;1481546288;12
19305;21218;1481516855;6
18809;25327;1481525691;6
19300;5021;1481532069;6
19092;3888;1481544128;8
2952;4968;1481533858;14
14705;9989;1481547360;4
6420;65;1481533307;14
19984;21096;1481543641;6
10984;16836;1481549146;18
26310;1091;1481545870;16
4270;19024;1481548140;8
911;9203;1481517522;6
11398;27282;1481524442;8
19944;266;1481524057;12
6142;4539;1481524864;4
19207;6170;1481522932;8
6720;12122;1481539782;16
1813;6734;1481544174;14
27539;10273;1481523067;12
19220;12117;1481514582;10
21415;4697;1481526207;10
1941;10460;1481537048;4
12921;5281;1481536564;10
5909;9776;1481541258;12
1130;1125;1481533069;10
3610;8642;1481519033;18
3258;397;1481541193;8
8018;13890;1481510159;4
24375;27433;1481541025;4
23892;27036;1481543206;14
5052;5430;1481527822;10
12816;406;1481546040;2
21454;6138;1481514150;10
12233;8377;1481536455;14
8021;20600;1481512776;14
17169;8473;1481522322;4
27033;11090;1481532316;18
27429;6636;1481529529;4
11693;1183;1481532307;6
13871;19549;1481548814;8
1373;20878;1481518275;4
8145;13887;1481533973;14
27005;8187;1481529747;14
11480;12185;1481523616;10
7368;17514;1481542559;6
7608;3738;1481548170;14
11566;6941;1481537698;16
8091;6993;1481510604;16
10834;120;1481546845;6
27023;24140;1481547070;12
7799;10267;1481527284;10
15533;8767;1481530862;8
24689;17035;1481531097;8
885;5906;1481525331;8
4266;1548;1481537986;18
18895;5862;1481521018;6
8571;1174;1481530898;10
21487;3617;1481533400;10
14201;14139;1481539248;18
15461;7830;1481529217;8
14953;17793;1481546192;16
3508;7391;1481538088;8
11802;11947;1481512906;4
14006;6618;1481524666;18
6859;3766;1481526511;6
8336;7562;1481518481;18
9788;2803;1481544159;6
9423;8997;1481516346;6
10619;27297;1481527858;16
6691;14570;1481521357;16
4527;5647;1481539006;18
1284;20115;1481541020;8
20153;6477;1481526219;14
8740;6338;1481540180;6
7868;27375;1481522202;2
21451;12568;1481516280;14
3376;25197;1481548595;12
12287;8747;1481526335;2
13876;5118;1481550688;12
19071;5921;1481529477;4
8108;3023;1481525649;14
4710;7958;1481543046;6
10648;7799;1481547955;6
24714;4930;1481518277;8
22445;23176;1481530686;14
15783;10986;1481521313;12
7352;11019;1481512115;2
15996;17393;1481535207;8
1725;25382;1481510403;12
8782;24953;1481535075;2
8161;17568;1481532846;6
20077;10810;1481510011;8
14988;406;1481541837;2
4826;5910;1481510071;14
6602;2832;1481541723;4
7395;12372;1481514560;10
3161;6831;1481543475;8
20527;4672;1481532607;2
15732;9521;1481519238;6
5900;7455;1481547676;16
11266;17903;1481535128;14
10423;7168;1481519764;6
16045;6433;1481536544;2
9798;23647;1481514677;10
4020;18343;1481534649;6
27021;3626;1481515642;4
26150;3266;1481526872;16
2346;25286;1481535584;2
21387;6838;1481547064;4
2889;7440;1481523824;16
26031;20521;1481548217;18
21218;15519;1481547907;14
6216;3383;1481512879;8
10814;2415;1481513043;8
2424;5909;1481549392;12
15356;1402;1481519485;4
2283;6784;1481509572;16
9187;221;1481526605;18
7816;5686;1481527683;6
1062;5038;1481519135;16
12317;8565;1481513215;18
22479;10314;1481541526;6
11021;6568;1481542983;16
12643;14818;1481526233;2
6877;11112;1481522874;10
4906;6260;1481536584;4
2729;11148;1481512660;16
9561;1934;1481527503;12
23299;8027;1481514775;18
6701;19207;1481512384;12
6540;24568;1481536251;4
6466;5409;1481515015;2
12795;9247;1481510525;14
15731;1705;1481525911;8
17548;7890;1481511589;6
988;565;1481524603;12
6602;16918;1481514960;14
11144;1851;1481534563;8
325;10613;1481524957;10
27542;19576;1481543836;18
14893;19533;1481546889;16
11897;5772;1481528059;18
10593;1880;1481545816;16
7771;2339;1481539640;6
27094;17797;1481526933;14
25518;4754;1481523058;2
11089;27546;1481536047;12
7633;21503;1481543509;12
6885;25495;1481544777;10
15077;19229;1481539151;8
4883;1419;1481520473;18
1813;20356;1481539130;12
6704;8683;1481518707;16
1553;5847;1481537459;12
8385;2402;1481512271;18
8157;20365;1481531163;16
20121;27018;1481545198;6
23020;1973;1481540631;12
8410;12137;1481549913;16
8744;4199;1481550932;8
12047;24285;1481524508;4
4589;10026;1481527480;18
6797;7503;1481524890;18
12096;17419;1481537028;12
6211;20790;1481542245;2
10387;11723;1481519451;10
27403;7246;1481513065;8
19956;24701;1481516132;18
1219;6003;1481546465;12
21445;3941;1481528862;12
7587;4595;1481533528;2
4315;8760;1481533817;12
6234;2385;1481510813;8
8111;13180;1481537362;2
20303;23443;1481542674;8
23650;6114;1481524919;6
14891;1451;1481522186;8
3261;8937;1481525276;18
20472;11596;1481524846;8
4335;20909;1481527898;14
15087;265;1481516281;2
1697;5972;1481550214;14
7582;6605;1481521021;16
19039;15389;1481538113;4
3616;11247;1481528454;6
19846;1692;1481519110;8
21217;19170;1481540424;14
6218;5700;1481543007;6
11730;5975;1481537210;10
27479;1303;1481526626;10
6348;27136;1481514810;6
1311;7326;1481549131;12
16902;12782;1481514541;2
6992;8647;1481512835;2
24654;7965;1481518352;2
4763;21252;1481537555;8
11809;8014;1481520823;6
3277;70;1481513388;6
12296;9012;1481548937;2
8519;373;1481547901;2
9391;1419;1481533262;12
15473;8556;1481542192;12
26293;129;1481540260;14
7597;2942;1481538424;14
14551;8948;1481535619;16
4945;15025;1481521688;14
1722;20704;1481542062;4
8026;18144;1481538948;18
4784;14562;1481511786;18
13899;2362;1481544439;10
4837;11031;1481546819;8
5971;27188;1481532614;8
1866;3689;1481549781;14
27479;20071;1481525814;18
24937;985;1481545041;10
20074;6343;1481511639;6
17501;27209;1481540483;10
20655;8379;1481537817;4
10714;11036;1481512794;10
17155;11132;1481550632;4
7059;231;1481529222;8
6628;27312;1481524778;8
11172;983;1481513869;4
18264;17414;1481550239;12
5374;3290;1481527345;16
12121;14874;1481530860;18
26072;18883;1481518221;2
93;5818;1481535109;14
2403;25064;1481512184;2
9898;905;1481535329;14
2353;6362;1481542290;4
8592;4932;1481533606;6
26477;9828;1481518487;18
6007;7859;1481547382;6
23164;7784;1481514930;14
4906;4805;1481522052;18
12418;7342;1481551019;6
5298;5877;1481548495;8
19506;20789;1481526051;6
10524;2142;1481511310;6
10832;11614;1481514311;8
22133;16910;1481522695;14
12064;11067;1481531080;4
6114;20921;1481544157;8
23666;20692;1481539249;18
22540;12575;1481546286;18
4291;8892;1481536959;18
12699;2986;1481538236;8
1134;4667;1481548260;6
27187;21314;1481543204;16
9486;18158;1481513550;12
3704;1037;1481517150;16
4013;20769;1481513269;14
19320;1691;1481526417;12
561;1378;1481532409;12
5551;20403;1481510451;2
23302;27424;1481513137;16
3333;6357;1481543193;16
4785;10771;1481518680;4
13288;1174;1481519657;18
6214;15103;1481539576;10
4188;24743;1481529171;2
2820;6629;1481539476;2
12238;6802;1481514632;18
10682;17041;1481531699;14
10810;16039;1481549063;2
11767;4196;1481517306;8
8537;8767;1481544871;2
4350;17152;1481510815;8
1789;10012;1481542297;10
5985;10764;1481549453;12
7854;7395;1481527012;4
3288;3070;1481533796;8
3372;13562;1481538058;2
15353;6372;1481543269;16
4807;5720;1481528566;8
9154;18822;1481522365;4
6406;7689;1481518140;16
149;19908;1481547671;14
1119;7264;1481548688;8
10827;9406;1481544008;12
4572;24392;1481536458;10
6688;22179;1481510700;12
20600;11950;1481528948;8
10618;1050;1481537565;6
8910;20575;1481530915;2
45;19800;1481521141;16
5410;8815;1481510790;14
8230;19044;1481538074;2
10925;13810;1481521523;8
8870;2831;1481539412;18
6594;332;1481522815;10
5012;12945;1481516551;6
1220;23489;1481531509;6
9455;19578;1481536494;8
24126;23353;1481514528;16
326;24950;1481511603;6
6498;5083;1481529519;14
8109;9774;1481536898;18
173;20769;1481522285;18
9006;7099;1481542984;12
19761;5896;1481546346;16
48;22535;1481512806;14
18879;17511;1481539062;4
19224;22527;1481546191;10
438;18321;1481527844;8
4942;8953;1481527443;8
13314;4955;1481517243;4
1972;24971;1481533301;16
12293;8134;1481524367;18
10530;17351;1481526549;12
11034;25195;1481528330;4
1357;1627;1481516355;10
21316;6216;1481511407;6
2737;3776;1481514750;16
3248;230;1481526313;2
16136;8644;1481542071;16
10231;82;1481548173;16
20694;3;1481520651;12
10553;9713;1481523849;10
4571;1495;1481533777;2
1067;6019;1481511239;12
12062;7948;1481523538;8
146;8768;1481528447;18
14553;8580;1481526762;12
140;7988;1481532209;6
7440;1066;1481545703;4
4667;11391;1481523187;2
24475;18070;1481525651;2
15371;7337;1481522381;2
10240;8898;1481517798;12
23106;16809;1481543215;18
4991;9992;1481527168;6
1318;3918;1481516376;18
3079;132;1481512039;8
5859;4837;1481523815;18
14963;24470;1481516631;18
3287;10214;1481519104;4
1972;130;1481536798;6
13817;25400;1481537813;12
353;7538;1481542613;10
3274;15102;1481533325;6
24136;11399;1481517599;6
973;6417;1481514066;6
8280;3935;1481545257;12
10767;9064;1481538522;4
22213;17425;1481523863;10
11870;7543;1481526736;10
175;14436;1481522597;16
27061;16184;1481550989;18
25190;7090;1481518662;8
1606;21080;1481526084;16
2987;9340;1481515580;18
9548;6567;1481532971;4
23452;3940;1481515894;4
5438;16798;1481533564;2
4023;9865;1481517287;14
1106;13792;1481528053;12
5614;9247;1481535020;6
6183;14658;1481521371;8
4206;19956;1481534395;10
24923;7001;1481542843;12
20114;877;1481541211;4
14554;9636;1481550965;8
16130;6592;1481536461;18
4672;8414;1481539491;14
6118;16783;1481521627;16
23663;1796;1481521124;2
7347;16803;1481520707;6
6577;5953;1481521220;10
16883;5639;1481529533;4
25190;17516;1481543651;4
4328;19824;1481546120;14
4809;10785;1481509865;16
7882;15768;1481546098;4
9284;5700;1481510417;4
10023;4867;1481530377;16
3258;1516;1481510203;4
2151;24451;1481529971;14
11787;3698;1481515886;12
8649;15079;1481550370;14
10851;19233;1481517560;8
10117;14134;1481539638;18
10716;562;1481533217;12
3753;7296;1481535056;16
4235;27019;1481542211;16
12146;11772;1481529549;10
11208;2812;1481529036;2
10367;16307;1481522508;12
21224;14565;1481521065;6
7247;21077;1481548765;14
7888;9897;1481546948;12
1174;7397;1481541464;18
1108;8564;1481536991;12
12404;12646;1481522781;6
1144;21269;1481535460;2
8636;5429;1481538437;8
19284;8522;1481518250;14
8985;212;1481542722;2
16848;6150;1481540026;18
25012;2730;1481516729;8
14551;26240;1481541901;18
7566;22613;1481528641;2
13203;17449;1481530850;18
270;6479;1481541074;8
37;10533;1481549310;16
3939;9064;1481516809;18
14260;5264;1481511126;14
2754;5651;1481525355;16
7672;24413;1481520971;10
10006;23178;1481526288;16
22495;7316;1481528154;12
17883;10823;1481524630;6
23831;20756;1481517721;16
14904;12314;1481538339;8
2276;20704;1481510622;6
25047;9635;1481513706;18
8807;4753;1481535089;16
4557;7851;1481513935;4
7063;4229;1481517557;16
6717;11763;1481519941;16
7679;10824;1481513073;2
386;8295;1481514060;10
15086;17782;1481546594;6
16832;20713;1481514031;16
25531;9539;1481519793;18
2775;14935;1481511454;2
19043;12785;1481548572;14
8344;11621;1481541495;4
2285;20354;1481538114;4
2740;21307;1481542149;14
23366;6497;1481540205;14
23087;23366;1481535071;4
8408;8086;1481550439;16
10500;27380;1481516403;16
23737;16053;1481517435;14
9413;12038;1481518253;12
15216;10987;1481509698;18
24397;20367;1481540688;4
15992;5594;1481536448;10
7566;3250;1481528663;8
1771;6789;1481545384;8
4831;20288;1481545465;12
2787;20686;1481522194;8
8865;23548;1481527719;10
15520;4757;1481511256;4
7491;8356;1481545646;8
18813;13213;1481547358;14
2828;7143;1481520421;16
9563;12043;1481536484;14
16879;5634;1481515628;4
6204;169;1481520894;2
25173;24373;1481526977;14
3915;6299;1481513734;16
22647;90;1481545959;4
4321;24064;1481512791;4
21318;14230;1481517761;10
9321;5487;1481516055;16
9056;20125;1481541165;8
15513;65;1481531690;2
4849;6260;1481516869;4
11780;17019;1481511048;4
13979;2014;1481522556;2
1897;7354;1481512204;8
9024;7925;1481540814;6
26094;18818;1481512654;10
23543;19716;1481519954;12
6609;24257;1481541385;16
10186;11154;1481537653;14
22966;17424;1481533281;6
8577;8171;1481532785;10
14779;10488;1481550525;4
13426;14431;1481549350;8
25412;211;1481532883;18
14818;12315;1481534394;16
19506;17440;1481546278;8
1092;6483;1481535204;14
4594;3497;1481544816;6
11851;9677;1481523706;14
1665;16040;1481532120;16
4235;6618;1481528579;16
7388;6662;1481519350;2
27006;14549;1481521989;8
4745;12574;1481537667;16
22942;2158;1481512238;16
23488;10635;1481518419;10
3417;7054;1481513856;2
14587;219;1481516044;4
11895;13905;1481541514;18
24749;8935;1481512845;6
18312;164;1481535750;8
7075;19867;1481513170;12
2835;20445;1481511878;8
25193;12183;1481523371;12
9006;6961;1481540795;16
2136;7946;1481533879;8
20787;6214;1481531981;16
16935;17444;1481527073;18
17474;408;1481514176;12
8008;23515;1481549405;4
5809;4606;1481518274;10
6247;12921;1481532186;16
20035;13884;1481517196;18
14564;7954;1481510441;6
13197;10618;1481531890;6
1387;3541;1481531710;6
1489;9713;1481528427;4
16186;15932;1481515184;10
18813;294;1481544685;8
2381;8876;1481538529;12
10417;15379;1481544855;14
12601;19900;1481518200;6
1867;19210;1481537343;18
4740;1882;1481545174;18
20007;20588;1481519956;4
6909;8580;1481532424;16
3374;19312;1481545846;12
20921;9821;1481511370;14
5079;6884;1481519894;18
4744;4359;1481524641;12
75;19939;1481537884;16
10687;10446;1481537728;4
4796;6153;1481540980;12
3990;3032;1481513177;14
1458;287;1481516741;18
14796;10771;1481514187;12
1611;26048;1481548743;12
693;11772;1481516567;14
4684;25175;1481544173;4
11395;20936;1481543114;4
9916;6302;1481541745;18
23852;23894;1481514105;12
27387;10241;1481546114;18
4900;23160;1481524632;12
5499;16013;1481534490;6
12230;9454;1481547326;10
19312;4024;1481531782;8
1636;23159;1481531551;4
9887;70;1481529461;10
8093;20146;1481537628;10
11988;9602;1481531806;8
3015;15002;1481550859;2
9433;23786;1481517666;8
6472;2787;1481522009;18
22455;2805;1481511440;2
4864;9200;1481548458;4
16033;3981;1481532348;8
6949;27159;1481542416;16
19284;16023;1481532240;18
18112;9057;1481546763;6
22969;956;1481541601;16
1419;7687;1481527026;16
20518;560;1481523364;12
1412;27184;1481528505;18
3935;8880;1481546372;18
16321;8282;1481535449;18
8029;2880;1481540038;10
19229;12565;1481539996;2
10270;14908;1481548946;16
4042;27337;1481510684;4
2152;25191;1481538624;2
24162;4303;1481537440;14
14586;7281;1481516497;14
11399;4677;1481520880;12
14556;3254;1481521388;10
7299;17133;1481541052;6
27427;16932;1481513479;10
7694;4783;1481548785;2
14822;22940;1481540079;6
16036;19878;1481548140;14
27056;3736;1481546865;18
18153;347;1481536327;12
26474;3539;1481535916;6
3265;4226;1481539663;14
3024;2799;1481510065;6
1979;1955;1481547500;12
6655;5932;1481532846;16
4345;10473;1481523581;8
3536;2404;1481522195;14
7520;13800;1481545195;12
4977;4016;1481531221;10
15376;18152;1481513996;8
27026;27552;1481515777;14
20243;3700;1481515106;8
10064;5937;1481545671;6
11763;2875;1481539608;4
8285;6332;1481518060;14
1407;19967;1481535871;16
19990;6229;1481516490;10
6525;13782;1481521265;4
20088;25532;1481548426;10
18330;23531;1481514843;2
9200;7436;1481512208;4
8996;5892;1481519112;4
16678;18199;1481517411;16
6583;10418;1481517020;8
622;2735;1481536665;16
3407;1531;1481511192;6
19878;1118;1481516714;2
8034;4323;1481517084;8
10501;5718;1481526624;6
6184;4797;1481525277;10
22964;16320;1481519256;2
13219;19595;1481550273;12
14272;1329;1481530690;2
22510;10024;1481547800;12
16822;2754;1481523022;4
174;27403;1481539274;16
15019;77;1481548251;4
9162;9950;1481512339;6
9797;25140;1481530204;18
5510;11400;1481519213;18
5945;8738;1481545636;2
1593;1591;1481530038;16
10121;11065;1481547968;12
20050;7082;1481527646;12
25078;16997;1481526531;2
11246;12426;1481530167;4
18890;20947;1481530243;14
1403;25533;1481534160;12
6781;23335;1481533876;14
20526;4673;1481537360;14
227;20968;1481520183;18
1457;20925;1481530388;4
26150;24842;1481542489;14
7698;6472;1481549508;12
7974;12518;1481513639;14
4024;977;1481517528;16
9017;10541;1481536849;4
8277;10073;1481536731;8
22506;5815;1481517755;6
15347;9369;1481541157;2
10717;5249;1481518924;18
27141;3262;1481539558;10
18146;26165;1481519104;14
6295;12093;1481535559;4
1854;17334;1481538119;2
15086;19857;1481509709;8
6703;1351;1481524452;8
6313;6560;1481546916;10
10750;4304;1481547239;18
4218;10804;1481532948;16
24128;1285;1481530940;14
143;6860;1481546257;14
10379;2836;1481532662;2
5331;6763;1481530983;14
27444;17422;1481530948;10
1495;3265;1481519963;14
8052;14662;1481517265;4
9609;20397;1481513970;18
20444;3642;1481522388;6
1109;21482;1481550586;14
8553;9188;1481548975;18
11743;2452;1481520702;6
1197;3980;1481523532;10
10874;19761;1481516305;14
4018;14704;1481546026;12
16932;3621;1481526848;2
4298;96;1481533740;10
6385;18866;1481531825;6
14956;23060;1481547346;14
25503;13286;1481542839;18
8579;5850;1481516960;14
561;7819;1481513754;4
9971;25173;1481534743;4
6894;22936;1481516442;4
7269;6574;1481533614;8
23348;21318;1481543114;8
9474;4757;1481535259;6
7597;15473;1481524234;6
24141;18263;1481532300;18
6141;11943;1481521954;2
15325;25080;1481531574;16
13807;6164;1481521033;10
27460;21491;1481514848;14
2385;6147;1481531123;6
11229;9754;1481522290;14
12707;7963;1481530498;4
16781;10274;1481520701;18
5837;18907;1481540855;12
9290;6818;1481543631;12
9893;16909;1481517793;18
16131;3639;1481529273;8
9481;9967;1481510250;10
7278;24963;1481538019;8
9440;12317;1481515748;6
8173;20037;1481540078;10
3160;4253;1481510404;14
5435;11920;1481518041;18
2341;22500;1481537458;6
20420;20923;1481529628;10
2793;14192;1481527738;4
27283;11143;1481531316;10
24743;19941;1481521194;12
4608;22141;1481532388;18
12221;12071;1481510395;14
26031;4222;1481538337;14
26083;5741;1481525545;12
9561;24934;1481524531;8
6672;6149;1481513054;10
10240;6483;1481523510;2
6278;622;1481511867;10
17757;21307;1481533403;12
10474;6134;1481528511;4
1353;1722;1481539955;4
1993;10252;1481536962;10
1500;14620;1481541147;14
11066;334;1481524226;2
2844;21096;1481519517;2
116;1859;1481549151;10
9428;19882;1481540379;12
11174;20360;1481541445;14
20012;4594;1481510429;2
9356;1405;1481535885;12
955;13203;1481546488;6
18328;19818;1481529338;14
15297;17850;1481532313;10
10461;11136;1481527177;6
3624;20402;1481528266;6
19864;8165;1481531077;8
2385;20417;1481524997;8
20328;43;1481515428;8
17040;4806;1481513430;14
310;11952;1481548907;18
7170;21309;1481543788;8
5352;24449;1481515165;8
11218;24731;1481518333;8
20963;8023;1481550157;8
5718;8694;1481547701;12
27134;4829;1481521648;16
10425;21369;1481518578;4
9347;26478;1481537133;4
7145;8174;1481520649;14
8362;7303;1481543595;4
6596;9742;1481537346;16
13928;7818;1481540105;10
2966;16827;1481542454;10
4847;2153;1481537996;16
21719;6613;1481517763;12
7609;10622;1481546865;12
6786;17461;1481510915;8
22646;5346;1481510498;12
11033;19079;1481536264;12
20445;7355;1481526617;2
354;18863;1481546474;18
3628;6641;1481547792;8
25046;17297;1481509965;14
23344;17190;1481518087;16
3163;14403;1481538750;2
150;17847;1481534144;18
6542;8755;1481524623;16
19867;23624;1481510587;14
9184;14142;1481520751;12
2155;7485;1481517601;12
1500;23187;1481549191;18
22453;1504;1481525406;16
10906;6250;1481524087;16
18839;3507;1481528269;4
17240;21721;1481550277;18
27101;27095;1481542061;14
20636;16034;1481536817;2
20417;11050;1481540276;14
8549;24933;1481533526;10
15739;1977;1481512837;18
16045;12091;1481539219;18
8934;8369;1481546631;18
12332;4007;1481534684;10
1152;21494;1481513266;18
14878;7790;1481525887;12
14126;10244;1481516345;18
84;6995;1481523050;6
23543;27476;1481517279;18
20792;25076;1481515705;14
66;6664;1481525218;8
6956;12158;1481547435;16
26301;12576;1481534643;2
6685;10489;1481531656;12
5267;26105;1481510964;6
3374;23855;1481517146;12
7835;5419;1481542898;6
8404;22578;1481516362;10
27039;4781;1481540214;16
8173;19762;1481535433;10
25339;15347;1481527626;16
3935;4968;1481531366;2
25161;16100;1481543332;6
15419;19493;1481526869;6
374;1213;1481543388;2
1190;10738;1481524357;6
2329;9996;1481524156;12
27008;1373;1481535542;18
11959;25053;1481519134;6
14426;10009;1481542558;12
22273;13778;1481509884;10
7030;6148;1481528826;2
7042;9963;1481535489;8
19828;14416;1481514351;4
168;11728;1481546389;10
20120;9426;1481529101;2
8502;7504;1481529445;10
6871;5926;1481539337;2
11567;6201;1481534950;6
3897;6571;1481546822;16
1942;15329;1481538749;18
11815;5390;1481531352;10
23854;27483;1481513059;6
9360;21097;1481549349;12
19915;2948;1481537155;4
23449;14229;1481526881;12
234;27172;1481549823;14
20330;10209;1481519390;2
298;991;1481542870;2
26502;14270;1481512889;10
311;1043;1481540317;4
13912;1400;1481547273;6
10470;207;1481525237;2
21302;18092;1481538822;14
15161;5053;1481527672;12
20084;2323;1481544354;2
8574;22930;1481522313;2
20949;7077;1481519584;2
5119;17849;1481535120;8
23086;25377;1481519433;10
20528;26165;1481539230;12
9421;10178;1481528894;12
4759;13802;1481549608;6
4936;2413;1481523846;16
24282;8515;1481511661;12
12212;14116;1481542349;2
7076;6201;1481515158;8
3295;20926;1481535426;16
6359;5992;1481520765;4
19759;18098;1481520018;18
3001;13218;1481511919;2
4955;10098;1481543981;10
7997;24176;1481517374;18
8918;4363;1481530628;16
8416;3648;1481527726;14
5890;4767;1481531158;10
2805;3054;1481531951;12
1699;2792;1481537365;12
5403;8492;1481526765;16
6616;3262;1481541710;6
4528;24695;1481522852;10
1229;10420;1481549924;18
4768;337;1481513032;18
5704;11622;1481530962;18
22135;20300;1481536906;4
7561;7565;1481534622;6
2171;7594;1481513114;4
24296;9359;1481547620;4
3745;23337;1481519841;12
22301;24173;1481535677;14
20754;11140;1481513705;18
5039;7086;1481528089;4
8349;5374;1481518105;18
2784;4246;1481541489;2
19771;1331;1481516084;18
1018;21719;1481512014;14
13800;24748;1481521275;2
7463;5364;1481550877;6
374;20088;1481514873;14
3080;12644;1481520131;10
13854;21840;1481527645;16
1504;8377;1481546087;4
4265;2162;1481546197;10
5107;1326;1481511735;18
887;14873;1481541376;14
1960;27452;1481542645;10
23741;24565;1481535814;14
6800;5910;1481511988;2
8519;5398;1481549902;2
21305;9458;1481517976;6
7983;24932;1481519996;12
10282;5346;1481531354;6
11745;9480;1481548345;8
8520;11944;1481513152;6
23115;21413;1481549103;6
17506;980;1481520907;14
18068;9888;1481542644;18
7888;16198;1481520790;6
15423;620;1481512936;4
9840;19825;1481518493;12
18533;1416;1481548970;6
4577;1015;1481524505;12
14075;21716;1481538996;2
7551;3278;1481514597;10
9553;9636;1481527981;12
24128;11758;1481522779;4
17176;24138;1481548916;18
5880;27136;1481531393;10
18423;4221;1481527964;2
3286;5333;1481521417;10
5037;25341;1481551113;10
8365;5507;1481525958;14
18192;4253;1481535071;18
8322;14626;1481535057;8
8317;4240;1481545729;4
9544;323;1481515376;8
7031;6676;1481515638;14
15253;5725;1481540965;2
2780;8471;1481542840;12
24731;18150;1481510934;6
20411;5709;1481510750;18
14237;1655;1481517235;2
9346;5784;1481551063;14
5956;6721;1481546411;6
14426;4570;1481525032;4
6915;19800;1481526845;10
3418;20792;1481547026;4
21503;9845;1481543482;10
16880;9872;1481549801;8
18849;6361;1481523224;2
3425;27280;1481537954;6
14006;1182;1481536582;14
25182;272;1481546259;10
16807;4960;1481524922;8
6714;18872;1481509977;2
11691;1041;1481531517;18
20291;419;1481529456;12
5281;18048;1481547740;14
6202;1553;1481535482;2
6682;5399;1481548885;18
26188;12046;1481513459;2
5499;22455;1481539261;12
27266;7540;1481527808;4
4873;6403;1481541868;4
10026;11691;1481512828;8
2609;11037;1481524750;14
4916;6592;1481515709;10
19770;17039;1481545864;16
10426;17270;1481515096;12
9949;15482;1481546129;6
4578;10030;1481533163;10
1215;22649;1481538816;10
18461;7906;1481524461;10
256;21451;1481510476;16
1789;12419;1481538570;10
3934;6496;1481526145;6
16139;1879;1481540386;8
9016;4198;1481512504;16
12521;17006;1481547075;8
22527;1578;1481540981;18
18191;22510;1481514877;2
5004;5980;1481526590;10
9444;6442;1481526768;14
8382;16023;1481533083;6
359;6466;1481527071;6
4874;12812;1481518076;18
7276;20532;1481514881;2
22293;6874;1481531716;12
6181;3940;1481537025;18
20531;7369;1481526653;14
11800;2370;1481528753;8
13346;24479;1481535408;2
7809;7277;1481534328;6
20189;9783;1481527451;6
1193;9682;1481519671;14
903;17176;1481520207;12
2790;27041;1481542556;2
279;13986;1481528449;6
11145;19050;1481510926;2
2848;9321;1481521676;18
26474;2952;1481550492;6
20971;21746;1481541520;4
4974;14194;1481550162;18
20145;6945;1481518801;10
1544;5952;1481533609;6
26310;6600;1481512496;10
6489;6187;1481521601;18
11691;5607;1481522132;12
2115;16320;1481544529;8
1279;7516;1481548151;16
20127;9285;1481547814;10
10609;12012;1481519990;16
2817;25495;1481521864;16
24658;1398;1481516722;4
1924;8967;1481529774;12
2325;24164;1481519166;12
17607;24090;1481515891;14
12406;20357;1481529057;10
7631;9062;1481542272;8
2018;8579;1481550316;4
1956;3715;1481523011;6
7994;15162;1481528685;18
10200;7402;1481523152;8
20518;14203;1481545851;10
21281;18763;1481537656;2
10512;1324;1481533293;16
19296;27266;1481542375;4
23762;6349;1481543988;10
19064;17616;1481532913;16
27377;3022;1481522032;8
7254;1363;1481515629;8
22928;7490;1481538473;8
15296;7084;1481520935;2
27087;6356;1481514020;18
27197;18819;1481550207;6
1545;2837;1481525798;16
4230;20400;1481549159;16
2733;1643;1481510018;14
17881;1663;1481524058;2
6151;7056;1481522390;10
23486;4687;1481550050;14
4528;16836;1481523904;2
12358;4758;1481550921;2
6894;159;1481512997;2
11208;6359;1481532633;10
11254;20790;1481540332;14
245;11907;1481538787;12
8389;6172;1481542891;10
23151;10541;1481542326;18
1747;2980;1481535672;4
16178;11107;1481537140;10
22531;27504;1481517920;10
4024;8372;1481547181;10
11895;19780;1481542620;8
13195;7143;1481512776;4
27135;14930;1481542752;12
13862;10685;1481528364;2
21719;6168;1481541901;8
1574;143;1481530370;6
20086;5752;1481547048;12
8570;20689;1481533004;2
12405;8036;1481533411;2
17349;11751;1481542115;12
14981;4056;1481550552;16
8289;7885;1481545866;10
4732;1734;1481530005;6
20099;24744;1481541725;10
11222;22537;1481521231;6
2794;3542;1481517857;8
7400;4345;1481550183;6
6177;4724;1481512330;6
11014;14620;1481525423;18
3065;5714;1481514190;18
6300;24349;1481522087;6
4990;4004;1481535155;8
3922;10124;1481550563;6
8408;22148;1481518731;8
2609;359;1481549202;2
13903;10574;1481542996;12
9434;18399;1481538341;18
60;386;1481525826;18
19790;9886;1481525773;12
3260;2987;1481532792;8
7693;1852;1481546911;2
8898;11785;1481514002;6
4596;1551;1481515113;12
9791;3983;1481535118;14
10913;12037;1481527158;8
11623;17498;1481513767;6
6406;27036;1481524711;4
3613;12311;1481540431;16
16648;3279;1481540800;4
16118;15747;1481522282;6
10033;1387;1481512636;6
6578;8515;1481520219;18
1078;8498;1481544124;8
9545;16810;1481543363;8
1953;6782;1481510893;8
7444;6883;1481539312;6
16178;1299;1481513988;2
21089;18835;1481512373;8
21411;9483;1481513129;6
385;1729;1481527001;18
17262;5635;1481524042;10
10265;9317;1481526921;14
14794;19297;1481528569;18
1042;1518;1481527968;8
19795;9025;1481512517;16
11036;22443;1481527020;8
1040;15076;1481520852;2
2122;20600;1481511920;18
12047;5531;1481529519;4
1748;19419;1481544433;2
8762;7098;1481514183;12
23038;17036;1481551110;2
9796;2783;1481523606;14
27423;9481;1481525563;8
268;27409;1481545687;2
13461;6457;1481529636;12
20431;9953;1481514946;12
27135;1251;1481543586;2
3012;15481;1481538054;8
7347;11227;1481520196;16
4593;15933;1481517477;8
9206;1194;1481540394;10
8996;9123;1481518376;8
9968;2425;1481516243;18
2019;6496;1481545140;16
16124;1143;1481532950;2
17266;6285;1481529779;12
2376;7613;1481526595;18
6200;7885;1481523542;2
7792;6941;1481519626;14
190;20006;1481539136;6
1924;19526;1481550888;16
2390;4533;1481549110;12
22651;278;1481518066;18
23339;19545;1481545400;12
11387;1942;1481535181;2
18191;19770;1481543810;10
3000;347;1481550044;6
101;12945;1481527437;2
14140;11885;1481522286;8
3574;27390;1481526847;14
23299;8511;1481517535;16
1965;1620;1481544286;6
15520;1366;1481544274;8
2140;8377;1481519835;12
10635;19934;1481511771;12
1299;23651;1481540815;16
3728;5287;1481516784;10
20481;7479;1481535774;8
1424;16826;1481544104;2
5882;263;1481523872;18
19847;3426;1481525353;16
7435;11856;1481540295;12
8500;13085;1481519856;2
7713;3905;1481512986;4
15766;132;1481538684;10
9188;17363;1481545084;18
6880;8589;1481520297;8
19028;27199;1481537319;2
27520;9215;1481524990;10
17297;12141;1481511241;2
4177;5908;1481548586;2
26322;23320;1481512099;14
8832;22306;1481526213;18
9525;5770;1481527630;4
9510;115;1481536090;8
12188;20978;1481542980;12
8781;11241;1481546065;12
7166;3692;1481517832;10
10927;14621;1481548915;14
7977;18199;1481535008;12
11122;6779;1481510705;16
11375;25083;1481537797;8
265;18202;1481510172;14
20930;21000;1481511312;2
8745;27291;1481549943;2
7613;10849;1481520662;6
10726;18857;1481512177;18
26041;25399;1481530219;2
27326;6031;1481544774;18
17463;19218;1481539463;18
5437;9860;1481519835;18
25507;155;1481549243;8
8867;7692;1481546324;16
10195;13003;1481524039;6
23121;1858;1481550656;12
6923;7984;1481533385;16
8592;6154;1481531780;16
310;2278;1481523072;4
18809;9421;1481520511;2
6135;4839;1481535335;2
6830;9520;1481537747;14
19942;1018;1481515068;4
24584;25399;1481529713;6
19068;19826;1481535759;6
17459;5081;1481509633;18
2774;5043;1481539204;18
19273;14563;1481515132;4
3624;3062;1481523933;12
19830;3766;1481512208;12
4361;21837;1481510490;2
9324;20425;1481547960;16
20121;27404;1481527419;14
5814;22132;1481527981;4
6024;10462;1481551138;8
3419;5276;1481549246;2
6013;3087;1481521525;10
10641;1812;1481529281;4
25067;3578;1481512508;14
9903;16834;1481551118;18
20951;3602;1481533595;18
5749;1066;1481524836;10
9568;7319;1481524073;10
4043;7442;1481537321;6
17422;19941;1481534367;8
20069;24565;1481549095;18
9878;24928;1481539319;12
3146;17306;1481538671;14
3932;10809;1481527186;2
371;19944;1481530730;2
10395;7913;1481545925;10
4284;1018;1481513829;8
1587;16321;1481536031;6
12161;16094;1481549381;4
8937;9956;1481542580;14
26163;14996;1481540988;16
1083;1511;1481517952;16
19422;9475;1481510597;12
269;1565;1481538627;18
10573;10603;1481521820;18
12282;11221;1481536383;14
17331;2785;1481543264;16
14661;23516;1481546225;8
6937;4951;1481510158;16
20655;10201;1481527417;6
17296;12763;1481535912;14
12398;17269;1481547399;10
48;22490;1481519027;6
7551;8546;1481520760;18
9357;8095;1481522532;6
7686;7324;1481511985;14
5845;5551;1481530351;10
27444;27158;1481538363;18
21279;12063;1481523531;12
9792;7794;1481535257;6
4204;1890;1481522583;2
27389;11607;1481549979;16
26302;12233;1481549581;4
8648;23317;1481545547;12
879;10190;1481526363;10
14241;14868;1481550939;18
8665;18262;1481519174;2
6961;9686;1481526974;6
13677;7977;1481521123;6
4763;8433;1481541467;8
27060;207;1481536571;8
8121;15309;1481519437;10
25365;42;1481519950;6
2370;2027;1481528860;12
24997;21313;1481549343;10
15459;11788;1481546200;4
9962;2403;1481513454;18
4920;2392;1481516581;10
7364;18508;1481516552;2
15227;10561;1481549000;2
3396;5688;1481547310;8
5598;13995;1481512757;8
5672;2811;1481539158;12
301;2841;1481543471;18
2154;8005;1481548843;6
24285;1585;1481524707;6
21297;18160;1481540111;8
25394;7607;1481549128;4
5842;20402;1481542871;18
1026;10986;1481526945;10
14949;1010;1481543342;2
2361;96;1481547876;8
15317;11917;1481528507;18
27556;10616;1481521403;2
19910;23149;1481516679;4
5502;6938;1481510448;18
7489;8634;1481532961;8
5995;9228;1481537959;10
13944;21230;1481524782;18
4951;15962;1481527171;4
923;24355;1481532869;18
4230;23546;1481521795;8
14858;27448;1481547154;14
10325;23110;1481537930;2
12780;27536;1481530000;14
23100;16914;1481516846;10
2423;12069;1481536826;14
1719;3851;1481531015;4
8873;12062;1481550109;10
2159;25359;1481525710;18
19058;1976;1481529853;4
10636;11092;1481538504;10
23061;4703;1481546024;16
3057;411;1481524952;14
9796;7460;1481524576;10
3737;9223;1481548315;6
5293;6470;1481530594;8
2339;1022;1481518024;12
4879;5440;1481510520;12
12072;12031;1481513859;10
6362;26119;1481526501;2
13808;9980;1481513070;14
16136;19868;1481549002;4
10184;5093;1481537914;14
5911;7646;1481537449;4
1668;10894;1481510802;4
17364;8685;1481519249;12
6484;17349;1481545742;2
8972;9854;1481539182;4
14126;25045;1481511679;16
7629;3279;1481520371;18
20694;7982;1481510866;6
19087;13260;1481516333;8
27267;4738;1481515339;10
27462;22536;1481531455;8
5852;10727;1481540669;4
27047;3023;1481547265;4
12645;3855;1481546386;14
9199;12088;1481525650;4
10915;14929;1481517235;4
13794;8191;1481520537;2
6287;12055;1481512033;14
1602;9220;1481525858;8
16294;113;1481529818;4
8876;24744;1481532597;12
6541;11746;1481533166;18
17404;175;1481513834;10
14634;16038;1481531470;12
2132;18876;1481536720;6
17396;8385;1481541310;4
15999;16133;1481543697;14
21498;9299;1481533876;8
11860;24529;1481536252;12
11049;3260;1481540667;2
23538;18816;1481540250;2
11908;5678;1481513661;8
25382;14700;1481549739;14
5939;10637;1481550774;10
223;19299;1481511427;6
13859;12230;1481528540;18
7700;8557;1481538256;6
12288;18871;1481529029;12
11001;9285;1481523008;4
7785;7846;1481515713;12
4104;24473;1481546868;8
1343;20908;1481522771;8
302;14807;1481526803;8
26313;7520;1481524577;4
2030;16836;1481531364;12
7398;16878;1481514727;6
24294;7859;1481512296;8
23739;9765;1481515977;6
5359;13874;1481551085;4
8223;20531;1481541967;16
16797;10825;1481522474;10
4053;6938;1481534623;14
8451;11236;1481532145;6
10906;4243;1481519498;8
7417;70;1481544738;4
20987;12229;1481522336;16
7000;7469;1481513950;6
13263;225;1481544619;14
10000;7692;1481511043;6
3719;2742;1481548291;8
7851;10184;1481540180;4
6355;3382;1481523563;14
2410;3164;1481525906;12
9466;14585;1481546104;6
15482;3907;1481515296;8
7278;8655;1481534876;10
2157;13124;1481527487;12
18936;17475;1481541110;14
3707;17271;1481516725;18
4841;8527;1481512558;8
7006;12355;1481514557;2
3853;26394;1481545291;8
26070;5691;1481533646;8
1644;10203;1481543603;6
12042;342;1481520333;16
4303;4706;1481519406;12
15030;17513;1481518686;4
18188;25161;1481516672;18
8651;214;1481538136;6
8565;1861;1481539729;16
7352;15738;1481537916;16
22482;25025;1481524589;6
9510;4726;1481517971;8
4929;402;1481510376;4
10827;21310;1481532804;18
24378;17381;1481542955;10
8818;21323;1481522844;12
11697;7829;1481550684;12
18906;13902;1481548997;10
14559;20523;1481520496;4
6189;3975;1481539030;2
7405;17879;1481528400;10
9192;27229;1481510482;10
14003;12152;1481519385;4
27546;970;1481549638;4
11016;2137;1481546045;14
8135;10500;1481515111;12
24161;2026;1481513643;14
21805;21807;1481536749;6
17536;2338;1481524076;12
7526;14142;1481511003;2
1924;14562;1481524901;16
12643;18050;1481519964;12
7574;18834;1481539168;6
7013;10331;1481512794;2
136;1396;1481528771;10
8008;22263;1481550368;10
408;3937;1481517234;8
27421;12786;1481527327;2
23179;9901;1481546173;10
7621;13786;1481534146;4
14892;12133;1481521171;4
27199;27450;1481547964;4
15349;11860;1481524330;18
212;22430;1481516508;2
18813;15009;1481542313;14
19311;4011;1481548890;8
5819;10029;1481525798;4
5439;19052;1481543811;12
5854;2825;1481538463;4
10881;6959;1481546555;16
11075;6219;1481520022;12
27032;6925;1481527536;18
11985;24659;1481535561;18
3641;19954;1481546706;12
12799;3016;1481522902;12
6316;11746;1481522452;8
8397;10503;1481535847;8
11143;14514;1481550949;18
5649;27426;1481520286;4
9290;6168;1481540092;4
12059;2831;1481531385;18
4319;3070;1481545100;6
8807;23866;1481548643;16
7771;8037;1481525957;14
27403;27156;1481547316;2
19779;15083;1481545902;14
9794;8162;1481541795;18
1222;26029;1481528491;6
14586;15475;1481547593;16
3032;10386;1481532387;16
26112;3462;1481536176;6
20287;2725;1481519382;12
17439;25401;1481522100;18
21382;3622;1481542729;16
6167;9429;1481513555;6
18076;22993;1481530179;16
20682;16864;1481514808;16
21267;8318;1481517609;6
19551;23742;1481532271;12
10181;1201;1481521098;8
24088;23116;1481514465;8
17616;24564;1481540999;16
11141;431;1481510944;16
381;1294;1481523507;4
17257;905;1481530742;10
10475;27424;1481537058;4
2151;6401;1481539302;4
7779;2772;1481536647;14
8892;25533;1481519123;2
20943;14799;1481547898;14
19814;11058;1481516700;10
20692;11092;1481546635;2
8584;12567;1481517309;6
2892;5428;1481526281;18
24662;14537;1481525570;14
23082;1591;1481535856;4
5363;6784;1481538703;18
4597;4822;1481512754;12
6154;10216;1481516612;4
4214;6529;1481545762;14
7021;9747;1481532876;8
265;4484;1481540377;10
8552;1881;1481543308;16
4033;180;1481513835;14
19763;9407;1481547930;4
23168;18442;1481519491;18
27322;6018;1481537967;6
7831;25532;1481528540;2
10717;7144;1481516748;10
3705;8231;1481526147;18
25426;22259;1481550924;8
27188;205;1481515848;2
19712;1281;1481537340;12
10877;3930;1481517141;18
1102;13211;1481526225;18
20114;3786;1481549694;6
9025;8997;1481543160;14
7175;20548;1481522863;10
6782;18048;1481542567;8
17033;24457;1481509706;18
2339;21717;1481544910;6
22532;21386;1481544024;6
19218;11126;1481531597;12
11613;22499;1481548612;6
6852;7328;1481511498;8
18131;25319;1481541711;8
1568;27336;1481536435;8
19533;3951;1481527026;8
1023;19889;1481530902;10
7546;6256;1481525311;12
7523;6458;1481538228;4
4196;1686;1481545594;14
3624;11608;1481533614;2
164;8275;1481534166;18
6522;8195;1481510751;2
19269;2845;1481515001;2
205;1101;1481543936;10
5972;5282;1481548923;12
7328;7866;1481540215;4
1210;1263;1481524765;14
15231;14689;1481515586;10
3686;10009;1481525409;18
14859;20157;1481546885;12
10005;8326;1481542140;16
10761;13314;1481548258;14
12568;5702;1481525890;2
6009;10105;1481542663;2
282;9665;1481513652;18
9279;5917;1481536824;14
3291;23861;1481513295;10
5410;7880;1481514634;6
8909;310;1481550530;12
6186;20484;1481532213;8
14907;12031;1481546457;16
11032;1092;1481509855;10
10507;3913;1481536944;12
4187;21319;1481515810;4
4664;26034;1481517610;16
7575;17160;1481539203;12
24450;3630;1481520833;8
19200;27156;1481529148;8
9744;3906;1481535743;6
27104;7675;1481523440;14
9560;4976;1481515939;18
2119;6307;1481521433;2
17048;24927;1481541173;10
24137;6643;1481545620;8
23624;222;1481533831;12
9739;7283;1481534242;2
10010;5633;1481514020;14
196;12321;1481524061;6
8058;21845;1481526400;10
978;20084;1481512406;6
11025;5937;1481516024;14
1764;3951;1481525179;10
2294;7880;1481540597;12
8036;6022;1481526330;16
18878;7260;1481550546;12
2352;24457;1481516622;18
27052;1638;1481537757;12
7645;21436;1481518787;6
16840;17532;1481513991;16
16801;18899;1481545845;4
11117;5882;1481517616;12
7062;20857;1481531566;8
11216;24668;1481510333;6
7623;2387;1481530197;18
5532;2980;1481536548;8
7975;9298;1481511768;18
10837;10542;1481521398;14
8817;8923;1481538180;6
970;19802;1481519992;18
3972;8684;1481530500;18
5990;20156;1481527158;8
9288;3495;1481545838;8
366;10332;1481511876;18
9003;3738;1481509556;6
7634;6546;1481550846;12
22871;12136;1481550561;14
7895;5826;1481526368;10
4914;8637;1481539435;14
25397;24413;1481522035;18
24354;8290;1481523754;2
5805;12421;1481547737;14
14700;8044;1481511402;10
7496;12185;1481535823;2
22607;23893;1481550123;10
2800;25045;1481531724;18
26477;16909;1481542487;8
27480;7622;1481536573;8
6285;13290;1481548663;14
6419;21493;1481520963;8
4022;27089;1481513353;16
62;13902;1481550438;18
10905;14948;1481528421;2
11597;17;1481510470;12
1563;1099;1481528484;4
4859;6873;1481545470;14
3067;4004;1481538665;10
19726;27546;1481543728;8
16301;418;1481511048;14
1030;27424;1481521457;4
3422;8872;1481524055;4
27124;23548;1481532614;8
23490;21407;1481537404;6
17846;13256;1481535153;4
23021;18896;1481542876;8
18913;11814;1481512094;14
21436;19560;1481533879;6
315;1180;1481531066;4
13618;7819;1481530199;6
3057;6992;1481545610;12
11805;11841;1481546073;4
26085;14950;1481512211;10
7574;5106;1481526364;10
12372;7512;1481518139;18
19061;10067;1481547308;12
11749;6833;1481512048;10
8050;4660;1481527492;6
12415;17846;1481549026;18
19300;11751;1481529202;4
4879;8433;1481540350;4
2453;1020;1481517052;14
5632;20147;1481545661;18
11371;20785;1481532134;2
8897;20359;1481513963;6
5635;15119;1481509707;10
20076;7544;1481520188;2
9879;3271;1481526055;8
12410;9426;1481524570;18
14185;370;1481512117;10
8486;6823;1481544357;6
25432;19279;1481545150;2
6929;8764;1481534644;4
25165;20302;1481548510;2
5240;301;1481540541;6
15373;27452;1481532695;18
1031;10116;1481545328;4
19053;10214;1481529911;4
23540;19985;1481528149;18
4042;25012;1481540335;8
339;14636;1481519249;6
23140;17601;1481515431;10
6865;8698;1481529812;18
13770;7800;1481527789;4
3124;8575;1481541911;16
21294;6385;1481532163;8
22310;2370;1481511639;14
15407;20907;1481537208;4
196;22995;1481512069;18
11255;5633;1481512918;18
14264;10703;1481518051;6
14170;9852;1481530057;12
5359;15139;1481527143;12
16308;4892;1481532699;6
27269;7180;1481530929;16
10268;21090;1481545152;12
6159;6294;1481515192;4
5293;27199;1481542972;18
3791;5754;1481547236;4
279;14156;1481527695;12
26108;9324;1481534257;10
1607;1303;1481533165;12
15324;11842;1481513614;10
10685;22306;1481519926;6
9206;6724;1481549082;2
23112;15745;1481540785;10
8090;15240;1481549205;6
2126;8657;1481531191;8
20245;14962;1481530223;8
14804;7399;1481526401;6
19571;12562;1481537721;12
16932;3026;1481541576;16
21303;23549;1481545996;12
320;20598;1481531825;16
24753;15162;1481529911;6
10542;12372;1481537138;6
1738;6870;1481513866;2
2744;10251;1481514350;12
1641;11120;1481519506;12
3330;11172;1481539556;10
301;1442;1481542319;18
14972;9852;1481514804;8
2944;1081;1481510233;18
27179;5803;1481523351;4
2756;8975;1481511028;10
12574;1396;1481535255;12
17335;6130;1481537220;4
3696;24719;1481550860;12
11249;1880;1481521043;18
2416;14916;1481509528;2
10072;7478;1481533591;2
8235;3723;1481528345;12
25365;2788;1481515999;12
6483;6683;1481549695;2
7571;11854;1481540995;6
14665;15325;1481520844;16
3024;4191;1481527386;8
21221;9436;1481542391;14
9064;3081;1481537836;12
1253;20945;1481523193;2
5053;9278;1481543291;4
4797;5472;1481528222;12
3754;5714;1481513334;6
10461;6676;1481539954;12
7547;17306;1481548384;18
79;23640;1481534125;12
21222;170;1481550074;8
13030;25173;1481514810;12
4808;19576;1481528856;8
5441;21231;1481519662;10
5529;12012;1481532850;6
20864;2781;1481516434;8
8047;1638;1481524792;4
10923;7480;1481513685;6
4745;17257;1481544202;18
9815;6555;1481515335;2
3547;10266;1481525042;8
8755;13792;1481547169;18
2383;19941;1481523209;8
8864;4685;1481520941;2
6201;7057;1481523044;16
11969;9184;1481545978;14
5945;18105;1481543709;16
1641;27336;1481531754;2
5016;23649;1481527416;10
3069;8443;1481520274;14
3725;13971;1481509556;2
27011;9440;1481514880;18
19217;4881;1481538594;8
7093;3395;1481547743;12
7947;12038;1481539048;14
20900;148;1481514020;6
15023;1580;1481510743;16
14899;22958;1481531220;10
8526;3461;1481510146;14
23305;11406;1481533761;2
14544;2610;1481530840;18
3568;17040;1481527922;4
7371;4025;1481514040;12
1200;336;1481543016;8
8161;25044;1481510725;4
989;27485;1481526623;18
3003;13807;1481515939;14
6003;7180;1481523492;10
17580;1398;1481530909;8
4045;7485;1481541567;4
18076;3022;1481533384;10
1298;25346;1481519126;12
6126;4525;1481526468;4
26139;1790;1481515356;12
1500;1322;1481511780;16
11730;14128;1481541358;14
10240;15372;1481544485;2
5772;12091;1481526534;6
1668;14572;1481528230;12
18355;10318;1481528245;10
1894;11067;1481549416;18
15250;358;1481520535;4
877;5700;1481510172;8
8865;10512;1481531644;16
17512;7476;1481538462;16
18936;5279;1481528505;4
15767;1591;1481539383;10
3738;9362;1481538656;8
7162;26105;1481545057;14
10348;6592;1481525490;2
4586;7442;1481509898;10
19887;9333;1481536131;16
6358;1622;1481520167;10
18940;19505;1481526645;6
1868;25025;1481548942;12
22494;14925;1481545963;16
18815;22459;1481524208;12
25503;15244;1481530404;12
9100;21759;1481513855;14
1401;17470;1481529957;18
12033;18078;1481521489;4
15011;21759;1481509544;8
12311;4957;1481511146;14
11761;5127;1481517704;4
24689;8500;1481511271;6
23543;10905;1481531090;12
9889;9113;1481548406;12
6730;23865;1481541845;16
18335;6027;1481516714;8
1312;10250;1481512630;2
27029;8094;1481518790;6
1719;7475;1481521223;14
9535;26477;1481519558;2
7913;24529;1481541991;2
20419;21074;1481546003;6
12277;12089;1481534486;2
6456;14117;1481515016;14
4524;7351;1481542321;10
12944;9287;1481532737;4
16982;12145;1481546600;14
13978;7709;1481516090;4
4681;951;1481548479;4
4204;16100;1481535306;16
21379;16133;1481519514;14
10329;266;1481534317;6
18807;15015;1481533448;2
20225;19544;1481522702;2
10598;1572;1481518013;18
6656;12293;1481549081;4
15104;11906;1481511351;10
4330;17006;1481523666;2
6464;11787;1481534881;6
19779;21232;1481526255;2
14242;4239;1481514491;10
17269;7249;1481531331;18
15745;15372;1481545839;14
4901;16117;1481517515;14
13781;20245;1481523248;18
12674;4927;1481535656;14
27428;3021;1481527938;18
7629;11921;1481539970;14
20792;1730;1481536972;12
959;8917;1481536051;2
6259;11630;1481532426;6
17581;12043;1481531138;4
4606;3597;1481538150;16
26185;23856;1481536302;18
6500;11069;1481545370;18
1793;4207;1481519791;2
5410;27054;1481543595;12
1087;22462;1481527588;12
3095;6890;1481540505;10
8644;8563;1481534755;18
4175;15349;1481526224;4
6938;3248;1481522742;8
20137;5032;1481526232;14
6150;6771;1481548501;14
4008;20094;1481535787;16
15099;11776;1481530544;10
11038;19985;1481513764;2
19992;13871;1481511856;18
10210;10096;1481522028;10
2805;9356;1481523142;16
357;6909;1481513111;12
1198;9777;1481531503;12
12947;14812;1481515588;6
12119;124;1481533492;8
13864;2117;1481547062;16
4008;8809;1481546635;2
12648;4962;1481535086;8
1768;2031;1481538265;8
8656;6577;1481520449;2
4016;1382;1481530525;18
10739;2342;1481514995;6
19045;917;1481519300;18
25170;1411;1481546060;8
7032;313;1481513933;4
10619;22530;1481550686;14
10653;9756;1481542031;16
9480;891;1481532311;8
5930;1403;1481519053;10
6613;8447;1481548287;16
13924;20926;1481543541;14
14201;19040;1481547319;10
7771;1779;1481522473;10
3969;20539;1481535136;6
15378;5737;1481538390;8
1665;6994;1481532053;18
18911;14451;1481536087;14
6264;5003;1481518301;6
1396;22649;1481542918;8
6792;12800;1481519676;10
15020;7324;1481519074;6
4268;5954;1481538605;14
12389;1403;1481524913;6
15736;310;1481510585;6
18883;20463;1481529607;2
10596;20076;1481547940;18
8482;7903;1481528912;18
15765;26307;1481511897;16
25288;4239;1481550715;14
22625;17794;1481526324;10
20520;3547;1481524769;12
2349;3413;1481532234;4
11683;1503;1481510885;2
2405;10822;1481513984;10
6381;26029;1481530958;10
6614;7172;1481545083;14
21454;14860;1481521707;18
4756;8519;1481523386;10
6184;9836;1481531005;4
15731;4867;1481519169;14
3913;21318;1481514372;8
10464;7485;1481532961;2
7001;20950;1481513266;6
8696;15784;1481516461;12
10209;14654;1481517372;4
11093;5740;1481514761;6
4578;4510;1481516175;10
5637;8092;1481515564;10
3075;6464;1481530803;4
4541;8489;1481547505;18
411;10200;1481526832;10
16037;18040;1481519437;18
1736;3690;1481533265;8
5895;1359;1481546740;12
11057;24180;1481515101;16
9566;7822;1481547901;6
2163;17252;1481515412;2
8570;26211;1481531396;14
8768;368;1481548893;16
21718;10889;1481523566;2
26480;7164;1481540544;14
14557;6636;1481515706;18
247;27207;1481525103;2
7324;23651;1481523607;8
21218;5091;1481548238;18
25052;17892;1481515479;6
20689;10713;1481545795;2
9900;11622;1481539283;8
1314;11095;1481538089;2
17029;8594;1481550138;10
2418;133;1481542362;12
8948;13909;1481510890;14
9952;7452;1481539987;18
2402;9411;1481534099;18
5298;1414;1481533600;16
15;26114;1481519862;4
18819;10191;1481521207;8
901;9346;1481525760;14
14568;15099;1481520933;6
4787;4276;1481534512;10
2169;12293;1481546777;18
18871;3072;1481545168;6
9872;16649;1481522792;8
3253;16194;1481510358;12
13261;27203;1481544278;4
17310;8373;1481521606;6
13263;21387;1481544737;16
23152;11135;1481539135;4
18165;8518;1481518827;12
22310;8923;1481525409;10
14252;1048;1481546626;2
4676;14283;1481546034;4
19827;1567;1481510082;4
26101;4569;1481538546;4
20740;4751;1481536515;2
8013;12745;1481522311;6
14446;20989;1481531547;4
6985;22483;1481522570;2
16026;27055;1481534998;18
6697;17359;1481535865;2
10671;7475;1481536973;14
20045;7546;1481537257;16
377;14437;1481520277;6
14933;9153;1481515853;2
2165;5050;1481545424;4
10496;24667;1481543731;12
18464;9154;1481550996;10
11033;15731;1481513604;4
21383;17152;1481524100;6
26302;7356;1481518701;6
7319;8870;1481521615;16
17207;7452;1481512198;2
20224;1548;1481545194;4
19821;10797;1481530431;6
3006;27461;1481540776;14
17334;8914;1481546499;6
7533;19945;1481536852;12
9166;20629;1481531025;4
25035;7998;1481537983;8
3907;5645;1481538712;12
26152;22138;1481547217;8
5626;8502;1481517446;16
439;4661;1481530717;14
3939;5249;1481529119;16
27202;14858;1481517801;8
3727;9674;1481510412;10
6344;7;1481514993;4
2764;1748;1481550912;12
26310;2970;1481531407;6
5699;5906;1481547300;10
8110;16935;1481545400;8
19756;8092;1481514833;4
5883;3024;1481538094;6
2173;8561;1481525660;18
9310;27417;1481535766;6
15485;14168;1481538648;4
2396;895;1481529803;16
18848;3964;1481537625;8
3932;23304;1481539857;18
6810;22607;1481513065;8
22585;6875;1481512565;14
6841;10508;1481544174;8
10188;20480;1481542689;2
1690;9997;1481545920;6
13859;1264;1481518970;14
14660;1724;1481518148;10
14627;9649;1481529373;2
11156;7481;1481537216;10
22967;25528;1481544378;2
24710;1905;1481518662;16
10785;1646;1481548833;12
22479;1452;1481510691;12
23805;8835;1481523888;18
12013;8135;1481545206;10
11814;6357;1481545876;8
1152;10174;1481532042;8
19991;8441;1481548114;14
27100;142;1481535005;18
21746;8324;1481533587;12
7533;10928;1481517834;16
17884;18179;1481537041;14
1132;19721;1481518187;16
3495;3340;1481519675;2
3088;4259;1481521163;2
12145;4186;1481514012;4
19549;9754;1481541515;16
24529;6028;1481530958;16
7273;4740;1481548122;8
6790;19507;1481520796;2
14563;6002;1481519912;18
6266;21759;1481539600;6
6440;1410;1481534274;6
20289;347;1481524185;6
18834;18201;1481524468;18
6945;27334;1481526723;4
24294;1381;1481525302;14
8682;21365;1481525740;16
24133;23729;1481532439;4
883;8383;1481541086;14
7525;4541;1481549569;2
18075;895;1481512404;4
8976;22937;1481543055;2
22995;6963;1481537774;4
7099;6614;1481509562;12
8075;1881;1481548228;6
5967;12146;1481529801;8
620;426;1481516763;6
11793;4484;1481535973;16
27330;16796;1481527811;10
6553;4265;1481533863;2
2733;27444;1481525254;10
7792;19966;1481545490;10
27508;3545;1481519177;8
18461;11809;1481542996;12
1391;20106;1481538958;14
9282;3945;1481534372;6
12061;4758;1481548262;18
6994;22431;1481512922;4
7244;1118;1481534213;16
23012;16317;1481533848;8
20288;12404;1481530965;6
10621;11107;1481548263;16
24137;19554;1481532912;16
13882;415;1481541310;12
26474;4597;1481541001;8
27230;7260;1481548515;16
10279;17252;1481549855;12
13806;24376;1481518167;14
21844;30;1481527390;6
16320;20006;1481547550;14
3955;3964;1481538449;14
18330;14863;1481544389;16
9836;8539;1481534447;10
18341;11024;1481533360;12
16927;3295;1481521852;18
21222;24426;1481528656;2
27491;14191;1481531306;2
19879;17015;1481539728;14
1980;5508;1481532914;2
19066;1321;1481514527;14
8392;10163;1481532036;12
18098;19835;1481532975;6
13971;23149;1481512454;18
25346;10046;1481523749;18
1625;917;1481540553;14
1983;16902;1481548926;10
15237;166;1481539008;16
4855;15084;1481511164;18
14710;24726;1481531848;14
14578;16050;1481532080;18
243;25520;1481549367;14
4739;1517;1481545748;12
9437;13495;1481533612;2
13124;2788;1481521631;8
18082;25059;1481520145;6
993;3756;1481510304;8
7560;24655;1481531881;6
3417;15987;1481531834;18
21234;8564;1481521480;10
1192;26161;1481529728;16
19818;13778;1481544319;12
2284;11629;1481523615;14
6435;14703;1481548696;16
24989;19060;1481535427;6
8543;9475;1481540398;4
11742;25088;1481522680;6
11834;1593;1481513504;10
8636;14871;1481518467;12
18805;1254;1481521898;14
19497;2293;1481535416;16
11092;19965;1481533136;10
14931;7398;1481519942;6
6788;19298;1481531580;14
10219;25493;1481540061;10
16863;15253;1481531075;4
1866;10464;1481538946;14
4926;7397;1481522381;8
27266;10307;1481520861;2
1905;20713;1481540514;16
20091;13775;1481548919;6
6620;7064;1481512095;18
4785;5644;1481520205;4
6819;25367;1481531602;6
12620;25342;1481515781;6
19583;18835;1481514884;2
10534;3281;1481513817;12
14551;8950;1481545783;2
19494;1303;1481527356;12
7914;12646;1481548447;6
7142;7942;1481542642;2
13907;6636;1481511573;14
26189;9204;1481549773;6
1255;12780;1481516869;6
4703;10407;1481518967;12
24428;20532;1481546688;12
8503;7563;1481529619;14
9002;7422;1481546585;10
10632;1204;1481543522;14
2610;3469;1481534726;14
16297;6237;1481526845;2
10838;1731;1481533912;6
1488;24284;1481524190;18
23453;9229;1481515714;8
16799;20133;1481532148;10
17146;686;1481516079;8
7978;10244;1481519622;16
12707;10081;1481540883;6
6022;14137;1481528494;14
8516;14980;1481550027;12
23026;8230;1481534247;12
1140;17415;1481526193;4
24256;6349;1481541897;4
7565;19560;1481528221;18
314;24666;1481526849;10
4759;17280;1481534245;6
10635;10219;1481513058;16
12002;26395;1481542590;18
6581;10829;1481522002;10
10125;6898;1481510791;2
14288;6699;1481526156;6
12294;5627;1481533604;2
7420;9868;1481542202;8
4595;8515;1481530930;16
4502;8411;1481519088;8
4824;4596;1481521658;4
12214;18334;1481533155;18
22134;10505;1481521621;10
5476;1352;1481539505;4
20712;24126;1481517567;6
14779;13870;1481511409;10
6259;1170;1481521083;2
7915;25041;1481532100;2
24562;1013;1481522383;2
20110;7908;1481526939;12
25430;33;1481550499;6
6589;13226;1481519079;2
17552;1574;1481528764;14
27032;1728;1481541894;4
1641;14805;1481538228;2
3262;7093;1481544265;18
3605;4748;1481522219;18
9494;6304;1481519948;2
11635;12321;1481545963;10
7911;4758;1481535424;8
27230;17253;1481525461;4
4595;17023;1481524748;6
3072;18097;1481521999;4
7590;6187;1481514295;16
7607;26070;1481537155;10
7464;171;1481511999;12
22273;4743;1481538254;18
15777;16038;1481548852;14
12220;19076;1481522670;8
12087;23621;1481535661;2
25380;4594;1481512229;10
10509;4055;1481511798;18
1863;8602;1481534455;8
13939;12641;1481519380;14
1892;2015;1481516125;4
10551;20412;1481549501;12
24346;1388;1481538152;18
15997;9950;1481527426;6
19372;6199;1481551058;8
3467;6948;1481526558;6
5878;16873;1481521378;18
11954;5823;1481545210;10
12058;10813;1481528976;16
12358;6274;1481522688;12
16333;8809;1481540455;2
23304;20461;1481535678;12
24719;20968;1481514123;4
24378;13454;1481520712;12
6921;8959;1481521633;18
8643;11480;1481530331;10
2010;9863;1481515176;6
3271;27482;1481519490;18
5908;1397;1481526717;2
1351;16796;1481537412;12
10611;4594;1481523377;6
982;5247;1481526024;12
6505;13971;1481544726;2
19552;5728;1481535732;4
5674;16182;1481549911;16
24966;4768;1481528905;8
4999;15087;1481517798;2
8409;20907;1481539656;16
26148;8355;1481539911;18
27165;14913;1481547667;2
6989;9567;1481521785;16
7042;8911;1481518689;4
12943;8412;1481542266;18
15754;2343;1481537968;10
11069;20064;1481517844;10
9811;25384;1481526753;6
9417;14120;1481543687;6
6457;23040;1481539867;6
14443;9570;1481513277;16
14662;25156;1481510681;2
8094;24663;1481517877;16
4593;5439;1481540931;6
7343;1886;1481510563;14
23645;1863;1481517519;12
11267;25323;1481533093;12
10500;7914;1481537617;16
1512;25041;1481549316;14
14165;55;1481539299;14
17266;3971;1481512510;16
20545;17568;1481509685;4
20691;16803;1481523010;6
19759;17519;1481515165;6
19798;13869;1481527296;8
6300;5522;1481517548;10
20071;11611;1481541232;6
8030;19539;1481522534;10
2125;11858;1481518945;16
2997;5649;1481527939;18
12712;1152;1481531803;6
6136;6798;1481529203;10
9661;11749;1481525197;14
12096;1198;1481533243;2
18904;15127;1481528183;6
22459;24259;1481518773;4
4531;20987;1481547002;6
11210;6857;1481525017;2
16182;7236;1481531685;2
6361;11055;1481520142;18
225;24017;1481524435;6
1851;10473;1481522992;12
1207;7002;1481522597;4
15098;5740;1481538356;8
17266;5398;1481522115;2
23336;20634;1481521324;4
10569;20484;1481542338;10
16816;9152;1481543250;12
12410;14272;1481523757;16
8346;9432;1481526151;6
1793;8306;1481542919;18
17045;20327;1481522366;18
3913;9166;1481549382;18
1439;25048;1481548355;14
8880;13804;1481544149;12
15992;17705;1481516052;6
18112;4567;1481539115;14
25376;14240;1481539318;4
15985;4797;1481520246;10
10125;8049;1481547823;16
4338;3570;1481516341;6
3246;8982;1481543770;10
5943;2809;1481512865;10
26314;1880;1481531579;10
25489;10891;1481549718;6
18166;23525;1481527994;8
5530;6652;1481512039;16
17036;24473;1481544736;14
5073;24356;1481513365;16
2121;18880;1481540468;10
5889;27342;1481517023;14
20545;7544;1481532477;12
16333;6118;1481536842;6
2348;10231;1481523971;14
8567;985;1481540153;8
2024;27187;1481540624;10
9491;15762;1481548936;4
14707;5604;1481538023;4
1551;8168;1481541987;12
10814;4219;1481511763;14
9899;14140;1481537788;18
392;6686;1481538785;8
1685;24533;1481535754;14
14126;14624;1481515642;12
7355;10837;1481518295;18
1211;13204;1481523991;4
5101;20089;1481518108;12
440;24259;1481541904;6
23519;177;1481519875;4
15012;6213;1481537249;2
23740;22961;1481512727;14
20038;20599;1481536486;10
11021;18877;1481511730;14
4205;11592;1481529303;18
4683;18157;1481513023;18
24139;17847;1481533757;12
9199;11112;1481528287;12
9872;53;1481526727;8
22642;12090;1481524894;2
3721;20406;1481520032;6
4600;7773;1481520306;4
11566;6699;1481548711;8
20392;19773;1481534332;10
6545;9179;1481512279;6
21844;22796;1481528755;6
16099;15513;1481537391;18
22540;8448;1481540672;4
7277;19779;1481549320;16
9751;10909;1481533119;10
9569;6625;1481535468;12
26156;10591;1481537384;18
9443;21503;1481549712;18
1989;5951;1481513725;10
25361;1865;1481549938;10
5406;23728;1481512374;10
18073;9306;1481524421;12
7644;3954;1481550248;8
18149;21486;1481519895;2
25433;1290;1481542272;10
8938;25385;1481524257;4
26302;14983;1481518528;16
23102;10427;1481512081;12
4678;23894;1481510883;16
17419;4263;1481546742;18
17429;15103;1481517505;4
23013;18858;1481547161;6
11952;10044;1481511413;12
1609;9314;1481542663;12
24734;3410;1481525046;10
13128;10986;1481547170;8
1941;2821;1481519671;8
12328;27461;1481525701;4
3415;10250;1481513312;18
10029;8453;1481516599;2
26145;19833;1481515574;14
17273;3273;1481527183;14
22272;15327;1481518871;14
5758;9752;1481513448;14
23299;6190;1481522982;18
3596;19027;1481532295;12
11827;25174;1481535607;18
14655;10279;1481546448;10
72;3585;1481510819;2
3009;1198;1481531343;8
2735;16180;1481543861;6
8230;7036;1481531200;2
8416;1203;1481523568;10
8387;8004;1481511684;14
3264;12798;1481537263;2
23665;16781;1481538520;18
1064;7960;1481540086;16
3469;9848;1481547860;16
14906;350;1481537031;14
1309;27552;1481509531;18
8512;8963;1481549981;6
22447;19714;1481516336;6
10260;2142;1481548874;6
983;20518;1481509907;4
8891;24253;1481513172;18
16118;20100;1481521343;6
27059;14935;1481545210;16
274;4852;1481537754;18
354;1158;1481534773;4
6995;23653;1481529223;6
9987;17503;1481536409;14
11993;25085;1481535725;8
12290;213;1481542089;6
8405;3622;1481514430;16
4104;4185;1481535216;8
16038;3373;1481539616;8
12620;1625;1481523930;10
6458;22627;1481549771;8
7158;5949;1481521832;6
1697;7357;1481536994;4
64;18958;1481529766;2
3252;4239;1481533278;10
17019;10537;1481514057;4
1562;4874;1481517253;18
17573;14702;1481549083;16
5245;19946;1481544841;14
17291;5709;1481522120;6
13782;10507;1481545776;16
17273;13775;1481546583;10
5920;5782;1481517523;8
7475;7094;1481532047;4
6216;20600;1481535240;4
17789;22268;1481512532;12
8667;9686;1481516137;2
7519;365;1481512467;2
27489;24977;1481528708;14
8274;12947;1481546234;2
14118;19554;1481519024;8
10291;25045;1481548249;12
14554;9104;1481549015;2
3988;20997;1481531702;8
23000;9663;1481538216;10
23328;15423;1481516774;10
12073;15310;1481526437;8
5100;12181;1481514858;4
19307;12089;1481548946;2
6476;12045;1481533513;14
20298;7996;1481511814;6
6477;7187;1481537911;8
20963;4881;1481538398;16
9011;19823;1481512760;18
8429;2419;1481540398;6
21085;4301;1481535280;18
895;2786;1481533784;16
16873;17442;1481538537;4
7426;25187;1481516661;18
17581;10675;1481515332;12
16828;27279;1481515136;16
13222;20049;1481516634;12
13910;10878;1481516750;18
6865;27442;1481534611;10
16936;7496;1481539571;16
23489;25159;1481510120;2
4641;21727;1481512729;14
10205;5609;1481516521;18
17331;6028;1481549791;6
2953;20906;1481526133;12
8395;19826;1481529473;10
14705;12757;1481521194;18
8636;18336;1481536193;12
4765;6812;1481514825;16
2744;3964;1481525111;4
27356;22984;1481531635;16
1656;79;1481511517;14
1875;9968;1481514359;6
10800;12220;1481515001;14
15076;20990;1481546653;10
16049;21400;1481512770;14
23517;9288;1481549644;10
15317;1576;1481513456;6
10849;8338;1481545495;18
6454;22482;1481523087;8
6023;12730;1481546072;4
7837;10614;1481541233;6
9512;1490;1481542911;4
6663;24277;1481528586;6
4830;23695;1481539866;8
7527;4531;1481528980;4
3047;2165;1481534586;18
11120;18898;1481550411;14
6497;12559;1481541530;14
8885;15162;1481535520;10
10103;1926;1481525087;8
21483;14194;1481519031;4
9446;6732;1481513836;10
4553;23004;1481534286;6
14875;22449;1481510719;18
5730;4735;1481510148;4
10541;21218;1481510829;16
13256;5417;1481521197;4
3165;1963;1481535216;2
2834;22179;1481530097;16
1448;4327;1481542988;16
10911;4315;1481516240;8
11237;13224;1481550410;18
8151;14930;1481541786;18
7898;8798;1481530320;10
3995;7858;1481509643;6
7557;5833;1481517921;14
2964;80;1481543016;16
23666;25089;1481523880;2
9938;7527;1481520716;2
27022;26310;1481538650;16
17902;26185;1481509595;6
17293;190;1481547243;12
1595;7550;1481531035;18
337;4748;1481544418;2
12812;14899;1481510786;16
11885;13812;1481519167;6
7420;10826;1481536565;18
14585;14640;1481519157;16
2346;20598;1481528290;16
1686;4188;1481537276;12
12074;7272;1481534309;4
7988;17207;1481529228;2
1061;10773;1481514622;6
17044;1040;1481512330;8
19526;4855;1481545082;10
23549;6368;1481546174;6
14802;4783;1481520501;12
10648;19279;1481532908;12
17415;96;1481541045;6
3611;3740;1481534704;6
12063;3088;1481523793;18
23450;27433;1481546735;8
6763;5394;1481546478;16
19040;7558;1481526780;12
14271;1388;1481529210;14
17430;9114;1481548359;8
8637;20140;1481534972;2
9986;10110;1481527869;4
1712;1597;1481543939;8
8598;16045;1481529503;14
4190;20986;1481516947;2
12867;5043;1481521776;14
1336;7938;1481535036;6
290;1064;1481533021;2
9433;16118;1481513304;18
8574;7293;1481535543;2
6430;17028;1481519019;4
4684;11613;1481530254;4
6614;17902;1481538932;8
6536;14108;1481538397;12
21213;6377;1481511830;6
5388;23086;1481548408;4
4987;4691;1481549307;14
24971;27278;1481523769;14
27553;1492;1481536991;18
31;18782;1481527933;8
14243;15480;1481542743;2
8551;18871;1481516530;2
15733;7165;1481520973;18
13259;7180;1481529173;6
236;6987;1481511955;8
12055;12766;1481513879;14
6585;6203;1481544373;12
7896;10027;1481534327;16
4315;1655;1481542145;4
3685;13002;1481526340;8
8886;9188;1481534922;14
6733;5842;1481529112;10
26395;21499;1481541520;16
5279;8234;1481541926;16
7563;13344;1481541872;8
6733;9424;1481526309;16
4900;14188;1481511673;16
1327;6228;1481548521;12
15090;14884;1481545219;2
23337;27459;1481540012;12
6496;17528;1481543598;10
12573;12288;1481534108;12
9360;1439;1481513132;10
1973;11005;1481521834;14
23748;8276;1481550422;16
18177;11593;1481545133;4
12321;17054;1481548757;14
4667;16648;1481512721;16
6656;17303;1481542685;18
3790;4214;1481541562;12
16888;384;1481550329;2
3380;4361;1481536007;6
4882;5931;1481522105;8
27310;11383;1481546203;14
16133;19834;1481529509;4
12305;7018;1481535903;2
20791;7639;1481516459;14
19471;335;1481536572;10
10593;22992;1481538491;12
17262;10018;1481545623;6
6839;5951;1481521692;10
17035;16142;1481546907;14
27314;11897;1481517512;14
12614;6411;1481532143;2
2464;11607;1481532887;12
25023;6161;1481536650;16
330;1357;1481525028;18
20445;20417;1481531959;2
137;6684;1481526343;8
5807;4043;1481545734;2
9313;17241;1481523128;4
9803;12232;1481532949;6
247;963;1481530421;12
6935;7860;1481525818;12
12088;6486;1481542736;2
62;20987;1481522544;6
4944;6862;1481529491;18
25331;4182;1481526387;10
1500;2962;1481547314;10
6790;415;1481522197;8
1305;3915;1481522246;16
25171;3715;1481527908;4
7975;23696;1481522271;4
7561;1983;1481509800;10
5353;2748;1481520226;18
8711;19749;1481550884;8
9362;4027;1481527546;12
2790;8337;1481536130;8
2525;1639;1481510116;4
8333;25042;1481516437;18
21002;3258;1481514020;14
133;27488;1481532485;4
4964;1689;1481517006;10
219;23524;1481537781;10
6168;16202;1481540678;12
12873;8395;1481527412;12
10216;17240;1481542920;10
13914;6966;1481510101;10
7693;18346;1481547486;18
20657;23815;1481540645;12
2996;7046;1481520766;6
2983;8512;1481546208;16
21226;24711;1481540849;6
17403;7783;1481543143;8
15307;27005;1481510076;16
9300;26330;1481543638;2
15996;9419;1481537444;4
8947;38;1481533838;10
22535;12295;1481515995;12
4937;21481;1481533091;4
16336;8388;1481512644;2
7249;4841;1481513751;2
6607;3791;1481512741;2
21729;12947;1481515868;10
11620;2740;1481518304;2
4985;6697;1481538695;16
4525;5937;1481551080;18
1396;23762;1481545670;12
9205;8402;1481519043;4
5776;4258;1481511794;6
17480;5946;1481525803;6
8535;5423;1481544812;4
1986;1693;1481532686;8
8905;12783;1481523279;6
4361;17482;1481514714;2
19199;16038;1481530046;8
3854;16902;1481518838;14
11393;225;1481541475;16
7007;18849;1481550118;2
3914;1402;1481532577;18
14874;124;1481543079;18
3003;10261;1481531415;12
19559;27055;1481543211;6
17616;9170;1481534609;18
10260;1881;1481548732;8
26101;20462;1481525269;18
24584;959;1481537039;6
27439;1627;1481541961;16
26480;5922;1481520535;10
19737;8427;1481544364;8
25291;14154;1481544831;14
23168;1562;1481517251;12
17302;6716;1481550868;10
18444;9215;1481533055;6
8443;8291;1481532363;12
21416;14556;1481532166;10
6145;7160;1481536594;12
17422;15312;1481523490;4
24750;7379;1481527956;12
10620;15311;1481542856;6
21363;2340;1481544433;8
7997;27270;1481533899;6
6277;15214;1481546624;2
1554;12352;1481519876;6
11950;12282;1481550700;8
23350;19044;1481545959;16
7145;9869;1481524525;4
11086;8761;1481516315;18
10827;14438;1481522327;8
7912;10229;1481549604;4
12813;4266;1481527079;2
6171;4564;1481518024;18
14557;6866;1481522312;4
9158;343;1481544808;8
9562;6186;1481542256;12
22492;5645;1481540733;14
23469;23618;1481531862;8
10523;11374;1481511141;10
19425;11001;1481544341;12
10997;23891;1481524487;14
4302;11687;1481541349;12
5850;12642;1481547086;18
14950;24172;1481510353;18
7974;3736;1481518034;8
9567;9416;1481539616;4
7529;3133;1481511013;16
6921;8495;1481541402;16
8764;17402;1481512334;6
10462;13678;1481516063;8
4502;8318;1481551108;4
22644;1624;1481529012;18
8320;18872;1481545731;4
24164;12654;1481516463;16
27132;1038;1481539912;2
12212;1302;1481516714;14
6198;18183;1481517696;16
2787;20078;1481528373;18
27037;567;1481525256;8
16828;1327;1481525337;8
273;14448;1481550397;14
15735;22312;1481540121;6
19804;2361;1481513510;4
24356;23448;1481519261;10
25113;1335;1481532427;18
9396;289;1481510100;12
7790;7955;1481537173;4
14198;11000;1481540738;2
20045;20090;1481526504;6
399;21806;1481546880;8
7273;11617;1481524962;18
20140;15479;1481524362;8
7645;22459;1481530156;16
3936;18898;1481542310;18
24650;8410;1481516151;10
4185;7894;1481535496;12
9153;15097;1481547054;10
7587;2125;1481537096;4
10118;296;1481524201;2
6348;13461;1481541013;6
15407;17456;1481526320;14
20077;1619;1481514416;14
3069;9514;1481513041;8
19963;11403;1481513786;18
12353;17792;1481535282;6
15296;24655;1481543795;18
14561;6209;1481533861;18
18848;24174;1481516650;16
7776;17334;1481510807;8
3510;7456;1481533803;16
27471;25065;1481520985;14
12944;12040;1481523749;14
7156;7795;1481537064;4
13454;1395;1481515909;14
7965;4657;1481513527;8
2319;16039;1481514656;2
4326;16843;1481514687;14
8140;10622;1481538260;12
21436;22459;1481535157;2
3459;25181;1481518907;8
6456;1571;1481543780;8
8414;24744;1481536417;14
1837;18859;1481538358;6
2795;2343;1481519829;12
6549;15080;1481520302;8
13875;9675;1481546514;18
258;6965;1481524750;14
24706;15305;1481530339;6
20807;2844;1481542287;8
7360;1055;1481519140;4
5875;1519;1481509606;6
13879;15327;1481545420;18
5375;8152;1481532791;14
20464;21268;1481535134;18
6395;7420;1481550131;8
2118;19852;1481530635;16
7510;21087;1481512866;2
6841;6232;1481548441;4
9516;5911;1481526643;8
22621;10175;1481542011;8
3704;2831;1481530768;12
10501;23340;1481525112;8
25487;27097;1481530368;2
7416;25261;1481520812;18
12232;8046;1481543435;12
1628;6641;1481528739;2
16177;6488;1481550334;12
2379;1570;1481550497;4
6923;20792;1481529247;18
9001;11394;1481516239;18
4234;11597;1481549390;10
5423;23495;1481549885;16
4976;8827;1481532084;18
11805;25532;1481550577;8
11377;20244;1481509736;12
11902;2018;1481517060;18
14986;4779;1481543095;16
1303;15114;1481529851;14
14578;8510;1481530767;10
1208;11801;1481524382;18
8390;9248;1481527402;14
9198;24446;1481548900;2
11220;21387;1481513660;18
11213;6184;1481538936;10
1659;4664;1481544632;18
5089;1954;1481525499;6
3748;23815;1481520876;6
13204;10532;1481536100;4
8880;22495;1481533371;14
9209;19753;1481535217;18
11042;17407;1481534210;16
9324;7972;1481512982;2
248;24521;1481531501;8
9217;15733;1481533192;4
12307;4007;1481549799;16
4229;8822;1481529849;4
19061;1424;1481534370;12
7913;12809;1481525402;2
18472;3422;1481544733;10
6772;27032;1481530400;12
3615;11960;1481544911;18
9872;13726;1481525964;16
9314;378;1481512623;10
3574;19946;1481541606;6
401;8589;1481533853;8
2890;7148;1481537021;2
10197;14777;1481542945;18
17449;16534;1481537007;2
5729;20626;1481545737;2
16883;16014;1481535190;18
11115;11397;1481525489;14
11026;27330;1481542649;18
17790;5751;1481542605;10
19882;3386;1481526177;8
23616;2838;1481521904;10
10366;9878;1481547040;4
8971;1977;1481528927;18
8502;7144;1481549604;6
22431;15731;1481537190;12
1227;8921;1481544824;8
3066;7641;1481515613;2
10699;7342;1481525028;8
7816;7584;1481548360;16
25280;21085;1481517410;16
15764;5021;1481512798;4
16303;4299;1481541276;16
17384;2024;1481536204;16
27090;16192;1481534182;2
7782;14797;1481539109;16
6112;10675;1481550524;16
17533;27459;1481524430;6
24449;12017;1481528316;2
1575;4723;1481518916;18
21412;2117;1481543974;4
16678;15133;1481517775;16
6208;3578;1481529247;16
14642;10240;1481541614;14
7585;20355;1481532704;12
18264;6664;1481522504;18
14113;4055;1481546537;12
17873;21323;1481535876;2
5862;11989;1481545872;6
9160;7881;1481514325;10
6109;1989;1481533969;14
1300;5979;1481540284;6
4704;27019;1481528108;16
2640;19939;1481537002;6
11598;24501;1481513483;10
18511;4343;1481516053;6
15753;9199;1481534337;4
24254;5997;1481539281;18
12094;110;1481539674;10
8985;17534;1481530578;18
17152;6772;1481518533;18
17405;16824;1481547357;10
1088;27416;1481528424;14
10547;433;1481550491;16
23166;4671;1481546679;2
17425;4738;1481547640;4
6807;14274;1481519878;6
1863;3590;1481520593;4
20347;1292;1481537682;12
19804;6153;1481543238;4
15471;4023;1481523939;4
14629;23110;1481530608;8
9482;6550;1481514765;8
4758;11141;1481515771;16
10986;9189;1481528814;6
18903;7982;1481511225;10
16709;5996;1481536659;16
1223;22179;1481539162;6
26070;10928;1481522388;16
17040;10436;1481535714;2
9886;7713;1481528392;2
16120;11809;1481531362;10
5502;4762;1481546507;18
288;21320;1481511390;18
4179;25011;1481517249;8
5025;6544;1481542111;10
9822;26;1481519595;6
17884;21411;1481514797;4
25432;18960;1481536276;18
7421;16127;1481519127;12
4551;10191;1481515108;8
4988;2878;1481547517;8
27454;2290;1481510518;14
163;964;1481535731;8
20133;27134;1481520505;8
13995;8393;1481516469;4
8741;23526;1481539404;4
27398;8999;1481526016;12
391;8304;1481536704;4
14498;18157;1481517697;6
21000;27378;1481547391;18
6606;15301;1481526417;10
18262;11786;1481512337;18
2970;4234;1481548275;12
23101;2354;1481544805;8
19471;5417;1481519498;2
9417;13822;1481510859;2
4841;17291;1481544552;12
27419;6791;1481541863;12
6364;1088;1481515392;12
10722;378;1481538832;8
16932;24138;1481511949;10
6790;3626;1481540550;2
24294;8390;1481540284;16
4697;4237;1481539773;12
11210;3704;1481509584;6
5991;20013;1481525591;4
395;26169;1481510310;12
20429;8405;1481525017;12
1198;4186;1481513394;8
25128;10288;1481540517;16
960;283;1481535310;12
25088;7881;1481518372;10
2744;16011;1481521650;18
9324;20787;1481543316;4
13939;19319;1481537687;12
2960;1801;1481546110;18
18860;18834;1481546669;10
23069;5396;1481538795;4
3855;16124;1481523488;14
18341;24259;1481529531;4
3637;8532;1481518956;8
9285;25430;1481532931;6
1268;8454;1481511768;8
18347;7264;1481531011;4
272;15471;1481527156;6
26281;20340;1481536472;18
7571;10120;1481524699;4
20484;8126;1481549222;2
27047;5860;1481530629;6
7850;9341;1481529579;18
14702;2743;1481513570;8
22966;7103;1481513000;10
10748;8836;1481520578;18
10875;6797;1481538713;4
8141;8340;1481510924;16
16535;6544;1481526952;4
10922;11142;1481516047;10
8754;6884;1481536844;4
9973;1990;1481516894;4
383;11225;1481517298;8
4667;9895;1481513793;12
12141;1770;1481523239;8
7770;25085;1481524695;6
8032;17361;1481509903;16
7591;5301;1481518213;18
8194;27175;1481515881;12
7487;9743;1481512018;18
1934;19208;1481533364;2
6965;4799;1481536409;14
7447;14717;1481522611;4
11704;9984;1481533253;18
6147;20070;1481521845;18
10330;4041;1481539838;14
6486;24413;1481539302;6
19487;19055;1481512429;18
19948;5955;1481526470;8
20446;6288;1481540891;4
14538;21727;1481520343;4
1177;5892;1481539695;12
27288;21841;1481540541;10
23543;20400;1481541666;2
8037;5607;1481517289;10
14135;9677;1481528522;16
70;26260;1481517827;10
19969;10203;1481533403;18
1318;4224;1481527681;12
7764;6937;1481514255;18
7812;1447;1481524028;14
10210;11067;1481509932;16
8450;27547;1481547186;16
5866;4626;1481524647;10
11414;13906;1481529823;16
27054;23349;1481549765;18
23178;8941;1481530646;16
3728;6596;1481532490;4
3629;10360;1481521086;8
6575;12572;1481521911;14
16822;3295;1481549472;4
27201;25047;1481550189;8
5647;21321;1481543070;2
23084;8897;1481519573;10
15407;1302;1481513772;8
12374;12583;1481531808;14
25089;20086;1481530562;16
4321;13184;1481509880;16
19209;24934;1481536404;16
26128;274;1481538916;8
6417;17904;1481528408;16
11951;2398;1481539614;16
11591;2369;1481550731;12
8959;7772;1481525906;10
20972;5243;1481537423;16
13887;25363;1481510430;2
11907;8480;1481548118;12
385;15125;1481542133;8
2379;4184;1481547012;6
20739;6259;1481527275;2
6229;7707;1481529193;14
693;9959;1481519341;10
10459;4484;1481539422;12
12764;3407;1481544663;10
15731;7147;1481538052;12
3986;8034;1481547034;2
3030;2730;1481547147;8
9803;9951;1481549249;18
17387;22132;1481511182;4
5809;1792;1481527694;6
165;13817;1481521482;10
5993;18337;1481525747;2
25184;2352;1481528863;18
13811;11392;1481536716;10
22648;24744;1481534645;10
10722;27103;1481513989;18
9059;22535;1481545068;2
11612;7995;1481525245;12
2944;20464;1481549602;6
130;27425;1481529871;14
27479;7910;1481513780;2
11130;19868;1481522012;6
8135;10116;1481516210;2
9024;25542;1481535128;16
5752;11412;1481531251;8
8279;9568;1481547183;10
11398;6715;1481542083;4
9248;27202;1481542093;16
19045;4026;1481520485;10
23892;10209;1481517182;14
20754;22526;1481546973;10
12574;22938;1481510433;18
8892;16298;1481516453;18
17381;19984;1481518463;8
11846;19051;1481541296;18
10621;1245;1481534806;12
17278;16892;1481530607;4
3404;7631;1481538232;16
14916;25000;1481533927;16
12624;3004;1481534348;16
9749;5250;1481512992;8
13618;24397;1481519707;8
10098;6352;1481511142;10
265;3422;1481548726;8
5863;4569;1481518857;14
16133;12757;1481539988;18
3701;20405;1481532278;10
8592;10492;1481524141;14
22146;6167;1481513773;18
999;4944;1481538546;16
9573;7561;1481550713;16
27156;8283;1481522873;8
15745;2027;1481544977;2
11082;6313;1481541451;14
1975;5006;1481521226;4
5440;6206;1481517542;10
3640;271;1481522333;16
25365;275;1481532290;14
25346;11114;1481516162;4
19559;7762;1481538932;2
20358;7627;1481527942;2
1553;11790;1481525164;10
5864;24997;1481514490;12
9838;1552;1481537275;16
5909;19552;1481544506;16
7698;7094;1481528419;16
1011;11210;1481510137;6
11117;9778;1481531332;2
11626;11769;1481516826;2
1731;7013;1481541029;10
5101;9802;1481518813;12
21461;19066;1481540882;16
27400;10722;1481537191;16
19527;25048;1481540558;10
22576;26244;1481536373;18
422;3757;1481543811;18
3406;5924;1481522045;6
4952;3277;1481549015;2
97;3026;1481547603;6
20524;2875;1481526210;12
12574;9889;1481510075;8
25158;12416;1481526292;8
15407;1483;1481538791;14
5614;14889;1481550776;4
12627;8326;1481550701;8
17483;8034;1481535322;16
192;11778;1481542439;2
12391;13942;1481525419;8
10910;7294;1481539942;18
19486;11615;1481539362;4
26395;10201;1481511960;14
14566;3123;1481528013;12
1632;26471;1481547572;4
6178;8921;1481544063;12
21379;11617;1481518872;12
10706;11908;1481519626;18
17404;14288;1481540427;10
8332;10096;1481510620;10
7841;19954;1481533193;4
1856;10512;1481512436;4
23444;8533;1481529112;4
10224;6474;1481546054;12
18072;10889;1481530675;18
4702;22796;1481527109;18
7379;7473;1481517299;18
6116;15787;1481519278;6
7866;20543;1481529559;14
3466;13004;1481544607;4
11413;24749;1481511765;4
14120;15485;1481512659;18
1890;2730;1481515753;16
6349;6174;1481539859;6
13298;3985;1481528470;2
11155;11238;1481544430;8
17607;18307;1481513713;14
24250;10725;1481525787;8
5677;6260;1481537297;14
27328;22999;1481547984;18
12880;9498;1481548717;18
27544;19993;1481546775;16
9964;6232;1481548275;4
3027;8907;1481531023;14
4238;14167;1481510057;8
22268;11140;1481522131;18
27172;23743;1481548044;6
25368;6246;1481533243;16
9170;10778;1481537170;6
11024;20303;1481547869;8
7283;6665;1481539807;2
6489;11802;1481512413;8
13080;1087;1481531589;14
20656;8132;1481539655;10
5634;7700;1481533428;6
12181;13681;1481544285;2
17298;941;1481548859;12
7944;27427;1481528817;16
22489;25517;1481539153;2
10593;22963;1481547291;12
17575;2419;1481524147;2
12144;20472;1481543888;18
20077;4256;1481510431;10
2026;8148;1481519724;18
24747;23743;1481515204;18
4779;6716;1481545805;14
6110;10914;1481518810;18
1836;7054;1481543080;14
1851;25183;1481547180;18
15909;6704;1481514742;16
23123;8704;1481544809;18
217;23056;1481523205;4
5040;4188;1481540752;18
3913;1262;1481525855;4
16819;11908;1481522019;12
3081;27467;1481516566;2
14803;6620;1481530558;14
24449;11696;1481528474;14
9229;25000;1481510147;12
19321;3465;1481520136;8
8342;22508;1481532713;14
14194;9272;1481540023;8
11178;6301;1481522889;10
11392;15933;1481526793;14
20996;3371;1481544847;8
19791;24968;1481518028;2
24687;13854;1481514497;14
9874;8966;1481521781;18
22923;7371;1481536896;16
9828;11044;1481512244;4
3406;6470;1481532207;4
5504;2844;1481528578;4
8160;4685;1481529956;14
9901;5645;1481546896;4
1717;10320;1481550997;4
4049;9548;1481534673;8
23304;3900;1481547766;16
20756;6540;1481548050;18
15765;1714;1481533846;4
23151;8115;1481514662;2
11133;3717;1481539634;4
12519;13677;1481525932;12
7268;14230;1481509604;4
18878;24413;1481537869;2
19749;6918;1481536780;6
15033;6186;1481545809;12
9369;15320;1481517927;12
6578;10910;1481522558;18
8028;13928;1481539774;10
14693;24413;1481527166;18
1259;693;1481527954;12
6634;1794;1481534012;12
5734;23896;1481550915;6
2830;13911;1481518478;10
4009;3005;1481514713;18
20684;12372;1481541396;4
9522;395;1481534034;12
10221;5641;1481514608;18
1141;15011;1481512485;8
6671;16321;1481550082;6
15993;5388;1481535187;10
8389;9309;1481517375;4
4585;1094;1481533665;16
1110;27328;1481532537;6
5038;10073;1481509784;10
9015;9813;1481511953;18
8775;11811;1481540072;8
1400;5972;1481527376;2
20406;2161;1481527349;18
1958;10466;1481512114;4
4702;4276;1481513264;14
10494;10125;1481524150;14
9651;1698;1481521401;2
4692;6798;1481531725;14
1731;2411;1481543552;2
9794;1192;1481542167;18
6853;2034;1481512107;16
6806;20297;1481539333;16
25433;18199;1481523745;8
7963;15467;1481540287;14
18806;5922;1481542971;18
10736;18877;1481540296;4
7371;1128;1481516051;6
5006;11000;1481543551;4
8367;23034;1481522879;14
6797;27431;1481512565;12
6727;12410;1481519446;14
1186;25179;1481520723;4
14634;11895;1481513650;12
8014;11038;1481521958;4
6498;3771;1481525610;10
9977;3381;1481538093;12
1125;13864;1481530070;12
5487;17844;1481519148;10
15391;11906;1481513005;14
5506;14241;1481510220;4
39;15304;1481544690;10
7617;6891;1481538943;8
11629;12518;1481541998;12
8645;10680;1481510922;14
24738;1516;1481544417;18
8365;8235;1481518424;4
15346;4031;1481536869;18
19837;5971;1481534552;16
27411;15521;1481540729;10
22272;12366;1481522237;8
6410;12061;1481537118;16
1386;9215;1481529925;12
1256;21093;1481527114;6
11610;24540;1481533583;8
3466;5403;1481542650;2
9174;9409;1481520817;14
22272;1523;1481539516;18
8544;8907;1481529693;10
8847;20740;1481534624;2
7589;27232;1481547376;6
5475;8883;1481537615;2
8867;7645;1481528701;4
18934;7595;1481540494;6
4800;11884;1481532767;8
11594;9949;1481531085;4
6819;5355;1481533299;18
20225;10395;1481527420;12
8873;19508;1481534338;2
3698;8477;1481550349;16
5842;14552;1481516643;10
6923;8249;1481528253;10
13906;4211;1481535732;12
24182;11154;1481535177;2
560;6537;1481515047;12
27172;1660;1481524082;14
14127;9547;1481529193;10
26476;11891;1481527742;12
15129;9197;1481519713;18
29;10240;1481536831;14
11077;11005;1481546705;8
12140;3077;1481527340;10
22456;3727;1481538372;16
10425;12782;1481512543;10
6261;4559;1481511500;6
17390;16321;1481516251;2
11110;8468;1481525238;4
20337;15016;1481531209;6
15244;12240;1481537008;6
11404;17528;1481545138;6
19321;21231;1481526849;18
22310;19824;1481548685;16
23086;18952;1481534818;16
11854;9891;1481512995;18
22648;2834;1481521617;8
8963;435;1481546440;4
17510;3546;1481544050;6
2963;6945;1481539255;16
2753;10737;1481531028;12
3066;3060;1481529886;12
5808;6190;1481511930;8
12238;21501;1481511194;16
1512;27014;1481531096;6
25326;5807;1481537855;12
7906;8939;1481520034;2
22443;3;1481543571;10
19587;15460;1481518488;14
27536;11911;1481510514;8
23191;6016;1481512585;10
20459;5723;1481526235;18
11898;27177;1481529434;8
4583;27377;1481529884;8
18472;174;1481509815;4
10726;5975;1481539517;10
6720;22989;1481518831;14
2846;8501;1481524278;2
6151;1;1481539235;12
6264;16119;1481523700;2
9312;19983;1481521568;4
7089;9170;1481540812;10
8248;2170;1481511863;4
21500;23523;1481512607;8
346;24442;1481531154;16
8439;137;1481532834;10
7550;9833;1481518096;10
5477;6593;1481533918;12
17442;27279;1481533963;14
3688;23489;1481528875;18
10191;9500;1481518585;10
11623;12649;1481548366;12
2987;21731;1481540167;16
1585;16196;1481522143;8
8881;375;1481531600;10
2876;15242;1481550885;4
18846;5509;1481541883;18
14932;9756;1481535181;2
166;27321;1481528976;10
6148;5084;1481548048;12
159;9680;1481521865;2
5045;7853;1481541028;6
2981;19778;1481511946;6
3975;14137;1481537932;10
9464;2879;1481548343;12
6983;27491;1481547441;8
21800;19533;1481538412;12
13970;14558;1481548986;10
10924;3932;1481533939;6
6625;20071;1481531705;10
16097;11704;1481525543;16
18047;10638;1481535374;6
23319;5404;1481550998;6
11027;1305;1481533694;4
26182;9474;1481537291;16
1196;23516;1481550385;2
23066;16142;1481516860;6
23447;12645;1481523594;6
8005;6412;1481533348;12
1150;10651;1481511827;16
3927;7770;1481528593;12
1915;3589;1481516654;12
1981;8782;1481545208;18
12119;20071;1481513288;8
7571;1263;1481548845;6
280;11399;1481550532;2
20015;2983;1481518087;6
4221;23049;1481524712;14
7253;6804;1481532912;8
3027;402;1481529010;2
11558;11254;1481519407;14
6913;17033;1481537561;6
15030;875;1481545780;4
4539;21005;1481515109;18
13344;16119;1481548984;4
9114;14256;1481542500;4
9391;20969;1481545137;2
2177;10489;1481547290;6
5372;11851;1481542894;2
1886;27022;1481511398;12
17500;1489;1481536302;10
8358;1266;1481525775;8
22317;18896;1481528867;2
13942;25397;1481526522;16
9408;27197;1481510009;14
1579;6151;1481522225;12
1442;357;1481548585;6
14920;17169;1481525415;2
27291;14416;1481516326;10
22960;26084;1481525760;18
5119;12947;1481529914;12
25373;24926;1481531003;12
172;1181;1481545381;4
6031;8106;1481540968;12
6628;8905;1481545144;18
5329;13788;1481536593;8
15356;15005;1481545962;8
13913;3027;1481512434;12
46;18047;1481514594;14
405;4606;1481545734;6
20427;13346;1481550630;16
5849;1355;1481539940;16
11780;12745;1481529353;6
1106;6831;1481523086;12
24953;23813;1481525540;18
22307;24648;1481514144;18
7009;8902;1481531777;12
204;13188;1481545058;14
9489;12245;1481524575;12
23366;12571;1481523140;10
21463;23813;1481514044;6
324;12321;1481514789;16
9662;25058;1481528482;18
22182;4891;1481538706;18
1547;17884;1481538555;16
4980;12069;1481534386;4
26303;10619;1481526878;6
23652;2832;1481530033;6
3598;9481;1481534452;4
6824;27289;1481511374;12
25370;2963;1481519638;18
7097;20890;1481539755;18
7829;10796;1481518586;4
10704;9285;1481513302;14
215;4891;1481518387;12
9333;11567;1481550802;12
8940;17529;1481526961;14
18114;7938;1481523300;8
6978;82;1481513522;6
6498;17866;1481538786;12
6273;992;1481511440;12
247;1048;1481536451;16
15414;23159;1481509503;6
9734;1598;1481515021;18
18818;15471;1481544039;6
4894;6576;1481515916;10
20910;15081;1481518733;2
23354;20759;1481525367;12
11136;25376;1481535919;2
10020;5808;1481536503;4
5491;15931;1481520509;8
12015;9961;1481531693;4
7457;10071;1481533414;14
4896;6714;1481546224;14
19599;20704;1481536988;18
1530;4666;1481539677;4
7319;422;1481539517;12
20531;418;1481549999;14
12089;11790;1481523872;6
17396;4276;1481545073;10
14127;23353;1481525463;16
9896;6157;1481512257;16
2609;1664;1481530779;10
7770;5527;1481539205;16
25358;20082;1481522110;2
10542;16308;1481543438;4
8916;9526;1481530721;14
1859;27024;1481548019;6
20529;25175;1481548254;4
3067;362;1481529582;2
4571;22538;1481544314;8
6225;4028;1481546751;2
8568;6537;1481518821;16
2340;18838;1481513047;18
21473;13259;1481539653;8
8018;15077;1481539850;12
1534;6935;1481524583;8
10276;10431;1481531294;16
7065;9407;1481514571;18
9024;11800;1481523172;12
27019;10245;1481541923;18
15116;7532;1481518652;2
145;8802;1481516510;6
20943;6488;1481516769;8
6487;1578;1481550261;2
20479;5266;1481545257;12
26999;5469;1481548331;14
19871;1857;1481528016;8
8384;1361;1481526120;12
1011;13809;1481538034;6
12088;1814;1481516907;12
13255;7039;1481542498;8
23019;1876;1481531249;8
17901;8763;1481544278;2
19595;12122;1481513403;14
1444;11085;1481521879;6
20979;13903;1481526981;18
1725;19799;1481534347;10
10214;20692;1481544037;8
9482;7524;1481515288;16
16040;9962;1481533327;2
10879;12055;1481522668;4
2386;23644;1481541548;18
5021;19304;1481531138;8
20063;23495;1481527959;10
24431;1911;1481515520;4
12161;13815;1481524415;16
23756;23022;1481537987;2
16656;17362;1481533893;2
10269;21069;1481514108;4
27463;10412;1481517326;12
7021;15223;1481519306;16
5989;17413;1481518438;4
4658;1279;1481547218;14
12760;4244;1481520800;2
7421;14698;1481529211;2
8818;1336;1481530199;4
4820;14282;1481510674;16
6815;18321;1481525418;2
12037;8903;1481550771;18
8031;8839;1481538064;4
18314;25;1481531827;4
19888;10416;1481528450;18
12794;7406;1481545535;14
18898;16014;1481541142;16
11622;5244;1481514487;2
15997;913;1481514593;14
6939;3695;1481530555;4
6458;14901;1481530021;14
18328;14899;1481548345;16
5831;8091;1481511860;14
11949;20927;1481515347;8
8964;13914;1481542527;8
27331;12025;1481531450;2
4549;1360;1481525173;4
4744;14908;1481539102;6
9524;19529;1481534355;16
8234;22263;1481532498;10
4053;16127;1481548763;4
24428;19300;1481511108;8
4871;17386;1481517636;16
25280;17351;1481514300;6
9679;17176;1481519443;2
10700;10997;1481517995;12
3777;8756;1481531746;12
22651;3419;1481537589;10
1206;12058;1481535221;18
17399;25373;1481514659;14
1602;5101;1481524353;10
17577;8989;1481523444;12
1125;9952;1481522129;14
11174;21486;1481526293;2
27203;18782;1481536700;16
6325;9547;1481542231;8
5762;6864;1481536759;6
1034;2321;1481515692;14
23452;24256;1481509535;4
5264;15253;1481521050;4
21413;6554;1481543569;16
7938;5283;1481514678;16
1377;7041;1481537798;8
3717;9664;1481526171;6
4531;10329;1481512344;12
27007;7476;1481547444;8
1791;15031;1481514342;4
7460;6208;1481522263;18
27105;4290;1481510544;8
24984;5356;1481546663;6
917;6474;1481535039;2
8813;5050;1481515539;14
5353;10270;1481533033;18
10846;5509;1481545631;16
16816;16890;1481532134;6
9324;7425;1481520410;8
6232;10204;1481547765;10
2168;8295;1481511916;14
380;7;1481536886;14
21282;4659;1481535471;6
16929;18355;1481531848;6
17537;20194;1481518885;14
22993;4225;1481519590;8
14003;2727;1481530782;16
19222;1307;1481527402;2
6588;24480;1481515860;14
7711;5607;1481523879;8
8091;1118;1481543347;10
6160;10217;1481520709;10
17442;3488;1481535685;14
11040;18890;1481510129;12
8326;15465;1481513516;14
22577;17288;1481545138;8
3031;10811;1481545785;4
19487;10200;1481540095;10
1317;3467;1481513622;16
12333;5729;1481526665;18
4249;2389;1481526150;2
5910;9394;1481531808;2
9423;1687;1481511126;10
8985;7857;1481518145;16
1732;11209;1481523410;16
14253;15092;1481541032;10
1733;14651;1481521959;12
881;15013;1481531211;4
6194;7954;1481513290;12
4929;22971;1481511005;2
2800;20021;1481512825;6
15076;1061;1481536238;18
1139;10775;1481521527;16
20943;1682;1481510271;2
13255;26310;1481547722;6
23020;18466;1481539934;10
7332;4336;1481538973;10
13183;1811;1481512013;2
15319;2848;1481510102;4
1688;7893;1481523433;12
11052;17174;1481521602;12
1511;1166;1481524497;8
4954;27449;1481546676;4
22479;20636;1481537057;4
14169;8512;1481516020;10
22531;20424;1481525611;2
4898;21094;1481528162;12
13817;23110;1481522215;6
13680;17378;1481510607;12
4506;20419;1481526425;6
17162;1816;1481551127;18
7407;8961;1481540452;6
3371;8299;1481548453;18
6915;20937;1481512754;8
39;1056;1481538167;14
22504;7023;1481548284;2
8983;8165;1481522901;18
1532;10268;1481519365;12
19986;1403;1481531355;2
14238;17902;1481514053;16
10117;4664;1481523941;12
14564;1069;1481528580;14
6653;10164;1481522256;18
4864;11053;1481526129;18
7258;9333;1481528015;14
7625;20291;1481541087;14
24690;25291;1481548208;14
2380;14626;1481513106;18
27028;5427;1481536473;6
18152;17252;1481542807;4
1190;8800;1481518913;10
3854;8947;1481528204;4
20785;1093;1481536326;8
3685;17505;1481532770;2
9525;14270;1481522561;4
8138;9368;1481536100;2
4014;15022;1481550442;16
16797;7867;1481534829;16
5384;6788;1481511571;16
10722;10307;1481528081;14
6889;19868;1481540340;18
5746;10826;1481538852;6
14546;10193;1481541034;14
14446;160;1481518749;4
8984;3078;1481547464;6
21809;8034;1481542221;2
20517;25526;1481522725;2
4916;7614;1481541610;8
16800;11717;1481533613;4
21397;12380;1481537897;2
26266;12045;1481536858;12
7895;14545;1481527284;12
7013;16142;1481520025;14
6870;7433;1481546339;8
8453;9788;1481523996;16
147;9481;1481543064;4
16318;16201;1481528831;10
10199;15520;1481523567;16
12694;4571;1481543919;10
7324;6441;1481524850;6
5431;10398;1481532616;16
12185;8602;1481534640;10
949;17298;1481537813;12
12002;10210;1481536695;12
8942;1993;1481542630;16
19829;12058;1481525333;18
2154;5924;1481528939;10
2809;9524;1481515071;12
9466;4229;1481531382;12
5488;27505;1481535934;6
6682;2978;1481510668;10
3020;14219;1481533565;4
1765;9801;1481550526;16
8766;7266;1481549510;14
1744;6495;1481545702;16
1068;2326;1481511559;6
26032;6648;1481529716;14
26317;8591;1481546934;10
27279;7356;1481549691;18
3247;10651;1481514075;6
23490;8413;1481522474;14
18066;7047;1481542944;8
4004;9444;1481536485;16
1135;10026;1481534538;10
1347;21317;1481535218;10
18880;17392;1481540783;4
16887;19920;1481528364;4
3449;3723;1481510785;4
10639;5899;1481532357;14
12038;25065;1481518956;4
1593;12408;1481509548;8
12065;8948;1481539493;14
5897;10264;1481515744;6
1967;15463;1481522193;18
6196;18879;1481550330;4
23538;20156;1481536886;2
3275;18070;1481546841;6
9799;1302;1481518395;2
24088;8493;1481526811;8
20080;18193;1481540861;4
16821;8342;1481550287;10
7088;24283;1481521622;6
7084;18193;1481524737;14
5703;18191;1481543977;6
5333;26164;1481527959;6
1281;11854;1481518971;4
18346;9205;1481519255;16
4869;5741;1481512730;10
3073;3968;1481537447;14
64;19063;1481543839;2
7368;3370;1481516086;2
27547;15244;1481517788;4
7282;7809;1481524226;6
2284;18846;1481514975;14
16135;1672;1481540791;2
3699;3116;1481550124;16
1588;17480;1481528992;12
21729;4626;1481532833;12
3458;27452;1481542588;12
25164;15376;1481530465;16
25075;185;1481515244;10
27328;3988;1481532103;2
20548;23535;1481528037;2
974;7962;1481533313;8
3743;8326;1481522654;10
14003;4704;1481550853;12
2998;19570;1481549917;14
23011;4314;1481544113;16
20525;1290;1481535093;6
17041;24971;1481528176;16
11061;16821;1481548185;18
7773;10825;1481526451;18
10573;15988;1481535512;12
17023;11891;1481544772;6
20082;7273;1481531802;12
403;1863;1481549475;12
2348;27156;1481510193;8
4208;9318;1481515897;16
7596;2173;1481545990;6
14510;26103;1481545650;18
9067;10503;1481531909;12
6880;11684;1481525792;8
3999;11267;1481531817;12
15101;20069;1481544183;4
4750;8975;1481521091;12
20096;9057;1481531356;12
14821;4782;1481532143;10
12237;1214;1481532274;10
6784;164;1481549107;16
5763;8668;1481522140;8
26204;24954;1481526011;6
1127;13219;1481520175;14
2783;8034;1481527250;2
19544;15103;1481512273;10
23548;10203;1481518569;12
15486;6209;1481511418;12
17539;11051;1481540895;10
14583;3054;1481540906;4
5085;26317;1481528687;18
14242;19753;1481521352;12
14207;24923;1481517728;2
11216;13496;1481522874;2
15485;20994;1481530085;2
5509;1681;1481529967;4
10803;21797;1481531214;16
10097;6014;1481539471;6
12519;18871;1481512079;2
6950;9767;1481533064;6
25363;6966;1481536522;14
277;8397;1481512157;2
4996;4723;1481547034;8
1630;1853;1481516494;2
43;8329;1481529269;16
24672;15995;1481530393;6
8016;19955;1481540225;6
15216;18207;1481517373;4
12391;4562;1481524168;12
2828;9423;1481549874;6
27336;1049;1481511654;10
14979;4673;1481536238;2
7590;10258;1481533757;10
2784;27458;1481539818;8
20071;6867;1481532069;18
26036;11234;1481547285;8
24925;7830;1481543182;6
12762;9279;1481522749;10
2427;25084;1481520764;2
4274;25706;1481522679;6
14707;7476;1481518364;2
313;12233;1481512351;4
27332;10648;1481543943;16
10501;18508;1481512812;6
9313;25250;1481534813;18
14556;6642;1481509625;6
8933;12770;1481529445;8
22938;4179;1481530107;18
3980;12140;1481520216;16
10122;27034;1481541400;4
9679;12866;1481544199;2
10538;21845;1481532337;4
8342;6873;1481509750;16
7566;6953;1481517220;14
18861;8301;1481543853;8
15999;5602;1481542561;14
4358;2393;1481543348;12
12039;9742;1481546306;6
8602;7688;1481523203;12
1383;6841;1481536074;12
9801;1865;1481541136;8
11915;1898;1481544692;6
1003;8964;1481544038;10
23111;14288;1481514183;14
20298;5941;1481522953;16
24;21446;1481545473;14
15476;10847;1481548742;16
12284;18867;1481509951;16
12070;19587;1481536849;10
4997;23141;1481550604;18
7175;1453;1481531851;2
2127;16133;1481531658;8
1724;191;1481535181;4
20983;10081;1481543718;2
14872;6562;1481517540;14
2954;1033;1481533013;6
20473;12748;1481542798;2
21802;27391;1481538106;2
14195;2776;1481533624;8
417;24929;1481527681;18
4642;7925;1481544167;14
11141;9797;1481550081;8
1000;8278;1481522510;14
8642;6237;1481510030;8
11022;22265;1481537026;14
13861;1005;1481543400;16
12773;8590;1481549358;12
7999;4758;1481541031;12
19559;275;1481534963;12
10081;23364;1481545494;14
169;6721;1481519089;16
16816;12354;1481522322;12
20360;4533;1481529342;18
20962;1080;1481527572;6
15980;15012;1481545300;12
25167;7988;1481546306;8
4055;1577;1481522379;14
5641;6303;1481526601;2
18303;9561;1481530258;14
4664;3546;1481525513;6
7636;25024;1481546000;18
3991;1605;1481547454;10
20446;13909;1481548838;8
3948;7781;1481511590;16
1589;10027;1481544469;2
9390;1149;1481533022;8
13261;19374;1481532596;10
26187;20520;1481518063;16
27262;10276;1481543425;14
3072;23489;1481547088;8
15139;11;1481531501;14
16824;1151;1481541067;14
12239;3989;1481520565;18
25084;1083;1481513352;2
11758;19856;1481528575;6
16039;9407;1481518044;6
13859;10460;1481534057;6
11408;5760;1481529763;18
12944;19800;1481518006;18
9491;8943;1481517580;12
5748;7602;1481522103;10
8328;27228;1481509802;10
22480;887;1481524423;18
21797;11904;1481519856;16
22177;620;1481532628;16
10605;12920;1481535899;2
17154;13188;1481510572;4
15423;7438;1481522096;4
10801;15375;1481519946;4
7966;2366;1481550312;8
19277;7252;1481526539;8
1816;7360;1481513181;2
11613;4996;1481550619;2
22624;22959;1481527623;16
27378;10555;1481532777;8
7030;193;1481544254;6
26103;4257;1481515921;8
7058;10564;1481518286;8
20602;25064;1481526785;18
3616;27443;1481512966;2
4240;17616;1481545082;16
11624;19091;1481531824;18
15909;23110;1481518779;4
17387;984;1481527342;18
5973;10702;1481520961;8
13792;11000;1481539151;10
12240;18456;1481526568;14
25128;8760;1481523729;16
6642;1153;1481519524;2
3393;11806;1481550587;10
6521;20794;1481538984;2
97;10779;1481543506;16
21360;335;1481511354;4
20400;9948;1481533431;14
22447;22317;1481521166;10
3118;5088;1481530161;6
7065;9007;1481528154;18
4848;1387;1481542069;16
9522;1572;1481518116;16
15932;24062;1481517752;10
19225;1349;1481523107;12
7488;20744;1481538534;18
25367;9405;1481538043;16
24173;2147;1481530035;14
20541;1499;1481541060;10
8870;26083;1481535476;18
20453;7634;1481532820;16
26048;2986;1481515799;12
7299;6665;1481525974;18
18889;19800;1481525150;10
12221;22526;1481527751;6
19552;11410;1481517127;10
27026;2144;1481534957;2
110;6994;1481517888;6
4799;21807;1481524240;2
19436;3387;1481549500;14
19269;19898;1481510254;6
5862;15926;1481513669;14
4167;17392;1481528274;6
1055;25449;1481535128;6
16140;22473;1481536858;8
20539;3899;1481528230;2
11049;16017;1481526447;6
9203;23116;1481535052;16
9279;26477;1481533130;16
13856;6575;1481547850;4
3727;7879;1481522471;16
1094;885;1481538035;2
1990;8530;1481534353;8
14139;22481;1481539936;8
7038;16651;1481517259;12
2319;20981;1481520985;2
10118;4275;1481518590;10
24663;9974;1481549529;12
6194;1442;1481535229;18
7776;8172;1481549919;6
25370;4727;1481524836;12
26330;1384;1481532804;8
6283;2824;1481533959;2
9359;26329;1481538199;14
10651;240;1481519022;4
27030;9486;1481532771;16
9449;323;1481526463;2
5748;17884;1481513644;16
14219;19835;1481549000;4
19538;14999;1481540683;18
10311;21716;1481527566;14
27467;2962;1481536026;6
7186;9274;1481525773;18
20628;26073;1481518875;8
11090;15992;1481546461;16
6278;10827;1481512568;10
5117;6290;1481528806;4
15484;22213;1481538785;12
4257;14168;1481547364;8
3743;7483;1481528367;4
14438;26301;1481530820;12
6233;23755;1481513688;4
3073;17031;1481511546;8
1685;17847;1481510752;12
3900;22645;1481518667;16
2998;4546;1481530045;14
7632;5431;1481514507;12
16834;20069;1481530120;14
13126;13346;1481542029;10
6580;5746;1481515725;14
9444;1452;1481510170;16
7525;20684;1481521992;10
24701;14431;1481537539;4
1971;16036;1481537427;8
1301;1763;1481522965;6
17785;1192;1481521750;16
19861;23625;1481536311;2
10851;6449;1481533608;8
21368;7831;1481551134;6
2987;2354;1481548543;2
48;8745;1481544234;14
8407;13085;1481520165;2
17564;1772;1481517161;8
14438;6444;1481528882;2
7396;8321;1481532594;6
21489;19042;1481545585;14
14190;12334;1481522096;10
20735;8280;1481546062;18
7871;19710;1481521313;4
10596;25382;1481546617;2
1447;10247;1481522316;16
17280;6946;1481539728;6
22499;12092;1481541715;10
25162;24471;1481546505;2
25359;7700;1481520386;4
9556;1353;1481529434;4
4814;24749;1481520724;12
10574;156;1481545078;6
20111;6822;1481531263;18
9500;1790;1481523514;4
22929;1861;1481520182;18
5283;6680;1481518778;2
18901;24327;1481535433;8
25346;18046;1481550023;12
4041;6184;1481543008;4
18811;18173;1481545456;16
7168;2120;1481549679;8
1852;3536;1481524558;16
27001;10437;1481510215;14
7351;17455;1481510528;6
6212;25055;1481538896;8
4796;27399;1481545495;14
20925;19925;1481547829;8
1343;8995;1481542204;18
9170;3087;1481543212;14
8690;3007;1481534846;4
12321;3402;1481511868;4
17036;9187;1481512099;18
6173;324;1481519572;12
23525;21323;1481549922;10
6814;10639;1481519189;2
17185;10241;1481545549;6
9663;1441;1481541003;8
7645;8306;1481530655;14
7959;19798;1481534266;6
1699;3095;1481535415;14
20688;6282;1481547241;4
9679;12761;1481542937;14
4221;23449;1481533645;14
6002;27133;1481545704;2
2152;1603;1481544900;16
15935;12745;1481550695;16
9520;9865;1481547143;4
19947;15308;1481518384;12
23448;4899;1481541043;4
10524;7311;1481511673;6
12794;1942;1481530300;18
8166;19555;1481515309;10
17030;8876;1481522759;16
6645;8762;1481543145;16
7536;11216;1481517819;16
14583;4979;1481539592;2
22961;10722;1481542029;4
19914;19076;1481541951;16
8574;25080;1481514634;6
8130;17406;1481550657;12
10191;27444;1481513129;10
3400;23885;1481533839;2
9526;11099;1481538881;16
3626;6273;1481538239;6
1087;27006;1481528190;6
17242;6870;1481533581;8
3277;12024;1481536181;14
12614;6973;1481522914;16
13226;22532;1481539455;16
7895;27295;1481531437;12
1599;6821;1481543212;8
10603;4234;1481518096;4
17257;5763;1481530545;14
18178;27451;1481513246;8
25492;3461;1481550287;16
9408;5;1481541150;14
11596;10497;1481515733;6
20088;23049;1481528660;10
5522;4796;1481515691;12
25390;9494;1481539692;8
6865;16139;1481535444;18
8919;5700;1481550737;8
4952;7079;1481541073;4
3775;23532;1481529713;16
19058;10380;1481545185;10
19829;1550;1481522169;8
6588;8828;1481548611;2
25520;3401;1481523338;16
4830;5410;1481516373;16
5728;11387;1481530680;12
432;11082;1481509676;4
4591;5854;1481527139;10
14858;2015;1481510622;8
8049;15755;1481531797;12
15448;27003;1481548791;14
12238;13875;1481525846;6
7814;5688;1481543854;2
10010;893;1481516564;4
7094;11092;1481523058;16
22588;19219;1481531836;16
4679;7794;1481551077;2
23469;8351;1481544054;16
9565;27401;1481512757;4
19885;4348;1481510137;6
1881;2979;1481540275;16
15320;22252;1481518487;4
12645;4301;1481533189;18
11906;23152;1481511493;4
17031;11613;1481533786;14
8396;3154;1481548983;14
2763;11857;1481521183;6
8907;177;1481540943;2
3161;20415;1481526926;12
11133;8544;1481549474;18
23739;8303;1481522173;6
5826;24471;1481530532;10
11111;10005;1481547919;8
6284;14818;1481515915;8
5803;10421;1481522382;16
11363;12578;1481529139;2
6622;14187;1481535775;16
21492;25140;1481529751;12
8692;8864;1481544324;12
6666;8150;1481549178;2
8901;20693;1481521326;18
4327;5942;1481526541;12
326;27129;1481530170;10
7591;390;1481544883;8
9860;27162;1481520338;18
6147;9820;1481510032;12
4523;3068;1481511520;2
8993;16803;1481546880;4
2796;18325;1481550792;18
12759;2366;1481550110;14
5296;2813;1481545143;8
8416;26306;1481530203;12
18047;9298;1481526854;10
17024;3449;1481534906;2
9179;15129;1481550708;12
6705;23142;1481530358;8
7582;3689;1481543505;18
11259;10467;1481522803;14
913;6004;1481512084;2
18153;13972;1481539006;18
6777;11250;1481527314;18
12143;24933;1481547105;10
14627;883;1481535257;18
20010;6994;1481551046;16
1145;23789;1481547433;12
6121;307;1481550482;16
7994;22453;1481512006;8
17253;22137;1481524291;16
19420;11751;1481524391;2
2411;23548;1481549668;4
24933;11782;1481540080;10
4839;18859;1481538983;8
2347;12581;1481515174;10
3068;17507;1481539392;12
4542;6236;1481529338;18
5279;14050;1481521841;6
6385;12100;1481539657;16
10525;1439;1481538788;12
4186;15129;1481511890;16
15479;14797;1481516790;18
24162;9449;1481510449;12
4855;181;1481544964;12
5976;1663;1481523006;14
3032;5953;1481514829;12
27452;6612;1481546231;2
23347;1009;1481533214;12
10264;12182;1481518914;6
4039;1941;1481547731;14
2986;15299;1481545716;10
10775;23893;1481540620;18
9468;6852;1481510732;14
9499;22871;1481516825;12
7686;17331;1481512251;18
19936;23854;1481544988;18
25370;1913;1481548461;4
3125;10533;1481530609;18
11033;2122;1481518185;14
18964;15478;1481537858;10
12518;18350;1481518281;10
12913;3118;1481545429;14
27455;14642;1481516469;4
3250;3789;1481547231;6
9568;5972;1481512455;18
6991;9853;1481519775;18
17843;17030;1481529763;14
12624;5824;1481529348;14
2768;13218;1481528709;2
7876;1126;1481518274;2
10252;8529;1481522486;10
10276;5119;1481509845;6
4727;21402;1481533653;12
2175;17036;1481544257;6
1593;26313;1481533956;8
10115;10519;1481516316;2
1460;4306;1481547744;16
21222;6009;1481529947;18
17026;4274;1481535953;16
1134;20369;1481539062;2
6662;18103;1481512113;8
323;21716;1481518158;8
11030;6720;1481519941;14
19285;13873;1481540873;16
325;7513;1481548622;6
6361;2611;1481528256;2
15748;21922;1481548642;8
4230;15250;1481537813;10
9056;27409;1481543430;2
4325;18066;1481511332;16
21723;4032;1481524164;4
23787;4299;1481530839;2
12317;17278;1481518167;16
1970;6779;1481523712;14
1771;25363;1481533853;4
13781;8574;1481543045;14
6116;5427;1481530494;8
19993;14555;1481533436;6
4546;6121;1481545166;2
17531;23650;1481524755;18
11870;6115;1481516350;16
25001;4297;1481510076;14
10851;4038;1481533259;6
1077;3250;1481514792;10
329;2024;1481535214;16
13495;27542;1481547414;10
26031;13907;1481532366;8
4958;994;1481540222;14
6931;5418;1481532393;18
1135;13560;1481531922;6
22293;8058;1481520673;14
115;10013;1481533658;2
15089;2453;1481526018;12
11364;7823;1481519325;4
64;10011;1481543384;6
1351;12647;1481528327;16
24174;4853;1481519064;12
19815;20794;1481525996;10
9464;3597;1481547797;8
16123;4020;1481548521;10
24279;11252;1481517575;6
15018;23166;1481512974;2
8341;12327;1481527118;14
26185;26474;1481538130;4
23520;1311;1481515121;16
8092;17121;1481514659;12
7943;3949;1481540373;16
24132;22496;1481551020;16
1893;5434;1481517759;16
9169;5833;1481514520;14
6687;4700;1481527554;16
3788;9956;1481512551;18
26999;4974;1481535453;18
4278;2161;1481526944;6
6025;7173;1481549608;18
7647;27268;1481527756;10
10594;7975;1481517427;2
5974;6351;1481536764;2
8333;17213;1481518492;10
27019;8470;1481546348;8
6831;19867;1481538502;10
970;11387;1481513713;16
1177;19756;1481513114;18
15154;6176;1481542762;16
22313;3363;1481549262;8
7147;1035;1481550986;14
9311;8569;1481526384;2
13974;1706;1481527531;12
5928;26165;1481543838;2
14891;17413;1481550487;18
18908;22453;1481545632;6
2409;12315;1481533634;14
421;21398;1481544577;10
20336;19771;1481513482;12
27010;11175;1481519382;4
20831;6610;1481547971;8
911;17922;1481513881;2
3757;6459;1481524600;18
25386;9878;1481518115;10
21323;893;1481513517;12
8029;20539;1481515697;10
16016;6594;1481524930;8
8289;1135;1481540474;4
14209;7999;1481546383;6
20901;17425;1481519129;10
10924;4274;1481518776;14
1570;1005;1481515176;6
7693;7180;1481520979;4
3017;14928;1481515520;12
20439;5082;1481531236;8
9395;316;1481538169;6
11102;25183;1481526079;4
12376;5724;1481530860;10
212;1074;1481525268;18
4244;20318;1481510917;16
3072;6541;1481514103;2
7002;19061;1481549005;14
23791;15777;1481525384;8
12387;8877;1481527918;18
1687;22536;1481523018;14
24462;4010;1481548258;14
6840;1904;1481541498;10
9981;6547;1481510264;8
8802;25447;1481516660;12
9104;24250;1481510000;10
20591;117;1481520935;14
19922;1583;1481520013;18
4695;14926;1481538292;2
5080;12097;1481548704;8
8325;7479;1481526062;8
11794;24700;1481526393;12
1158;18181;1481517483;16
19989;10011;1481536536;2
22453;4921;1481513956;18
22550;25047;1481542005;12
2985;10989;1481509505;2
26076;8987;1481549081;12
4044;15486;1481513028;12
13826;3914;1481523826;10
20740;27387;1481524400;2
6410;10018;1481539025;2
13852;5924;1481521133;10
17299;20044;1481532896;8
20327;16535;1481514612;8
5752;5100;1481542527;12
8403;6823;1481550549;14
4528;17302;1481534140;12
24396;27051;1481526508;10
23640;11041;1481532625;16
11140;8221;1481514607;14
10321;7848;1481524660;2
4920;1859;1481539340;6
12097;5418;1481530970;14
8904;10983;1481527424;12
11364;22468;1481546935;12
9659;6238;1481534221;8
7094;24749;1481523012;18
23178;22627;1481529336;2
5917;6357;1481534967;8
947;20911;1481510967;6
3510;11762;1481533678;2
10990;27090;1481512814;6
9997;19471;1481541359;12
25064;9253;1481509626;18
11595;9446;1481516555;12
22536;13890;1481549861;14
17031;6005;1481534859;2
958;6724;1481532224;14
5626;19065;1481517617;4
17262;8461;1481538568;12
23020;3125;1481530644;10
8028;6705;1481512891;12
2821;12247;1481550321;4
19969;22649;1481547961;6
1889;6929;1481531708;12
24970;7679;1481537156;2
24731;7817;1481518631;4
20092;1602;1481543606;2
7390;10411;1481512297;6
1263;17031;1481523300;18
26082;22796;1481520181;4
8393;2037;1481535185;4
1011;6886;1481535360;12
19530;22147;1481541935;18
11065;14699;1481528745;8
1222;6367;1481544148;8
4810;1021;1481520213;6
13880;60;1481548838;16
12354;15162;1481541249;4
19932;5641;1481518864;4
5038;11100;1481531365;6
2165;355;1481520773;12
17552;5727;1481544929;2
17584;13216;1481524994;10
20157;2836;1481542379;6
12759;14254;1481524567;8
19804;24249;1481529997;2
14558;19078;1481516705;8
374;15519;1481545716;18
4795;4730;1481519898;12
11124;6502;1481514642;14
12816;8234;1481512575;10
6589;6809;1481547895;18
10618;10316;1481522016;16
563;6329;1481513046;2
27481;6782;1481519068;8
7684;97;1481550937;10
9623;9149;1481550867;8
1928;6331;1481549605;18
1917;2527;1481539196;6
23642;9404;1481529676;12
23055;13862;1481531473;8
27492;1308;1481512368;8
22969;8957;1481522684;4
191;11256;1481527530;18
13892;13884;1481509607;18
23353;6830;1481522141;16
7849;306;1481515572;10
7298;5674;1481522260;16
23618;23114;1481533167;4
1208;19712;1481511410;10
24375;12048;1481547095;12
2776;8044;1481520917;2
15242;27424;1481541898;12
6187;8527;1481521403;2
8344;6202;1481528525;18
23066;12181;1481547849;4
8476;406;1481525708;10
8049;18456;1481523129;4
10804;18847;1481522306;12
6627;18908;1481516697;18
5027;1176;1481526928;14
15339;5018;1481538029;12
19302;1771;1481521120;16
25175;20130;1481533139;2
2784;6114;1481546186;2
7348;12770;1481535612;12
3027;19498;1481527042;6
27019;10666;1481530874;6
2390;18207;1481545869;6
13815;10733;1481519121;10
23522;20997;1481542427;16
7281;12389;1481511653;4
6326;5744;1481548307;12
5388;17026;1481538641;14
9017;4574;1481531759;2
26306;7407;1481517552;6
8777;6373;1481532409;14
6934;15421;1481512476;4
4968;3027;1481525240;18
19828;4862;1481542518;14
14207;8307;1481533836;18
58;8291;1481510003;16
3583;7610;1481530972;8
27479;1361;1481530214;12
6964;20948;1481514073;10
19039;2022;1481524476;8
11056;3017;1481535050;16
26309;26144;1481513954;12
20194;10273;1481549012;6
9185;21411;1481547083;12
19946;3771;1481513169;16
22447;4501;1481547747;4
5761;10775;1481532132;8
3002;1693;1481550837;8
9751;11246;1481548806;12
25324;14931;1481526423;2
3694;19061;1481545591;16
4663;7062;1481524613;4
7081;7632;1481543964;2
14858;9361;1481519685;2
7857;5826;1481533886;12
9742;2731;1481541607;14
2364;6535;1481550550;10
8381;296;1481531074;6
27293;18102;1481543511;16
6361;8526;1481510381;2
25071;1720;1481515290;6
6633;4824;1481522699;16
8327;12380;1481516801;8
3936;6719;1481534545;16
7961;4331;1481538022;18
12347;11613;1481550398;12
5879;11855;1481518758;6
5702;27445;1481511893;8
14923;13810;1481550786;2
10219;177;1481515597;12
19798;5485;1481516714;14
27382;6506;1481543712;16
6578;4795;1481518795;16
4824;8868;1481539207;4
8478;17845;1481543593;8
1447;5812;1481524940;2
3903;11009;1481517553;2
1040;2327;1481545903;14
4942;8957;1481524941;2
6325;20917;1481519756;18
8166;1537;1481540993;18
10888;4706;1481523973;16
19067;5779;1481546246;14
14429;9200;1481513818;8
4575;1620;1481533681;8
4918;23001;1481521655;8
6418;10695;1481518761;2
13779;20048;1481523792;10
1178;24570;1481548241;2
4894;14564;1481529581;16
17458;25356;1481549408;6
19551;14895;1481519395;16
11636;14040;1481539776;16
7948;3088;1481532449;18
6437;15243;1481546959;8
15010;11822;1481523979;12
2123;8747;1481548187;14
21230;17464;1481537341;16
5250;1687;1481549532;6
10771;22503;1481546761;2
23004;13822;1481534900;16
7485;15459;1481526539;2
9371;10694;1481549717;10
2522;20934;1481518787;16
10523;22999;1481549842;18
10363;26314;1481512334;4
16297;17040;1481550478;14
7623;24744;1481536936;14
2150;9807;1481543990;14
6578;11870;1481535866;4
1796;6700;1481539245;14
9684;11859;1481543071;18
15762;11884;1481517269;4
23152;14282;1481536330;6
9822;14657;1481514355;12
19760;8912;1481546232;8
18899;4502;1481534733;4
9156;20136;1481544317;12
8960;25492;1481550104;2
25263;5803;1481517224;2
9759;6000;1481518768;14
6578;11576;1481535292;10
3994;14240;1481545705;14
24951;9422;1481518001;2
6366;18893;1481525053;12
8922;24682;1481514335;2
2736;10923;1481541809;16
27400;18508;1481518909;14
18836;13986;1481511987;14
18837;25358;1481513675;2
17030;18114;1481526402;12
18339;3009;1481532886;6
315;13461;1481540441;4
2354;12800;1481529785;12
4824;12032;1481531249;18
10532;3387;1481537906;14
23021;15308;1481537196;6
17412;25163;1481515221;6
7485;7999;1481544580;2
23023;10226;1481514389;16
9152;12730;1481547549;12
2931;11134;1481546501;12
18858;6472;1481546580;12
8438;23533;1481545123;12
23649;25068;1481541157;10
22306;3417;1481543971;8
91;20086;1481513657;12
27136;21091;1481532955;8
6610;4596;1481517809;10
23877;8319;1481533616;8
10892;21809;1481531610;10
15302;122;1481519730;10
1955;21473;1481535859;10
7829;7794;1481540080;8
9805;9553;1481533875;2
19712;13560;1481546959;10
15739;24742;1481527665;2
23739;19302;1481550061;10
4263;7785;1481510530;8
2869;6662;1481515915;10
4798;13863;1481529133;6
4902;10535;1481539149;18
3964;12233;1481550890;4
1072;25140;1481518858;10
21492;9565;1481519076;18
11120;6965;1481513572;10
15025;4693;1481548903;6
19938;1355;1481523974;4
6355;25433;1481530762;10
19419;17027;1481547215;16
22143;17581;1481539402;2
1882;12358;1481522097;4
5865;6813;1481521073;16
9307;7592;1481537719;8
1053;1423;1481538907;6
2410;23106;1481518595;14
17384;17883;1481543418;12
20419;21711;1481531435;16
9209;10999;1481528079;14
17401;6956;1481549510;12
24375;3623;1481509796;6
4863;3392;1481542979;6
5714;23741;1481512936;10
11718;5910;1481546618;2
5080;972;1481541289;16
10221;8231;1481539843;6
3713;9778;1481521553;6
10184;20881;1481523787;16
27055;2031;1481532114;6
8959;8685;1481541735;16
1278;19283;1481539425;18
18463;11849;1481527828;10
9413;16187;1481521400;18
8903;6147;1481544881;12
11598;10786;1481519667;12
12571;155;1481528173;10
4918;11097;1481531489;8
10119;184;1481547663;10
24183;2377;1481521918;8
9901;6482;1481549801;6
3015;2339;1481512831;4
6205;26103;1481518779;6
4771;13811;1481546305;6
6951;5034;1481510762;2
11762;7052;1481526333;6
5698;20517;1481538206;4
15135;11870;1481519711;10
10381;2753;1481522642;10
25511;4901;1481527433;14
1088;11208;1481523843;14
6581;18910;1481544431;18
26329;3916;1481528843;2
10533;14916;1481548932;2
3730;26182;1481541957;10
13802;9027;1481530178;12
11902;4801;1481526333;10
9449;7174;1481531763;8
11642;13873;1481542677;16
6766;16891;1481550095;8
1793;9209;1481511300;16
3998;12355;1481524100;6
6290;24296;1481531574;8
6245;242;1481511952;12
7696;8021;1481542981;16
1722;1773;1481547560;2
1358;15485;1481528174;18
24416;14979;1481511146;12
9837;1326;1481534982;4
25441;10409;1481519927;6
10572;18903;1481521634;8
8751;7042;1481516627;10
9798;9952;1481529642;10
27090;1989;1481512919;2
8337;20539;1481535444;4
8832;20910;1481542328;18
10436;24427;1481549279;6
6214;8305;1481544255;12
17508;5080;1481542421;4
307;4667;1481546876;14
10256;8427;1481551027;8
7699;16640;1481540052;8
18893;11629;1481544520;12
14510;8698;1481542719;2
24425;15230;1481515375;10
15746;11810;1481538747;14
971;8876;1481540689;8
5812;15372;1481537820;14
10617;5003;1481520547;16
21378;9490;1481523669;10
10804;16182;1481537827;6
1114;15214;1481519688;18
24734;10492;1481519954;2
4854;16822;1481510428;12
10111;11175;1481518165;6
5104;5859;1481543732;12
9105;14988;1481510754;16
9776;20130;1481513702;12
1701;8548;1481544101;2
23330;21718;1481510569;8
8647;10176;1481550830;16
4031;4285;1481527217;16
16182;45;1481540802;12
11015;6565;1481541177;8
4539;6618;1481546152;18
10569;15012;1481528506;8
6813;5285;1481527488;18
12519;4875;1481543508;16
3377;5706;1481547012;16
5773;7108;1481538215;6
4688;6673;1481516385;8
6476;1123;1481542283;18
978;10649;1481526435;16
21096;18841;1481520687;8
60;68;1481513960;12
10004;27555;1481518518;10
16880;10821;1481548037;18
15216;4600;1481529687;2
27197;14879;1481535861;8
19072;7290;1481550574;4
14269;2403;1481509671;18
21844;4035;1481550489;2
3416;27089;1481520265;12
7002;1252;1481544878;14
2983;10494;1481547022;18
26091;19791;1481520500;18
1605;12021;1481542190;6
8999;11153;1481550949;18
14693;6213;1481531634;4
19064;25058;1481521634;14
20356;4659;1481519055;18
8317;6852;1481519801;16
18867;20713;1481509572;14
25376;1260;1481512554;10
13620;10413;1481536407;2
16903;1028;1481535203;2
15024;4932;1481509578;6
20980;4222;1481546243;12
17031;4199;1481542884;2
23625;7379;1481517440;4
8456;10796;1481519105;18
11122;10497;1481529629;2
7623;1;1481546275;4
13781;10632;1481545607;4
8164;24842;1481522800;10
25549;8117;1481533173;14
25331;21737;1481545833;12
17877;12354;1481530129;14
12140;17281;1481513405;14
23002;24977;1481546754;6
8340;24660;1481534093;18
10830;7813;1481545074;18
5718;20418;1481510852;8
25011;18319;1481514403;16
8813;12558;1481514624;4
4027;19494;1481539052;6
14777;18342;1481524477;12
1452;4874;1481533636;2
23642;17029;1481516201;16
27481;4317;1481525372;8
5925;26373;1481515385;10
17783;9468;1481549629;12
9775;22310;1481517043;16
11178;27474;1481528229;2
8668;12649;1481511873;16
1600;356;1481532217;6
12815;21808;1481520328;10
1460;1391;1481546335;14
14639;4580;1481537145;10
4605;14633;1481522103;4
6799;1356;1481520101;4
8319;27106;1481547399;2
202;6395;1481527484;14
11410;972;1481550755;12
8362;11720;1481519011;10
6652;8898;1481517545;6
9783;7712;1481532678;12
14586;4895;1481512327;6
9904;8869;1481542286;18
2168;4234;1481541243;8
15300;23002;1481549939;10
10469;25402;1481512174;14
19487;9411;1481536107;14
9416;25346;1481531185;14
20967;6156;1481550499;12
25501;23811;1481530522;14
6365;10257;1481526409;18
20773;1339;1481525462;14
24685;10022;1481530321;6
5400;14895;1481523855;18
27460;13883;1481521008;4
22161;6523;1481540263;8
18310;16301;1481519276;6
1965;2423;1481543679;6
3906;11897;1481520735;14
26500;4553;1481541723;18
18840;19990;1481538207;16
4926;10545;1481530102;10
13942;21363;1481541335;16
27137;6600;1481545516;18
1404;20629;1481548064;12
17252;8832;1481517667;16
9220;27106;1481521517;10
15243;20136;1481544092;6
11037;41;1481531464;2
3069;22958;1481549360;6
309;12221;1481515245;14
17880;17267;1481522605;4
7946;4346;1481524666;4
5100;10198;1481521886;18
6642;10237;1481542395;12
7271;8538;1481542701;14
7440;1186;1481540980;6
16803;20531;1481525469;2
7368;14562;1481530131;2
25359;10416;1481550504;2
5704;27505;1481513552;6
6736;8643;1481538873;6
16128;7850;1481515967;4
8795;9182;1481550509;2
26260;10811;1481533159;8
24143;24173;1481542028;10
8557;16808;1481529240;12
20491;7361;1481531080;12
25366;9435;1481529025;6
13815;11059;1481514835;18
16905;3072;1481529545;18
19825;6496;1481509658;12
1387;10998;1481531480;12
15935;14661;1481513955;6
6677;10493;1481527518;16
15355;10327;1481539540;4
24984;8994;1481546018;14
16933;3016;1481535437;4
286;8785;1481530484;2
6534;5824;1481516964;18
9109;11083;1481510647;6
5893;1451;1481536026;2
10930;8512;1481545062;18
5643;12336;1481512603;6
10097;8640;1481526904;12
20951;5850;1481511615;6
9106;5386;1481536232;2
15328;8402;1481512607;10
14429;13815;1481549936;18
9160;16026;1481510614;2
11629;15368;1481538198;12
16139;18202;1481520475;12
4915;7064;1481514019;16
2774;15002;1481515286;4
20981;8936;1481527552;2
15403;8478;1481522982;16
10235;1192;1481530294;14
9626;12325;1481542531;14
23522;25369;1481523552;16
1741;1342;1481527033;14
3279;15450;1481525047;10
1422;26031;1481543779;12
3970;10024;1481540729;10
23830;13004;1481533343;12
20148;9017;1481531104;16
11016;23009;1481522038;2
19598;6571;1481537881;2
21374;17393;1481546728;18
7915;9528;1481544308;2
17607;13287;1481512419;16
20339;10066;1481549505;8
18901;20923;1481536457;14
5376;1882;1481530316;18
10426;12148;1481511987;8
14192;10221;1481521916;14
20541;9022;1481539780;18
1917;6519;1481529321;18
6199;25359;1481538236;8
10181;19223;1481525178;14
19827;14972;1481546008;14
19560;15009;1481514845;6
10641;19919;1481537864;8
14142;6401;1481523848;14
16824;20944;1481547083;8
3274;17032;1481550548;6
8347;22969;1481526156;10
1229;13681;1481530877;16
8439;9840;1481520766;10
25197;33;1481519178;14
8280;14209;1481512791;4
25489;13559;1481541746;8
95;25326;1481528047;12
26469;11945;1481522626;10
23159;6763;1481545203;8
17570;19788;1481513291;16
1743;24431;1481522826;14
7052;8636;1481510749;8
2136;3388;1481540470;4
4642;24762;1481549571;16
4213;309;1481524773;12
11087;27411;1481510390;6
1148;15909;1481520347;8
1299;27184;1481517162;12
11862;19804;1481534111;16
9775;20545;1481531159;16
1050;23451;1481533954;6
5085;27463;1481549338;4
10704;12655;1481542061;6
5840;12793;1481521365;2
1865;32;1481515836;6
18314;9770;1481549433;14
24173;184;1481536160;14
5706;16858;1481528766;16
7051;6977;1481521058;10
11751;8510;1481537127;10
20104;8321;1481544721;16
122;968;1481521661;12
15317;4907;1481533161;12
7142;1853;1481550073;18
1393;27400;1481544983;10
20293;18911;1481526001;10
10183;8451;1481539223;16
18338;57;1481544253;14
11414;1293;1481529639;2
16026;16789;1481526828;8
22794;26084;1481517175;18
334;27380;1481517781;18
11897;15471;1481511267;12
2418;1668;1481521163;8
5408;7548;1481521032;12
12818;26163;1481536698;18
7994;6932;1481517155;4
19471;4222;1481540656;14
1442;5012;1481541852;14
8520;8514;1481546859;10
16133;4983;1481511020;2
23858;6615;1481515937;2
18088;21307;1481510017;2
6621;2736;1481533823;14
11400;18818;1481523262;4
23653;11880;1481510329;2
2874;16179;1481510340;10
27448;23883;1481522644;12
10703;18321;1481547977;10
3791;3260;1481532107;6
12121;24672;1481517478;2
27470;12230;1481528149;6
21085;8418;1481514608;8
25072;2452;1481540476;8
18207;1903;1481532317;10
82;1018;1481520967;8
7273;4043;1481535645;14
16192;14920;1481539060;16
1987;6193;1481510568;10
2405;27550;1481514674;6
12873;4306;1481526030;18
2988;25432;1481539479;14
27173;13211;1481514708;12
24478;6118;1481543392;10
19847;8795;1481549816;16
6294;17231;1481530026;2
1081;5631;1481517069;6
9371;6245;1481519255;18
9412;13912;1481536695;6
4899;27204;1481532495;4
17285;8809;1481529959;8
4312;8870;1481548050;10
17394;3119;1481542134;16
4205;5652;1481521991;2
19938;24571;1481545765;2
4569;12945;1481519893;10
21293;26307;1481536162;2
1565;1280;1481535187;16
24675;3561;1481517973;6
6855;3378;1481549720;6
23030;13781;1481539189;16
17795;5883;1481543910;14
23340;3324;1481528568;8
19555;2780;1481521783;16
25043;12630;1481519074;14
256;6266;1481526429;6
12246;15767;1481528592;4
6247;23104;1481525802;4
16848;11386;1481517423;10
263;8532;1481550674;18
4042;7912;1481545391;18
5098;6536;1481544388;6
19549;12577;1481541807;6
6668;7688;1481526599;10
15323;7780;1481517690;16
15380;12030;1481542423;12
19284;2645;1481530840;2
6116;27034;1481537392;14
11943;4899;1481523158;12
14559;10188;1481532465;2
12415;12573;1481519361;2
17892;1977;1481520437;10
2276;14627;1481526502;14
391;410;1481524226;2
1107;22571;1481517691;4
14872;3853;1481544238;14
10254;4783;1481509569;14
9841;20951;1481533948;16
3924;18884;1481531236;18
1955;1984;1481550984;16
24969;17143;1481514931;16
2291;12117;1481547857;8
9815;9150;1481519692;6
1919;25323;1481547097;4
437;17019;1481525023;6
2982;15248;1481525837;4
20655;425;1481512472;12
8588;27548;1481526737;12
27140;8927;1481529280;18
1776;22934;1481537145;12
4338;5114;1481538359;2
10786;8490;1481516495;10
15090;5754;1481533256;18
4989;25372;1481537734;12
25073;22276;1481531801;4
17170;17373;1481509691;2
10636;314;1481543431;14
20996;21809;1481515919;2
1773;27333;1481521817;8
176;18864;1481526142;8
14117;2366;1481532460;18
8799;15076;1481535749;12
6229;6699;1481510642;12
21398;5631;1481511933;6
5266;20591;1481513866;16
12619;24714;1481539302;2
7438;6183;1481524252;18
11213;16838;1481513565;10
25340;24584;1481515381;14
6190;1144;1481532875;12
21004;1920;1481540605;18
5651;1956;1481513861;6
5503;7687;1481517576;12
9415;9569;1481524886;6
3412;8848;1481549853;8
27382;27420;1481512189;2
1053;7813;1481526521;12
24370;7914;1481538400;14
4541;2399;1481521185;8
7103;13905;1481529834;16
4831;21397;1481543333;2
8016;8274;1481540868;18
6946;23891;1481524596;2
16144;6868;1481548591;10
2998;12310;1481540305;8
24707;11782;1481545016;18
7555;15748;1481536057;2
7319;1879;1481515829;4
8278;7172;1481515340;6
7683;172;1481521207;2
12070;12403;1481545665;10
27030;4027;1481528573;16
4914;26482;1481519015;18
8223;7864;1481549668;10
18261;8815;1481520188;6
963;2727;1481543920;8
6581;6885;1481532557;18
25346;5346;1481527361;16
238;10826;1481526162;10
2154;20110;1481527804;8
28;14919;1481534295;18
18946;2418;1481547223;8
20543;7316;1481529127;2
10666;23177;1481526007;12
10604;6139;1481509866;4
4678;27229;1481547048;2
12697;22993;1481542328;8
10426;3792;1481532903;6
5808;18879;1481512377;12
12708;12746;1481537022;8
9820;20157;1481517131;14
14261;17871;1481515283;18
24968;4739;1481545336;14
12140;13809;1481536075;2
9879;5004;1481521273;6
20910;4803;1481537030;4
9771;24571;1481544487;14
27310;10015;1481540676;10
4660;7513;1481521412;16
1215;7838;1481511402;8
13779;6824;1481529597;8
6970;9652;1481509684;4
3697;15474;1481548987;18
25286;21805;1481515707;8
9060;9256;1481525890;4
10183;10317;1481549521;16
4008;100;1481536201;14
10905;14496;1481537320;6
1351;429;1481549699;12
5490;22464;1481534150;16
6417;6876;1481510748;16
1987;7353;1481520424;16
20544;8289;1481522665;8
6875;14642;1481542550;18
10111;6890;1481539589;2
20096;8115;1481541204;8
25054;12151;1481535086;8
10328;8549;1481525842;4
27021;20416;1481526876;18
11242;5727;1481541526;12
21496;273;1481528229;4
5710;6031;1481516123;16
23158;15223;1481516375;4
22270;1226;1481540099;10
152;7362;1481526514;6
14115;2769;1481534602;18
10983;6644;1481531421;12
11051;16532;1481549421;4
5686;18818;1481536244;12
23319;3463;1481546856;2
19220;1201;1481520466;6
1454;8248;1481523275;4
6942;336;1481516336;8
26037;6170;1481539799;16
6854;6891;1481538226;14
5825;9461;1481540884;4
5413;3913;1481522127;14
10526;4204;1481517125;10
7982;11862;1481547585;14
10670;23356;1481512411;12
24017;22182;1481528581;14
7700;4894;1481550551;16
979;7034;1481525530;18
4954;20906;1481522451;14
15499;11003;1481521561;4
2836;6204;1481531108;2
6172;3540;1481518238;12
22509;4729;1481520764;10
23867;3004;1481531064;10
24349;117;1481545992;6
20110;5119;1481546700;16
24950;5283;1481521322;8
6125;10513;1481542346;10
23014;19949;1481513545;6
21322;4043;1481517587;16
14932;16295;1481541571;4
11770;13219;1481538425;8
3449;6476;1481520888;6
25517;19776;1481526936;4
9255;8466;1481518839;2
12518;12813;1481528831;12
6841;27377;1481533094;10
9491;19496;1481514156;6
4230;17792;1481542239;18
567;5752;1481531738;16
6421;19777;1481550076;4
1560;164;1481542057;12
15034;19491;1481533878;8
15326;185;1481542365;6
5511;13901;1481535694;18
25168;11631;1481514214;4
2150;22141;1481551102;10
27509;4786;1481520973;2
235;20713;1481521816;14
10011;11071;1481518983;18
20688;2132;1481515365;2
25059;20062;1481515256;16
21298;19304;1481520159;10
23021;3057;1481527820;12
20136;10180;1481511608;8
1930;22442;1481524070;16
6405;15474;1481511014;14
3270;14433;1481536031;12
16129;4897;1481539033;2
16369;14252;1481538507;8
1209;21922;1481528717;4
5677;7572;1481522871;16
15787;23857;1481522951;18
10114;27047;1481539949;8
20131;2116;1481511727;6
10983;18310;1481540557;16
27288;17381;1481543842;14
10274;10179;1481544393;8
9649;15354;1481513494;10
6951;18436;1481534079;12
6704;6582;1481518589;6
24132;6653;1481542239;4
11025;9447;1481515719;6
13855;15516;1481520218;8
1263;1381;1481535100;18
1490;19026;1481533231;16
25232;4945;1481533651;12
26469;7391;1481513545;4
1108;22469;1481514834;8
5358;4026;1481548672;16
5907;11238;1481526724;18
1203;9290;1481537348;10
1730;17391;1481520640;8
16873;1179;1481550577;4
8145;16122;1481546091;16
1022;15391;1481535424;18
3294;19721;1481542312;2
4833;12794;1481547082;6
8703;9888;1481544938;14
12913;10329;1481517970;8
994;17302;1481547321;10
5865;1722;1481540904;6
8974;6663;1481517283;16
16533;20244;1481544466;14
23117;10362;1481513438;8
23014;5376;1481511746;8
14586;15370;1481521941;8
4287;2728;1481537622;14
8782;15460;1481526050;16
14988;135;1481538259;2
24139;20908;1481538469;8
2386;24970;1481513428;4
27280;8847;1481524637;2
3219;14699;1481532731;16
18864;24373;1481551086;12
18900;1864;1481535822;16
9104;6454;1481525378;6
20118;13869;1481534694;8
11036;5941;1481510847;8
22871;2174;1481545480;12
11208;3649;1481515126;16
4937;15768;1481528707;4
15235;8376;1481519826;18
8640;5240;1481522636;10
2845;12812;1481538219;6
11730;14782;1481541874;16
19588;20007;1481534672;10
15079;8804;1481511684;12
5106;20144;1481527793;18
7589;5332;1481540028;8
9441;8553;1481546958;6
20931;10986;1481530010;18
4862;3904;1481514081;14
5009;12309;1481546427;8
7187;20598;1481533948;16
6459;17040;1481535211;12
8302;3416;1481510445;18
3155;16140;1481537402;4
4968;10712;1481511940;8
12321;20038;1481514768;10
9218;23140;1481528969;8
9362;18886;1481521493;8
1984;18332;1481547559;12
4625;17844;1481510298;8
7065;5876;1481547742;10
7016;15470;1481548529;4
1842;17500;1481510852;18
1172;4289;1481519720;14
3851;14637;1481549704;14
1272;8384;1481535889;12
9776;24692;1481520189;8
20866;10568;1481551111;8
8330;5857;1481539206;18
18837;27207;1481527989;12
13880;6236;1481513099;4
4321;25328;1481518479;14
23697;9763;1481528807;4
12215;8593;1481549487;2
4829;6170;1481540589;18
13788;19969;1481548999;2
19938;11269;1481528633;14
15242;7270;1481538873;18
4907;8987;1481523464;10
12376;14935;1481530555;16
9419;7557;1481542437;12
7895;10193;1481519800;16
8161;12567;1481545889;6
20657;1329;1481520852;16
15083;8550;1481515147;4
1337;18152;1481513725;10
1856;20243;1481518375;16
20299;23444;1481547839;6
10521;7062;1481540766;8
27451;5053;1481533734;2
20100;12619;1481525581;18
2156;1875;1481549432;2
9895;25065;1481545299;12
1191;6330;1481521920;14
160;3936;1481530713;6
23750;22301;1481544882;2
12387;14637;1481524526;10
17393;4757;1481530845;6
8444;27396;1481526603;6
3546;6579;1481530043;12
3063;9888;1481518433;8
6389;2158;1481550733;4
6271;7041;1481543170;10
20642;2152;1481532321;16
6590;8587;1481521605;6
5085;27017;1481510083;18
4915;10199;1481530637;12
9568;17500;1481529211;4
414;24737;1481541448;14
20055;19800;1481526568;12
18822;2868;1481531734;4
7633;13784;1481534907;10
2137;14934;1481511724;14
4207;1557;1481547793;10
558;9460;1481526952;16
174;26037;1481550410;12
3583;7843;1481512450;2
3068;1815;1481511390;8
27292;8911;1481517385;2
3778;8445;1481541462;2
14988;9775;1481519208;14
4749;14552;1481531889;18
9676;6613;1481545566;4
17198;23535;1481530089;2
9206;25000;1481540257;14
6998;12521;1481528245;8
12183;12707;1481516890;6
15391;225;1481547122;4
19218;4903;1481537540;12
374;3926;1481523143;6
17593;15161;1481529892;10
18906;9418;1481534491;6
25076;7588;1481534569;14
23048;1150;1481523663;16
14871;3776;1481549476;2
25432;14927;1481539073;8
23531;5301;1481524158;12
3368;2989;1481510896;16
7443;14549;1481528466;4
21300;25397;1481536824;8
1395;11407;1481517426;18
7251;10700;1481527934;12
26260;6900;1481513341;4
4275;9988;1481538467;12
25077;6343;1481515320;12
3931;8248;1481547898;14
10328;13806;1481521260;2
6713;26073;1481550683;4
6105;17331;1481548954;18
27052;11920;1481528293;18
15297;15990;1481520494;4
359;2277;1481533390;8
1916;11831;1481532426;14
5641;15092;1481537198;18
23004;14116;1481550484;14
8391;8110;1481537406;8
27133;13187;1481518631;14
1722;17862;1481512072;4
20645;13004;1481516665;18
6003;8005;1481514810;16
10100;5729;1481536257;18
17535;5968;1481517758;4
236;7907;1481523292;2
22662;20586;1481514886;14
17528;10537;1481550852;8
12649;26195;1481522006;8
10989;1276;1481514310;4
11793;22644;1481517461;2
9508;4786;1481514733;14
10913;10506;1481523013;6
1407;14872;1481545054;14
14183;7065;1481548593;14
6639;8564;1481537046;4
20645;1126;1481524749;10
24568;8522;1481511942;12
1577;4808;1481512675;12
2998;14922;1481529945;18
4796;4574;1481510040;12
15463;27389;1481529760;18
14913;283;1481510180;16
19908;10649;1481510526;16
6251;11695;1481533226;4
6259;1867;1481523739;6
10738;15997;1481510337;18
3024;23468;1481510685;2
8685;25068;1481540009;18
14079;1660;1481546917;12
9889;27464;1481511171;14
26164;21321;1481510554;4
22178;1713;1481545819;10
19236;20403;1481549535;6
23341;10924;1481509906;4
10069;17467;1481519023;18
115;82;1481513372;8
6964;8129;1481515233;2
7091;11158;1481549547;16
10828;25066;1481547114;6
7636;7248;1481547558;8
25035;4413;1481545652;10
21086;27403;1481538444;12
9347;11987;1481512942;18
194;5053;1481545361;18
25071;8927;1481512265;14
25401;10081;1481548167;4
21384;6335;1481512202;18
22923;10641;1481533025;18
10243;7982;1481513404;6
20133;4752;1481540788;14
19764;1772;1481520532;14
4848;23666;1481530863;10
7684;9538;1481514763;4
11941;11229;1481516922;4
2377;10017;1481511300;4
1215;19498;1481545103;16
23695;15470;1481542347;4
4739;19027;1481549278;8
15098;4230;1481515680;10
15008;2352;1481519862;8
24138;20439;1481519459;4
22293;4481;1481514274;14
11884;20686;1481532676;8
14117;1230;1481543220;4
7465;11565;1481526641;10
26150;20995;1481527892;8
17436;20080;1481524893;2
1040;19923;1481543808;8
7413;19547;1481542157;14
14925;8516;1481531482;16
18052;21230;1481526560;2
7977;9546;1481514504;8
1449;24664;1481527166;2
21807;1219;1481520121;4
9301;27322;1481514660;2
10829;8230;1481516599;14
19812;12774;1481536698;6
21314;12404;1481524029;12
11749;12358;1481512694;8
314;25374;1481517194;6
27334;25036;1481543494;8
1147;1705;1481537134;8
3585;6282;1481548502;6
15372;1978;1481531901;4
17295;16982;1481514055;6
4192;188;1481520110;14
11378;27088;1481529522;6
15479;12134;1481523904;14
11029;11015;1481519408;8
10259;26144;1481514570;4
19296;20606;1481540834;8
3694;8325;1481519006;2
307;25071;1481512394;10
25547;17788;1481538129;6
16827;20041;1481516536;10
7462;7175;1481535065;10
27407;9418;1481542938;6
18821;24239;1481533417;10
17009;25083;1481540421;4
8033;23523;1481550621;18
10282;16874;1481535741;10
6702;6411;1481538706;18
20076;194;1481533226;2
5052;20423;1481537634;6
20473;14908;1481546685;12
4009;6586;1481529055;8
5923;22579;1481539383;4
2335;7832;1481527450;16
17529;11558;1481530293;16
1315;344;1481522517;4
17292;3994;1481540379;10
17415;27094;1481525713;10
7423;10659;1481528560;4
11620;15746;1481543914;8
7710;10561;1481520624;8
9569;19072;1481545449;14
14628;8520;1481510215;16
13075;8492;1481538856;18
17293;12366;1481525555;18
7558;24238;1481543619;8
17879;9165;1481529675;16
2821;24649;1481520136;6
19923;11945;1481525675;6
268;19910;1481548401;4
6688;6655;1481518019;6
5961;19942;1481526410;6
8694;18866;1481547291;18
9800;20288;1481539003;2
2841;11041;1481517056;2
925;24359;1481539456;4
25060;27297;1481533532;12
8465;26083;1481548474;8
27432;15474;1481547482;2
26150;7821;1481543904;12
5080;15909;1481548666;12
11055;17425;1481511696;8
6578;22926;1481521702;12
16931;20692;1481516777;10
25283;7614;1481525129;16
17528;12426;1481546741;6
5741;2424;1481529482;12
4530;11903;1481516357;18
1245;20472;1481515369;10
1545;27477;1481550932;16
23021;5752;1481521798;2
59;10761;1481549027;14
8465;10775;1481545766;6
8396;363;1481535230;18
8597;8520;1481536559;18
25372;27176;1481525500;10
12012;27142;1481520751;10
2982;4723;1481532770;16
8479;17309;1481533984;10
6789;24711;1481550902;16
27270;20040;1481525627;16
14261;14693;1481533428;6
3774;4860;1481541935;10
8678;10215;1481530255;12
3583;27091;1481510922;6
4814;2339;1481545633;12
277;8439;1481535156;6
1953;20415;1481537231;8
10419;11257;1481534386;14
27399;1031;1481518741;10
14584;9788;1481526235;18
25401;5859;1481521410;8
10795;6279;1481511136;18
23862;10074;1481519804;4
25397;9065;1481536377;2
426;76;1481509889;2
7099;20922;1481528545;8
7896;304;1481532139;4
27004;11040;1481544339;16
4033;17019;1481522061;12
18085;3926;1481531209;2
1891;19803;1481540945;8
8174;1433;1481529033;12
19078;6516;1481522171;14
6626;7461;1481512984;8
25390;14564;1481514753;12
9527;19965;1481527340;10
6141;13184;1481522977;12
5993;6005;1481548888;12
4245;8542;1481517796;18
6787;22510;1481510984;8
11826;3903;1481535063;12
26188;23728;1481512098;8
6788;27143;1481515574;10
5037;10538;1481537939;2
6390;18841;1481534489;8
10016;23452;1481522435;6
17239;26138;1481545290;10
6303;2348;1481532093;12
19723;10361;1481550082;16
939;5267;1481543139;18
9547;21411;1481542449;8
1449;1245;1481514941;4
9661;1020;1481521410;8
14438;2838;1481522969;12
27445;1037;1481541940;12
19079;320;1481548338;16
14874;9290;1481517966;16
17148;19790;1481550928;12
20399;1405;1481530244;4
9285;11201;1481549319;18
19876;15243;1481546644;14
5722;5029;1481518335;8
18846;7172;1481549019;14
3259;6858;1481511364;2
7625;19971;1481524768;16
18216;1860;1481536255;16
11070;4048;1481526549;4
28;6231;1481526328;16
2129;9286;1481543544;16
7576;23762;1481534514;14
22795;8468;1481545503;6
254;267;1481513831;8
27035;2748;1481539938;2
1158;357;1481534306;2
4575;4881;1481538067;4
10089;107;1481527289;18
27042;20524;1481536855;16
1310;23341;1481541503;18
14874;11095;1481541848;18
27471;24357;1481520869;8
1123;5018;1481513299;4
5729;11222;1481512474;2
20130;14665;1481524598;14
4778;2428;1481522552;18
4582;10189;1481542573;16
7297;6496;1481539511;2
12153;14253;1481536509;6
4974;22506;1481533784;16
6344;23179;1481509657;4
6325;14818;1481537215;2
11592;6182;1481531070;16
3788;8760;1481510010;14
14878;24511;1481543435;18
5701;12164;1481531688;8
1361;14207;1481543570;8
23346;15475;1481535761;8
15074;17172;1481544828;6
11268;11041;1481522000;12
3554;18144;1481516111;2
4036;3746;1481527845;8
3911;1736;1481530337;6
4211;5247;1481530380;10
9309;3916;1481525424;10
7388;12216;1481538815;6
11941;996;1481514952;18
6243;7160;1481544942;16
1873;15319;1481532183;4
6586;7843;1481539410;14
20339;6197;1481523336;8
22430;6567;1481531593;8
8806;17291;1481518164;10
1924;3376;1481542968;14
12035;10648;1481535495;4
9422;9148;1481547312;10
19022;26310;1481534384;4
21494;4215;1481528932;6
12097;5841;1481516925;10
11869;10676;1481529567;6
6913;11958;1481525649;8
23158;7631;1481521011;16
5976;2606;1481514129;14
6545;11113;1481521177;12
7469;13909;1481542156;2
6105;22178;1481520293;4
7904;24375;1481516607;14
8602;4298;1481547835;16
17169;27387;1481535147;14
15518;9310;1481517396;14
20400;18299;1481538545;4
20455;21833;1481526039;6
4029;3403;1481547201;8
1413;4679;1481537797;12
9525;1299;1481520559;14
3535;9903;1481526854;2
7513;20945;1481535151;18
5943;7977;1481544104;2
6541;2394;1481538192;4
4318;4179;1481513566;8
15355;2164;1481512106;2
8461;4032;1481533879;14
1930;22929;1481514385;18
13774;1737;1481533151;6
18199;18963;1481544356;14
5696;27004;1481529104;14
7581;20369;1481512174;6
2140;16888;1481514369;2
2157;4795;1481527204;12
8536;262;1481530605;12
1120;18207;1481549842;4
17242;385;1481519383;2
393;1512;1481525000;12
1061;6125;1481511525;16
8463;3906;1481527366;16
5398;27267;1481510701;2
1331;4264;1481538091;8
17462;27312;1481548392;18
22649;14432;1481523334;10
338;8597;1481537479;2
10499;3260;1481542502;6
686;1077;1481517718;4
13981;12220;1481532393;6
1277;25331;1481537230;14
23338;929;1481513071;4
10205;14579;1481535776;8
12153;2354;1481510753;10
3293;11364;1481525556;8
14193;20686;1481521946;6
9191;5280;1481522396;4
9280;25075;1481510206;2
22957;7458;1481519723;12
6992;5700;1481526002;4
271;8037;1481526060;8
17413;4324;1481527276;18
4907;8543;1481513726;6
6414;4994;1481528930;10
10413;5736;1481547117;4
9439;5006;1481545722;18
6789;26476;1481550890;16
2835;9759;1481511990;10
26317;988;1481550685;10
7903;5900;1481539174;14
14953;14569;1481524664;2
11501;4570;1481532742;16
60;1343;1481528928;8
20464;6523;1481531927;8
57;323;1481533774;8
25284;2744;1481513476;10
27024;19490;1481525100;14
3625;7771;1481510909;8
8512;8461;1481531023;4
5823;1636;1481543680;4
4675;21443;1481515697;4
4805;4947;1481521764;12
19046;5871;1481534628;18
9314;560;1481511561;18
6545;7876;1481522423;10
5726;24253;1481550666;12
7847;6987;1481522653;6
4876;3689;1481549801;4
20572;13298;1481547321;8
1975;11772;1481531728;12
9877;6278;1481521085;18
6657;25389;1481511371;10
19212;23849;1481529281;4
18215;18103;1481541112;10
18877;7318;1481538685;10
6995;23344;1481525404;8
883;231;1481530967;2
77;15311;1481519770;18
1011;7296;1481526527;14
229;14556;1481533342;16
26195;9198;1481531515;10
18049;4691;1481532651;2
8598;15479;1481525774;18
25378;11699;1481523055;10
18340;17268;1481539001;16
44;1338;1481537273;6
23187;10509;1481520493;10
12814;18889;1481544497;6
7863;10521;1481531047;16
20693;4233;1481513718;10
9897;15520;1481544910;6
2826;9567;1481541144;6
3289;6274;1481529117;18
16651;10891;1481511524;14
11017;20968;1481510583;10
1072;8291;1481514787;18
9540;22603;1481533230;14
23857;14190;1481544615;18
23099;25328;1481521190;2
14711;14119;1481512500;16
3256;9453;1481535194;18
8583;6201;1481515911;4
199;27125;1481536600;16
2813;2465;1481513502;12
21407;27094;1481532373;2
17863;1012;1481535930;2
2333;23178;1481532039;10
20336;2140;1481532766;16
5082;19298;1481539768;2
13887;19739;1481531375;8
6296;27405;1481527005;16
8174;1953;1481519092;8
4158;9064;1481550299;6
7095;9057;1481522216;18
22133;6159;1481522489;16
1108;3714;1481519019;8
20124;4234;1481528289;14
25051;18341;1481542096;10
20598;7302;1481532595;10
14903;3615;1481547732;2
12944;1851;1481540605;14
350;8108;1481549093;4
22964;6962;1481531788;10
3006;8554;1481519031;10
2322;27468;1481527605;16
5486;403;1481529546;8
23851;6933;1481530192;8
11701;10117;1481544173;12
8251;3748;1481529633;12
24429;6360;1481542476;6
5701;5928;1481549598;14
243;9461;1481525212;2
2606;20532;1481520212;16
4674;9846;1481510579;8
21089;23118;1481529103;16
13288;10219;1481519075;16
8511;2526;1481549899;4
8498;23813;1481518339;4
289;10332;1481516477;6
22928;23335;1481533068;14
20782;2954;1481543406;6
21377;3160;1481541842;10
24277;7044;1481509753;6
14903;8918;1481521203;4
20157;27262;1481538600;8
7344;20261;1481541031;18
13778;20443;1481519496;2
24666;15023;1481537029;16
4803;6390;1481539038;2
1640;1286;1481526236;12
22485;3283;1481539558;4
25065;20911;1481511443;14
9774;3154;1481523325;2
27165;20901;1481535933;8
8885;6895;1481513497;2
9531;210;1481532868;10
14637;8095;1481523437;10
11565;3426;1481535292;10
23452;11212;1481549182;18
21367;8233;1481546923;4
23444;24931;1481549100;16
8920;8478;1481540900;6
6812;18842;1481511341;18
3925;4964;1481518313;10
8499;5747;1481513555;14
1140;25545;1481526205;10
12101;26145;1481532030;10
1623;1626;1481510810;12
7186;1056;1481543833;2
14986;10999;1481538432;10
99;7273;1481511279;4
7356;6480;1481542854;8
23104;5243;1481533704;18
26103;20022;1481513445;14
1347;25285;1481543218;14
27424;9785;1481533221;16
26192;10682;1481529368;12
20413;8828;1481515872;10
4921;1486;1481519024;2
227;8438;1481513243;18
27510;12279;1481536531;2
123;1628;1481515608;4
4797;14962;1481529982;12
2274;20464;1481523736;16
22141;20739;1481531800;10
19535;1053;1481521484;10
5837;10492;1481526102;2
11388;10386;1481528088;6
9861;6596;1481519494;14
5878;9286;1481526192;14
3368;14123;1481521609;12
3617;6716;1481537882;2
1659;10423;1481521978;18
7496;3160;1481530216;6
10736;9778;1481546614;16
10266;4282;1481534315;4
25381;25191;1481537604;18
10603;7975;1481522747;12
2036;14931;1481535201;14
3291;8884;1481533904;18
19210;320;1481516504;8
7334;7318;1481526778;6
7884;19802;1481537706;16
11714;1224;1481513192;4
1376;19486;1481518515;8
25388;27551;1481533987;6
15390;4502;1481523223;2
6894;1865;1481540261;14
6663;11391;1481524051;4
20846;18212;1481530446;8
25187;1956;1481529613;16
5301;10926;1481525815;4
6505;20573;1481511195;8
14925;1455;1481523792;16
7441;17030;1481528837;18
25386;11248;1481513410;10
2382;1290;1481546177;2
209;15355;1481543274;16
25161;9897;1481545934;2
9205;982;1481522785;18
7085;6127;1481515456;16
8003;16013;1481514797;14
194;3918;1481526621;2
8921;19967;1481532773;4
6606;23004;1481548476;16
6618;14910;1481516300;6
7791;27205;1481518046;12
4027;21306;1481539206;14
1156;4762;1481539890;16
2130;12118;1481512953;8
1253;6172;1481544737;6
20962;22441;1481547554;8
6231;13562;1481520100;14
4018;365;1481518327;14
6326;1886;1481519016;2
4321;4253;1481530772;4
4664;3258;1481513095;18
12697;5491;1481548245;8
19822;2320;1481540673;14
14914;10309;1481543501;16
16912;21229;1481545715;18
27337;25269;1481513134;10
8352;4192;1481523916;18
19301;11031;1481514040;10
183;6430;1481520909;4
5849;2744;1481541376;10
8695;19879;1481529722;12
24782;17530;1481534361;16
7831;10641;1481548923;16
2784;25283;1481524557;14
14151;3070;1481532730;16
6631;4768;1481539865;6
6732;8124;1481535262;4
1534;2767;1481521577;2
13560;11124;1481515756;16
7825;7911;1481536137;14
14862;11413;1481549590;16
5284;23754;1481529339;10
27171;2382;1481513291;16
4864;7407;1481535459;2
23019;9345;1481551031;10
7689;8640;1481519585;12
11123;9;1481531523;16
15390;20284;1481531622;18
20949;23019;1481512334;6
15108;7835;1481526585;14
7265;10179;1481532252;12
19534;14238;1481535097;16
8934;22967;1481526664;2
27557;210;1481524979;8
10407;20853;1481551063;16
24254;1914;1481531937;10
11482;10119;1481550079;14
1162;12763;1481543440;16
21443;1664;1481519742;2
7040;4662;1481519977;8
1886;9511;1481515393;8
7324;11038;1481525515;16
13796;14167;1481541388;12
5594;389;1481528054;18
25035;7032;1481545527;18
1454;19832;1481545850;2
5000;15762;1481518965;6
8493;1329;1481530090;18
9019;16810;1481547092;14
933;24425;1481533791;8
16336;21370;1481538059;2
9848;12034;1481512613;18
20041;3275;1481540969;10
10331;8553;1481512845;14
18863;5675;1481519407;12
19965;3001;1481543267;2
14555;3393;1481522165;12
1010;10197;1481526485;14
21209;4702;1481518168;16
3002;10514;1481542069;4
16127;63;1481543763;14
27550;13809;1481547166;10
6545;13186;1481524604;10
6571;18899;1481542318;2
7847;17381;1481544812;8
20529;11770;1481549333;2
11804;4273;1481512282;10
3681;7555;1481520840;14
1032;10274;1481541666;4
10376;9406;1481548640;12
9155;3266;1481540941;8
9631;1928;1481536845;16
16179;26473;1481513354;4
11777;6383;1481547417;2
917;20990;1481533012;4
15098;18192;1481541685;16
22269;21097;1481526713;16
8576;24665;1481539721;6
19054;22273;1481517601;2
10567;1838;1481509587;18
3614;5614;1481513579;12
7090;4553;1481544277;8
2747;2125;1481530657;14
9179;4776;1481547625;6
18307;12781;1481510165;16
19211;14551;1481534941;18
21094;16033;1481549868;14
339;5390;1481514782;18
20980;12240;1481548589;4
22942;6721;1481512640;6
12765;20420;1481511324;16
12291;4244;1481545000;14
12135;18857;1481550774;10
3973;2337;1481529143;16
25065;24933;1481526965;14
6938;11692;1481517167;4
15008;1301;1481518049;4
13928;8762;1481532579;16
14580;18873;1481510785;18
399;14811;1481519896;4
12186;21085;1481537033;14
8892;12140;1481539938;10
27099;19321;1481516869;12
6001;6147;1481522781;2
8223;19199;1481519963;16
7467;2154;1481542983;14
10289;17444;1481550377;16
4918;7996;1481526402;12
21310;11953;1481549177;12
20303;1312;1481520990;2
24294;14662;1481549505;18
9785;11790;1481538120;6
10179;22136;1481545069;14
24347;8519;1481515760;8
17185;5489;1481549241;4
14691;1732;1481543598;12
994;5942;1481525042;16
10322;20328;1481518239;6
10533;6225;1481512273;16
22924;17286;1481520225;18
3428;6971;1481531513;10
19807;5398;1481545411;14
17844;1792;1481537185;12
1967;22293;1481527244;16
6654;7623;1481528004;18
10289;11478;1481542855;10
12652;9676;1481531286;10
14925;4705;1481522552;4
15320;9951;1481518901;4
140;1322;1481517105;18
25362;23;1481514460;16
19710;2012;1481540952;2
1490;3639;1481526178;14
421;11234;1481519261;18
3691;1772;1481550674;18
5080;3245;1481541072;10
4256;9498;1481532171;16
9061;15703;1481514499;18
11957;6631;1481511044;12
11126;341;1481511950;4
3506;13986;1481522264;14
8500;7348;1481514561;4
9315;4989;1481548827;4
9807;17262;1481520303;4
21283;8123;1481516895;8
7183;9469;1481512525;4
24688;18399;1481548542;12
1845;5363;1481526712;10
11727;17794;1481517576;10
10159;1689;1481516208;10
4738;2777;1481546863;16
7389;20196;1481518928;18
7646;21259;1481530805;2
1800;8874;1481521484;2
23176;17757;1481518219;4
5877;15109;1481550312;2
5331;22272;1481524514;8
14119;1496;1481545797;8
8161;13345;1481540874;8
8890;10834;1481515130;4
11226;12816;1481543871;10
3594;6610;1481526018;16
1075;23815;1481518738;2
1269;20077;1481543748;16
12721;4781;1481540169;6
1961;12120;1481526741;14
9100;24927;1481512279;12
25373;5833;1481531619;12
5946;27166;1481550198;2
26318;9328;1481537592;18
11109;9897;1481532389;14
7455;2781;1481551074;14
18338;4520;1481522613;18
11249;4666;1481525929;10
27335;4822;1481516993;4
1107;1274;1481530584;4
16314;6794;1481543988;8
12744;7344;1481530356;2
10185;15129;1481537572;10
1620;19530;1481549371;4
4210;10018;1481548188;8
15521;6498;1481545248;8
4041;2774;1481520470;2
18840;3398;1481543001;12
1284;3407;1481510689;4
6370;3546;1481532494;4
7145;21362;1481526908;18
7274;20064;1481530619;4
3125;14805;1481510748;4
18150;1414;1481547770;6
11408;10724;1481542712;4
1591;7635;1481520108;10
8558;8550;1481536330;18
25365;10179;1481537473;10
416;15464;1481518083;8
22273;20464;1481513744;6
10637;19818;1481521873;2
6168;4329;1481549047;10
18052;27143;1481546713;18
6638;3926;1481528063;10
23086;17183;1481516472;14
7395;7586;1481523376;16
8016;4783;1481525062;16
11015;27277;1481548699;12
5488;10502;1481550124;10
11091;430;1481534532;18
20917;1587;1481523294;6
1683;9551;1481529365;14
348;6264;1481529716;16
22274;7566;1481536378;18
15249;19027;1481516001;16
409;13776;1481511479;18
6998;2331;1481527512;4
12187;8433;1481541271;12
11482;20744;1481538209;16
5643;9018;1481549793;10
27053;19840;1481520605;2
2137;4927;1481536594;16
10311;27158;1481519332;18
22937;7013;1481544316;14
3419;10424;1481509627;14
11213;5504;1481535594;8
17252;3537;1481544976;18
10221;23046;1481547400;6
2036;1425;1481550363;16
8235;12786;1481538467;8
9163;8641;1481515073;4
15091;9465;1481541582;14
1304;2033;1481509832;10
4570;25390;1481539345;18
9740;6658;1481532736;8
4273;14437;1481529003;10
22259;20133;1481539262;8
4363;8384;1481549715;12
10183;4553;1481544235;18
11249;23543;1481542566;16
1100;13904;1481512916;6
21362;19209;1481534677;10
20356;22169;1481531593;18
10104;26392;1481538412;4
25382;23161;1481524050;8
8827;7077;1481516088;16
8253;6614;1481523604;12
3020;5083;1481543755;18
14933;8917;1481527223;12
1329;202;1481517820;14
899;8644;1481513493;10
1893;18338;1481511720;8
25041;13213;1481513771;2
20928;6960;1481540952;12
20261;16832;1481539290;4
12296;11940;1481515073;12
23034;23867;1481547980;14
2766;9517;1481530878;16
4281;5945;1481537128;10
12654;6832;1481516453;10
27378;13222;1481542907;16
6441;22650;1481522963;12
6992;4274;1481525374;16
24416;22607;1481546263;10
13913;2338;1481546857;4
17478;25514;1481547887;8
16863;160;1481542345;4
18456;10637;1481530454;6
2163;4724;1481550274;8
20041;4328;1481547672;2
5105;3935;1481549270;12
15020;1512;1481535484;12
22442;7036;1481538988;12
17154;9676;1481513614;18
2753;7967;1481512190;4
1678;10320;1481550563;4
8507;19932;1481512603;10
23063;6566;1481532178;10
6673;255;1481509681;6
8948;3983;1481549559;12
8307;1405;1481535335;18
11744;3956;1481545968;8
7882;10685;1481515167;12
7586;1583;1481542013;10
10502;9891;1481515555;8
6335;7253;1481523796;16
1654;22293;1481523054;18
27487;17526;1481535313;4
1102;16889;1481540349;16
9169;2364;1481539184;12
16144;20325;1481544840;6
16136;5726;1481525625;10
21489;4048;1481530152;10
8668;6851;1481540828;14
4563;261;1481519076;10
8903;6331;1481534085;2
10809;20999;1481531018;18
909;8095;1481532950;8
7148;5551;1481524774;8
4196;3901;1481537811;14
4559;21403;1481528998;8
5508;7495;1481516366;6
5709;6169;1481538708;10
1801;17800;1481526952;8
8489;4665;1481512648;18
16311;12409;1481540390;6
7613;9744;1481549425;18
14949;6667;1481516091;2
4875;12818;1481520843;16
963;3786;1481517828;4
4851;7908;1481543166;16
25367;17461;1481513600;2
20943;203;1481535088;6
5695;14447;1481533569;16
7433;349;1481549787;12
6023;21085;1481517061;18
21230;3681;1481512863;14
25083;9008;1481522321;4
18339;5840;1481512603;8
14496;1985;1481527418;18
26071;6357;1481532589;14
25049;8335;1481516042;2
11592;15241;1481512953;14
11049;10927;1481533297;6
13137;19170;1481550238;18
25378;893;1481520231;10
17296;19532;1481537285;14
17482;7592;1481538683;8
9756;19599;1481516153;2
4748;1841;1481525955;4
8696;1099;1481537935;14
20106;6819;1481521460;14
13003;21369;1481541200;14
16807;9736;1481522162;2
25071;17265;1481529851;12
6478;2452;1481520275;10
8340;16883;1481536603;4
9982;20636;1481519495;12
18180;23738;1481534961;10
1981;3585;1481512780;2
53;9968;1481548629;12
566;7782;1481534401;2
10564;19939;1481533950;8
23170;9028;1481520269;6
9553;8939;1481514534;6
14578;1489;1481530929;16
5926;16832;1481521957;6
6453;17413;1481540451;12
20459;23762;1481517763;6
7268;12294;1481537279;12
27381;5503;1481521701;16
3703;4881;1481510462;18
17331;24139;1481523531;6
7160;17442;1481509597;10
19531;1039;1481515315;2
4919;6567;1481543298;16
4734;14637;1481540780;12
10091;12631;1481520283;12
2997;23548;1481510512;12
8094;21411;1481547037;12
6353;350;1481550224;6
4848;9877;1481515785;4
4915;21716;1481513308;4
961;23642;1481532364;6
17444;9869;1481542184;12
20866;5401;1481541598;14
7778;1625;1481546139;14
4699;13771;1481544064;18
3032;20067;1481516250;12
8743;18896;1481547648;14
9286;15448;1481526352;8
6462;14115;1481533268;8
19967;17484;1481529074;18
4292;20415;1481513311;18
2162;3011;1481509613;12
9005;27281;1481534722;18
16534;17156;1481525808;14
11595;6119;1481533627;16
17417;7806;1481514478;4
12764;11886;1481541185;6
16193;4289;1481545534;8
23887;5982;1481546761;6
8697;4267;1481510443;6
137;21367;1481531393;14
2774;6694;1481522052;2
10847;2377;1481518539;18
12023;15036;1481518738;8
12401;25374;1481522161;14
8434;9992;1481525374;4
7175;1191;1481519455;2
17024;25059;1481537409;4
15403;27379;1481545858;14
20539;6915;1481544331;10
15932;929;1481528037;12
7014;14451;1481510976;16
1411;9198;1481511747;4
7103;6996;1481514823;14
10874;27021;1481528737;2
26036;12868;1481530599;16
18849;27408;1481538762;16
6554;20645;1481536303;6
1634;6524;1481527783;4
15010;13914;1481530565;6
3994;1595;1481517034;12
22456;24738;1481516090;6
1030;18214;1481536994;12
19220;24984;1481521413;4
437;15005;1481551136;18
22297;10875;1481521776;10
1604;4198;1481517212;14
24473;8321;1481541903;12
20950;138;1481529057;6
15355;2452;1481548390;18
5749;23037;1481541994;12
17172;26138;1481526561;10
1766;23152;1481539228;14
10830;4004;1481545949;18
2523;19739;1481532279;2
6209;25377;1481513929;8
8511;9000;1481521588;6
5301;10045;1481531200;14
7473;7833;1481543556;4
5812;19910;1481549239;8
5424;5372;1481516143;8
5762;11131;1481523340;10
8279;3377;1481514122;10
3594;3757;1481522830;4
9406;6822;1481511435;8
25372;20261;1481516090;2
14708;27374;1481511918;18
10202;4222;1481547801;8
14443;25064;1481510271;8
6973;23011;1481550413;18
359;22933;1481532233;14
26163;20587;1481526770;8
1550;19648;1481549860;10
14207;8223;1481512526;16
73;18840;1481530883;4
27124;10686;1481544301;10
19897;18456;1481522383;16
13817;5098;1481550368;6
12308;5967;1481530684;18
19533;10358;1481515989;2
8923;3738;1481547034;16
237;17305;1481541841;6
9311;14858;1481547813;4
7900;18166;1481525573;12
19860;9024;1481516758;18
4740;12144;1481511769;6
8295;17549;1481536835;14
29;13213;1481531973;6
1024;1500;1481517024;6
3934;4297;1481549812;4
7265;21231;1481514587;12
11251;16336;1481524475;8
11744;2749;1481526975;10
22215;25388;1481517134;6
23060;7947;1481538376;10
24923;11031;1481527726;6
4056;27418;1481535710;18
6236;4756;1481531849;18
20790;2331;1481548964;12
12136;1118;1481541031;10
6945;7548;1481521640;8
3078;22972;1481523230;18
6222;19069;1481542924;12
1905;17880;1481527927;18
6723;6861;1481534128;6
8088;4969;1481511266;14
2324;14704;1481514151;10
12230;13798;1481521271;4
10241;9835;1481521136;2
22536;1842;1481545878;10
24378;12295;1481514238;10
22571;5745;1481517859;12
2332;18111;1481543363;12
10358;11137;1481529039;4
9686;10246;1481548564;12
7341;22442;1481542612;4
7425;23439;1481549966;8
15079;1920;1481512738;8
8569;8968;1481511437;8
1667;3746;1481527504;16
15242;7895;1481515321;4
1163;7144;1481531292;2
3122;21411;1481511517;16
15100;15304;1481516761;10
27014;26310;1481515840;10
27181;2771;1481514788;2
13814;13949;1481512629;18
14565;18511;1481537312;12
15998;8237;1481531504;16
26091;21806;1481549067;16
12212;18878;1481525932;16
9801;19817;1481518496;2
1986;29;1481516512;6
7856;8647;1481519122;6
389;9346;1481531020;10
5421;6530;1481538361;8
3257;3018;1481518311;6
10733;10602;1481547740;12
4879;4257;1481519414;4
8579;3252;1481540335;2
25501;10163;1481529311;18
283;8638;1481530549;14
11400;19531;1481550593;8
12230;6313;1481530284;14
7452;20048;1481539512;6
8960;1737;1481550054;8
4948;12240;1481516995;12
16649;6437;1481522346;16
982;5106;1481532013;6
27018;23030;1481516827;4
9671;1962;1481528783;10
7846;17771;1481546416;12
27411;5756;1481548962;2
6727;8991;1481518804;16
14953;10681;1481518270;16
21309;6959;1481522299;12
17271;9406;1481515788;2
27028;23620;1481534654;12
13882;3712;1481540469;8
4979;2168;1481525300;14
8050;17148;1481531650;14
6893;3388;1481533420;10
23013;1887;1481525741;8
19274;14797;1481535360;12
7778;22536;1481527747;10
12118;5852;1481522944;18
7357;4929;1481521826;6
2165;9661;1481546779;14
5883;17514;1481534886;6
22503;21365;1481509805;10
14926;4291;1481548440;4
3583;15516;1481519281;16
1559;23887;1481545578;8
18872;6441;1481547574;18
8274;23521;1481513227;8
10199;24923;1481549278;10
8354;11004;1481548182;8
6337;15926;1481512970;16
1180;20681;1481544858;16
89;14822;1481522158;16
21313;3420;1481509733;16
1370;18900;1481532026;2
7262;1801;1481534729;6
4905;7689;1481533987;14
18342;19234;1481517535;2
1059;6170;1481512056;6
5875;14913;1481528443;6
11969;1992;1481533572;18
1161;9371;1481526494;12
16863;6958;1481522869;16
17153;3594;1481513392;8
1185;9023;1481530424;8
8572;20901;1481543180;16
1440;19590;1481514350;4
5426;23178;1481544271;14
1335;21213;1481547413;2
26149;156;1481546183;16
18822;2288;1481526658;6
7278;5723;1481547772;18
8891;20335;1481532999;18
14642;6968;1481524177;16
16011;18173;1481549435;2
224;3095;1481543838;6
27028;382;1481542303;12
4023;27323;1481530453;4
1198;14822;1481510480;18
19215;19495;1481527775;18
5427;3748;1481548438;18
16118;24470;1481513207;12
3414;17253;1481517328;12
10695;7894;1481527775;10
3541;27412;1481527084;6
11739;6959;1481541380;4
10996;19319;1481545429;6
2776;3070;1481527011;12
17053;10363;1481514619;14
23468;3080;1481544781;18
4319;1428;1481517301;18
23046;4808;1481528255;14
10361;23177;1481510519;10
17028;23049;1481513838;8
1246;4244;1481549445;6
26313;14576;1481531907;6
6733;4032;1481517196;14
385;11614;1481531794;12
1388;6302;1481515861;16
7313;6777;1481544334;10
3738;1988;1481538360;4
19984;8592;1481547442;6
10720;14248;1481533363;14
8486;1533;1481521923;6
20045;23446;1481515897;2
20936;2274;1481548660;8
9440;27282;1481531032;18
9753;8367;1481537577;10
17172;13204;1481517304;18
10879;20412;1481519737;6
6888;5330;1481527455;6
21313;2953;1481523933;10
4568;20975;1481550567;10
23149;19812;1481526688;6
17576;10191;1481545972;8
10384;14420;1481523930;4
5047;21801;1481535441;8
23320;20869;1481540069;12
3333;288;1481527881;4
11416;967;1481510267;6
12019;18763;1481519935;2
9761;5940;1481525175;4
14450;10560;1481545970;10
13970;18098;1481511382;6
5419;1320;1481536605;12
19599;4810;1481543411;8
13861;27330;1481512110;4
4214;2428;1481548446;16
14693;10317;1481548949;16
6976;4741;1481511485;6
7561;12227;1481530615;6
8964;12244;1481531496;18
8828;25050;1481544355;18
1265;2840;1481520320;16
10099;10355;1481533744;8
10593;7901;1481527936;2
1489;26163;1481539457;8
25001;10191;1481522937;10
21080;10091;1481545499;10
9865;25258;1481515618;8
20128;8929;1481546714;6
9418;9841;1481529596;2
11815;14437;1481547108;8
7984;22924;1481544556;6
21078;18207;1481513260;10
10082;11619;1481511025;18
5117;1302;1481548083;6
6881;3686;1481528629;2
17392;10665;1481541711;6
7613;10329;1481523448;12
17870;1553;1481528887;16
26211;1743;1481536789;4
6858;1851;1481517309;14
4029;20010;1481535062;6
8994;19538;1481535389;4
6419;18201;1481541966;10
6327;20773;1481515647;18
14798;5522;1481550479;18
6588;16098;1481509592;14
7379;7925;1481509518;4
12143;3915;1481543433;14
3693;9184;1481538201;8
16902;22169;1481522889;16
1776;18877;1481546036;8
3705;23450;1481523079;4
17233;1247;1481529266;14
26071;12238;1481532678;4
298;5843;1481530300;18
18343;4328;1481543836;6
4666;16335;1481515974;4
16118;2383;1481536206;2
11269;20656;1481545569;14
875;13131;1481545396;10
9647;4987;1481511207;18
12012;6181;1481543858;12
11247;3614;1481533609;6
17424;26262;1481538460;4
158;10260;1481518117;18
20985;16649;1481510672;4
10503;12247;1481549334;2
16918;12868;1481526213;16
20037;21451;1481530233;16
8756;1959;1481551002;16
1196;1504;1481513953;8
6006;5434;1481520737;14
19283;18891;1481520911;18
7076;260;1481510607;12
21375;4552;1481518929;14
16798;5688;1481549329;10
16118;2804;1481514040;6
16648;13289;1481540018;8
20287;1959;1481517241;12
121;23536;1481513907;6
9356;3162;1481538857;18
6407;26477;1481516833;4
11400;17378;1481516011;2
17290;10406;1481515512;12
16178;1381;1481511472;2
17282;7776;1481532951;2
12229;16558;1481514800;14
14079;26152;1481529782;4
19550;25;1481531142;14
6979;7485;1481525540;14
7899;12787;1481537611;2
24570;10655;1481521993;16
24680;1350;1481529546;6
7582;21389;1481547421;6
2981;6782;1481536195;6
8145;2841;1481528508;10
8368;4824;1481525070;14
26329;20681;1481541256;2
2762;8483;1481527012;12
6797;16915;1481523302;6
25543;5960;1481513092;2
23054;12643;1481532702;6
20645;16050;1481521600;12
15465;11485;1481520561;6
2831;19211;1481513161;4
5948;8456;1481525195;12
12277;19956;1481538906;10
7352;9553;1481522399;6
27415;23439;1481514627;14
25034;20120;1481519776;2
22987;8118;1481512476;2
8665;8963;1481536265;6
6998;20369;1481525518;10
9020;19778;1481513255;10
12714;12409;1481543735;2
20626;5045;1481547296;8
14159;11159;1481514478;18
12119;25171;1481540743;2
7846;1336;1481532250;14
8231;7371;1481519359;10
6736;26281;1481529413;6
19821;27492;1481547783;12
17578;10846;1481520469;10
2035;25000;1481517674;14
13804;12521;1481540435;2
329;8153;1481526902;4
6285;11588;1481547286;12
10409;6566;1481535902;8
26318;10090;1481518613;10
1044;8387;1481525767;4
27027;9296;1481516567;12
27415;25522;1481525829;12
17284;10109;1481532017;14
19059;23630;1481509668;6
1148;1966;1481527763;2
1019;19778;1481512402;4
9974;8813;1481548216;18
1684;1129;1481526875;12
15999;18209;1481511902;10
12138;23896;1481517818;4
326;1988;1481517820;2
23157;4777;1481536186;16
8474;7155;1481523414;12
8031;5531;1481523322;18
15326;25343;1481518231;6
6939;24714;1481525376;12
15015;11031;1481514456;16
13999;23887;1481513207;6
4894;6164;1481518394;6
6657;1863;1481513732;18
23646;9003;1481545871;10
6202;9897;1481515647;16
6128;1356;1481536310;6
26150;16043;1481544498;8
8592;7372;1481533677;10
10018;23443;1481546937;16
196;9631;1481520600;6
1427;7853;1481519658;2
3696;12235;1481530980;14
6929;17413;1481510488;8
1766;9626;1481510280;10
13873;17209;1481545032;10
23534;6181;1481539040;8
5698;8649;1481540818;4
5833;1659;1481522773;8
3933;9810;1481543992;16
7172;17705;1481535051;18
16368;5755;1481512468;10
10028;27400;1481525913;8
9491;4301;1481523771;14
13940;9981;1481537141;18
19850;4263;1481541401;16
23850;2364;1481515579;2
2644;12215;1481550853;14
9347;90;1481516139;10
10424;2177;1481527325;6
11618;27313;1481524774;8
16042;17579;1481538520;18
1299;15084;1481532180;16
20890;14229;1481546158;8
22931;16911;1481536659;16
7913;9442;1481525907;10
4281;14040;1481541258;4
22649;955;1481547064;4
1174;9105;1481550611;14
8432;15353;1481527021;16
1102;12872;1481530707;14
13559;10582;1481525787;6
5612;20098;1481540764;10
19756;14288;1481517221;8
6798;17441;1481523541;16
8989;6526;1481546127;14
6853;27025;1481536399;18
27085;1916;1481543137;8
27422;27416;1481514747;8
12624;1031;1481510767;6
5985;7517;1481525599;12
20692;9800;1481512689;6
8163;7436;1481537413;4
10673;272;1481536530;2
7829;9404;1481530888;4
16293;1579;1481515368;2
15013;19495;1481528132;8
10830;17003;1481537765;16
12370;6588;1481524885;16
27536;12182;1481528982;14
16781;25193;1481514699;8
14872;10772;1481515995;2
8157;1856;1481512623;12
27013;14857;1481543641;2
10266;4486;1481529498;4
21306;10254;1481537282;14
22215;8658;1481532014;6
10803;26100;1481525245;18
27014;10913;1481531117;8
8531;14585;1481533989;8
16883;7680;1481520403;4
20694;14700;1481540547;14
14821;10912;1481539711;14
6882;20073;1481533256;4
18821;17534;1481513973;16
9508;18909;1481548028;18
10709;5817;1481514776;12
7782;16652;1481539640;8
10603;4314;1481521219;2
15114;8277;1481546970;14
3493;18098;1481536063;4
63;5973;1481535733;18
2427;8817;1481521319;18
21002;412;1481529083;18
9438;7806;1481546531;8
11268;14923;1481540864;16
5297;9636;1481510109;14
19824;18098;1481548952;8
2815;9664;1481529676;8
8523;6449;1481517160;18
11606;3374;1481532752;16
11257;26394;1481540380;12
23033;16188;1481532954;12
6995;22577;1481550808;10
19969;7628;1481514676;14
11055;25339;1481547285;2
6652;19957;1481542849;14
13297;208;1481526300;8
20547;6455;1481549768;2
2404;19225;1481545126;6
326;16806;1481511172;4
17457;6726;1481530168;16
10255;10488;1481510353;8
82;10804;1481515665;12
12293;15785;1481518397;8
4037;10259;1481536740;2
11824;1185;1481549603;10
17293;433;1481514547;6
25159;24277;1481535489;14
14982;16858;1481510078;12
11786;5873;1481547854;6
3274;406;1481531465;2
255;20928;1481526071;12
2408;25401;1481543978;6
4726;984;1481533109;14
2030;1989;1481516240;6
1522;8352;1481526252;18
6463;1578;1481517987;2
5731;8760;1481549654;4
12135;5585;1481527460;2
20013;2347;1481544031;12
8905;4683;1481511272;8
6310;16132;1481549769;14
12391;18821;1481514517;6
27324;3394;1481524795;8
11050;1457;1481514267;8
15407;24370;1481549692;10
9312;15419;1481514357;16
20342;14219;1481546499;8
139;15080;1481511173;10
2738;1030;1481533017;10
10308;12133;1481538045;6
2813;8986;1481511105;2
3533;1333;1481549332;4
24950;19987;1481535143;12
7560;11034;1481519469;18
9747;915;1481526986;6
17391;7956;1481534843;16
11108;1659;1481534326;18
5943;14925;1481545448;12
4175;566;1481513366;18
14799;26112;1481533088;8
9148;14263;1481543958;14
6436;1116;1481522135;10
20943;1794;1481542969;2
5260;17508;1481548888;8
16202;1060;1481513829;18
9833;3741;1481534483;6
12920;8303;1481525746;14
2819;7709;1481512867;10
4329;8379;1481541254;16
7356;13910;1481536680;4
1992;20999;1481529145;12
4275;25361;1481525888;8
5044;27521;1481550425;16
9751;21268;1481550277;18
320;7911;1481525963;8
3402;23026;1481541955;14
22487;5412;1481532929;18
4678;9187;1481528589;16
7550;9516;1481544878;18
1493;27011;1481510437;8
12152;16915;1481532224;6
12235;11153;1481524629;10
1795;10159;1481517662;14
9444;1975;1481543585;8
25325;17289;1481512662;8
22540;2848;1481512488;12
7871;25380;1481519929;16
11696;4831;1481528418;10
20679;344;1481546270;18
21415;27267;1481512230;6
13899;14543;1481544537;16
2129;4229;1481517596;16
12325;2731;1481516053;6
10159;22606;1481511472;16
27400;17507;1481550543;6
20526;19955;1481512645;14
4814;27281;1481517365;18
2325;5852;1481530402;12
5757;21093;1481546220;8
2811;4875;1481542004;12
273;9223;1481536694;14
2173;9645;1481518521;18
1390;27374;1481538170;4
130;17428;1481523235;4
26262;16336;1481526934;4
19544;25537;1481538252;4
2742;19937;1481539382;8
27389;25385;1481543905;14
1538;1639;1481545542;4
4053;18764;1481535774;8
9312;26112;1481513196;14
25391;5990;1481515085;16
12391;12745;1481546201;6
9551;15087;1481542924;10
17286;15355;1481526109;18
12420;5007;1481509810;12
1699;1455;1481547503;10
25291;1571;1481516541;4
15036;20115;1481516497;6
6854;25493;1481539264;2
11119;13138;1481548557;16
2752;11799;1481517664;10
9565;1655;1481514647;2
20857;17296;1481542792;16
62;343;1481534929;6
3022;11642;1481550383;10
15215;19538;1481529494;6
2325;13903;1481518473;16
6357;291;1481539627;2
5028;18908;1481531258;4
27546;1192;1481528265;18
19802;11142;1481543040;6
27205;4585;1481522342;8
2830;4780;1481528030;16
3594;975;1481545070;16
16180;8277;1481517411;14
2841;24950;1481539911;4
17033;15735;1481516417;10
1675;2827;1481548356;16
7939;3079;1481545758;4
27004;6528;1481537050;4
11174;27420;1481519293;12
22495;187;1481510672;14
13948;15036;1481545885;10
1145;1185;1481520729;10
22159;2954;1481543139;10
1488;8955;1481546844;14
5520;14625;1481540773;14
17454;3029;1481526793;10
27421;14155;1481533369;10
4338;7165;1481520871;8
6611;17373;1481516742;2
9792;5284;1481534369;2
17299;7421;1481514296;14
15227;6580;1481520640;6
11475;8440;1481547806;18
14653;11694;1481538843;10
6387;7183;1481547820;16
19060;10115;1481538091;18
7244;21093;1481543732;12
14118;22927;1481530172;8
27400;14636;1481550598;4
10215;5609;1481548791;16
218;16134;1481550382;16
24753;2799;1481547421;2
6721;8320;1481541129;2
15508;1037;1481513169;10
18894;9839;1481545899;10
10668;7571;1481541464;12
5853;27521;1481530035;18
20337;25061;1481527165;18
17564;3386;1481525794;14
24918;19788;1481540249;18
14554;23167;1481534969;12
13214;7897;1481548768;2
10775;8411;1481524179;8
12521;6024;1481533199;10
1216;14780;1481516439;8
7478;2646;1481537197;16
12334;11870;1481535933;4
5413;14999;1481513133;10
27405;14986;1481511857;14
16816;3399;1481525229;8
18175;15393;1481512859;8
9915;15131;1481531850;16
24710;2775;1481529447;4
7086;4866;1481539167;8
16181;2829;1481514335;12
130;17771;1481517761;6
25320;23142;1481548611;18
25387;21729;1481530951;6
13771;8451;1481544287;18
2621;10821;1481517800;6
8876;7777;1481549456;2
3330;14818;1481533756;4
1096;4894;1481549140;12
15225;6712;1481512900;16
10511;1837;1481539119;14
16123;10250;1481520948;12
12630;1052;1481546244;14
10293;5121;1481512279;12
3781;16042;1481531623;10
6026;11201;1481522134;4
15238;3994;1481533217;8
17444;6801;1481526999;12
4557;10037;1481547795;8
11041;12119;1481524164;18
4751;6472;1481546665;12
183;20289;1481521679;16
7454;13287;1481519989;10
9439;21802;1481542508;12
9205;7158;1481518988;2
7064;25080;1481534061;8
6810;1270;1481524498;4
20869;7148;1481527287;2
27029;20049;1481536223;10
9431;9214;1481528508;6
1708;16128;1481536399;10
13495;18847;1481525752;8
17291;20415;1481525596;14
4330;17266;1481524129;6
4967;9004;1481516728;4
5881;8397;1481522411;2
6003;7372;1481549021;8
11600;12336;1481546656;2
6475;5715;1481536539;8
4919;11394;1481509779;18
8500;4516;1481541727;10
127;9364;1481526673;10
19419;17500;1481524710;12
5937;21267;1481524841;14
1285;8379;1481523938;2
9567;260;1481528896;14
15746;5779;1481527004;2
12795;14643;1481527809;18
8409;13909;1481532311;4
21724;3924;1481542966;4
11216;324;1481518357;16
4359;10276;1481512149;6
1850;24061;1481517507;18
6022;3685;1481528318;18
20361;5686;1481531915;2
981;14546;1481543589;14
8476;8109;1481528478;6
6733;1147;1481510180;2
1128;388;1481526563;4
16023;1626;1481516220;6
14632;1218;1481525302;14
4959;4229;1481518526;18
2035;18202;1481529525;8
16126;7854;1481525388;16
4278;8647;1481532875;8
7799;20069;1481545387;12
19306;1258;1481545050;16
19299;1266;1481511483;6
1307;23012;1481540887;12
20679;1253;1481511004;4
14006;19505;1481524994;2
5002;9200;1481523438;6
10421;4205;1481530277;12
15117;11213;1481543841;8
7456;11027;1481547619;2
19792;18423;1481532728;14
11940;9416;1481524259;14
9805;22464;1481541682;6
6671;21379;1481540075;14
7426;9551;1481547318;2
6808;4656;1481541398;14
14163;5547;1481530882;6
11608;2790;1481540877;10
6765;16531;1481518440;18
3533;6782;1481535000;4
10274;1223;1481513136;16
15761;9309;1481512345;12
24562;13182;1481530969;12
2138;20548;1481515345;6
16822;4209;1481527218;8
3628;9288;1481546949;8
6326;10221;1481544427;10
10703;3907;1481517237;14
12237;25368;1481539022;8
9475;13181;1481511530;10
4894;26163;1481524655;16
15474;27396;1481509888;10
27506;15378;1481550665;8
17478;3541;1481544862;4
20758;21218;1481513147;10
14895;10018;1481522588;8
23054;12368;1481546622;12
15076;1361;1481521833;10
14567;10315;1481551129;10
8781;10614;1481532841;2
19764;20072;1481539071;4
17498;199;1481537790;14
88;25171;1481534865;10
14866;7568;1481549896;8
3684;27035;1481520846;4
7862;22957;1481525141;18
20103;22462;1481524163;16
16369;6250;1481533658;14
5830;24584;1481519579;4
47;5101;1481533958;4
1742;8649;1481542374;8
10505;2803;1481550324;8
27184;6461;1481534238;16
9203;981;1481524343;6
10213;4978;1481515301;2
2726;10205;1481523210;4
15380;9960;1481524066;12
10633;14190;1481524913;4
17564;9278;1481510970;14
2365;7545;1481531491;14
6879;307;1481510278;18
7894;8963;1481509983;6
24984;1166;1481520528;12
1186;11411;1481510651;6
14936;10001;1481533175;2
184;20089;1481515591;6
26084;13222;1481537210;6
11789;4040;1481534073;12
6663;10265;1481517963;2
14554;1046;1481545232;16
13855;15;1481527848;18
6871;3380;1481525473;8
4218;23116;1481512491;2
10220;14545;1481550504;2
9947;4847;1481532173;18
3649;27159;1481512750;10
13778;7051;1481524316;14
919;2333;1481536498;16
15002;6196;1481549138;6
9064;4787;1481546888;14
4626;27036;1481524989;6
5992;3248;1481522060;16
7879;19422;1481513728;18
7954;7524;1481530960;4
9246;22796;1481513822;10
22132;7642;1481524198;2
8757;5770;1481519594;14
7851;27037;1481530545;10
5942;9009;1481528948;6
11808;7634;1481532903;4
4733;21399;1481528604;14
16124;21412;1481549392;10
17283;7302;1481534084;10
22531;216;1481537194;18
9769;23614;1481545387;4
7594;23536;1481541920;14
17290;9539;1481542481;8
4878;20288;1481516217;4
27397;21088;1481550029;10
3942;4844;1481518857;14
12329;6579;1481548587;10
4175;6170;1481532201;4
19476;6233;1481523870;2
5051;11794;1481531618;16
15989;14133;1481529266;10
6274;1584;1481528631;6
6714;1235;1481543213;14
10305;8279;1481517372;18
8943;22215;1481515062;18
17394;24925;1481538857;16
7148;5717;1481520452;18
1042;12421;1481529933;4
13256;1707;1481517803;12
19552;9820;1481530057;12
1307;1924;1481541133;4
27553;6363;1481517946;10
11684;22621;1481549865;18
22794;22179;1481509543;18
5387;23813;1481528180;8
10797;27333;1481520432;16
11822;25051;1481521713;6
7564;2014;1481534673;2
22432;6878;1481525188;10
7032;13822;1481513766;8
7925;3060;1481543104;10
18066;5923;1481533215;2
17532;16127;1481509641;18
2384;12064;1481516087;16
4968;7693;1481537993;6
2336;7174;1481515678;4
4932;15253;1481535844;12
1723;6852;1481536520;18
10255;22492;1481523335;6
1267;15159;1481517791;4
4585;27231;1481522148;2
14118;7916;1481522563;14
14420;6567;1481541422;10
27400;7551;1481525439;4
24956;18260;1481512830;10
19791;23449;1481516714;4
274;6892;1481527455;4
8249;12714;1481512233;12
3410;7064;1481513657;14
24249;1789;1481519977;18
7030;5902;1481530798;6
6468;10184;1481518827;4
25319;27389;1481520557;6
2823;2940;1481535305;14
66;19814;1481518108;2
20123;8432;1481548585;6
253;15476;1481522911;2
8918;22535;1481529298;10
26085;16929;1481511052;2
2174;20124;1481520732;6
8579;2283;1481541395;16
8524;6597;1481510972;18
12315;413;1481544323;10
20948;12700;1481517597;6
46;4869;1481526183;16
10273;12147;1481538827;16
4329;4553;1481526463;12
21361;14808;1481523759;2
12781;15473;1481543591;14
15471;25088;1481537205;4
18464;27053;1481518319;12
6504;14416;1481542888;18
142;22649;1481519635;4
1866;10192;1481549926;16
10317;909;1481531217;6
20291;16650;1481526984;2
11005;1562;1481520417;2
985;1487;1481541167;8
19545;8119;1481532353;10
19508;6203;1481547742;18
358;12015;1481544355;6
1736;12413;1481517872;16
7496;23522;1481548510;6
15162;20326;1481526897;10
6970;27505;1481526672;10
5121;10465;1481517067;6
23336;24138;1481526344;12
1185;3544;1481550142;10
5845;5389;1481524999;2
20978;24430;1481526910;10
1628;1340;1481536935;8
25044;7;1481550322;14
9154;15299;1481549971;8
4744;7878;1481526827;6
4559;3931;1481546962;12
3723;4298;1481516864;8
12642;12334;1481544442;8
6607;21218;1481523018;6
11802;11613;1481518736;6
8006;23116;1481527237;6
12156;27042;1481513350;12
4841;1079;1481539333;2
12943;6287;1481530096;18
13986;24701;1481534747;4
17771;3776;1481509553;6
7138;21217;1481520405;4
27288;4319;1481535578;14
7042;23663;1481534828;10
8050;19710;1481523258;10
19947;4240;1481543463;16
1272;10797;1481515319;14
6235;6933;1481523100;6
6311;22535;1481541614;2
374;27442;1481547163;16
4355;1777;1481528008;4
27380;26471;1481515117;18
2015;6797;1481512724;8
6468;10230;1481525266;4
14552;12699;1481521634;16
7058;11739;1481540658;6
1153;3537;1481528068;16
297;8568;1481534454;2
10503;23066;1481525308;10
12696;8600;1481524903;6
20062;1448;1481535701;8
1194;21293;1481516186;12
1895;19062;1481538632;8
2774;19052;1481535166;2
13287;23446;1481526617;12
15225;1381;1481534203;8
7404;23549;1481520797;16
14256;1957;1481543047;4
23;1038;1481544945;4
14915;7954;1481550071;2
6985;8003;1481548935;18
2015;14983;1481533058;6
3904;5853;1481523871;4
11003;16193;1481524899;12
34;8343;1481517617;18
2889;4871;1481532448;12
6319;21491;1481516013;14
18819;25025;1481548542;2
9114;18461;1481519626;2
1075;9019;1481533058;2
9979;21723;1481547883;6
10981;4658;1481538822;14
11413;25080;1481526872;12
9383;1136;1481537165;18
9783;9847;1481520655;10
14264;8573;1481530855;14
8435;3570;1481514907;8
5473;8322;1481525448;10
20689;44;1481519805;4
14270;16798;1481521907;2
3789;9160;1481513753;16
22576;17549;1481532671;8
9521;8035;1481517870;8
5501;14488;1481539563;6
27198;27344;1481537353;16
12246;2140;1481541807;14
22992;4899;1481536458;12
16204;933;1481537789;14
6799;7696;1481536174;10
7156;10269;1481543056;4
8238;23033;1481533922;8
7902;11111;1481549248;10
6354;69;1481522618;4
8903;3254;1481548137;14
10398;82;1481535269;12
129;7401;1481515343;16
18051;4644;1481511439;2
8435;25526;1481531924;4
979;1444;1481548045;12
13343;8052;1481513811;2
6215;20244;1481546492;16
24745;21404;1481533608;2
11049;25323;1481523711;12
17785;23855;1481532580;18
6360;1225;1481541706;6
11915;5811;1481541179;8
15522;3219;1481520643;12
14821;10012;1481521479;12
4979;11090;1481531928;6
17148;12296;1481549637;4
25077;6007;1481538139;16
27038;25250;1481537617;16
13213;1625;1481520272;18
19077;2323;1481518907;16
5286;24182;1481543073;18
10109;1363;1481533168;18
4659;24738;1481536395;8
5979;4016;1481545964;4
17162;8752;1481529698;18
3572;10699;1481515056;16
16928;11376;1481544552;8
11618;6806;1481525083;2
10498;3422;1481523665;18
26477;10508;1481522647;10
11484;9148;1481525852;10
306;2425;1481547018;8
23867;11814;1481512413;14
23761;23811;1481525919;18
8425;3917;1481526948;6
10808;75;1481545978;8
27289;26315;1481525841;6
5009;8323;1481519655;16
6783;7632;1481537471;2
27534;18114;1481545575;2
19833;6194;1481543155;10
8704;19815;1481510746;8
11253;16302;1481516636;16
1894;18346;1481536116;2
4296;10674;1481532046;8
7405;13788;1481514343;4
26085;7460;1481536392;8
8023;3574;1481522075;8
23024;3513;1481514295;16
402;1265;1481549051;10
20062;78;1481548742;18
8291;18201;1481535799;2
21281;14903;1481520589;14
17673;9416;1481521809;16
14126;6412;1481540200;10
5084;20979;1481538532;12
13796;24161;1481540680;2
11789;12698;1481546090;10
23522;12800;1481525851;12
13790;7683;1481523660;10
27463;12415;1481545539;10
16006;26306;1481520177;8
16805;26148;1481529969;18
1182;2832;1481532121;14
7646;15079;1481536769;6
13773;6205;1481521175;18
22479;27421;1481510838;12
14923;26068;1481533924;4
5980;15349;1481523471;10
23648;7517;1481525255;18
7426;14923;1481539140;4
24281;23891;1481520500;14
1516;21808;1481509949;8
22649;979;1481539188;10
8478;6720;1481510339;16
23516;19071;1481530769;2
2758;20126;1481542280;2
1071;24701;1481525344;12
10026;8440;1481517839;18
20146;2392;1481525674;18
421;15369;1481514902;14
23524;23469;1481527116;18
8785;22614;1481521539;14
12428;18878;1481539710;8
17795;1984;1481531763;14
27278;22606;1481522569;6
11860;6664;1481515583;18
23317;9426;1481531667;12
5478;391;1481540965;12
26111;17007;1481513779;8
335;33;1481517927;8
3899;16678;1481523578;12
15491;422;1481524366;10
6617;4526;1481546898;12
8449;24532;1481534138;2
11121;5727;1481545523;16
5677;8239;1481548780;6
13786;11728;1481531763;16
1656;11170;1481545294;10
3416;24283;1481546416;16
18902;3951;1481511374;14
147;11217;1481529875;2
1730;9425;1481546480;4
9754;24426;1481513381;6
19287;7540;1481517469;12
6713;6308;1481519505;18
10420;8306;1481532871;8
6223;27106;1481542147;12
10701;10045;1481521730;4
565;8988;1481533796;14
1565;9215;1481513913;10
566;4993;1481526124;10
6413;20358;1481537341;16
15253;21303;1481511373;6
7270;26099;1481540928;6
9310;23021;1481539441;6
7103;2427;1481538757;8
1117;11627;1481542931;14
5527;18070;1481538403;10
19880;1293;1481523818;14
1981;20085;1481548088;10
21086;7941;1481531321;6
22996;13987;1481516986;12
14794;23642;1481514913;18
20091;372;1481523683;18
4289;3678;1481524434;6
10125;17514;1481514995;6
17393;4306;1481540993;18
229;17549;1481521632;10
5050;5919;1481548458;10
5809;18964;1481523594;6
1714;16311;1481529125;8
3900;170;1481527573;18
4036;3561;1481518680;12
7959;27021;1481540865;14
162;21281;1481549114;14
1285;25346;1481526185;8
13454;5715;1481518131;8
9105;13824;1481543742;16
22442;5282;1481521285;14
15104;9341;1481516258;6
1961;7857;1481542569;16
8409;7437;1481534118;18
10547;20907;1481542016;8
6654;21371;1481541264;2
4053;4530;1481520532;2
1160;7783;1481527487;14
16903;5702;1481544211;10
27017;19831;1481523632;10
15328;17586;1481522242;14
19772;1309;1481522641;16
6703;7413;1481514048;14
12697;3593;1481538948;4
1175;19556;1481513824;10
5900;7099;1481536327;16
6363;20535;1481549180;6
15240;16826;1481543689;8
5891;21093;1481550584;16
17025;14136;1481528765;6
27003;23883;1481545006;18
27507;25003;1481548862;10
11266;239;1481534806;2
4953;3468;1481525721;10
26110;17040;1481511440;6
16902;2363;1481520437;14
19064;3970;1481522413;4
18512;10161;1481511524;4
9753;10528;1481544294;16
5480;15403;1481516966;10
17477;7854;1481548012;2
8893;18347;1481529503;10
24743;5414;1481521930;4
16017;8162;1481513514;12
13806;20115;1481545012;8
16127;10598;1481546433;8
11804;11070;1481511299;4
19852;5749;1481527472;14
27400;20775;1481522336;8
18864;3716;1481547040;12
10248;7864;1481548335;8
8782;9364;1481533876;14
20157;12023;1481534868;16
8409;3023;1481549109;4
119;1892;1481543984;18
12767;5033;1481525914;18
9815;25085;1481544461;6
26185;4326;1481540050;18
7107;5999;1481535915;10
2331;10096;1481546658;10
15787;12427;1481519914;8
8359;24238;1481550761;4
12869;14637;1481520990;8
8517;16635;1481524577;2
9304;27060;1481516457;6
1283;8691;1481525852;16
18192;6857;1481524857;14
7182;10282;1481549967;12
9741;1206;1481511562;12
6157;7915;1481549973;6
3713;24172;1481510838;18
3561;22578;1481519742;2
20243;15029;1481542064;8
4684;7645;1481515710;18
11610;20297;1481531799;14
1575;4289;1481531809;12
20358;5890;1481515874;2
11258;10501;1481516965;6
6303;8963;1481537725;12
1642;14560;1481544893;4
3333;13930;1481521358;10
9446;2410;1481511194;16
19275;24360;1481520624;4
7620;11769;1481537577;6
8238;8817;1481516375;18
14963;10269;1481538355;4
8646;4997;1481530396;4
1401;3387;1481548075;2
6795;21313;1481538014;10
5119;9996;1481536940;14
26099;16819;1481511708;8
8001;6928;1481515915;6
16307;1661;1481531628;14
4688;21294;1481543233;12
4196;6286;1481517687;16
25042;26207;1481511351;6
27310;20078;1481527899;14
17302;7877;1481536602;16
19421;19520;1481545500;18
6290;5750;1481541404;10
10729;9534;1481534743;2
10775;1766;1481519412;8
17334;8511;1481533341;8
3004;25390;1481529486;14
12043;26100;1481548823;12
3622;1846;1481516304;16
4175;19276;1481532128;16
1236;5085;1481541606;18
10781;27472;1481535339;8
992;23076;1481516651;8
14952;23063;1481549210;4
6545;7581;1481550455;4
12694;9547;1481534868;8
10881;7762;1481525352;14
11147;8848;1481512024;18
21398;5738;1481543983;6
5956;11138;1481533464;6
6192;5757;1481541149;18
20072;5880;1481533505;2
4807;5675;1481536340;12
11090;18305;1481534313;6
2400;27281;1481514059;10
10249;19791;1481538496;6
15478;285;1481513059;12
17001;24394;1481529271;16
2285;3921;1481539400;2
3155;10375;1481528419;12
25192;2522;1481539484;4
10111;19898;1481513387;16
20399;15916;1481529373;4
7413;5117;1481511279;12
19082;10005;1481510080;12
10496;2277;1481535551;10
6239;20950;1481509632;16
400;17231;1481510669;18
10706;17399;1481542770;2
309;17922;1481512428;2
1404;7974;1481549440;16
5739;3264;1481544341;8
5393;13906;1481526451;2
27312;1483;1481522256;16
12058;2139;1481533973;2
24700;13724;1481528290;14
20414;11248;1481525671;16
6256;6644;1481546202;18
1744;17797;1481525683;16
5301;15079;1481519480;16
5772;18909;1481524770;16
347;5728;1481544204;12
6008;3613;1481535095;18
11598;21412;1481535161;10
3395;13189;1481544805;2
1841;5393;1481546970;14
5778;2393;1481526539;4
4207;1531;1481531233;18
4610;5727;1481532435;12
6386;11475;1481547370;16
7265;25024;1481512868;16
304;15114;1481516714;6
7053;14621;1481542701;16
5983;2403;1481540583;6
17417;2162;1481521833;14
24457;23155;1481548945;14
5809;23082;1481510136;6
12065;8936;1481547093;18
8461;6859;1481543242;18
1601;5100;1481543575;6
15733;23034;1481512915;8
6798;20121;1481510080;8
18465;11271;1481538933;16
6153;17863;1481548878;6
3459;19910;1481518256;16
8497;23450;1481548785;10
4025;17286;1481546770;6
4275;7501;1481530133;16
9989;5987;1481529587;6
1962;9802;1481513475;18
9474;9114;1481544917;4
20118;8895;1481544969;2
19046;7023;1481521154;16
7075;11044;1481544219;2
20071;8591;1481524990;2
21413;11221;1481515189;14
20787;10109;1481530103;8
8538;21491;1481545584;8
10876;1777;1481547341;12
15389;21482;1481542386;18
6618;22577;1481541943;4
11248;8088;1481528140;14
19851;11908;1481546576;10
9342;2320;1481513591;6
173;6714;1481542981;2
5911;11803;1481531572;16
20410;23666;1481529064;12
1107;15375;1481533712;8
25285;14238;1481522313;2
151;207;1481523106;14
4004;20775;1481522798;6
8440;1452;1481516836;2
8643;9807;1481549972;16
1415;6401;1481535015;10
23541;12581;1481526690;12
7368;15996;1481528023;2
13298;22147;1481542357;4
21837;2157;1481526997;12
12097;8248;1481529781;12
5515;7838;1481540433;12
7097;14186;1481517721;18
17350;216;1481528411;2
9649;9239;1481538336;16
9248;9995;1481529766;12
27455;16789;1481535696;14
11157;2997;1481513525;2
19507;2326;1481520664;18
11778;8762;1481541609;10
15297;27175;1481538225;18
1084;1836;1481550361;18
13203;12630;1481529972;2
1723;3088;1481527827;2
7529;3413;1481534597;2
7683;12095;1481516632;14
8561;25520;1481518174;2
2346;5039;1481511985;2
10726;19990;1481536793;12
10915;13949;1481533415;12
8973;14140;1481512136;10
8984;16863;1481534972;4
17241;11779;1481530735;4
10498;2010;1481510627;6
5514;6660;1481519076;10
1978;4027;1481517255;16
21080;1462;1481526704;8
8329;4710;1481530085;14
14193;27156;1481542127;6
303;20115;1481538467;14
1024;1703;1481547227;8
5831;284;1481536941;10
17547;17270;1481517501;8
7553;15249;1481519985;8
17475;23833;1481523037;2
10829;16858;1481521842;14
27448;25517;1481550878;2
25046;4766;1481524893;2
179;7630;1481526041;12
13888;1326;1481529545;12
6983;3592;1481542310;2
24679;8947;1481547152;2
5871;21383;1481550996;14
12798;10029;1481532714;8
6909;10982;1481539925;4
117;24480;1481547123;10
4322;2811;1481533454;16
9488;24951;1481509775;12
19273;1041;1481518727;6
12103;11815;1481520290;10
1117;12098;1481544286;12
7935;27032;1481543514;10
10422;9329;1481538650;6
21282;7700;1481522860;14
18963;12159;1481521286;10
4278;19308;1481535230;6
12220;414;1481518748;10
21807;2846;1481510655;12
1065;11728;1481545709;4
17419;5240;1481512955;2
19498;19555;1481518951;4
9997;27098;1481509706;14
18180;13200;1481528224;6
5489;20510;1481527977;12
23449;9544;1481512508;10
11229;7147;1481550110;12
27187;9531;1481510954;8
27161;23055;1481530027;16
22550;8191;1481520725;4
12310;5499;1481509610;10
24692;7488;1481528468;16
12415;8307;1481526507;6
14909;27019;1481546375;6
14433;5912;1481510675;2
6964;27439;1481511984;8
3271;27387;1481540217;12
18764;3063;1481513600;18
11606;14129;1481550884;6
21005;20926;1481512868;10
1724;1403;1481512536;14
558;7532;1481546642;12
3009;11566;1481513230;8
4664;19807;1481520427;4
2135;7417;1481532375;6
12944;18882;1481539470;14
2158;7550;1481533929;4
18843;9485;1481534812;2
3300;5920;1481535526;12
27179;6499;1481516175;14
3532;12144;1481544714;16
17377;24501;1481541670;8
15101;15519;1481510730;12
18837;4844;1481542656;14
4988;27124;1481537013;14
14693;7469;1481536812;2
1850;6515;1481547247;4
27419;13197;1481549744;12
11829;389;1481542453;10
27356;11173;1481544318;6
6358;1843;1481542045;12
14203;16918;1481528043;2
27165;8017;1481548795;2
1400;2152;1481525107;4
5997;11565;1481544267;14
1676;14131;1481546632;18
5953;11401;1481543595;16
5259;5277;1481521679;8
9312;16913;1481513094;6
8546;27228;1481532792;6
20370;8146;1481539858;2
15031;8359;1481528776;10
9209;14934;1481534113;4
6533;23647;1481516089;4
8499;1641;1481515399;18
2366;5654;1481520697;4
22795;21803;1481517110;14
12411;23893;1481523040;18
18082;9286;1481531099;18
22268;12240;1481547406;12
10219;1929;1481543051;8
6697;19625;1481516423;16
9680;5958;1481542118;14
17036;955;1481542710;12
6829;2643;1481525786;16
3957;13259;1481533656;14
18040;10446;1481514385;18
6405;566;1481512553;10
23786;23885;1481521389;12
13815;6302;1481544632;10
9064;21282;1481542482;4
11143;24173;1481512335;12
8131;14124;1481522566;16
9241;12374;1481547116;2
10518;12405;1481548249;8
4218;10357;1481531283;14
1035;9165;1481513367;12
14488;6919;1481521548;14
10703;23884;1481517682;12
9970;27296;1481550371;2
10982;7182;1481528142;16
6135;11056;1481538081;14
11630;6503;1481547605;12
2378;5746;1481540243;18
6767;5051;1481550910;18
19297;8643;1481545751;8
10561;2285;1481543927;8
7093;4911;1481511661;18
12644;3512;1481535654;12
6463;1363;1481546043;8
11004;6236;1481526651;10
1574;5421;1481544730;14
21414;12115;1481518276;14
10182;1837;1481537751;18
27056;24352;1481528764;2
8848;6582;1481533172;18
12309;6918;1481520562;10
4853;6661;1481547966;16
13495;46;1481539815;8
899;14558;1481520018;12
3984;12229;1481534661;14
6660;8058;1481530090;16
5399;16201;1481525193;16
9548;3333;1481538068;14
17871;2417;1481519829;12
14445;18334;1481521729;4
6592;7503;1481544873;12
6296;6672;1481526567;8
15015;21305;1481543094;4
14193;12093;1481526695;16
10514;26999;1481510498;8
9544;1314;1481540433;6
3790;4576;1481546803;18
4729;8027;1481540252;4
14119;14132;1481526376;8
226;18105;1481529508;2
14583;7145;1481534753;12
6319;12630;1481546602;10
1160;6169;1481513929;18
6443;21003;1481530207;2
11150;18887;1481550311;10
430;18960;1481542811;10
4731;1956;1481517649;2
11132;6187;1481537539;14
1376;23644;1481512310;12
1874;17270;1481550932;16
11394;21480;1481517696;12
4335;17349;1481540433;12
5704;6139;1481539265;14
3424;27132;1481540742;8
19217;24571;1481533214;8
6729;21415;1481528352;14
10420;14040;1481520409;16
8799;11602;1481547972;4
25532;9416;1481541619;6
12578;15753;1481536568;8
19079;10567;1481525144;10
27209;6246;1481533243;14
4802;20116;1481530440;16
20932;26322;1481522174;8
9976;22576;1481549910;10
413;10019;1481533093;16
19885;23622;1481513675;2
11153;16351;1481511654;4
7404;19490;1481534306;16
9137;26308;1481532933;6
3604;13995;1481548622;6
1168;6663;1481538886;4
5978;16037;1481519459;12
24714;23697;1481514729;8
22586;7009;1481541155;6
27556;17870;1481529129;8
1199;16872;1481521163;8
22494;11802;1481549251;14
1681;4347;1481521619;6
25180;5803;1481538987;18
18810;9363;1481525148;4
14274;12869;1481535715;6
27197;20572;1481528039;18
4312;6383;1481524156;18
22613;7483;1481533650;18
21718;26240;1481526988;16
8140;7343;1481542301;10
1065;16105;1481541679;16
26305;7085;1481546102;12
19454;15325;1481541091;8
12155;9356;1481518566;10
2741;10387;1481549785;6
6700;3693;1481539869;8
3124;21452;1481522079;12
6879;22430;1481537749;16
3091;20461;1481541571;8
25341;11908;1481539281;10
6790;227;1481524353;12
13776;27024;1481525873;8
7908;21313;1481543995;4
9856;1877;1481544434;18
2426;14692;1481523051;16
10248;4911;1481509881;8
19057;10543;1481515464;8
5935;4267;1481544483;18
20071;19454;1481523497;4
9287;9464;1481519200;14
4754;2127;1481537013;6
18046;2374;1481520691;4
1278;22452;1481537287;4
23669;6550;1481522861;2
27311;20936;1481542243;16
1927;13880;1481550952;4
23158;16128;1481548505;2
1311;3289;1481532639;4
5739;7173;1481515700;16
200;903;1481513890;2
2274;22643;1481549341;4
6474;11616;1481526834;6
26108;14909;1481519941;2
27555;23019;1481550270;10
8050;12644;1481531973;8
23161;27554;1481549467;18
106;7165;1481528624;4
5933;8509;1481520957;8
27478;6644;1481543169;12
9015;24429;1481517579;16
25246;4628;1481532087;2
6467;9438;1481516662;2
11089;8324;1481534514;4
3681;4580;1481547514;18
20857;10556;1481550904;6
7314;9541;1481535203;12
9431;1055;1481551136;2
1722;10609;1481531161;16
18902;3264;1481537186;10
5746;12573;1481547510;14
16894;970;1481512213;14
23867;1763;1481535602;16
26039;10426;1481525792;8
10356;23859;1481525769;16
21398;9538;1481543099;16
91;11238;1481543219;10
19068;11720;1481523929;8
434;7619;1481520559;14
19088;6320;1481518546;6
15125;6801;1481515018;12
15139;25187;1481518840;6
24933;22258;1481549166;2
3291;16294;1481535671;14
15750;9024;1481544564;6
11114;10655;1481526610;18
1230;19288;1481523369;2
4296;5633;1481535275;14
6999;1312;1481527340;18
14138;7884;1481509852;6
19059;7672;1481515282;18
7838;19790;1481523469;18
4036;7030;1481539201;8
236;12162;1481534016;18
108;20353;1481550049;10
996;23344;1481538031;12
20403;3749;1481517168;16
15336;1192;1481545544;14
23117;622;1481516816;2
19991;5703;1481535797;18
18871;7544;1481529176;14
19984;11159;1481542238;18
22961;12134;1481524409;8
18472;13496;1481545626;2
24571;11806;1481510865;12
9819;24680;1481520048;14
23863;2320;1481511055;2
441;19372;1481549070;2
12951;20090;1481515235;18
27392;5479;1481513772;4
7902;20526;1481535828;16
6686;18841;1481524163;16
5779;27037;1481515150;10
3738;24692;1481520121;2
7557;8775;1481539745;2
5756;9568;1481542648;4
22653;18077;1481534675;10
4690;23786;1481531891;18
3427;10272;1481530179;12
15508;6860;1481523477;6
7052;7073;1481529745;16
5864;6272;1481533422;18
985;5400;1481511023;8
1367;17174;1481544187;8
23787;8329;1481520554;12
22215;5852;1481533581;16
5488;2823;1481543266;4
1315;8365;1481511637;10
17364;17843;1481519761;8
10255;4507;1481520599;12
22509;14150;1481542431;8
10267;23109;1481546053;18
5262;25504;1481511036;10
17903;5750;1481511153;8
10718;6108;1481513516;10
3752;16192;1481540999;4
5101;6926;1481530948;16
8013;9510;1481521605;6
4600;8987;1481523158;8
13904;5330;1481535769;6
27332;14269;1481535574;4
4520;20399;1481532294;14
92;23444;1481538348;12
15464;8600;1481532887;18
19297;5811;1481544493;10
6970;4866;1481541504;14
7148;2361;1481520109;6
22651;14633;1481539411;6
17028;3937;1481516202;8
24392;19969;1481532177;10
6194;1875;1481523198;10
5857;7176;1481512285;10
15918;6160;1481540479;18
8383;17163;1481525450;10
5869;12098;1481529628;14
1328;6407;1481509627;16
7973;18321;1481543822;10
11596;9274;1481516840;2
975;6674;1481536994;12
25156;14113;1481516691;14
7771;9309;1481546815;4
14641;9980;1481532847;16
20869;3607;1481543325;4
11858;22680;1481538995;4
7818;12652;1481532765;2
24481;3748;1481536152;4
22450;4191;1481529032;10
5516;8887;1481534957;12
17570;7408;1481519034;16
8801;5398;1481545281;12
10880;24349;1481541467;8
27188;11133;1481532323;12
12413;12325;1481520925;10
12355;11761;1481533701;18
8581;1039;1481519105;4
10591;20517;1481547899;8
17420;6166;1481536115;18
6686;25468;1481529934;14
15030;962;1481519578;8
23815;25167;1481550189;10
26083;5108;1481544816;4
11033;19547;1481550796;6
1859;20792;1481517412;8
16006;1993;1481510794;14
4656;10522;1481529797;14
6247;15312;1481528283;6
1890;6512;1481544311;18
15033;1768;1481513884;14
20486;26112;1481514367;6
881;17156;1481528018;18
3448;3699;1481542316;14
6595;19712;1481516594;12
7977;10162;1481534654;12
6289;8553;1481530439;4
413;8588;1481510884;10
7696;18312;1481516307;10
12045;2775;1481515030;18
3903;23446;1481516281;6
21283;6455;1481535350;14
13224;7173;1481535474;14
14572;5285;1481530941;18
13820;3988;1481541207;12
14629;4860;1481543303;16
21289;8530;1481544790;14
18173;3006;1481543320;2
4547;8107;1481515774;4
7869;2171;1481533857;16
16141;1671;1481533223;18
25520;9549;1481524803;4
14118;5405;1481519910;4
9742;9464;1481550336;2
19436;5480;1481522207;2
17307;1268;1481544885;18
8834;3755;1481549402;2
6259;1583;1481510992;18
14260;395;1481524798;14
23762;16797;1481525207;14
4521;5634;1481529469;16
21480;10696;1481525697;12
21230;15078;1481540892;10
178;6941;1481540632;18
27491;8888;1481545150;2
27204;8117;1481551057;16
4028;8332;1481513811;14
26150;27175;1481514775;16
5771;22586;1481546196;18
8377;3373;1481527981;10
6016;18423;1481541489;12
13;6928;1481541656;2
16852;17892;1481540846;4
25493;15101;1481536564;4
20769;440;1481528985;6
16124;7447;1481514719;2
1868;11624;1481541107;8
10379;19170;1481547340;6
5750;7280;1481540790;8
7387;8602;1481543761;10
24369;9972;1481524494;2
1221;9865;1481540719;4
11842;11749;1481533808;16
27465;27161;1481516858;18
1033;6555;1481512551;4
22640;9798;1481512916;18
21302;5961;1481524396;14
9443;10623;1481532884;16
5379;21373;1481540236;10
3984;4920;1481515994;18
6648;21834;1481516255;16
11122;24174;1481551067;14
8445;5280;1481535105;14
6721;1050;1481549629;16
2364;7934;1481522960;8
8302;22303;1481515854;12
9393;4963;1481545105;2
26036;22298;1481544023;12
6950;27051;1481536283;2
6473;14243;1481514482;14
20693;23120;1481534875;4
18899;7533;1481519715;14
1737;5839;1481526436;14
13202;27540;1481523103;10
7771;23507;1481529717;10
17239;11991;1481514354;12
2399;12726;1481530123;14
4281;2952;1481544445;4
1626;10406;1481536633;8
3375;52;1481548125;2
10532;3952;1481514894;4
27103;1056;1481540592;8
1077;1862;1481531562;4
1368;290;1481550140;18
3219;242;1481550193;8
19986;3057;1481522895;6
6197;10092;1481550435;10
27556;20293;1481530434;16
15002;17885;1481517574;14
23616;9478;1481521336;10
19851;6631;1481519958;18
4251;4684;1481528613;4
10252;4903;1481544825;6
22574;9065;1481535902;8
9422;27426;1481530616;14
15017;12772;1481539699;14
11846;24670;1481538489;12
9950;18183;1481519057;16
18085;343;1481538399;14
7298;10230;1481544941;18
27398;2287;1481534747;12
4744;2347;1481531725;10
20461;6879;1481532692;14
6112;13913;1481549864;8
5822;25048;1481532466;16
10598;2332;1481530956;10
9759;8033;1481530658;6
9533;2395;1481530331;16
129;82;1481522045;18
11153;1838;1481544573;14
1587;10575;1481519407;18
7608;16043;1481526630;6
14863;1139;1481518423;2
10647;7208;1481513258;12
12614;11227;1481530296;2
7547;21308;1481519871;16
5888;2119;1481537262;2
14004;4686;1481539202;12
6110;1224;1481527955;6
13343;21384;1481519473;4
7813;19218;1481522117;4
7790;3012;1481527745;12
10319;7426;1481517255;8
6302;25508;1481522243;10
19305;6571;1481535823;6
25258;11790;1481514445;14
5278;18884;1481543532;18
14169;7806;1481527061;4
2036;27542;1481544039;2
8492;19889;1481545818;10
15368;8880;1481533769;4
8567;12071;1481546355;14
14108;20656;1481546501;8
5932;11091;1481544304;14
6552;12177;1481512378;14
6817;891;1481537358;16
17470;6921;1481542502;12
13819;9794;1481531551;10
10929;7596;1481518363;10
21087;26185;1481544085;8
3373;3457;1481550323;4
5431;6338;1481528729;16
17797;27280;1481516526;16
3545;8320;1481539730;2
9114;9798;1481511886;12
4927;3066;1481532304;18
8379;8488;1481541487;8
16120;4008;1481515496;12
15241;14712;1481538989;4
26306;24963;1481514761;2
1726;14896;1481516948;2
20081;9938;1481546572;10
3459;1678;1481511529;2
8016;3578;1481540219;18
19939;7012;1481514996;12
8889;9987;1481514031;14
25179;9215;1481544065;10
7167;19989;1481531330;8
15214;27047;1481540983;12
12290;7145;1481534214;10
6867;4218;1481525448;10
14878;8888;1481519494;10
7387;8119;1481519455;8
2170;6483;1481542477;10
24532;7841;1481518436;8
1363;24413;1481544107;8
2836;3032;1481543781;4
21481;919;1481540455;12
8129;23861;1481515540;16
16203;3948;1481514731;10
33;8388;1481513851;10
3427;20769;1481542103;2
3007;8484;1481541752;8
16123;16181;1481544195;18
128;4947;1481549334;8
11806;19419;1481526295;14
18812;22550;1481545176;6
4158;7496;1481520688;2
173;20901;1481547720;12
10547;3427;1481517188;16
23328;15317;1481549977;8
4191;9887;1481537637;16
18878;11988;1481534224;6
6273;12712;1481539053;12
16849;9418;1481550167;6
25467;17402;1481518314;4
20085;24726;1481530394;16
7814;1959;1481543283;14
17024;27413;1481526202;2
20338;4775;1481543802;2
12951;4547;1481532241;10
11037;3465;1481517141;12
5765;7978;1481538479;18
8016;10886;1481535604;2
8949;20588;1481537050;18
4259;26156;1481510281;4
23763;3010;1481550134;14
20465;17501;1481530972;12
9446;3983;1481548690;4
9661;9192;1481543232;16
6109;9328;1481529726;12
19773;11146;1481521580;16
22445;6917;1481511075;6
4659;6190;1481527482;12
17006;19496;1481526307;10
16183;4748;1481548190;18
5883;5046;1481524284;2
2175;14553;1481538241;10
8299;2352;1481536604;12
2605;10912;1481515409;16
21472;14821;1481548457;2
20090;20707;1481521909;2
5284;987;1481543504;6
4258;7831;1481512263;18
17003;20048;1481531517;16
6289;12045;1481544181;18
9746;27439;1481540803;2
8280;8333;1481529433;14
11018;10288;1481550817;8
4847;1032;1481540965;4
23055;11156;1481524095;6
12656;4809;1481524854;10
19860;24987;1481516505;18
25343;23357;1481525505;2
5478;10212;1481521679;4
15032;247;1481532025;6
25363;6658;1481511352;8
15160;9769;1481540599;8
17049;126;1481534201;12
10003;20685;1481520131;4
1426;7504;1481528047;14
27104;314;1481550108;12
27486;7155;1481515089;6
7404;1053;1481535453;6
19269;6259;1481546140;16
4312;27047;1481542876;18
9423;8837;1481528766;14
6580;5479;1481527994;10
19781;7519;1481535891;8
1182;4786;1481550734;4
27178;11131;1481530606;16
14782;9956;1481517868;6
27200;196;1481545819;6
7695;5949;1481509642;2
1642;4290;1481524405;18
15909;27131;1481540794;4
94;210;1481545761;12
27431;9800;1481529794;16
4677;5931;1481514951;4
5934;9023;1481516381;2
1517;11090;1481531231;4
1844;21797;1481517679;6
5250;18875;1481547227;14
3605;7646;1481541212;6
5980;11718;1481539325;18
24355;17531;1481539031;12
9479;9993;1481515110;4
11805;12354;1481538381;18
26185;6971;1481532261;14
12818;8647;1481519050;16
4642;20906;1481544171;2
1519;17150;1481534346;10
7436;2808;1481518053;8
3791;3020;1481524167;14
8777;15303;1481543670;4
4336;9635;1481539335;2
24726;13785;1481547503;16
5907;14627;1481544902;8
9778;27311;1481530178;8
2828;4217;1481549059;4
20300;22928;1481512030;6
20119;20627;1481532309;6
9533;23335;1481550684;2
17038;25331;1481520703;16
4875;27164;1481536593;12
416;2429;1481550571;18
11176;19983;1481546201;18
9290;4757;1481549762;12
9521;11601;1481513662;8
19593;5354;1481542368;2
2122;27422;1481545873;12
27356;16182;1481522096;16
9747;11780;1481526097;14
8931;6354;1481535823;6
14441;12012;1481519066;10
1422;1298;1481527069;2
11208;5829;1481522087;8
18052;9441;1481543975;14
7439;1371;1481541901;4
9105;16034;1481542693;6
6587;4881;1481544925;4
6459;3721;1481519498;8
7524;26035;1481528545;18
17577;11270;1481529563;6
4574;6869;1481512987;4
25001;20007;1481521230;10
8936;25390;1481525166;8
5672;14283;1481510525;16
15764;21795;1481520608;8
307;27052;1481524822;14
21384;10323;1481509832;10
1187;958;1481521729;12
17173;7778;1481534879;4
15241;18325;1481541460;8
16812;23344;1481549127;8
8488;4752;1481533364;16
18903;3593;1481548916;4
1025;27162;1481548244;8
4956;144;1481512573;6
27095;20609;1481527392;18
18880;6296;1481544106;14
16936;2806;1481513044;4
1161;11034;1481524017;2
12643;5696;1481532792;10
20041;6656;1481544045;14
14140;11849;1481519112;16
13875;7413;1481517316;2
6991;19759;1481520100;18
1324;260;1481544941;8
10207;15100;1481549634;14
21281;14924;1481533111;14
22272;14261;1481522316;8
12567;19865;1481544221;10
1697;16129;1481511772;4
21387;1741;1481532847;6
12188;18071;1481518007;10
8365;61;1481517969;6
20454;6355;1481540226;4
6228;5387;1481519098;16
7274;5955;1481540895;10
27447;8869;1481510912;12
13187;5826;1481521714;4
11025;11227;1481517402;16
7601;1590;1481541916;14
5364;24726;1481520768;10
11954;1725;1481512793;14
11602;8834;1481511346;10
4049;3995;1481538747;6
1022;6607;1481519282;16
10568;3568;1481522420;2
19286;21398;1481540825;12
18069;11951;1481538061;10
10012;9964;1481536385;16
7764;19885;1481528300;8
25285;4654;1481517139;12
10308;10215;1481530452;6
4278;21473;1481540189;10
21225;20353;1481534064;8
4677;4158;1481510267;16
10174;1988;1481550277;10
3538;13907;1481519292;18
25057;10907;1481547278;2
13426;21451;1481530502;2
4260;23623;1481544678;14
5634;7843;1481548269;6
4548;5052;1481530421;6
7812;17391;1481545296;12
13296;15030;1481520141;18
17579;16884;1481510246;10
8525;7390;1481540581;12
24931;8596;1481545148;18
12186;2283;1481525259;6
11247;8919;1481509524;6
8560;6557;1481531832;8
10411;25174;1481547941;4
4049;21373;1481543236;16
14573;18845;1481526362;16
16834;1351;1481513480;4
17268;27031;1481514576;2
9256;6683;1481519568;18
7893;5645;1481549363;2
19817;17566;1481538869;6
8898;5808;1481527663;6
2750;7647;1481534031;14
16180;23365;1481529359;2
12059;6815;1481528511;4
5810;14890;1481519218;14
22536;11268;1481543917;2
8140;5635;1481541087;16
10543;4707;1481533729;4
27322;1066;1481528683;10
2746;18175;1481514486;4
9536;3325;1481510588;8
6777;27547;1481529510;4
12150;19910;1481530551;6
10220;23538;1481548124;4
5019;17149;1481521203;6
244;305;1481535301;10
10072;921;1481524209;8
12291;1857;1481538220;12
9182;8882;1481527498;10
4348;4752;1481512992;12
8492;22177;1481514684;8
16203;25167;1481534730;8
2814;11717;1481510309;14
3976;8139;1481536272;16
25067;6024;1481547111;18
9417;2755;1481550501;18
6952;7806;1481531577;14
26480;7169;1481521433;2
15029;15236;1481542275;10
16656;5962;1481530670;16
7036;388;1481523093;14
16709;23524;1481530513;8
15008;7886;1481532991;16
17419;1119;1481511724;2
1886;17267;1481540544;16
6316;338;1481516457;6
3648;21443;1481535428;10
16797;21465;1481547130;14
25518;7569;1481547641;16
16191;20413;1481512159;10
4043;5920;1481534067;12
7452;21071;1481533949;8
27416;5404;1481538119;10
341;4316;1481521123;8
11947;8119;1481533534;2
18336;20053;1481533143;16
21807;24285;1481531814;6
11484;15378;1481526019;2
9063;13618;1481544670;14
27185;9890;1481529981;10
1671;38;1481513120;4
27177;19432;1481517418;2
14805;11615;1481540312;6
12023;8143;1481511811;14
11790;24481;1481513613;18
4018;2320;1481547217;2
3996;6821;1481527226;10
15026;3287;1481529128;6
10610;9869;1481522549;8
6213;23002;1481542511;10
9549;27323;1481546474;4
5403;17285;1481527874;16
2319;6368;1481527506;2
3544;14552;1481527830;14
8433;24734;1481541042;14
199;23832;1481515118;6
20224;27376;1481510255;6
8960;20481;1481512920;6
11139;15961;1481514234;8
6486;20527;1481528809;14
4210;3974;1481516430;14
9527;1726;1481515040;6
11021;15230;1481518585;16
9423;3916;1481532632;4
23469;1063;1481532356;2
21254;20129;1481530886;18
4521;5429;1481510536;16
14651;19827;1481516805;18
27129;16320;1481549341;10
4672;13852;1481546260;2
24470;25269;1481545700;18
6989;8351;1481536358;16
15762;11565;1481525773;14
11225;25344;1481549949;6
17053;2280;1481538622;18
1531;4801;1481548023;16
4224;11625;1481538415;2
22527;19925;1481543255;2
27405;8134;1481528901;16
7823;2953;1481526578;6
24478;5778;1481528019;8
9602;10176;1481528271;12
18178;21711;1481515193;18
8988;11218;1481548483;2
5037;5028;1481550832;10
6440;15071;1481539559;14
20099;6324;1481548201;2
23329;6648;1481544778;10
7041;1418;1481515226;10
970;2808;1481532953;12
17003;2782;1481544075;12
3146;14632;1481515900;14
20740;20519;1481510650;2
14586;15368;1481527444;14
5993;18821;1481540810;4
27381;15031;1481522390;16
2017;3420;1481528308;10
8429;23695;1481545067;2
12372;2833;1481528194;12
9973;6188;1481520055;14
11782;7041;1481524505;2
3622;195;1481547142;10
26305;9889;1481549489;18
4903;12887;1481527475;8
16558;1691;1481528204;2
4928;16902;1481549281;4
956;17883;1481531574;16
1688;1392;1481539091;6
13288;8052;1481523553;16
11917;17530;1481535936;14
9156;4508;1481550720;10
11601;14138;1481514846;8
15961;16892;1481538815;6
7531;19210;1481539786;12
19075;20372;1481543631;12
3010;6486;1481525214;6
1980;6327;1481535729;18
24061;19946;1481512656;12
12021;4179;1481539475;16
24970;11019;1481517065;10
6598;4530;1481548645;6
11143;1720;1481542371;2
14547;7244;1481528725;4
3377;5630;1481538027;2
22293;8291;1481519164;10
22180;20807;1481525481;2
3698;4750;1481533009;8
17417;3903;1481532445;4
7039;13971;1481531828;12
11127;1118;1481537829;8
13861;24164;1481521984;18
10097;18810;1481510679;8
23328;1795;1481522009;16
14164;27124;1481518747;2
23187;10281;1481515968;10
1579;5124;1481529399;18
10695;10605;1481536471;16
2149;18175;1481549489;12
3536;4932;1481525739;4
14822;6802;1481510892;8
3511;15752;1481545279;14
7910;12624;1481527121;10
6602;4891;1481538868;6
11405;6218;1481517771;12
58;22928;1481529025;12
412;10093;1481539739;12
1246;18877;1481530569;6
8600;4900;1481516914;18
8598;7397;1481528464;4
3736;9753;1481533842;8
22579;11635;1481547977;6
27450;14199;1481520296;10
7159;8494;1481547446;4
1503;6543;1481533985;6
6249;2834;1481544948;4
19960;27445;1481547048;18
3371;10465;1481529299;12
5714;27449;1481542119;10
18817;1579;1481525564;10
16193;13618;1481531820;2
13870;9573;1481513803;4
9766;21461;1481528601;12
5925;24277;1481540326;14
14642;4040;1481538792;16
20065;8693;1481545192;8
17296;7017;1481546039;12
22999;21410;1481535100;2
17539;26148;1481510610;8
7512;8486;1481523364;14
14583;186;1481530541;14
3070;12742;1481511989;2
17846;15229;1481548299;4
8742;13859;1481521704;2
6245;12426;1481548047;16
4291;7777;1481521180;12
6225;9978;1481510479;8
14936;14655;1481544834;2
4607;1435;1481539856;14
6763;9638;1481529149;10
21212;8949;1481542987;10
18533;8418;1481519726;6
7904;23507;1481524419;16
2146;3412;1481535930;18
20606;6975;1481548946;2
5531;8936;1481511111;18
25382;2115;1481521542;2
27325;4808;1481511348;18
20794;6962;1481517110;18
5804;2285;1481535126;2
16093;5761;1481530969;2
9447;14996;1481519126;6
24427;14272;1481531130;18
11391;16105;1481525231;2
1390;18834;1481537711;10
25413;9533;1481516616;12
6199;21071;1481526209;12
26152;15750;1481550656;18
9285;5001;1481544551;18
27195;2412;1481518052;4
10650;24511;1481517367;12
16929;4925;1481514288;18
8050;24472;1481512249;14
9828;3746;1481544663;8
8355;8106;1481515931;18
5245;2365;1481527449;8
7859;26189;1481525723;6
8691;8655;1481518821;14
24963;13123;1481509514;4
6775;21758;1481535545;10
4297;4023;1481511473;6
17388;5028;1481541940;18
4249;19229;1481549793;18
19319;25170;1481550244;4
14430;9986;1481548662;6
4967;14999;1481550474;14
10183;23971;1481514607;14
5354;10000;1481550798;6
9623;9638;1481542349;12
14640;20132;1481541044;6
7975;24668;1481550798;10
8602;7488;1481543074;6
9773;6839;1481541908;12
6553;18511;1481542585;14
8249;27124;1481514647;10
17392;7483;1481510430;2
3427;14822;1481524257;12
25061;14961;1481520113;12
20124;8849;1481538944;6
6467;19551;1481523259;8
27468;4312;1481518564;16
9499;22495;1481544576;2
5409;233;1481517754;12
1513;20416;1481543653;2
24532;8492;1481519248;10
1512;8221;1481519581;16
1045;2761;1481536006;14
5745;218;1481543109;18
6383;3702;1481527322;14
23805;7855;1481515738;8
15075;7809;1481528207;16
24657;27489;1481526795;18
17482;5293;1481531410;14
1016;6108;1481551020;16
5885;15735;1481546025;14
4781;20423;1481540285;18
1103;5959;1481544353;6
27097;10184;1481528876;18
14656;10600;1481513772;2
24508;24926;1481519473;6
10622;21840;1481517177;10
6167;27549;1481544430;6
3396;25051;1481535676;10
8018;9137;1481519053;10
9285;7830;1481513102;2
26073;17454;1481525742;6
12700;27059;1481520458;14
3942;5768;1481526534;16
6626;12426;1481532606;4
12781;4288;1481527930;12
11891;6610;1481536490;18
5732;7597;1481516146;6
4899;19320;1481511737;18
9158;17470;1481519471;4
8902;7157;1481534513;4
10405;11795;1481544804;8
13819;20575;1481523474;16
19947;15243;1481548576;10
9963;7834;1481547175;2
25164;1696;1481514459;4
23003;2146;1481522988;16
17893;9407;1481533255;6
9027;22133;1481540207;10
1124;3778;1481530420;14
22441;11601;1481526138;18
1096;374;1481525430;4
3294;10912;1481546727;6
5298;4864;1481520305;4
3121;17573;1481540304;8
19960;12650;1481511404;10
5780;7914;1481529378;8
1562;3258;1481545411;12
23648;25175;1481517103;18
15015;12557;1481521959;2
19984;23743;1481541628;10
21283;19831;1481538076;14
20287;19889;1481520527;18
17891;20922;1481541171;12
23366;27459;1481545547;2
6316;9512;1481540801;14
14451;20336;1481526119;6
25412;25493;1481510711;18
1223;2979;1481522275;6
10323;16822;1481535301;18
3712;25182;1481514972;14
14890;343;1481551053;2
9710;19286;1481532252;6
27055;17271;1481541374;8
27324;12220;1481534977;12
19590;7048;1481510107;10
10909;6788;1481511608;16
20931;23813;1481530038;10
6775;11232;1481520508;4
10555;11023;1481521578;10
2733;8121;1481521557;14
10103;6441;1481523462;14
5857;8498;1481531057;8
10362;24572;1481540246;14
6714;26394;1481524125;8
913;15307;1481534804;2
1381;6853;1481534600;2
10317;351;1481537793;2
20600;9551;1481540405;4
9304;27290;1481531893;2
20852;388;1481535113;2
3952;9532;1481513233;6
120;12410;1481515405;2
50;3977;1481525951;12
7333;7155;1481529071;16
968;7881;1481548439;6
1644;4811;1481535581;10
4993;6801;1481525458;12
6679;1363;1481550488;2
9315;14488;1481529244;8
25166;1101;1481528432;18
1486;21461;1481548041;10
12047;13778;1481511162;12
7892;19772;1481513686;10
22976;8817;1481528894;14
21089;399;1481520112;18
6143;1259;1481549715;16
22177;5019;1481516530;8
6263;12045;1481536943;12
9758;14135;1481535328;18
24416;12407;1481531019;14
25508;11958;1481547291;16
2026;8464;1481543988;10
325;14660;1481517250;16
1877;3510;1481522263;14
26322;13817;1481526511;8
3607;14899;1481550123;12
2427;26156;1481539628;10
155;9364;1481534475;6
26392;4204;1481532873;10
8123;1157;1481535695;16
5918;21003;1481545467;14
130;14985;1481527132;6
376;22976;1481549380;16
19422;20974;1481528211;18
7538;8454;1481509722;18
7030;7246;1481529112;8
19209;20712;1481511705;14
147;9019;1481530882;6
5505;21282;1481521613;10
9453;25025;1481546008;12
22647;6939;1481530859;18
9802;24669;1481534093;4
11021;999;1481541942;12
23805;19818;1481528671;4
17253;11393;1481530873;14
20853;1557;1481517546;2
8557;8575;1481512861;18
13681;27321;1481539576;8
27267;78;1481525894;6
10028;15474;1481509607;16
16200;7308;1481528392;4
24965;362;1481531821;10
18338;27331;1481541269;6
6308;2419;1481544696;14
15312;5898;1481550646;14
1302;25070;1481512623;4
22927;3686;1481509578;4
11717;23085;1481543379;6
11119;18350;1481533147;12
16656;7416;1481513280;16
2772;377;1481519212;14
15460;5419;1481549060;2
2525;1885;1481540058;2
12641;24745;1481548745;12
20361;14633;1481523953;14
12401;17412;1481523943;8
21279;25056;1481517441;10
11615;23445;1481527128;12
24738;419;1481542789;18
9192;2729;1481543462;12
16198;24570;1481543766;12
18338;7439;1481528406;18
23026;307;1481523987;12
9679;4301;1481533413;2
3625;9246;1481535283;2
20225;10568;1481551054;6
17285;1169;1481532007;18
6633;4544;1481513874;2
1064;25186;1481532289;4
8436;3416;1481548953;16
2839;19234;1481550728;6
21;19498;1481540632;16
11375;27200;1481546679;18
7867;2753;1481542896;12
20792;1189;1481536761;2
7715;20052;1481542391;8
8528;22578;1481548872;4
4184;8475;1481546538;4
23152;6320;1481550640;16
1454;8471;1481513072;2
12013;15077;1481535119;6
7;9602;1481518698;16
25089;399;1481523254;8
5358;1932;1481513125;2
5090;4825;1481534727;16
7479;27431;1481519647;14
8438;20735;1481530537;6
1503;13911;1481546095;10
1567;23815;1481546066;10
7672;3247;1481534317;2
14264;19078;1481542814;12
15243;4244;1481536423;16
24257;6996;1481537833;4
8482;3738;1481515458;4
8383;26478;1481545298;2
19721;25265;1481533914;8
16651;5755;1481532079;16
19547;27047;1481542907;18
18332;4253;1481539878;6
24410;22542;1481511116;14
20121;5818;1481541725;12
11084;4521;1481532956;18
7365;13940;1481509648;6
88;10876;1481536267;2
11001;1886;1481524628;10
179;10279;1481550807;8
19972;2020;1481518278;8
7898;11765;1481548792;12
12239;1583;1481540932;12
23618;6386;1481521078;4
13808;6599;1481537893;14
2931;16198;1481525291;2
2328;8888;1481546795;14
11176;7624;1481512488;8
11598;6405;1481544746;18
11613;23756;1481522051;16
19934;207;1481519288;14
5395;16925;1481541395;4
6536;16847;1481514295;4
3009;6815;1481536846;18
6789;3648;1481526989;2
10767;6140;1481531935;8
23748;10632;1481537283;4
5942;21487;1481549875;18
9893;17404;1481526355;18
10272;1686;1481517822;12
19300;3086;1481519463;6
4854;16841;1481542622;6
14105;1131;1481535541;6
10571;17846;1481541792;18
11264;9946;1481534505;2
13011;4667;1481550909;6
21318;24695;1481544906;18
11085;8961;1481515526;8
6686;15389;1481517439;10
9528;20887;1481521585;18
25269;15379;1481531673;14
5845;16134;1481529731;4
20935;24584;1481514355;18
15370;5091;1481525648;16
8985;4018;1481523844;2
19038;1078;1481512734;12
12027;26473;1481528783;12
10028;26308;1481514922;6
14962;17880;1481509672;8
4942;1582;1481526143;6
4780;26029;1481547102;2
125;20356;1481546375;6
1908;19749;1481515161;10
20096;6718;1481537468;14
19229;1099;1481519681;14
13296;9153;1481544099;14
6463;11029;1481531071;6
5128;3715;1481538688;8
4175;19041;1481510514;8
11782;10542;1481546092;18
19825;9198;1481530381;8
7906;10318;1481514468;16
20888;27549;1481515334;18
15522;7168;1481515725;18
19788;24965;1481549039;2
3716;9153;1481529249;6
2036;11392;1481546954;10
4572;10696;1481540812;12
5128;9150;1481513635;12
6191;3982;1481534722;14
17416;1559;1481529378;14
9442;4312;1481522131;2
8864;18075;1481525880;16
16807;15380;1481530772;12
8544;25385;1481544176;14
13774;22964;1481536719;6
5375;10828;1481533164;14
6559;20518;1481541453;16
7426;17398;1481545563;8
2987;2798;1481520841;18
3916;15464;1481537713;16
6966;20673;1481522408;14
315;9838;1481534830;2
8498;14648;1481522631;18
12136;9953;1481512110;8
25365;3991;1481531909;10
4009;1206;1481542616;10
13873;1139;1481547351;12
15227;21299;1481536727;2
15243;22603;1481543202;14
15350;9323;1481521499;8
3614;8044;1481543579;10
5673;17337;1481547213;2
4041;19780;1481543566;2
2833;18130;1481540807;6
21845;4036;1481550423;6
23022;7355;1481530772;10
8289;17231;1481518417;18
5613;8818;1481526309;12
7768;1454;1481540825;12
23037;4785;1481527062;2
10615;19956;1481528070;2
20086;27422;1481525892;4
8834;27002;1481535374;6
9954;5876;1481523628;18
9152;917;1481518143;8
23098;23622;1481541171;16
11790;2130;1481537671;6
5718;3488;1481534847;14
19792;19737;1481528827;18
7456;19721;1481542232;4
8741;9673;1481531998;16
3755;3375;1481518482;18
19897;7572;1481522880;12
9534;19296;1481511890;18
13859;14201;1481533633;4
16035;15767;1481550806;2
9838;5993;1481520809;16
6253;19476;1481526117;2
1314;16836;1481537073;2
20144;13216;1481538586;18
13081;3088;1481516576;18
3691;23755;1481540401;6
396;6467;1481510721;12
1672;6232;1481529847;14
1336;11807;1481521020;10
6031;992;1481530460;14
9437;6211;1481544830;2
9109;9867;1481541425;18
7142;7325;1481549059;2
9204;228;1481513030;8
16535;3699;1481526058;10
9361;13081;1481547327;4
6484;1116;1481520773;4
46;21373;1481528841;8
4866;7000;1481531513;8
7369;8912;1481544708;6
27461;5957;1481536036;8
20397;60;1481547890;16
22577;7948;1481544886;2
5472;2809;1481514951;6
26502;18144;1481513255;10
4803;17302;1481518179;10
17265;22501;1481524092;8
27430;2385;1481545099;18
7886;20544;1481535222;18
2950;21071;1481532497;6
20301;6639;1481534065;8
10387;3014;1481510850;18
11129;24354;1481541603;2
8344;1678;1481550294;4
2290;7260;1481523486;10
8698;1855;1481544160;14
5907;17564;1481521003;8
1433;3914;1481538888;6
13189;22967;1481536757;10
20068;16124;1481533211;14
17405;24571;1481548005;18
22653;1081;1481545081;12
14691;7995;1481518966;18
8044;14800;1481538400;2
24279;9065;1481539719;2
10222;11214;1481526541;6
17416;19741;1481520935;14
945;6819;1481511815;4
7519;7961;1481511062;14
7804;18346;1481534033;14
23119;14573;1481518266;6
7107;6838;1481522015;6
9881;20865;1481537186;14
7059;7595;1481546658;18
6677;10380;1481549957;4
4034;23970;1481539790;12
22447;20082;1481519643;2
24;15077;1481517055;16
14717;8495;1481529402;18
21368;4844;1481530018;10
1156;9308;1481530717;2
14916;4874;1481527736;16
20545;3219;1481543977;2
5263;11009;1481532881;16
6383;4006;1481517102;2
21384;22940;1481549408;6
11394;27023;1481519940;10
1393;1152;1481525018;14
22315;15339;1481517050;10
5752;6827;1481519010;10
15139;24929;1481550683;4
6927;1501;1481528441;12
5284;9899;1481540310;4
10572;18091;1481532196;12
27469;13002;1481530169;18
959;23893;1481524225;18
3888;14982;1481539194;6
10067;9740;1481519801;8
7415;10687;1481547427;2
1311;8333;1481532719;10
19814;5905;1481519900;8
8697;27521;1481513231;16
10679;2284;1481513817;18
4701;14656;1481547254;4
14574;19055;1481516925;8
11255;25545;1481550171;18
14648;1032;1481551047;10
12310;81;1481510510;6
8989;8493;1481536222;8
13296;4362;1481533335;12
4765;17239;1481513731;14
12866;18262;1481538646;12
4988;13809;1481545778;4
8404;9995;1481521672;16
15247;9899;1481529080;12
4795;14123;1481516721;4
12121;883;1481546101;18
20290;20094;1481536996;6
8445;10081;1481521696;10
21218;8869;1481526294;12
13818;9487;1481509601;18
198;2123;1481524210;16
20115;7170;1481542396;12
24963;11850;1481543843;14
6664;17478;1481544031;12
7601;15517;1481530156;14
8543;4855;1481519211;14
6785;15108;1481550840;2
19941;1638;1481543211;2
8948;6113;1481529401;10
27202;10317;1481511632;12
16304;24431;1481527962;4
6639;2151;1481547967;4
11361;4302;1481531659;18
4281;6370;1481529356;12
23101;26031;1481509626;2
423;27477;1481518515;12
4481;11136;1481510005;18
19026;17505;1481547461;6
10547;2018;1481531953;18
8998;6130;1481545091;10
4921;11059;1481542549;8
23059;242;1481523790;14
12374;12565;1481523960;18
9333;6474;1481528054;18
3404;5993;1481550459;18
14949;10406;1481512079;6
1102;12630;1481518058;8
4240;6196;1481522373;12
20983;6665;1481534338;8
16100;2426;1481538466;8
7340;20444;1481543344;4
16198;9333;1481544836;14
9713;23623;1481543923;4
6991;2273;1481513792;10
15926;7347;1481527488;12
20908;20155;1481510024;10
1867;9489;1481520164;16
965;8445;1481548433;16
11797;7532;1481532857;18
6762;24256;1481518487;2
5093;8044;1481537416;16
8324;1353;1481542553;8
11824;27375;1481547510;16
17024;14777;1481539237;2
3688;19305;1481520204;12
123;23466;1481528313;10
15407;6516;1481524593;18
125;18077;1481534423;10
15222;4976;1481535843;6
13345;223;1481527714;6
30;8134;1481532370;6
13788;1694;1481516162;2
3547;13287;1481526974;8
8091;8723;1481551089;2
17396;12121;1481509931;16
7520;16198;1481540626;8
5942;12796;1481513379;14
20524;1245;1481542580;14
8461;19074;1481549332;6
1567;7875;1481526269;2
1125;3932;1481532238;8
349;23171;1481532232;18
3772;19752;1481542637;12
14615;20443;1481523427;4
3622;8888;1481542021;16
7903;20911;1481531606;14
20925;20479;1481531088;2
5073;7577;1481538635;6
11134;10249;1481525546;12
20410;4009;1481534067;12
8402;27094;1481523846;2
4276;7343;1481521860;6
6400;97;1481517410;2
27492;11698;1481517440;4
24687;14697;1481544502;12
430;883;1481521534;2
8580;12866;1481522073;8
24691;4696;1481532805;6
20526;22159;1481538255;12
9434;7574;1481518008;4
11149;10329;1481528945;6
10729;10649;1481512691;4
6923;8931;1481547738;4
27291;9978;1481522089;10
1662;16937;1481518619;16
20976;7581;1481524043;8
7898;21308;1481514995;18
13815;11636;1481538279;10
21727;1110;1481524302;2
55;8149;1481545757;18
14821;12774;1481510177;4
6772;12030;1481518510;6
25321;2284;1481529117;4
22159;3948;1481528183;12
15102;12329;1481524937;10
6712;344;1481526794;6
13902;9987;1481537053;14
5434;5639;1481512972;10
1425;11717;1481527444;6
17586;6894;1481540729;12
11017;10530;1481538760;2
8694;973;1481536161;8
7831;7465;1481532972;12
22871;4039;1481545449;2
14430;5;1481528999;8
1274;24355;1481512122;16
10892;1058;1481530331;18
3543;12360;1481540324;16
8883;6404;1481518840;6
397;10602;1481542651;12
20536;2412;1481527603;18
8421;20686;1481522536;2
20480;18153;1481513640;4
8655;3276;1481539561;10
6913;4753;1481509752;18
11803;26158;1481536598;8
21226;6439;1481540358;10
17903;2893;1481529040;8
19059;13999;1481537676;16
6641;20524;1481518015;2
14247;5257;1481514991;8
12772;10209;1481522201;2
8453;23439;1481537092;12
10081;23740;1481531766;8
8385;22931;1481515066;8
20295;3163;1481536539;8
6879;1226;1481547488;10
4737;1406;1481510817;16
1706;9645;1481510975;12
27046;4206;1481533851;4
6629;10474;1481548991;14
137;9872;1481546243;4
1704;12058;1481529980;14
8251;1154;1481518139;18
25507;18348;1481512851;6
8682;10774;1481526273;8
6229;1026;1481526203;8
22942;20530;1481543674;6
21259;147;1481548190;12
6880;8144;1481516982;12
13298;1488;1481534671;14
10800;19816;1481534864;6
17349;1742;1481549234;8
5475;9208;1481543297;6
22942;18303;1481540691;16
7595;1049;1481514138;2
22468;3982;1481514515;4
20409;8472;1481541955;16
6880;19772;1481527989;8
6411;305;1481538972;10
12708;7072;1481535287;12
4570;6224;1481513483;16
12233;16140;1481529503;18
16916;20065;1481516619;2
5083;6295;1481550614;18
1415;7954;1481543425;2
23517;8469;1481514378;10
9681;17483;1481522301;12
7041;11013;1481511236;4
11172;19945;1481521080;8
11714;27409;1481532351;6
6734;339;1481536967;6
3406;14857;1481524007;8
12416;6013;1481537772;10
23140;15313;1481534891;18
2019;5634;1481539714;14
22268;15248;1481535163;12
15024;10189;1481535928;14
316;12809;1481533766;8
27417;15307;1481542492;12
19712;13811;1481512276;6
6244;10719;1481520746;8
22508;11781;1481522088;18
10512;24250;1481533951;10
20120;8983;1481511057;4
17399;25447;1481522541;12
7840;27048;1481522318;6
5691;1918;1481545727;2
3584;25175;1481549446;2
5108;10082;1481534186;2
20911;1352;1481532271;10
24394;14548;1481518513;2
19422;19993;1481542179;8
25370;8151;1481531871;2
1523;21368;1481535627;18
18818;17601;1481517606;8
14543;19042;1481550302;2
19297;10103;1481549869;12
397;1156;1481538744;6
6116;566;1481533343;10
17611;8478;1481541265;18
7584;9404;1481539256;14
26128;17485;1481529678;4
6439;2124;1481541754;18
1680;3015;1481510012;2
4865;15465;1481543974;10
19868;13085;1481542517;8
12013;245;1481550089;4
17384;20932;1481517899;4
14585;12362;1481515152;12
10796;24569;1481523339;12
3497;6479;1481514970;8
25196;21228;1481545057;12
27098;17578;1481541598;8
20055;9887;1481541037;14
24951;22316;1481539440;6
6116;2527;1481517508;12
1925;10779;1481537474;8
1446;189;1481533804;10
16133;1099;1481511421;6
7333;16124;1481516757;8
12146;10929;1481511583;14
3717;24378;1481519422;12
9999;11071;1481516980;14
14153;17361;1481538668;12
11954;21378;1481528717;16
20135;15933;1481534805;6
6722;20224;1481510383;12
14256;27096;1481534299;14
7399;9952;1481537291;10
4575;13950;1481525250;12
24172;328;1481540266;6
9544;19022;1481550836;16
14901;371;1481521577;16
24426;1190;1481550737;10
8445;20420;1481535791;16
6793;10028;1481541019;2
24090;1486;1481521176;14
9548;9628;1481530147;6
11476;7894;1481517137;14
2138;1045;1481529870;14
5585;14928;1481530506;6
11917;11896;1481513964;8
18261;17305;1481531195;6
17392;10924;1481527161;10
20686;11;1481521201;8
1700;19543;1481538232;2
16368;953;1481535312;8
4813;16863;1481529952;16
17414;5996;1481514065;16
8349;3678;1481523482;14
23892;15213;1481515927;12
1551;9517;1481511567;4
20472;19296;1481545051;6
2767;23884;1481516504;14
19538;6314;1481547571;8
22215;9539;1481530476;10
1562;3730;1481546982;18
14079;11023;1481532069;14
9977;27387;1481522618;18
61;4020;1481515125;12
7365;4813;1481528066;6
3164;14795;1481533269;18
22473;19760;1481518994;6
10466;4043;1481550494;2
21303;3714;1481546490;14
4337;27278;1481540191;8
6122;12944;1481513160;2
23761;3681;1481532297;8
8133;18144;1481533412;2
2399;1585;1481530508;10
4290;11895;1481524156;10
2635;8476;1481537112;4
13821;7474;1481545189;6
22959;9428;1481528646;6
409;3163;1481548384;8
1773;158;1481524451;6
24058;13724;1481544385;16
14255;27479;1481535530;14
10685;2012;1481529156;6
26049;5999;1481522216;8
18885;1898;1481547876;2
27011;3462;1481535178;2
12321;4773;1481543879;8
21253;15460;1481523469;10
19922;12036;1481523148;18
20529;7417;1481530167;10
26139;15249;1481534699;8
6454;18903;1481530394;2
12696;913;1481531813;4
1057;17291;1481536017;16
19806;19578;1481525292;8
12215;20600;1481510664;10
9862;17885;1481549803;2
24568;17395;1481515664;14
5115;13821;1481543812;14
8335;23515;1481522218;6
2366;1869;1481543267;16
10177;2340;1481523828;2
5598;4957;1481519969;8
6900;14561;1481523316;6
21481;8558;1481550213;8
2163;8298;1481526342;10
22536;18444;1481537956;14
15777;3574;1481523789;18
6187;3991;1481534967;4
21461;4034;1481519831;18
21217;1019;1481528098;8
19857;5083;1481537501;12
24279;23813;1481530573;16
7561;3922;1481538953;12
13883;4806;1481532991;6
4189;6251;1481534519;4
6295;27394;1481523626;10
6194;11478;1481549104;16
17390;15236;1481518042;10
10045;3;1481526271;6
1433;21462;1481527890;14
9993;1326;1481535017;18
3457;21226;1481549958;6
5248;2014;1481535125;16
19510;20773;1481515380;4
12101;182;1481531279;10
5611;22494;1481527601;18
8894;2361;1481509821;18
16123;15329;1481515937;12
16196;15989;1481533176;4
8349;20461;1481522066;2
13346;8902;1481546799;6
301;8466;1481532223;18
9970;12058;1481514019;16
7317;6734;1481527899;4
6940;11763;1481523827;14
326;9464;1481523026;8
1922;20090;1481550372;12
27325;14655;1481546864;14
5704;7363;1481530482;16
8359;27022;1481517336;12
7973;25176;1481533932;6
4627;4546;1481510163;18
23628;12138;1481534812;10
13811;8439;1481528818;10
23305;23540;1481537041;10
11701;19914;1481523991;8
1984;1068;1481526419;14
1978;12040;1481519211;18
6661;23469;1481522516;10
13774;25048;1481549211;8
14641;7447;1481519422;2
22961;1987;1481530508;12
12222;6219;1481510816;10
25035;6996;1481536200;16
22969;13181;1481520358;6
11705;14643;1481528910;12
20607;11089;1481526979;18
3592;16848;1481523146;4
2128;18533;1481519528;12
12568;19543;1481532701;16
16006;23175;1481550950;14
14857;5758;1481509514;16
18816;7145;1481545562;16
8977;2996;1481521826;18
8657;986;1481533452;16
6716;9205;1481513802;16
10331;25513;1481510348;10
23548;27453;1481525239;4
1745;6010;1481534598;10
14003;982;1481538700;12
8767;5915;1481544664;12
10424;10096;1481547190;14
5846;23335;1481523113;12
15735;6731;1481543716;10
20405;14185;1481514203;2
8389;7335;1481538957;2
8478;2286;1481512415;16
9840;14586;1481520419;18
5735;4215;1481535031;2
3906;3773;1481517665;18
20970;21320;1481533177;2
17038;13187;1481549561;14
17881;27141;1481513528;6
8523;3853;1481538298;18
12759;19050;1481545161;18
215;11095;1481532484;14
22273;14628;1481542841;14
5755;13798;1481541384;12
2621;14203;1481524288;8
27286;18051;1481545820;14
9763;25160;1481545788;14
9680;1211;1481536154;16
21724;4331;1481547760;16
1347;4539;1481529591;2
15762;4801;1481531708;4
12305;12246;1481520550;2
6940;6683;1481519391;14
6615;22297;1481513538;6
26098;20038;1481546103;4
18835;3688;1481545651;6
12287;7833;1481549744;18
4695;13803;1481532583;12
7353;15348;1481533286;16
25377;9512;1481544563;4
6150;1327;1481542393;4
2375;11266;1481513542;18
11626;9898;1481527289;8
21088;100;1481543590;14
4897;6199;1481530623;14
14558;12043;1481539747;4
24162;2163;1481520246;6
25434;9114;1481545010;16
20040;1076;1481527185;10
6548;15380;1481511968;16
11364;1740;1481532134;14
11794;20926;1481530694;16
24282;3641;1481533467;4
11107;22997;1481538766;16
5399;7457;1481513481;6
13204;24430;1481524590;8
11991;23616;1481538818;14
2815;12228;1481533482;18
9737;8434;1481547578;8
193;23451;1481525767;14
16913;306;1481517665;6
10305;12372;1481533433;8
4521;1218;1481521205;16
10549;6993;1481509566;6
2290;5901;1481526733;6
15767;4207;1481539083;16
8132;6604;1481525572;12
3282;216;1481529411;2
983;2843;1481522875;8
8129;7831;1481536955;2
10208;7498;1481528998;6
5811;1032;1481537015;12
11248;22310;1481550470;16
19916;2833;1481513381;14
3377;9309;1481523173;16
14256;11136;1481550726;14
5825;27421;1481521512;12
1289;5262;1481543742;2
24981;6464;1481540769;6
8973;1513;1481542357;12
1985;2321;1481546796;4
17267;17584;1481548766;18
11616;11747;1481532173;10
10019;20681;1481513746;14
4947;19038;1481531781;4
18213;27459;1481525341;10
27356;8350;1481538154;2
1449;21307;1481544226;10
17312;1280;1481533775;12
19057;10420;1481518131;10
26108;16879;1481525524;18
11057;20932;1481540286;10
4844;5978;1481510114;14
20536;7627;1481541932;18
3080;2399;1481530354;18
10329;15078;1481536986;8
79;2780;1481542793;16
16098;20995;1481518872;12
14625;15296;1481520621;10
5426;2159;1481539308;18
27036;20126;1481525354;10
12146;24446;1481513030;10
7612;5760;1481509742;14
24671;4517;1481543782;10
7496;10615;1481550646;8
22468;20006;1481521990;12
22642;19861;1481514582;8
10521;25064;1481535953;16
971;15431;1481550478;4
5105;24842;1481530752;12
12293;8058;1481526593;14
3915;12650;1481537251;14
20416;5424;1481519786;16
8453;6800;1481519156;8
1231;8194;1481529567;12
7631;1908;1481536396;8
7602;1208;1481514620;4
13903;439;1481528522;8
18262;11069;1481537982;10
18883;22145;1481515186;14
3855;10807;1481514898;14
3753;7894;1481527148;14
17535;26218;1481534311;4
6937;5607;1481539767;12
7325;27472;1481516079;16
6586;23069;1481523890;18
4285;19272;1481526598;8
17146;21495;1481534272;4
14910;9154;1481518832;8
6768;27025;1481545332;18
332;6916;1481540993;12
4481;5245;1481521843;10
20867;5864;1481550843;18
20484;13776;1481532834;14
192;10531;1481549457;6
7470;5941;1481517489;12
4734;8881;1481542656;6
6881;11987;1481532757;4
9971;5415;1481546686;6
7244;15215;1481533447;2
10610;10406;1481537561;8
13854;25188;1481541582;8
10681;4214;1481510403;6
3325;20395;1481548679;6
11748;8866;1481536684;2
9369;8317;1481519629;4
6719;11092;1481540236;12
2952;17043;1481543639;2
11;8596;1481531467;18
4936;21299;1481520549;16
9751;10511;1481549844;2
4703;17431;1481513268;14
5896;3924;1481521578;14
4298;181;1481519561;12
23177;3751;1481510738;14
4842;12222;1481535104;16
69;11768;1481545124;14
4329;15328;1481545178;10
10771;5710;1481550509;18
1326;5107;1481549090;6
11621;8115;1481536907;4
22961;27552;1481545826;14
6272;1457;1481509695;6
5708;5780;1481544523;4
15249;214;1481510848;10
9451;6382;1481536789;6
6720;9207;1481522978;4
14120;20459;1481525365;8
13978;13078;1481541289;2
22922;3248;1481522646;2
5713;24682;1481524528;4
23805;9367;1481543228;6
13877;25391;1481525265;14
1086;2808;1481539767;12
14640;11728;1481510233;16
22313;6961;1481523570;18
5748;10907;1481544636;18
8506;7572;1481515587;16
7714;3077;1481511096;18
12318;12024;1481546453;18
8404;9996;1481528694;10
8398;1363;1481535271;4
23171;7881;1481511586;18
2130;27478;1481526637;16
17352;16872;1481542628;14
3395;9769;1481540327;14
8134;2275;1481548105;6
17425;4965;1481509648;8
9023;19830;1481539082;6
21759;366;1481522404;4
11718;8363;1481549135;6
8943;19800;1481523853;18
5109;27482;1481539008;16
8952;8333;1481541140;18
1359;27453;1481541333;12
17537;23740;1481510761;16
15918;11100;1481544615;8
409;1740;1481516110;8
21921;17436;1481529470;18
227;8143;1481541786;18
16135;21486;1481520523;12
5356;3;1481550108;6
16124;13344;1481544562;4
10094;4266;1481544666;16
8283;3619;1481541908;14
4506;4826;1481515521;6
1396;11481;1481525219;12
7892;17207;1481522885;8
25232;2012;1481524911;6
6169;6574;1481518701;14
18346;4754;1481537646;16
8407;3546;1481532664;6
17867;4852;1481533514;16
19835;4993;1481532433;6
6694;24726;1481531804;14
1020;7769;1481534930;8
6402;1223;1481548345;10
234;4257;1481540308;6
13004;7937;1481513684;8
25508;369;1481511514;4
347;1863;1481529503;14
8352;11910;1481521359;4
12289;14570;1481509868;18
14648;3898;1481534175;2
3788;10593;1481541796;14
7625;4771;1481515820;12
12581;8960;1481513074;2
8306;1879;1481541040;2
11591;3969;1481544614;6
11921;10651;1481518763;10
3915;7353;1481540045;10
10733;7438;1481520507;6
1727;17163;1481524711;10
27469;11824;1481548779;4
6028;1060;1481520091;14
12809;15308;1481536717;18
5385;20443;1481510531;8
5475;5975;1481531438;8
22445;1764;1481545823;12
6576;6177;1481530256;10
8837;17389;1481534698;16
13851;17519;1481514974;16
16803;4852;1481517642;14
19826;4658;1481512246;8
17403;6650;1481538320;10
1729;12237;1481546541;16
7821;17474;1481523489;2
7387;9838;1481547786;14
9057;11110;1481526649;4
9010;15934;1481535058;18
7689;9872;1481539377;16
22178;142;1481529693;12
1869;4700;1481549090;10
13078;14892;1481514962;4
22213;14656;1481541672;8
9310;6234;1481531194;12
26329;19960;1481549573;12
8291;12947;1481549624;18
1305;8308;1481533312;8
9678;17616;1481510418;14
10096;13187;1481523370;2
1490;1163;1481536647;14
11771;11131;1481527917;18
20943;5046;1481540579;16
15768;7186;1481529345;12
26127;1915;1481537296;2
1404;3944;1481532938;18
8548;21212;1481524453;2
12767;16781;1481513482;8
23854;1517;1481524507;14
3904;11849;1481536124;4
1520;12578;1481518756;12
1729;9675;1481527645;2
2757;6111;1481520453;4
17242;693;1481528332;6
7698;6318;1481513727;18
5602;7298;1481516008;6
6168;9822;1481547809;14
9280;10464;1481543712;2
13681;4962;1481526937;18
5878;5864;1481517460;16
6916;3079;1481533612;18
4843;26304;1481526365;4
12708;14197;1481518152;2
5782;3418;1481524131;10
16016;18216;1481531218;16
10666;16043;1481542894;14
24142;24472;1481532425;4
118;15990;1481533499;8
18319;8777;1481533958;2
16801;1876;1481546122;16
9059;11392;1481544174;4
10619;8665;1481516192;18
9980;9881;1481522249;4
12186;9028;1481518911;2
20519;4105;1481521509;16
13788;1181;1481547704;18
18334;17783;1481525898;6
16916;7176;1481528837;16
3716;1378;1481547848;2
22922;20420;1481520104;10
6302;1715;1481523471;16
4031;24663;1481510212;12
22132;17429;1481518030;6
4842;9205;1481523539;14
15212;7552;1481511205;12
5645;13825;1481520245;6
14130;19932;1481533965;16
7685;6382;1481516815;12
9187;22649;1481523402;2
979;5592;1481549734;4
3904;11270;1481529128;16
9879;24585;1481518140;4
13940;19311;1481515229;10
10771;7073;1481514853;2
9023;5372;1481538231;16
15996;972;1481523695;14
7357;6432;1481527723;2
2326;4254;1481544945;18
228;4840;1481521473;12
9223;4756;1481548710;16
5426;8095;1481542564;14
16037;22585;1481534615;18
12914;3755;1481539372;14
19873;1736;1481536515;18
19215;6107;1481512507;4
11214;19273;1481542381;8
6409;8086;1481514417;10
5692;7461;1481530530;2
6674;16936;1481533246;2
5084;27520;1481530735;12
11761;9288;1481513738;10
14907;25058;1481511546;10
3705;18115;1481535977;16
20116;19590;1481545544;4
269;23625;1481539675;4
10271;20073;1481537296;10
9371;8764;1481531341;18
19780;7613;1481534032;18
3014;6010;1481534111;18
1450;13786;1481518416;10
7595;22134;1481545834;8
970;6864;1481513094;14
23618;10245;1481540517;10
8181;6346;1481514643;10
25533;22485;1481511320;6
19432;19532;1481516405;12
7272;9281;1481528603;2
10184;6715;1481550865;10
317;12758;1481525669;14
6372;16198;1481511630;18
27400;25042;1481550729;8
10106;1262;1481518954;4
26085;9873;1481520307;16
20629;7860;1481520091;14
6713;4959;1481549775;18
10501;18214;1481516192;10
3386;11139;1481529279;6
4641;11039;1481548106;16
6627;22542;1481533793;18
6883;15034;1481529793;18
2644;6654;1481548333;2
20759;1135;1481538526;4
147;11139;1481529039;6
5331;1107;1481532414;18
15249;8451;1481550660;18
8528;25522;1481513801;16
27131;11714;1481535201;10
6420;5485;1481524086;18
925;10263;1481510381;10
14929;4021;1481510729;6
1005;10033;1481546878;8
1599;20038;1481549976;14
1227;20151;1481516002;16
5264;10890;1481529880;18
14977;15318;1481528039;10
5492;10015;1481524025;18
27396;21218;1481517249;16
23439;5814;1481519424;14
5084;6227;1481520264;14
22273;6336;1481537253;18
14892;7784;1481516422;10
23000;13298;1481533625;18
2781;15483;1481533328;6
25503;11599;1481540079;4
9285;10655;1481545084;4
20931;8153;1481521211;2
2322;18200;1481539893;2
5434;12096;1481532648;18
6926;8888;1481536769;12
8330;16118;1481528454;10
1171;6573;1481545811;2
18902;19548;1481539874;10
12871;11140;1481545419;4
14127;18863;1481539281;6
35;6939;1481545112;12
9569;95;1481551003;16
6012;8785;1481514182;6
27029;1985;1481544502;6
10357;25280;1481532673;4
8023;21209;1481548216;10
9477;196;1481525220;14
9281;23022;1481519483;18
1116;23443;1481549193;16
27376;23117;1481513451;16
4999;5100;1481541173;2
19948;5043;1481512184;6
7512;1623;1481550846;2
9482;24446;1481540450;6
26480;15480;1481521141;12
15961;4661;1481532453;12
21719;12562;1481523167;8
21385;1797;1481528346;12
7635;8993;1481549108;18
16041;966;1481541926;18
19300;13126;1481522776;8
18157;2987;1481515033;2
2796;12396;1481541563;4
22485;6307;1481548178;16
11920;24918;1481512449;16
6614;8360;1481530638;10
18814;24425;1481530088;4
22499;2129;1481534412;16
1732;19953;1481512832;18
5435;3927;1481518767;2
336;25190;1481547165;8
17788;19044;1481512658;2
4204;2156;1481537561;10
3973;21093;1481512001;16
8599;7802;1481543928;18
9019;11;1481523907;18
8642;14879;1481522847;12
19960;60;1481539898;6
20103;15013;1481521508;14
19775;21294;1481540859;18
7762;11815;1481527264;16
6024;387;1481527512;18
9764;967;1481533866;10
6352;8416;1481538694;16
9855;6947;1481529269;16
2151;11762;1481531819;14
6330;8401;1481527960;16
10911;1966;1481527221;6
1188;10073;1481547153;10
3026;1491;1481510414;16
7379;14450;1481550816;16
10310;24667;1481511920;12
19026;3678;1481526176;2
2756;6009;1481539499;14
20602;10068;1481536683;10
10309;14548;1481532439;8
8742;10383;1481538514;18
5408;17373;1481536810;12
8165;5352;1481547110;10
14690;436;1481510785;4
21844;5634;1481528758;18
4947;14810;1481551022;8
20629;11944;1481541258;18
6299;11730;1481528522;2
11017;8633;1481536527;6
9739;6993;1481518370;6
8742;12071;1481544486;12
44;3755;1481532611;14
14128;14185;1481542028;2
6235;218;1481527372;2
25053;256;1481525355;2
6621;6160;1481512385;10
163;17384;1481540950;18
13341;6176;1481521036;2
18887;14570;1481517673;2
21444;25320;1481546998;16
17507;4915;1481548811;4
9898;5375;1481512555;18
24663;1863;1481546803;12
25339;15028;1481531368;6
2822;10689;1481538716;2
23621;6945;1481518165;8
1102;10184;1481538150;12
15521;3630;1481534479;4
25025;3370;1481544618;2
1126;15752;1481526920;8
17420;22177;1481538375;8
21227;24479;1481516416;14
11612;20576;1481550266;8
17036;7435;1481533335;18
1771;5106;1481531592;8
15162;3969;1481550190;12
13785;21222;1481535312;6
274;21069;1481529779;6
6213;6568;1481527384;18
27421;1500;1481524515;16
4921;12002;1481536620;18
11725;11261;1481541441;10
1872;5753;1481521045;12
4197;17003;1481523379;10
10493;4032;1481523326;2
7801;6274;1481525762;12
10595;18465;1481534108;14
9803;15027;1481528582;8
19872;9358;1481541587;6
8931;7236;1481539554;16
7560;4775;1481538182;2
24457;19821;1481527591;10
6414;9408;1481528897;2
20369;5931;1481550603;16
1924;12347;1481550726;12
7763;19432;1481509962;12
14142;11807;1481548214;6
10355;11254;1481523622;8
4546;23519;1481526369;14
10641;7858;1481527330;4
5772;13899;1481519195;18
6168;11482;1481519755;4
25413;2769;1481531934;2
21727;2324;1481521017;18
19948;15765;1481522678;18
1027;10701;1481510823;10
26031;16135;1481541859;12
21002;27007;1481542753;10
13081;3788;1481540448;10
2988;8995;1481546970;2
4606;249;1481545922;14
27540;18890;1481540549;12
5358;10515;1481515379;14
8414;2643;1481545833;12
5885;11949;1481512437;4
24668;6625;1481546536;16
22447;10849;1481518902;18
73;6969;1481526607;4
22989;19425;1481534592;2
4004;1627;1481529347;2
25432;8309;1481530904;10
6787;9961;1481546168;2
8391;21799;1481527952;10
19208;8993;1481527387;6
25040;4738;1481535756;8
4032;14258;1481546892;18
3543;6573;1481539922;4
1372;27328;1481530544;2
4351;18910;1481538371;4
11798;8452;1481546577;10
24431;4688;1481532307;10
16353;3016;1481528132;18
4826;5334;1481549227;6
9856;1038;1481543917;2
20986;13180;1481542958;16
7046;15307;1481522585;6
23151;12310;1481524642;4
10421;27133;1481528189;16
22487;24584;1481545400;18
17506;17349;1481517039;14
1735;14899;1481524557;14
9191;19212;1481521421;4
16863;26482;1481518491;2
20599;9477;1481518293;4
320;8592;1481529160;18
18881;4747;1481526091;18
3983;18909;1481548263;6
10916;13889;1481516764;8
1556;7269;1481522527;12
15154;5033;1481534757;8
20113;4338;1481526419;16
25184;14799;1481541034;8
6000;17363;1481513453;2
19508;7854;1481551135;12
8354;7594;1481510521;18
18763;2846;1481550288;2
12389;2117;1481541663;2
24670;4905;1481543773;14
19951;3626;1481538108;4
14246;567;1481548251;12
1067;8024;1481523256;2
7563;2274;1481541140;2
7001;15227;1481540438;12
10018;1791;1481537560;12
5950;25342;1481529732;4
6381;23365;1481526782;12
11565;6856;1481517199;2
1581;11396;1481522437;10
1572;14553;1481518329;14
8275;27384;1481541960;8
12233;1192;1481520657;18
1748;13226;1481511949;12
990;10545;1481536410;18
14149;10887;1481521230;6
11700;2116;1481534426;10
27268;8939;1481536423;6
10183;5424;1481536121;18
23101;11404;1481511125;4
12951;11242;1481535156;6
1894;6894;1481541026;4
4783;12337;1481524107;16
7609;12026;1481513972;16
21222;5392;1481537790;8
22960;24428;1481546930;8
26159;19219;1481546082;16
27464;24570;1481529997;18
8931;26266;1481549546;14
17030;15032;1481550004;2
14996;12246;1481513505;2
7608;7867;1481540850;4
19560;11383;1481510809;16
20089;8867;1481536957;14
5732;17266;1481517057;18
7561;1019;1481550405;8
21092;2807;1481538254;2
6125;8302;1481534438;4
14556;14698;1481549609;14
10089;10007;1481544352;16
4228;12233;1481537044;2
9481;13260;1481545246;18
7405;3613;1481520916;6
20775;9743;1481524717;18
14820;8414;1481518479;10
20115;2164;1481529481;18
10174;320;1481518330;10
2892;9065;1481522839;12
6654;5265;1481513507;6
6922;18882;1481518061;6
6719;25508;1481546193;14
2781;14190;1481540562;16
8578;171;1481525418;14
16809;8165;1481522190;10
25320;3;1481521644;16
64;12562;1481515795;12
4304;1877;1481529395;6
9151;25025;1481510626;14
8015;27489;1481550022;8
11723;16197;1481520616;2
17421;2845;1481540008;16
23488;11854;1481529167;10
3617;4253;1481537309;14
362;7143;1481541073;4
8108;7387;1481520184;4
8535;2122;1481538524;8
9963;21080;1481519104;14
21503;337;1481524194;16
1177;9179;1481539393;10
12314;10494;1481517806;8
19920;1862;1481513001;14
27143;1588;1481518613;14
6130;3395;1481542589;4
1736;25516;1481527469;14
21500;15319;1481544737;12
4028;20366;1481519245;6
6791;4962;1481545945;8
12289;28;1481539255;12
9211;20122;1481518533;16
5858;2014;1481513264;16
27188;2125;1481513515;4
24257;9100;1481542235;2
7797;1766;1481532300;6
24178;15021;1481519996;10
8540;2874;1481543383;12
24752;5771;1481519058;8
22621;10734;1481549279;18
9628;9743;1481519391;16
381;20298;1481524169;10
26312;8346;1481545114;16
11947;220;1481515249;8
153;17264;1481541806;12
20113;4760;1481546817;8
1044;19959;1481538339;2
10100;24918;1481532835;8
5852;12366;1481517344;10
18144;15237;1481544145;14
17143;3924;1481543946;4
20291;8839;1481522208;8
6464;17149;1481536844;10
5424;3952;1481521744;4
8357;10986;1481527870;16
20628;1334;1481516750;2
13884;6974;1481521268;18
4947;9852;1481521005;16
14156;24480;1481540184;4
24426;16192;1481519136;16
1385;6178;1481542987;16
1211;11824;1481525239;6
6924;20069;1481539865;10
8579;22925;1481523487;10
11846;1692;1481543799;12
3713;10091;1481527064;10
252;6368;1481545274;18
1545;9340;1481530302;10
1905;8317;1481514061;16
11566;23645;1481542235;14
5101;2788;1481536644;4
3404;12023;1481515240;16
11800;13770;1481531591;4
1050;11827;1481537589;8
2020;19908;1481523203;14
5263;1246;1481531795;12
4865;1028;1481517427;8
2843;20062;1481518654;18
10012;6177;1481548090;18
7265;4178;1481543126;6
4520;27374;1481511252;12
8919;27014;1481536005;6
24965;9975;1481512016;8
23108;16912;1481541107;10
25035;4946;1481534331;18
9563;19911;1481538281;2
20044;16105;1481510758;8
11700;7093;1481515022;12
17149;9752;1481535467;16
19072;10179;1481520044;8
3024;63;1481514565;2
5854;9666;1481550732;18
10072;10264;1481530255;10
24132;13870;1481550569;8
4177;14142;1481540645;2
7947;12674;1481517061;16
22938;20684;1481543831;12
24971;8561;1481516220;12
21804;9895;1481543829;18
9290;8579;1481535980;12
21308;13817;1481521156;12
351;25012;1481531641;10
17539;23346;1481539076;6
22276;5875;1481540842;8
2350;9403;1481542043;16
22924;10996;1481550986;18
10886;14717;1481542065;6
3404;7144;1481545126;16
9983;3779;1481549956;10
27022;2142;1481537105;14
9149;11481;1481532634;4
10367;386;1481538234;6
8916;16368;1481520731;6
19946;14202;1481550131;2
1877;22640;1481529487;4
1624;9815;1481540890;12
16120;5760;1481527266;10
15099;8521;1481537321;10
11480;6643;1481545381;4
17464;17884;1481526859;8
5476;23495;1481550013;16
8822;18813;1481522723;16
4911;16311;1481539616;18
8377;18889;1481512797;8
20284;6630;1481548222;16
214;20036;1481530073;14
2452;20143;1481541594;12
10609;18150;1481512776;12
4176;2736;1481531746;6
20995;19551;1481530096;14
8141;10812;1481538256;16
22606;5635;1481547392;16
23739;25384;1481513532;14
4958;16203;1481512808;14
15031;5925;1481517441;10
27315;3281;1481546412;6
11567;6373;1481538207;8
6940;8883;1481549596;4
17025;5250;1481528339;2
21503;2811;1481516838;10
8126;8397;1481525332;6
18046;6709;1481535432;8
14691;12043;1481539977;14
8295;5871;1481513437;16
9755;9461;1481539094;4
1878;11483;1481528831;18
26166;23026;1481531407;14
6799;11063;1481530767;16
27408;7572;1481547824;14
15304;12133;1481540337;12
23069;12032;1481515835;14
6430;23354;1481537852;18
6201;7526;1481543353;10
18875;5017;1481520057;14
20744;23317;1481531839;14
25021;4179;1481533242;16
27125;16789;1481521757;14
6502;2287;1481519002;10
7980;1100;1481528986;16
25043;19799;1481524081;6
9529;4198;1481525334;6
17310;1988;1481509886;2
18845;24281;1481546959;8
27409;10890;1481528472;12
11109;9853;1481545945;8
22460;36;1481544860;8
3624;9848;1481546305;14
4526;20424;1481521590;16
19077;23857;1481533754;16
8943;2400;1481512678;6
11768;8035;1481532055;2
8546;5912;1481545328;14
8953;5017;1481540761;14
5643;18805;1481531796;8
25370;19799;1481535119;14
4315;10591;1481524607;10
10823;17785;1481543431;12
23748;10880;1481519519;6
4710;23526;1481512254;4
3251;5249;1481548608;16
4045;17031;1481532293;16
23357;8355;1481539475;18
16051;21094;1481549372;10
20757;10633;1481543870;8
6503;7816;1481548143;12
6118;3280;1481550718;6
10526;18152;1481525164;12
26;383;1481547789;10
9017;8021;1481542649;10
16034;6798;1481536319;6
14654;16097;1481539020;18
10522;4018;1481534157;12
1251;10737;1481521816;4
11132;23019;1481540016;18
329;8410;1481519710;16
18343;20224;1481518684;6
9394;4729;1481538907;4
8914;8465;1481522596;16
17244;5469;1481519386;18
9271;4656;1481534976;6
9807;9155;1481520383;14
22531;10890;1481527137;10
1632;1855;1481519894;12
20589;8509;1481539085;14
8686;20464;1481529656;16
1801;26188;1481523805;18
82;6141;1481528824;6
19759;14183;1481537585;6
24089;339;1481509855;16
1874;10618;1481530267;12
8345;1977;1481527240;4
19573;4220;1481540729;18
2763;7898;1481536872;4
18347;7552;1481519484;10
66;19945;1481544133;14
24747;7604;1481550872;6
12763;14128;1481536287;14
7102;4774;1481521854;18
11987;10327;1481546520;4
19558;14563;1481520351;10
2122;12765;1481543845;10
6442;9278;1481530597;12
414;1678;1481535572;6
19092;18881;1481539813;18
1130;19870;1481546775;2
6156;4594;1481514264;8
10182;8993;1481527666;12
21297;16097;1481521044;16
6654;13214;1481543850;16
15108;12015;1481534362;8
27391;14822;1481534594;2
4687;6824;1481536684;14
3448;3374;1481550388;4
12143;12012;1481525833;4
3935;3605;1481520391;6
15764;1252;1481525673;18
6407;1490;1481513598;10
25344;8540;1481514707;4
18117;6475;1481526578;12
1050;8519;1481544112;16
1770;24272;1481526216;6
23347;7005;1481516562;8
11783;2777;1481528749;18
2140;25291;1481547336;4
5415;21086;1481546459;16
14892;22550;1481532016;4
15768;8146;1481533966;12
5696;3931;1481534327;8
6973;11361;1481541722;16
17439;6981;1481528860;4
4571;6639;1481540451;12
7891;19944;1481539031;12
1292;19917;1481514627;14
5400;19921;1481542330;18
18883;27540;1481523629;8
2386;1003;1481539077;4
7874;1226;1481537161;16
4026;20193;1481546788;12
2881;26317;1481515780;16
27053;8336;1481548570;4
6157;8887;1481514618;12
17300;7866;1481517507;4
10366;20404;1481550992;12
27332;12315;1481513252;10
4549;9023;1481530982;14
3681;17512;1481538632;12
14571;24585;1481536627;14
4594;4752;1481536221;4
1535;4303;1481546809;12
14450;9424;1481544725;18
12282;9005;1481525967;6
3396;236;1481539351;14
19778;14708;1481522114;18
20419;2607;1481524287;10
6471;8430;1481536181;8
9158;2749;1481512568;16
20627;6285;1481510147;8
11501;7616;1481534238;16
11414;11600;1481509945;14
10651;11027;1481512501;14
7267;27322;1481514451;14
5644;9820;1481510003;2
6461;9569;1481545887;18
10514;16124;1481534785;18
4752;7564;1481512823;6
8436;17444;1481530339;6
27203;13138;1481526771;4
7164;1432;1481536776;2
23019;12278;1481523732;18
15103;8970;1481551044;6
15295;212;1481550391;18
27377;10909;1481536103;18
12396;40;1481544142;4
19807;376;1481547632;4
2158;1404;1481517629;2
8089;4944;1481541616;6
10597;1247;1481534814;10
8449;3534;1481538068;12
12033;28;1481515533;6
19057;23001;1481538370;2
8381;19223;1481529874;16
6655;1425;1481532986;6
10694;14587;1481548405;10
4286;14575;1481527242;2
4510;5727;1481543389;14
6763;7001;1481529895;18
7092;2370;1481533569;6
14717;1983;1481528728;10
20827;1256;1481533337;18
25;8900;1481528529;10
15108;27140;1481532948;14
6504;14553;1481543938;16
11229;6810;1481543366;2
10030;1922;1481517888;4
5102;6189;1481518047;18
11054;6998;1481515283;16
8951;18897;1481541515;6
1431;20113;1481528551;6
7186;19232;1481539300;12
11107;1134;1481514495;14
11129;12914;1481546026;18
20300;9423;1481537477;6
4288;17241;1481543712;4
12134;7560;1481510382;4
23634;14782;1481548356;6
14653;1255;1481528297;14
24183;3011;1481530239;14
9220;14553;1481542010;10
8366;11049;1481529524;14
22147;19276;1481522664;16
1735;1282;1481548238;16
7326;1539;1481533292;12
8463;25508;1481524792;2
17568;4104;1481534538;12
6577;5980;1481517237;14
315;6160;1481539923;14
1599;8967;1481544860;4
9546;4918;1481547472;8
6335;9449;1481539884;10
1363;20642;1481531512;12
12644;5746;1481537366;4
16021;7909;1481537436;4
25385;9997;1481540082;16
27406;24279;1481549874;4
6193;225;1481524239;6
20132;20090;1481538841;14
10539;1537;1481549805;18
13770;23141;1481520859;4
22997;10830;1481519729;2
15781;8132;1481536251;18
24356;3119;1481520233;12
1924;18879;1481539671;14
22649;14186;1481538043;2
17269;14797;1481548664;6
4324;16635;1481546721;2
20462;4181;1481530087;6
24726;13198;1481530134;12
7264;11155;1481536491;8
27559;5685;1481522146;6
14634;7545;1481519452;10
19224;6565;1481510330;10
17025;24659;1481513190;8
1034;299;1481550949;4
6390;380;1481511264;10
887;12046;1481519003;16
24709;13126;1481525172;10
3118;10267;1481532059;16
13912;9660;1481531110;8
26395;1850;1481536770;16
9798;8427;1481547330;14
1105;7856;1481528623;16
27;21092;1481511690;14
24430;23862;1481546717;10
19302;7830;1481523943;14
5775;5548;1481518478;14
4242;7012;1481533123;12
2407;6678;1481531719;10
14860;24738;1481512888;16
24257;9346;1481512410;2
4025;905;1481530082;4
2735;319;1481538758;4
11140;24257;1481521936;12
6982;12418;1481513657;18
18112;16026;1481542970;12
24562;6923;1481517144;10
22963;11120;1481523526;18
6241;9456;1481528218;8
18846;24529;1481549617;18
12562;1423;1481517440;10
9764;1699;1481523293;14
9205;8345;1481537328;10
5917;13186;1481537064;14
12655;16937;1481532244;6
11389;1486;1481523003;10
1101;1597;1481539383;18
4808;23515;1481520396;4
8535;4967;1481536507;18
6153;6284;1481550592;16
6826;18078;1481521445;12
9257;9713;1481520222;2
7634;1963;1481526189;2
8539;23166;1481515885;18
9950;1125;1481523348;12
7868;15125;1481522973;8
10080;23177;1481535097;10
17871;15227;1481514683;18
7888;23534;1481534691;10
23863;3062;1481537740;12
15074;26319;1481516297;18
13218;21805;1481534220;18
10422;4055;1481522553;8
6032;7236;1481540072;14
1150;3689;1481548633;6
16851;4853;1481522570;8
300;9433;1481528610;10
17015;4997;1481549442;2
9023;7898;1481530506;14
12247;19861;1481527742;2
6377;7974;1481538922;12
7107;18823;1481523180;8
1316;4196;1481524765;12
1843;15368;1481520860;12
17209;11591;1481525513;2
17475;168;1481550995;10
1632;6478;1481544375;12
14715;5267;1481511011;14
19304;24430;1481525110;10
2275;25062;1481517510;16
25707;8352;1481537988;14
20868;23069;1481529874;16
3954;3537;1481534921;12
9421;12118;1481529759;12
24659;8945;1481542977;8
25180;27558;1481540032;10
44;6576;1481530455;2
11685;18805;1481518241;8
19217;8483;1481549725;10
5079;8308;1481520338;2
14903;3395;1481537193;4
1113;8187;1481549198;10
4292;17007;1481515583;10
1101;27309;1481539400;2
26394;10068;1481524582;12
17863;16915;1481541289;2
8887;9656;1481514954;14
22303;21841;1481533550;14
10411;19065;1481517729;2
19590;14048;1481513964;18
27203;7894;1481512313;14
2394;14115;1481527760;10
20024;13781;1481546630;2
3790;7589;1481517367;10
9299;14707;1481541623;6
6962;25266;1481548443;18
6227;2768;1481527114;12
23152;5893;1481545398;4
9180;10120;1481530002;16
21254;22938;1481538484;10
6293;3769;1481535201;14
7891;11404;1481546726;2
105;25068;1481515069;16
19052;11989;1481545670;8
19967;1722;1481539754;4
8600;1763;1481521746;8
23175;14889;1481518859;8
6523;14927;1481526713;8
8751;19044;1481536258;12
4254;5528;1481535559;2
6410;6889;1481515966;2
15459;12057;1481540160;16
9916;4543;1481510657;4
14243;22794;1481548112;2
2278;11261;1481515351;6
6736;19795;1481515044;8
3258;15777;1481514247;12
11668;24137;1481527279;10
10821;3570;1481511847;16
20878;10093;1481544600;10
14270;5476;1481539298;2
5904;11805;1481534618;16
13761;20408;1481518526;16
40;4669;1481534634;4
13940;6412;1481544751;6
6202;2807;1481550386;10
5408;12146;1481531354;8
14183;10434;1481514705;18
10376;3124;1481544358;2
5920;10806;1481539073;18
1501;24278;1481548075;18
11728;13214;1481533653;4
3376;150;1481526347;14
7186;1135;1481525156;10
20195;18336;1481536296;12
10317;5121;1481529911;2
20947;4234;1481512839;6
11361;20078;1481528361;8
12648;11698;1481511072;2
25172;13559;1481525643;16
1596;8953;1481515398;4
39;6009;1481540713;4
1334;22449;1481522682;8
18346;25706;1481536339;6
14002;15749;1481537090;2
11243;14697;1481535832;10
24971;6659;1481535846;12
19922;10201;1481545669;12
7481;2606;1481525449;2
11176;5945;1481548520;16
25044;5018;1481520670;12
10223;14264;1481515413;10
12308;18911;1481511047;14
17255;14572;1481522242;8
22134;12002;1481516019;16
4024;13818;1481525289;2
20911;16891;1481549951;6
1129;11563;1481549416;6
6772;4945;1481516861;14
23515;1715;1481530838;8
3932;2166;1481527098;4
20400;16819;1481519893;6
10356;16933;1481541641;2
4673;26474;1481540371;6
1012;6352;1481510757;2
2755;10779;1481523039;18
1864;17478;1481523399;6
8033;5432;1481545506;14
4254;25191;1481517297;14
24708;1418;1481533497;18
107;14188;1481531676;12
6623;14893;1481530849;8
7425;5084;1481539009;14
6189;17418;1481522983;6
18875;27375;1481543688;14
7887;9280;1481532608;2
2727;8274;1481535298;8
17384;2795;1481542238;2
9809;3946;1481518542;10
5876;5734;1481519496;8
3687;4733;1481545508;4
943;1346;1481523746;18
23647;20994;1481543778;6
4530;9765;1481540777;14
14798;5245;1481545895;8
17006;10237;1481547458;8
3382;11178;1481523016;10
9305;17757;1481527352;16
9963;22794;1481538745;16
11009;11626;1481529703;4
19712;272;1481511353;8
4481;27399;1481521901;16
6689;7262;1481536070;10
11777;3501;1481511050;18
1730;5938;1481531120;10
27520;4284;1481543233;18
4625;7480;1481542301;10
9891;15017;1481537091;14
14430;5837;1481512289;4
8142;3017;1481527223;18
3596;9748;1481549880;18
27061;8995;1481546146;10
24182;20427;1481511301;10
6978;6107;1481545716;8
1493;9873;1481549708;6
312;13211;1481513828;18
19823;7604;1481517762;10
6252;23038;1481523781;10
7457;8016;1481544863;12
26199;8690;1481547767;6
20519;7046;1481544878;16
14152;20354;1481540177;4
5909;7392;1481544861;14
19802;22615;1481520762;18
7463;357;1481516621;4
8050;7837;1481527639;12
13945;7094;1481550069;2
6568;13341;1481526629;2
6123;2771;1481538685;12
9961;27486;1481538286;10
21411;10749;1481540293;4
10386;16017;1481515308;14
9956;23540;1481535050;6
5819;1779;1481517991;18
27096;18815;1481539604;2
14559;9212;1481525976;6
270;5970;1481531290;10
23172;13902;1481538696;12
12290;11403;1481520341;8
7059;6551;1481511361;18
5260;12143;1481509500;12
7361;4054;1481534112;4
17478;436;1481519314;10
3501;2144;1481548166;4
1777;5915;1481527302;10
8106;1460;1481533572;12
19871;3015;1481516511;10
6407;22938;1481520802;8
10260;19321;1481530267;8
21722;17022;1481518131;4
11622;2125;1481510359;16
3289;8689;1481545071;12
10221;267;1481533641;14
21497;10984;1481537357;16
24250;9460;1481519714;2
5945;114;1481541547;14
21842;1429;1481543980;14
11014;7836;1481536528;10
16017;17191;1481548273;6
7634;7251;1481526834;16
24660;26999;1481524510;10
22960;23180;1481516328;2
6372;20193;1481513180;8
15036;7335;1481522361;12
5944;6823;1481546197;12
5360;10362;1481546033;6
1003;6667;1481523719;6
9491;3467;1481528947;10
22178;10930;1481517311;10
22315;24658;1481527616;12
13726;4671;1481525703;18
19071;21296;1481546216;16
14693;6569;1481511323;14
7695;11237;1481532841;4
12575;10602;1481509815;6
20978;25339;1481523779;6
8181;11025;1481527448;6
6522;1739;1481522119;10
5113;10612;1481549613;2
26104;13851;1481530001;18
4311;14040;1481516428;16
9137;6589;1481532538;4
17459;12782;1481531899;16
3165;12561;1481515436;4
15099;10320;1481540687;4
6945;18073;1481523968;8
19585;6969;1481550826;16
24929;14571;1481535415;8
5765;12305;1481523853;18
22215;971;1481548621;16
10717;11799;1481512166;6
18820;6582;1481517192;16
18940;2286;1481522251;10
8534;3926;1481524021;2
406;20481;1481549004;14
20520;9431;1481538397;14
20157;8598;1481516691;10
17028;8164;1481549843;18
17307;6497;1481539479;8
10915;26074;1481521643;16
4641;4991;1481521880;8
6668;10516;1481549420;14
13887;6969;1481511192;16
17564;9345;1481513887;6
17265;4994;1481510722;12
18849;6855;1481509664;16
2286;1566;1481512748;18
12572;4289;1481526184;12
1397;11478;1481526035;8
4582;11250;1481526802;6
13852;19798;1481530858;14
4774;9315;1481528901;4
10538;6247;1481545990;4
8129;294;1481509674;4
1789;23066;1481536906;10
6387;9404;1481534680;8
25170;9205;1481522518;4
6327;13792;1481524607;12
3940;16144;1481531289;10
14190;9215;1481528287;8
6807;1535;1481522741;18
14884;16647;1481541835;14
4766;9820;1481542764;8
1007;27479;1481541969;16
17566;16811;1481547787;16
6332;12138;1481518830;2
4278;46;1481533049;10
8173;5098;1481528340;6
5945;14546;1481524527;16
193;5047;1481517417;4
12577;5051;1481522923;8
4246;232;1481548080;12
10696;5431;1481544535;8
9510;11987;1481526214;4
5427;8463;1481517884;14
8557;4577;1481536151;12
15324;2796;1481541603;8
381;6474;1481525411;4
21500;1816;1481511219;18
2640;23061;1481532352;8
15347;236;1481546323;2
6566;15470;1481516607;2
5110;6659;1481524750;4
6995;1723;1481524086;4
3285;11095;1481528228;2
1281;21030;1481528639;4
2635;27003;1481530549;6
27054;6374;1481526262;14
10522;3696;1481546505;18
8368;21307;1481513123;18
1838;10215;1481530468;10
6865;23739;1481527318;8
3000;10852;1481534590;8
9989;5296;1481540155;2
12798;2014;1481510972;6
14572;12426;1481514758;8
7695;17578;1481539934;6
21406;14797;1481518250;12
19908;27132;1481526936;16
25168;10080;1481521262;4
18166;4548;1481549949;8
11229;12037;1481536984;10
8571;17041;1481527871;14
7608;994;1481545918;18
22494;14075;1481543182;8
13870;19476;1481512191;2
27207;3054;1481516023;14
16021;27232;1481540261;12
6548;7324;1481520574;10
24449;12063;1481544006;4
10634;3566;1481512327;12
7190;12045;1481511421;10
8195;4855;1481512857;18
3401;12426;1481534079;18
3640;20420;1481540334;12
23739;5010;1481511853;2
5517;4776;1481541603;10
10308;3791;1481513378;8
18346;3460;1481546173;6
5492;1349;1481538031;12
21234;9412;1481527692;18
11267;1081;1481521772;12
24281;1349;1481518926;18
15390;10235;1481539088;2
2276;9791;1481545110;2
11146;17053;1481547326;16
14155;8030;1481525937;12
11603;6249;1481519912;8
14895;8954;1481540001;6
22964;5865;1481550268;16
14219;209;1481534405;8
4179;10736;1481530327;18
6623;6430;1481513972;18
18076;10295;1481524341;12
20682;24924;1481534191;8
16042;18181;1481515491;10
20354;17459;1481542038;18
10573;10981;1481533855;16
14123;22145;1481527474;10
22180;18845;1481546375;18
25176;16911;1481516502;10
25368;19799;1481514236;14
10361;2880;1481548286;18
27445;4823;1481514339;12
9328;25076;1481536329;10
7280;22627;1481538029;16
24931;7622;1481514571;18
20848;12284;1481516080;12
11566;7348;1481510857;18
6722;1383;1481511745;18
14441;4331;1481533868;16
8761;5922;1481514864;16
13814;1701;1481544066;16
9153;21209;1481532172;8
12347;25172;1481516121;12
6414;3946;1481524090;8
18841;599;1481522193;18
25383;10081;1481528970;14
988;27085;1481512759;8
7937;10615;1481542962;6
1186;3087;1481514642;8
8477;7545;1481510197;16
11172;23101;1481513089;12
4605;7648;1481543077;2
2169;18307;1481540205;18
8143;10489;1481529811;2
20878;7822;1481532595;6
3619;12578;1481528326;6
10623;10014;1481549806;12
24565;9803;1481546779;6
14708;1486;1481511006;14
21288;6191;1481532489;8
27229;6018;1481510107;10
15752;7967;1481531409;18
21003;17875;1481528721;4
1880;14515;1481542849;18
15423;3935;1481538393;6
15517;2826;1481544444;14
7350;1095;1481543585;8
14257;1519;1481509907;8
1891;10988;1481542845;12
3698;20974;1481510520;4
16126;1187;1481540115;4
18872;13928;1481547003;12
22445;11410;1481530155;6
6995;21302;1481522445;10
5126;11834;1481543846;14
27432;1888;1481550461;4
3;23823;1481515661;16
19307;5051;1481527515;12
404;27267;1481529746;8
4255;12943;1481529906;4
7042;27553;1481544058;12
6108;4744;1481550699;14
14537;7314;1481529902;2
1232;8141;1481510545;18
17149;8647;1481539354;12
18823;1203;1481512714;14
13800;25052;1481534487;12
4998;3989;1481549640;10
12630;26084;1481535276;16
4626;881;1481538036;8
25068;5743;1481510950;2
18464;23861;1481513463;10
20354;26128;1481543982;18
9471;7083;1481536801;16
6336;1841;1481534903;16
6892;4022;1481533900;2
8094;28;1481540114;12
20091;12063;1481550282;6
10307;7696;1481512542;6
27344;3403;1481516067;10
19581;26319;1481547287;16
17170;12796;1481533996;6
22983;11805;1481548592;10
8589;20327;1481509776;2
1394;3584;1481542545;2
11414;13783;1481512995;14
6862;27089;1481542653;12
17420;10125;1481519232;6
26482;27175;1481523821;2
22925;6479;1481516509;2
15312;23697;1481520655;12
17143;15228;1481528944;12
22509;3424;1481536758;10
10072;17253;1481542980;12
16033;4268;1481540054;16
3459;2815;1481513229;4
7966;5627;1481517688;2
164;10000;1481539358;8
5726;17009;1481510930;6
3926;3427;1481533459;10
14559;11029;1481525986;8
9247;261;1481512909;12
21076;16828;1481539865;2
7035;16803;1481539477;12
22446;25513;1481516434;2
1095;23754;1481547600;16
19741;6305;1481512265;12
7561;17901;1481531938;10
6307;16184;1481522523;4
17580;4837;1481534289;4
903;280;1481513246;12
14193;19803;1481550252;18
27343;22532;1481532110;8
7995;24378;1481522248;6
18181;3278;1481523159;18
23550;12870;1481519548;4
9100;171;1481531873;4
8977;3983;1481512100;6
21076;21086;1481512858;14
23149;16369;1481550659;16
1629;17458;1481550260;12
4205;5287;1481535185;14
24254;1326;1481543114;12
1702;8017;1481531637;4
2526;10983;1481518489;8
12580;3018;1481530233;14
11149;3506;1481512695;2
4893;9003;1481513018;18
22219;23727;1481516592;14
1746;16861;1481514438;18
19939;11401;1481517906;8
20972;6224;1481550660;18
8883;10728;1481510034;12
25542;1639;1481530024;4
8110;12121;1481528171;6
10107;23823;1481538440;10
5033;22999;1481515394;12
3414;9892;1481546161;6
1883;19848;1481528228;16
10520;3786;1481516669;12
2135;2834;1481532946;14
401;10386;1481522388;2
3913;21497;1481521206;16
3393;1442;1481512798;16
20068;1063;1481520359;18
6416;11058;1481512306;18
25386;9662;1481537661;10
6287;11961;1481548150;4
27048;7832;1481515171;16
11247;23807;1481512843;16
2802;270;1481532175;16
9214;26318;1481530313;4
9463;27472;1481509762;8
4241;15031;1481516272;16
14782;1287;1481514408;14
19773;15310;1481548443;14
6414;8420;1481509581;14
12241;14879;1481522569;2
10104;4995;1481519970;8
23049;22649;1481540280;2
24666;11859;1481539098;14
6655;6018;1481529996;4
7389;3683;1481512639;8
3264;27041;1481533303;18
17146;561;1481532709;18
15017;4312;1481515881;8
57;3513;1481529704;14
16034;10567;1481546928;16
1341;8817;1481545754;4
5091;2326;1481535277;10
2171;4336;1481516337;6
24701;37;1481520052;2
7312;20403;1481530705;6
10413;919;1481522299;16
15088;10814;1481509801;16
13495;23023;1481524157;6
23165;2944;1481544273;2
7552;5433;1481548382;8
17213;14797;1481521104;12
11597;1580;1481545494;4
11765;1636;1481521088;16
9015;10114;1481544408;14
16128;19941;1481527088;6
18875;7465;1481522738;6
8488;1030;1481548021;12
4965;25080;1481549361;12
24282;21;1481544734;12
14705;10359;1481544516;14
10037;7156;1481544945;8
14446;20933;1481533164;18
20075;3267;1481548321;18
9948;18091;1481547304;2
10795;27408;1481537018;2
6143;4336;1481517899;14
25374;10424;1481536405;4
7248;19088;1481539061;8
12644;1884;1481530929;10
3385;22972;1481549477;10
13798;18900;1481539338;6
6467;17593;1481536615;4
6545;10416;1481541834;4
3133;20041;1481518241;18
16810;12943;1481524211;8
4859;7864;1481517083;2
27056;20853;1481532734;16
14637;9393;1481513076;8
8361;8014;1481511121;2
4689;6723;1481544119;2
3778;1405;1481513722;14
20634;15237;1481541126;4
14443;17442;1481534696;18
10189;25065;1481525255;8
13177;12143;1481549129;16
21399;8876;1481541191;10
11917;21727;1481525262;14
10097;22317;1481512628;14
16294;12245;1481537410;16
8817;7587;1481529260;6
6001;143;1481519554;16
9000;1122;1481538455;6
23357;14638;1481519584;8
2337;25179;1481511824;14
26104;8396;1481546462;16
16805;21362;1481538498;16
7554;937;1481536954;6
8643;1867;1481523540;4
3972;27141;1481546200;12
21839;6318;1481524241;6
8512;8921;1481527986;2
4905;1148;1481540311;14
4782;3405;1481518884;12
12783;18811;1481512510;10
94;19950;1481535589;18
25000;26049;1481550509;14
19944;5359;1481529063;4
27432;21837;1481542237;12
10073;8556;1481530434;18
7647;1666;1481532521;4
3464;22268;1481511792;14
3917;160;1481528251;8
24711;23866;1481538320;10
27399;20486;1481532159;10
4773;6459;1481529373;4
26091;8442;1481536184;2
27444;13217;1481509623;10
7554;2893;1481541510;6
5778;985;1481525749;16
7182;17875;1481534496;14
8781;18878;1481543889;4
4313;3122;1481514757;4
24397;1383;1481511761;8
969;9208;1481546763;8
11136;166;1481539045;2
12040;14935;1481531996;10
1191;5991;1481539237;16
23354;23108;1481527843;2
15327;1339;1481549187;8
27103;12774;1481532683;14
8413;32;1481524267;8
1724;20288;1481511998;16
22960;16204;1481546331;10
11218;8900;1481536181;6
8909;16184;1481526864;2
8501;15324;1481510174;4
15114;24670;1481528639;14
19840;1141;1481537844;14
11720;5712;1481545901;8
17539;5411;1481523098;6
8301;23832;1481544323;12
18907;20110;1481543344;6
10324;2612;1481519333;8
5945;3993;1481526739;16
27472;19833;1481513402;10
3900;17580;1481529888;2
5720;24743;1481512712;14
27478;12326;1481536062;4
17789;9963;1481537227;10
9463;11597;1481517868;18
15738;10272;1481548162;2
1579;14207;1481549836;18
2388;3363;1481530849;12
27558;1714;1481548981;8
8326;26280;1481545431;18
24451;4044;1481540264;2
21372;18325;1481509730;16
17419;6694;1481519059;14
24733;6157;1481545979;10
13126;12417;1481519167;18
10985;4277;1481532557;14
4033;9473;1481548438;12
2779;3897;1481516467;6
26068;10315;1481509571;2
27105;9742;1481522391;6
4706;565;1481514520;2
6574;6189;1481529350;2
21596;6151;1481532077;18
3068;4739;1481529720;14
17279;25170;1481534454;14
20636;2725;1481539055;18
13426;11886;1481540866;18
10722;18099;1481510453;18
18424;949;1481526790;2
6010;1927;1481518727;16
18842;21217;1481542938;16
24924;18461;1481534724;10
9793;23466;1481511065;16
19983;13215;1481517708;4
3030;24953;1481545873;12
7168;12764;1481523308;2
182;5503;1481529516;10
4867;6991;1481539530;12
13912;1747;1481519368;10
19777;967;1481526115;16
1514;4680;1481538090;4
5763;8530;1481539937;6
1699;1535;1481520991;18
9305;9221;1481545264;14
20072;5815;1481518688;10
19419;19803;1481539205;6
19581;23896;1481520419;18
8754;2837;1481545179;16
16861;6435;1481538553;16
11076;933;1481540483;10
12327;11806;1481520344;2
1411;7696;1481516001;12
6797;11389;1481527294;8
6582;12710;1481532451;2
6437;5773;1481515031;4
8751;139;1481530553;16
8531;3164;1481548008;10
7173;12286;1481539656;10
15513;11222;1481511351;6
4571;10095;1481512320;4
1791;4196;1481517322;16
12354;3073;1481539848;4
8775;21801;1481549137;4
15090;19920;1481515777;8
24294;3542;1481533715;10
11768;27406;1481539151;12
8310;19476;1481527844;4
24667;25549;1481544733;4
16931;23019;1481510017;10
281;3024;1481511024;4
27002;19432;1481542386;8
21077;200;1481526570;8
27232;16124;1481550573;14
19200;15355;1481543407;16
8362;19065;1481526090;6
10312;21313;1481526261;8
4560;5888;1481533185;16
2170;3931;1481519850;6
4667;970;1481513317;18
6252;8678;1481532632;14
1628;17379;1481550147;4
9184;11249;1481530320;8
20066;3294;1481542976;2
8495;3469;1481514219;6
1047;14154;1481546248;16
10106;9510;1481539318;18
24254;20693;1481546793;8
6884;10423;1481537307;8
8682;8361;1481522894;16
20695;22992;1481527796;16
9214;3083;1481525978;6
27198;4929;1481518368;18
27179;27484;1481530653;12
6859;7621;1481538159;8
27468;4704;1481531301;6
15785;12227;1481535496;8
18889;8554;1481542279;6
24672;2465;1481528067;4
11158;7308;1481533009;18
12293;12746;1481511017;10
10176;19919;1481509530;10
15016;9740;1481516562;4
13726;21747;1481526459;6
3425;12241;1481511846;10
10519;4286;1481518533;10
18051;5426;1481531876;8
7561;375;1481549187;14
1933;1106;1481512878;14
5911;9845;1481542968;4
11626;2416;1481518178;14
9184;1024;1481545589;2
27393;16903;1481519355;6
14622;1952;1481535576;18
4055;25170;1481546456;8
16043;8305;1481540787;4
432;183;1481536256;18
2023;1933;1481542441;6
6482;5604;1481536164;16
10046;26293;1481524535;6
19749;23648;1481543049;16
4937;6184;1481524891;10
3397;20342;1481513679;6
1580;6920;1481538014;4
25321;3944;1481526844;16
13871;6203;1481516732;6
14128;2881;1481519872;16
25040;22959;1481515020;18
24250;4260;1481525385;12
25173;11823;1481544997;12
7447;15304;1481522255;18
10219;12763;1481517472;10
10183;7314;1481526290;16
11173;10924;1481533736;6
104;21465;1481522588;2
12521;25177;1481531040;14
1497;14624;1481547311;8
1972;9553;1481540257;4
419;23055;1481510127;6
4301;9753;1481511540;2
19856;1720;1481510176;8
27179;89;1481521061;4
3899;4502;1481525820;4
11789;6667;1481539066;14
86;23535;1481547444;18
8438;8363;1481523526;14
2345;14269;1481530394;10
14170;8741;1481512853;10
10997;22586;1481532839;8
26104;8756;1481516482;8
15154;27474;1481532210;4
9109;19530;1481546453;14
17267;15390;1481520892;8
9428;12572;1481536714;6
6266;14426;1481525634;14
14120;19454;1481510880;16
7446;6611;1481512527;14
16517;4953;1481536695;10
27100;18151;1481546539;18
24762;7601;1481545831;14
12585;3119;1481519777;18
3544;5910;1481545946;10
18073;24568;1481521935;10
11858;12812;1481544086;18
6213;23448;1481517598;16
23344;8750;1481531256;12
6245;7913;1481514238;16
25528;17879;1481539909;10
7091;2017;1481545309;12
7560;25261;1481540107;18
5119;16807;1481526310;10
17412;11222;1481529956;6
5333;21728;1481515879;8
21678;24688;1481541568;2
9272;1654;1481517601;10
5079;17863;1481511678;18
3716;10719;1481517858;2
7567;9792;1481509944;6
20157;13864;1481520624;2
17377;7674;1481516693;8
23619;17281;1481546384;14
5384;4053;1481545674;6
20901;6723;1481520129;8
25810;23546;1481521681;6
10510;26308;1481542157;18
7282;18260;1481527356;2
19958;263;1481513266;8
24174;9362;1481532709;2
11;11201;1481513602;18
14665;8115;1481533758;18
19842;3078;1481550213;18
16317;6537;1481517386;12
11575;23650;1481544076;10
25;22499;1481548949;12
3493;6985;1481528204;12
5547;1057;1481550122;18
6149;5354;1481548782;4
15225;21728;1481550285;6
7049;22571;1481538057;4
3912;986;1481536252;10
8231;17253;1481526689;16
6622;3294;1481525787;14
12143;15237;1481520338;4
10696;17500;1481538110;6
10982;1696;1481550979;16
2866;21497;1481518189;2
4020;21232;1481543919;6
10436;6416;1481541906;16
9;147;1481511665;16
26309;14657;1481517994;18
10717;1733;1481514844;10
27382;230;1481530663;16
1925;27182;1481529733;10
1308;3245;1481526865;4
4219;375;1481532244;6
25048;9133;1481538825;6
5780;22132;1481522341;16
20464;1413;1481513520;10
18150;23625;1481531222;6
9666;18074;1481531578;10
905;12318;1481537027;16
10676;15336;1481550057;2
2429;8136;1481518615;6
3685;10637;1481548000;10
6360;20951;1481529893;6
1105;9188;1481540158;18
13790;25246;1481518661;2
1585;15750;1481523060;2
14188;1102;1481520483;18
11908;7189;1481544529;4
23305;19876;1481549402;4
9863;7876;1481514221;2
4501;8354;1481540014;10
1079;16336;1481525457;14
25362;292;1481538516;12
2836;8362;1481511484;14
5712;4189;1481529446;10
50;3586;1481519048;10
91;2807;1481519119;14
14239;17518;1481519057;10
1266;7592;1481528287;14
12419;21487;1481532232;6
4233;14900;1481525258;2
19856;9424;1481541630;4
25425;7268;1481547470;10
3163;6680;1481546643;6
4780;9279;1481530157;12
18816;24182;1481532492;14
25068;6923;1481513785;18
7092;23450;1481532723;10
1569;287;1481531770;12
8346;206;1481542163;14
4292;2035;1481532439;2
7899;19530;1481522019;14
1983;20773;1481515017;2
14661;7419;1481518241;8
974;2356;1481514150;4
3609;8785;1481528883;4
1748;9956;1481528896;2
16351;332;1481517652;14
21838;10474;1481540772;18
6265;20928;1481526698;8
8377;18864;1481540468;12
11253;22254;1481514660;12
9021;16143;1481515089;18
215;23640;1481523639;12
2752;5106;1481530761;10
7540;9466;1481519518;14
14497;339;1481512220;6
24933;366;1481526922;6
18814;24429;1481531167;16
17923;366;1481534134;8
14116;11870;1481542480;4
1886;3742;1481548438;16
1367;1114;1481534505;18
23171;27422;1481531312;16
23807;1265;1481540769;4
2325;7048;1481527054;18
20245;5394;1481550734;14
7485;17294;1481544669;8
2605;4265;1481535788;18
19956;6433;1481530941;16
9023;1411;1481526117;16
23730;9885;1481528837;18
19950;9454;1481540254;18
4018;3627;1481546144;16
14241;12376;1481509695;14
25542;6576;1481531944;10
1924;19538;1481531246;6
2425;18512;1481536021;16
19815;26500;1481516959;10
1372;7644;1481542857;14
11475;1728;1481546815;8
20091;19812;1481527339;18
18105;18444;1481524514;8
6915;21503;1481525417;2
8665;6873;1481531563;6
44;386;1481516727;6
11408;13195;1481511840;4
8418;21483;1481514158;8
18194;5780;1481541397;2
15349;10017;1481534111;2
4539;8703;1481521590;6
12370;10684;1481530797;16
1424;1173;1481519529;4
3069;13781;1481533509;6
24426;4354;1481535909;10
22298;7592;1481519549;14
19532;19801;1481541504;10
18867;8815;1481547305;4
2759;438;1481540206;2
10926;1122;1481549401;6
5473;11821;1481526149;18
1883;1159;1481514287;2
3683;17435;1481550483;18
1318;27455;1481512113;8
1373;26373;1481548736;10
18341;3407;1481534984;4
9476;6154;1481543182;10
25405;6314;1481539206;6
27490;1749;1481547234;6
16097;7613;1481547841;16
4731;957;1481549688;14
27125;6437;1481510635;10
8421;12061;1481512695;10
24655;17464;1481515055;14
12232;10885;1481516230;2
16802;13177;1481511608;6
10288;25070;1481521163;16
11018;10250;1481520652;2
8088;11593;1481542464;2
9902;5815;1481545319;2
8151;5118;1481534606;14
5905;16097;1481542625;12
21499;9345;1481532298;16
12575;20807;1481545938;6
6149;1577;1481512722;16
48;6391;1481521510;16
14442;402;1481519709;14
8410;4822;1481513221;10
2796;12074;1481519271;16
1655;11253;1481520977;10
13004;8090;1481520475;14
7468;4506;1481544447;14
11946;19505;1481526435;14
19217;24734;1481546450;12
1915;4178;1481514772;14
126;1350;1481529691;16
20921;7404;1481526697;4
4226;3626;1481538438;10
9447;8946;1481522854;8
4327;13681;1481536270;6
25386;20151;1481512655;14
7879;10108;1481534437;18
18821;9329;1481528712;14
280;24733;1481516659;6
11850;22;1481517698;16
17566;1500;1481529199;16
6864;1865;1481545016;8
1504;10512;1481515716;8
9524;19581;1481526058;16
17550;20444;1481547279;2
23651;8477;1481543611;16
18082;4642;1481521494;14
4262;8389;1481536240;12
4320;363;1481529448;8
9300;24963;1481545375;12
27292;11080;1481521352;18
14230;6383;1481534158;6
13003;20291;1481509922;12
2741;1454;1481512053;14
20519;1648;1481512681;8
8380;23515;1481531143;2
15212;378;1481548616;10
19835;8658;1481541595;18
25074;2738;1481515344;6
6376;3736;1481530051;14
6537;24178;1481542730;14
3394;11621;1481530329;8
6678;11906;1481547183;4
5970;15933;1481519428;8
6014;10427;1481520702;10
9201;14497;1481524856;8
5992;4526;1481533512;16
16105;10880;1481538897;12
12314;2130;1481517154;16
4739;21214;1481536102;2
14699;20520;1481528467;6
5045;4590;1481523647;14
9839;5284;1481528051;8
27088;19538;1481539712;6
12710;226;1481514841;8
4335;17534;1481525709;6
8996;22532;1481534675;8
4627;1181;1481518020;10
3069;7188;1481524429;10
18052;12227;1481521507;12
1259;11023;1481540224;6
5959;1389;1481516626;18
14626;3007;1481539324;8
5880;23449;1481515760;12
14229;567;1481544708;18
7056;983;1481524110;18
1925;1345;1481509613;6
25;16852;1481518886;6
5614;6376;1481527862;16
3792;10623;1481523523;6
3163;18883;1481536675;18
27315;12144;1481518788;10
11266;25431;1481532473;12
22653;12159;1481540617;6
25080;14553;1481547485;6
9998;14131;1481551097;2
17148;17250;1481545258;16
20155;436;1481510705;16
1179;1607;1481550623;16
11903;10728;1481520589;12
18534;18195;1481545852;16
10009;27333;1481512227;10
11385;10851;1481530229;2
11229;323;1481526192;6
24977;24469;1481526633;18
9947;27022;1481528097;6
8274;8873;1481534618;16
16535;14451;1481529730;8
1966;17887;1481536377;8
1714;14431;1481537374;18
27543;8449;1481546509;14
20081;9546;1481537979;2
6867;116;1481524668;18
20996;6153;1481524597;14
27426;4176;1481524554;16
3507;7017;1481540425;16
8228;19;1481549034;8
26312;5946;1481519831;4
5390;6940;1481518091;14
19528;19918;1481510313;16
16034;4034;1481510393;18
15738;11390;1481517641;16
12580;4675;1481537604;4
3384;16187;1481548472;16
2278;27041;1481519212;10
6684;17252;1481548143;16
20126;9649;1481528406;4
10515;12648;1481525370;16
14690;3975;1481545943;14
16517;9478;1481526765;8
11208;15022;1481524201;16
6332;23352;1481547229;2
21042;16190;1481512016;18
2144;1269;1481528747;8
13940;14811;1481530754;12
24650;11096;1481545636;10
22494;17534;1481537637;14
17459;5709;1481537014;10
14260;1206;1481522538;10
7369;10264;1481519416;12
4223;8970;1481521234;14
24665;2347;1481534940;14
19599;2840;1481522709;18
7051;1056;1481538707;14
20947;9178;1481525715;8
1219;17233;1481516350;12
114;3712;1481541861;8
2415;9670;1481541971;16
20330;18158;1481529301;10
1404;23520;1481546615;8
4732;7583;1481539423;18
15085;5696;1481545747;8
15080;6111;1481512986;14
3746;2426;1481526514;14
11121;25537;1481522933;14
1791;24369;1481516082;4
24750;6311;1481539452;4
13807;6411;1481520001;16
6336;13186;1481518390;18
14183;10675;1481541969;16
24479;17293;1481531943;8
8339;20901;1481547265;8
10314;3932;1481541651;6
8760;26073;1481521106;12
12646;2018;1481523581;6
27474;17526;1481511642;12
17532;8506;1481533475;4
26469;3274;1481526666;14
7454;1403;1481511267;6
126;21736;1481528219;14
17923;219;1481511518;8
7362;9882;1481533706;6
16652;8565;1481540074;14
23142;6418;1481538984;12
20425;8994;1481513616;18
2463;24139;1481534096;14
3585;17428;1481525960;2
27299;4875;1481548510;2
20974;11029;1481551105;6
4766;2351;1481536999;2
8876;10916;1481523714;2
55;6126;1481527158;6
18175;22585;1481519197;14
20977;9155;1481529768;12
1698;9815;1481549024;14
215;11770;1481518137;4
1201;24277;1481525755;4
14992;9836;1481525155;8
7440;4863;1481546513;8
23059;1491;1481531257;16
3386;82;1481545594;6
14289;24937;1481531616;12
6138;19599;1481511503;4
13181;8649;1481549398;14
333;1215;1481522741;8
4627;27051;1481521396;2
15987;10431;1481536630;4
1369;23453;1481517714;10
22996;9305;1481513945;14
9144;20036;1481517496;8
4562;1550;1481549654;4
9661;10986;1481541689;14
19833;9788;1481513309;2
6860;209;1481547021;4
27000;19946;1481520666;16
23644;6652;1481546343;8
11702;23014;1481525549;18
29;8451;1481542273;12
16014;1585;1481547995;12
1421;9013;1481547930;14
6869;17549;1481529297;10
8874;8573;1481521705;18
3072;25362;1481514382;16
3352;1141;1481542516;10
19864;17310;1481530603;10
27435;23867;1481531971;8
20645;9819;1481547990;16
7533;3383;1481518194;18
8909;25375;1481522157;18
4729;23754;1481525678;8
16864;26474;1481537900;12
566;4044;1481535408;10
13977;7783;1481522697;4
5360;16931;1481515043;6
9771;4702;1481535032;16
17578;11231;1481540654;2
6414;21042;1481538742;14
26051;20655;1481547506;14
6956;7622;1481544112;8
12585;1031;1481517427;2
14916;5388;1481515301;2
8956;7555;1481515478;18
27510;20682;1481546612;18
5705;8849;1481536747;2
14202;58;1481545147;8
18849;9676;1481518990;4
15746;10292;1481543351;12
10331;21315;1481539491;18
21212;13948;1481540373;14
9229;365;1481529509;6
2426;24929;1481511324;2
1535;1083;1481527632;6
20977;6116;1481520517;6
4736;22931;1481524814;10
8562;27027;1481547021;10
14136;7786;1481512288;6
7493;6204;1481526150;10
13495;15090;1481529992;4
117;2833;1481540852;4
24655;14263;1481520385;18
1519;18438;1481541148;12
2805;17026;1481522338;12
20869;27159;1481523537;14
14928;21320;1481543213;6
4243;21801;1481516042;18
1550;1777;1481530612;2
14903;27293;1481541374;10
24279;17407;1481516755;4
10886;14262;1481525798;4
10508;12140;1481525735;8
14158;11723;1481544670;12
4287;22148;1481514101;16
9993;14151;1481541761;18
4228;8562;1481510689;12
27033;23533;1481544318;12
49;12012;1481538353;14
23447;20024;1481524335;10
10698;6988;1481533272;6
8744;27019;1481510458;10
20423;3957;1481547730;14
21228;19779;1481543192;12
27085;21415;1481544089;18
20479;27401;1481512995;16
1109;8890;1481521587;2
17163;11415;1481518308;14
25493;12745;1481519135;8
19533;5634;1481531318;2
19288;17282;1481539449;2
24562;9188;1481510082;10
11884;1000;1481542252;10
11859;4525;1481517911;4
3643;1685;1481522804;4
19286;15926;1481532807;4
25379;19209;1481523787;4
6854;27323;1481531823;2
14636;7281;1481517720;4
20997;11393;1481527083;2
25069;1602;1481536257;2
10833;6566;1481550344;2
1440;324;1481548972;10
7905;13979;1481516357;10
21814;7616;1481523790;2
1387;6920;1481530291;8
1409;6871;1481536508;14
16201;9167;1481545858;18
10673;2952;1481521663;18
18890;6335;1481536456;18
19795;1574;1481515324;4
2409;14515;1481543146;2
23348;23468;1481521781;6
14820;8703;1481523876;18
19964;7933;1481523353;18
8396;11611;1481527431;12
2343;11099;1481527462;4
23550;17923;1481520487;6
25062;11916;1481549013;8
1731;7488;1481519771;8
21080;4522;1481512256;12
393;8391;1481537076;10
6936;4956;1481520198;16
12813;27536;1481536600;12
2781;17173;1481523312;16
6506;3533;1481512221;8
20687;27460;1481540613;2
2967;16039;1481524258;16
19082;3944;1481539417;14
10698;20827;1481512166;4
8920;13212;1481511076;6
17564;19471;1481519954;18
960;2143;1481513737;4
9886;4176;1481542452;16
6830;12244;1481519173;14
9442;2274;1481532329;4
20288;4858;1481543212;16
1396;6855;1481516131;4
27422;4827;1481514101;16
14922;20636;1481531075;2
7596;23036;1481521229;2
17420;21080;1481515038;10
10376;4746;1481542144;16
14810;17160;1481545925;18
9678;7399;1481532787;18
9800;25011;1481518057;8
3279;27200;1481536366;12
6956;1284;1481511554;8
3271;5831;1481548346;16
8993;3574;1481524038;2
8579;974;1481538705;18
19822;8365;1481526877;2
10795;27418;1481528626;2
401;14868;1481543314;18
4923;25377;1481524729;8
2163;16531;1481515013;10
13941;23303;1481528250;18
18511;146;1481546812;18
11404;4628;1481548106;16
4930;9488;1481534558;14
6785;6182;1481532112;4
6688;7236;1481526049;2
27484;3981;1481545793;10
10215;5719;1481522877;6
4581;18188;1481512558;16
24921;3088;1481534773;16
9834;15159;1481540628;2
88;2337;1481519841;2
21728;9518;1481539452;16
9636;19716;1481532445;10
27177;20642;1481511847;14
23541;386;1481522834;6
10000;187;1481528741;6
11747;14262;1481523629;16
19967;1668;1481527152;16
27176;17550;1481536344;14
20740;958;1481541929;18
23053;2839;1481547846;6
5353;21497;1481548889;12
5248;8745;1481546466;18
4967;6353;1481513752;4
8833;24089;1481535720;2
9418;22496;1481529000;16
8384;21497;1481544470;18
26199;17400;1481534481;14
20025;2756;1481539398;14
23752;5943;1481523297;12
21443;8306;1481521260;18
9494;13219;1481536348;16
6611;18149;1481512296;12
18314;8251;1481515173;8
20401;14650;1481534226;6
250;17415;1481510973;2
5079;19798;1481537801;2
11075;8538;1481534548;18
25363;19216;1481512374;8
10813;27202;1481521926;18
5806;2753;1481526721;6
27440;6459;1481510383;6
7574;1056;1481535984;12
8907;14563;1481549168;10
18858;15081;1481544569;18
10110;8117;1481534984;6
8021;5920;1481519327;4
25176;2168;1481547050;18
22131;17440;1481549651;16
20518;19737;1481518011;18
6463;7600;1481518958;18
2979;10214;1481538650;2
7672;27200;1481543187;2
22965;12378;1481518550;6
6001;206;1481524000;8
20419;7339;1481528854;16
6922;4921;1481544290;16
22510;3264;1481532602;14
7548;3641;1481550740;2
12329;4243;1481540716;10
22921;19925;1481512858;18
8361;20132;1481547077;4
5627;9221;1481537158;18
344;14567;1481536670;14
1499;1005;1481545864;14
17009;5264;1481540007;14
13910;17001;1481528540;6
5813;12061;1481512983;14
21758;20846;1481520840;12
6530;14153;1481521224;6
20976;15074;1481546337;18
6497;8132;1481536281;4
7874;219;1481550107;6
13905;3060;1481520459;18
4710;4317;1481542012;10
18436;27025;1481518847;18
27387;14885;1481536932;4
5518;7044;1481548601;16
19550;1816;1481525781;4
27186;14692;1481520471;10
14701;7954;1481529469;8
10535;6965;1481520821;8
9836;23328;1481522764;4
10046;19917;1481523201;12
10618;23347;1481525619;18
9356;6816;1481533629;4
9018;3074;1481538033;8
17862;12814;1481541415;12
9685;6374;1481512522;2
8551;9174;1481539302;4
11808;21311;1481530876;8
5375;20887;1481537046;16
14798;17239;1481536103;18
3245;9248;1481523670;6
27163;8742;1481520453;2
4710;4509;1481536258;8
19852;18960;1481522885;18
23084;13426;1481531648;12
16049;16189;1481531156;8
25375;4251;1481543006;6
23887;10609;1481546900;6
10892;6824;1481538137;4
16301;11831;1481523380;14
302;24139;1481534806;4
27007;14137;1481527720;12
6997;11842;1481543867;8
11596;2136;1481535134;10
5401;16997;1481533589;8
2022;11173;1481536217;2
7565;10464;1481529498;12
6330;13341;1481516047;8
6294;5751;1481528022;2
13974;22138;1481545051;18
1850;8389;1481535904;4
16035;14658;1481519241;18
21004;7337;1481542227;14
1648;7051;1481528660;14
24671;15023;1481549404;4
7642;8936;1481521665;10
10640;1006;1481522048;14
21003;3024;1481532212;18
24747;15299;1481534758;8
18188;4033;1481533451;14
9220;16022;1481517631;14
7427;11747;1481520140;8
26;4608;1481524332;16
7942;19989;1481524199;4
18040;19218;1481524226;10
23752;4779;1481516797;6
4689;6152;1481516614;2
12428;3281;1481514812;4
27230;18197;1481549846;6
15369;1672;1481548165;6
27024;188;1481544961;2
19051;5908;1481511733;2
6376;27325;1481526010;16
13220;198;1481519265;2
10376;8416;1481538043;18
21088;16351;1481516034;8
9742;12699;1481541771;8
10177;25047;1481537059;16
23647;10987;1481543116;12
7551;8562;1481529335;6
27126;20996;1481524458;4
7909;8916;1481526195;18
10243;7283;1481510109;10
15014;2362;1481548722;8
19491;9887;1481511219;10
1982;913;1481542331;6
86;22972;1481541181;6
17163;5346;1481546466;2
10606;20021;1481540330;8
2327;4350;1481529153;16
14157;25269;1481517421;6
6856;13878;1481546498;8
8839;11797;1481544923;16
7575;11642;1481539208;4
4346;407;1481537072;18
7999;7062;1481513667;10
9001;9901;1481521307;12
10245;7555;1481534000;8
9972;9917;1481516909;8
4220;7529;1481544509;2
18807;11153;1481524520;12
16197;17262;1481522307;10
24425;10407;1481510403;16
17362;18262;1481535534;14
4827;5681;1481523830;16
9783;26100;1481515704;4
23525;1702;1481535125;2
14495;20857;1481509861;4
7634;20302;1481523003;18
24426;20529;1481526797;10
27445;10112;1481545295;16
7695;10377;1481540473;10
14579;1189;1481519086;10
9271;10010;1481542753;16
5843;19054;1481551001;4
1140;27457;1481521500;6
16144;22550;1481520982;10
3077;8307;1481532725;4
7450;6444;1481515952;6
14930;8802;1481533967;2
8139;11017;1481535348;12
11231;25391;1481544871;2
563;8396;1481548846;2
14925;16558;1481547923;14
4878;16126;1481528774;18
2759;11591;1481543213;14
18082;22680;1481540960;12
10116;4802;1481524704;12
24927;4311;1481550994;14
7495;3028;1481527458;14
3075;6440;1481539864;6
4696;11691;1481517504;14
18144;16298;1481531987;6
11075;14448;1481537206;12
7712;27470;1481517570;2
4760;10807;1481515830;14
8126;5710;1481546080;2
25161;8651;1481525597;14
6665;10089;1481536662;16
16795;8478;1481518084;2
1547;5266;1481544508;10
8573;20862;1481526922;14
21281;23054;1481538255;2
2415;12295;1481548978;8
4557;23730;1481523238;14
1741;3469;1481545471;18
8902;14242;1481523704;6
1978;27283;1481509907;18
10414;19536;1481526122;18
2281;6993;1481522801;4
9157;27179;1481546093;6
6917;9239;1481539319;12
27098;599;1481535435;16
8836;8553;1481529226;12
9838;963;1481519988;8
6825;4234;1481528624;10
24687;7110;1481539586;6
16040;3075;1481549133;18
6539;27407;1481517978;6
3280;7551;1481526402;2
5431;11851;1481515364;4
1233;1732;1481529686;8
22316;7458;1481524557;14
21086;27292;1481532264;16
10781;7820;1481528113;14
17531;4760;1481546469;8
1167;4220;1481533782;6
17209;16187;1481515121;16
18305;22923;1481527304;16
10541;25514;1481548713;16
5764;6803;1481538571;18
11252;7464;1481509797;2
8161;19756;1481521277;4
3596;1034;1481523988;10
14270;967;1481542273;14
10206;22301;1481539498;10
9368;21076;1481519945;2
2384;6762;1481532317;10
16192;10826;1481548200;14
10261;12148;1481521353;6
27406;1544;1481516069;14
9962;27187;1481528930;4
7253;4948;1481546044;2
15513;17529;1481535446;4
3942;1645;1481513924;8
16649;8285;1481529310;14
18196;6384;1481542766;10
2320;8963;1481546702;6
21495;14543;1481521410;14
21717;2279;1481531879;4
21722;2363;1481539619;6
10648;1199;1481517315;18
19552;23866;1481529136;10
3073;14495;1481528444;16
3545;19372;1481512548;18
15012;7481;1481538727;2
9306;17508;1481543791;18
12227;1258;1481531827;6
6931;27309;1481512851;18
14432;9262;1481516390;4
3699;4333;1481535951;10
7577;7791;1481518157;4
11042;3387;1481527535;2
20587;23971;1481523355;12
21289;16532;1481520478;16
20041;8984;1481514132;10
10924;12293;1481528213;10
27097;19775;1481519559;10
12119;17431;1481529281;10
1646;24668;1481545582;10
11808;2910;1481535228;6
8802;23062;1481520199;12
25443;3497;1481531414;12
4523;3599;1481513271;12
11119;11911;1481540743;10
23366;21472;1481513515;18
17377;7491;1481523189;2
4283;7543;1481544343;16
5044;14244;1481511802;8
8795;11075;1481531363;10
16848;24427;1481529844;2
1799;27421;1481527228;16
15324;27096;1481513462;4
9189;3000;1481539315;8
14925;5914;1481541418;6
12072;1031;1481515682;10
6321;27209;1481542011;14
1628;20143;1481519978;10
7792;6199;1481512703;16
25049;7906;1481520470;12
17449;25072;1481514448;6
24063;12042;1481529021;10
20356;12362;1481525965;6
3856;3977;1481530130;6
1459;4038;1481545374;16
5264;5736;1481540893;12
19211;20081;1481539687;16
8825;25036;1481533268;14
10530;7354;1481547646;8
20545;20695;1481533932;12
19228;10486;1481545366;16
12062;1966;1481511683;10
12284;9969;1481533528;16
75;5762;1481531231;18
25169;1392;1481517119;6
7394;6592;1481537242;14
20289;1109;1481524685;12
11402;7183;1481518777;10
7039;20239;1481509672;18
18117;6431;1481514538;4
15312;4957;1481514315;16
7633;7781;1481527840;12
17281;1552;1481549894;14
4852;10206;1481534378;16
8889;17397;1481519988;14
11416;11251;1481520328;14
4026;417;1481523237;2
11232;1031;1481520993;16
1691;14560;1481513291;6
7532;5864;1481524941;18
11612;24397;1481532669;8
2115;22317;1481517354;10
19795;7169;1481550921;2
8684;19278;1481517418;16
1889;20949;1481517790;16
27491;13773;1481509611;2
8463;10568;1481511654;16
941;20479;1481512019;2
9871;24955;1481520069;14
6881;1331;1481509742;14
17518;11232;1481517074;4
8691;3385;1481526854;4
2781;19857;1481530831;6
19217;8484;1481512145;2
14443;1486;1481542372;2
1733;23083;1481519438;4
8187;15024;1481546029;18
8582;23083;1481516437;16
16812;8968;1481549132;10
7695;5977;1481511185;12
22135;14691;1481516533;6
3585;6200;1481526018;14
24680;11041;1481548947;6
23665;2037;1481535854;4
26204;7942;1481541567;12
7568;1984;1481534109;6
12757;10163;1481541951;4
10210;24658;1481542756;12
21411;4685;1481536795;14
6614;6853;1481524984;18
1665;3163;1481538154;12
19027;4316;1481511355;10
7576;24480;1481530208;4
10398;25543;1481545227;16
7766;8161;1481515595;18
26312;27425;1481551107;16
5803;23050;1481512967;2
3978;2379;1481520309;8
233;2177;1481520325;18
1922;8570;1481530592;8
9635;20792;1481526975;2
24951;12866;1481538066;8
14556;26240;1481518031;6
7946;11220;1481516952;2
11576;3377;1481510582;14
8694;6937;1481521546;6
8742;5706;1481530523;2
14805;10908;1481546978;18
17053;17004;1481537002;4
11170;17901;1481515421;18
19300;9274;1481536265;8
9738;162;1481551067;8
8350;6859;1481531220;2
7997;16126;1481547360;18
3533;4009;1481544842;4
1623;939;1481531805;16
11231;7013;1481540621;10
6545;6032;1481549203;12
5739;26240;1481547614;10
11113;17460;1481524161;16
20963;4285;1481544542;14
10635;4349;1481511850;6
5118;1357;1481542548;8
24747;11111;1481541983;16
27183;7251;1481516345;10
18202;2758;1481510398;4
8393;11094;1481540379;4
27041;5843;1481541041;14
10812;9123;1481549090;18
7894;323;1481520266;8
129;24662;1481520866;12
7573;20025;1481534876;4
10603;6480;1481528264;14
2120;2809;1481547035;14
5867;3911;1481517673;6
19555;27031;1481544531;4
4176;5600;1481515340;8
4260;1735;1481511518;6
8910;12418;1481522070;14
14549;10192;1481526014;12
8484;12156;1481536920;6
19921;27201;1481536863;10
5721;14546;1481541899;8
7190;14625;1481515405;14
19547;3377;1481510344;2
6711;20673;1481514434;12
9751;19857;1481513881;10
6329;7773;1481512941;16
12156;6263;1481513317;2
4666;20744;1481529523;8
12426;1177;1481523723;2
25325;7809;1481509507;6
8892;12771;1481529681;16
12042;18847;1481521559;6
4710;16034;1481522129;14
7446;22641;1481513023;8
5897;1060;1481534281;8
5108;4546;1481510039;18
9199;11805;1481510582;4
12426;8365;1481550794;4
5978;24257;1481531897;10
9915;26260;1481540716;12
7352;316;1481514029;14
251;5805;1481516725;6
8870;7645;1481521253;6
3469;11099;1481540586;2
254;20419;1481525422;10
13261;27009;1481536521;10
16805;19554;1481520447;8
1906;17032;1481512039;18
7819;1447;1481522426;4
2809;15470;1481521481;16
1796;15326;1481539459;8
1874;6520;1481547980;14
6437;16678;1481536082;18
20143;12583;1481543117;8
140;18836;1481520538;8
21214;9424;1481516751;10
1796;16120;1481513549;18
19988;5976;1481546086;10
9668;2373;1481511480;18
1837;11478;1481538340;10
1683;19232;1481547575;10
236;117;1481523716;14
4900;16017;1481550931;6
6499;6665;1481514709;16
2322;3591;1481536103;6
8447;9771;1481541165;10
23894;15164;1481545681;16
23158;5932;1481535122;14
17256;6627;1481528105;14
1219;3543;1481529028;16
4710;10199;1481510334;4
23892;4195;1481541908;4
19068;6358;1481537085;18
10366;23120;1481517329;12
12162;7833;1481527453;18
14260;1175;1481511965;18
9266;2526;1481535783;8
8399;4806;1481547135;18
1608;12577;1481530481;4
19594;14979;1481512015;16
6231;1442;1481514791;6
2986;15008;1481516317;2
15317;5379;1481527738;2
5379;3772;1481513466;8
21841;14863;1481539713;12
279;23161;1481516406;10
26244;15370;1481544811;4
9023;1458;1481512257;8
2777;7163;1481546545;8
14661;15999;1481550340;12
17397;19869;1481534247;12
4009;177;1481547415;14
9323;9810;1481542933;16
17418;6860;1481538254;16
23646;3599;1481533173;14
11026;20006;1481529978;6
3538;3917;1481512389;16
9015;8806;1481527296;6
8809;8578;1481510145;4
6628;1855;1481528667;6
5726;968;1481520366;8
10415;8130;1481523878;2
157;6188;1481550184;8
7995;18837;1481513119;16
1457;10101;1481542216;6
8526;5413;1481546853;12
7157;20048;1481540913;14
14269;12245;1481540477;2
9793;5267;1481525433;16
3542;27477;1481536435;6
16650;9019;1481513028;6
20962;4777;1481540851;18
10315;1208;1481531311;14
8249;4300;1481520010;18
7422;11392;1481520044;2
21259;10890;1481520076;18
9239;9347;1481538039;2
14571;16036;1481536905;4
26112;10003;1481536459;6
20521;14551;1481543778;12
20372;1800;1481541587;4
3727;10795;1481528223;16
3025;1236;1481525379;10
10112;20358;1481549543;14
7269;16647;1481536009;12
2362;12103;1481546041;10
15030;1530;1481510364;6
12411;11594;1481550636;10
16187;15240;1481522773;16
11601;1433;1481539867;8
14572;10363;1481541916;6
23173;24747;1481516235;10
332;9522;1481517490;18
24058;6458;1481524996;6
22794;27553;1481532584;16
6649;5033;1481514540;4
8646;4625;1481549965;4
13289;12076;1481510330;6
4208;20006;1481535709;10
11150;5962;1481541881;12
14561;19805;1481539539;2
9009;10851;1481514548;4
6607;3952;1481537900;8
24277;15374;1481522248;16
9316;1836;1481534978;12
25048;439;1481514786;10
14878;18144;1481532115;8
20358;9148;1481529710;16
1303;12403;1481546433;6
1195;21071;1481530817;10
2729;14701;1481546436;6
5108;24753;1481540956;16
27483;22479;1481536282;10
8640;6854;1481543478;8
1387;10179;1481545666;2
22441;5672;1481540397;16
9247;20411;1481522969;18
5950;3467;1481515435;16
10874;5501;1481534997;14
11102;272;1481532557;4
25051;5947;1481522528;12
3925;1851;1481516467;10
1583;4502;1481534760;8
11054;26101;1481540576;8
14702;11083;1481537603;6
13949;25707;1481524414;16
16651;4808;1481534319;10
15777;11390;1481542854;10
24179;10355;1481514179;2
25080;7888;1481529011;12
5109;9415;1481541529;4
6832;9860;1481545206;12
8950;1084;1481512169;6
15106;14580;1481519833;4
14868;22627;1481526662;18
9553;7542;1481517384;16
14125;19880;1481531894;10
4953;23262;1481546782;6
2015;6998;1481522698;18
5752;22252;1481520604;12
8117;1874;1481532112;4
17022;14890;1481532026;12
18892;6330;1481544741;14
10806;19819;1481515918;10
149;17480;1481519470;4
14804;24662;1481510875;2
3253;19045;1481525734;6
19885;3624;1481537971;2
2526;8483;1481531511;2
14929;16304;1481511879;4
10009;8936;1481546499;8
8766;19288;1481548970;16
8221;6794;1481513830;2
15339;6261;1481531045;2
23354;19092;1481519127;12
7077;11219;1481523151;16
5630;14142;1481542677;14
6891;19040;1481512932;8
16038;21085;1481540472;16
13975;16295;1481513168;4
27090;9875;1481522396;4
3014;9064;1481536116;14
12133;14164;1481550904;4
9215;26477;1481550938;16
10045;3281;1481513442;14
4327;17254;1481529228;12
20103;24660;1481545296;2
1042;5245;1481524519;12
19882;12022;1481549028;8
5773;7343;1481536140;8
9982;3766;1481540298;16
23039;6877;1481531107;16
12262;411;1481532813;12
17359;3426;1481548288;8
13288;23696;1481510003;12
6667;22571;1481527675;18
4188;1146;1481519906;16
11124;5530;1481541579;12
71;5034;1481528146;18
12136;2798;1481523294;10
9408;394;1481542554;4
11102;10174;1481546603;10
14549;18907;1481535909;6
17873;11000;1481523378;18
19851;19224;1481517748;18
10916;24128;1481539832;14
23319;2998;1481520988;16
9485;14887;1481514118;18
19714;14194;1481528541;2
1910;1536;1481544261;4
2322;10197;1481511042;14
4041;8665;1481512582;16
6486;25163;1481531849;12
15312;198;1481516687;18
9898;5406;1481528480;12
21092;415;1481527022;8
4035;12064;1481543635;16
6015;17350;1481549471;12
10464;19716;1481539053;4
24062;8377;1481524311;12
10327;10229;1481530224;2
16177;26091;1481512453;10
14653;14890;1481512467;6
9021;12572;1481549039;4
16195;18868;1481526256;14
21807;4893;1481539994;4
24707;11405;1481523167;12
1025;10679;1481544291;18
24584;14244;1481528992;4
18157;10516;1481529204;4
7087;20400;1481545378;8
11146;10710;1481536675;18
20298;27540;1481517588;6
12116;4961;1481545695;4
7008;21288;1481509728;6
18097;10852;1481539593;18
20756;9873;1481535215;8
10209;6985;1481533468;6
1490;13779;1481532635;16
20923;11958;1481519363;18
4743;17465;1481542426;10
9833;251;1481544490;12
7893;7044;1481549182;6
13559;6161;1481518196;16
24064;10178;1481544585;10
4576;13876;1481537028;4
16651;14699;1481513342;4
5386;6000;1481512522;18
9793;7770;1481515695;16
7983;1845;1481548864;2
10553;9194;1481545223;2
3545;12155;1481528352;6
3543;1600;1481520831;16
8032;10371;1481531516;12
16377;23118;1481541388;6
4357;7576;1481528358;4
6900;12307;1481511050;8
12043;26041;1481514332;16
5813;20909;1481510001;14
4976;437;1481547065;4
6158;11094;1481526473;10
2607;5501;1481541174;18
2786;10509;1481538505;6
1395;10806;1481522214;18
22490;8132;1481519605;2
12415;15009;1481542467;6
17289;24360;1481509538;14
24278;11851;1481509593;2
22968;23852;1481548133;4
17264;5716;1481550126;12
26187;5946;1481548711;6
1047;4017;1481516680;4
5010;301;1481517059;6
6582;6312;1481521274;16
5910;7884;1481549590;10
8517;10913;1481512555;10
23048;23344;1481530623;8
11060;1890;1481546267;6
7144;2406;1481547424;2
7545;12226;1481525657;4
17397;5471;1481536809;14
1159;11128;1481531985;10
25266;16925;1481543613;12
7063;27559;1481530595;10
5911;26099;1481535563;14
14561;3721;1481539459;16
10499;6872;1481546389;16
17198;18810;1481527047;12
13942;11384;1481526086;12
1176;11028;1481533766;8
2324;7623;1481521997;12
23327;9827;1481529617;2
1351;4290;1481550838;8
8046;20739;1481520694;2
3399;13080;1481513496;6
5469;14555;1481545479;6
9391;5286;1481525692;4
14155;17363;1481544078;8
24378;27051;1481520899;12
20144;17568;1481518182;18
24253;6676;1481515968;6
4224;23620;1481527762;16
13984;9296;1481534011;2
15482;6506;1481544436;6
5701;12620;1481532059;12
5019;2890;1481547070;14
25163;286;1481548798;16
6993;14625;1481528211;16
1090;15018;1481530461;12
17025;20189;1481516219;16
7030;7326;1481536523;18
7423;1662;1481513354;2
5827;17510;1481535705;4
1430;14631;1481510322;14
2728;19274;1481532372;6
19964;10250;1481526860;2
5686;16127;1481535827;10
7473;1157;1481527813;8
9853;7102;1481524211;12
6952;9241;1481530197;10
10018;7436;1481522192;6
5861;3279;1481545297;6
6557;9396;1481546681;8
4184;12655;1481511519;16
1038;11895;1481520587;18
9550;4320;1481510830;6
20196;2016;1481529178;10
13883;1029;1481543607;4
11955;1391;1481538929;8
3161;4322;1481511951;18
26031;8765;1481539964;14
3853;7107;1481550286;2
6950;17465;1481514055;6
15304;14638;1481535672;6
9451;9567;1481522438;14
6318;8501;1481540454;4
26041;2023;1481548501;16
15089;20366;1481519559;6
1066;14778;1481509643;8
7387;6014;1481511685;8
2119;7098;1481521869;6
12181;4702;1481545886;8
6633;69;1481509793;14
14123;317;1481546693;4
5899;12063;1481535186;8
10524;13939;1481516612;6
4552;26469;1481519769;14
12396;8512;1481535690;10
16014;5471;1481549389;16
27435;262;1481546337;6
20491;13824;1481537636;4
5714;7280;1481516902;2
7853;10113;1481516628;12
10352;10426;1481535341;18
11728;7862;1481523556;2
18080;21228;1481543432;2
6644;11383;1481531705;10
3371;27294;1481546577;16
1736;2452;1481521300;2
5889;3948;1481523320;2
20290;2273;1481512938;12
12065;26158;1481519744;12
1716;8446;1481530224;12
15160;4622;1481524935;16
27309;13785;1481515567;2
6625;8051;1481525000;4
4745;15989;1481511372;16
1725;9551;1481548802;8
14654;9109;1481518344;4
10568;1881;1481532961;14
4037;365;1481542504;16
2738;27038;1481531832;18
175;3624;1481546612;18
3717;6537;1481530394;12
18946;27406;1481523209;16
7942;8230;1481518222;14
1594;19857;1481513310;4
2744;5422;1481533166;12
8921;5712;1481547573;14
9103;23697;1481545617;6
1268;10837;1481540166;16
15375;24649;1481546702;12
14655;28;1481543142;14
15349;13212;1481532300;18
4690;7107;1481542398;18
10832;18816;1481534762;2
9061;6986;1481546849;6
1961;6526;1481545835;10
6476;19726;1481513325;8
21480;2979;1481529975;16
9278;22310;1481548171;10
3287;12411;1481509597;10
25413;5723;1481519637;12
15311;21000;1481514584;16
6157;12576;1481542808;18
18052;1381;1481537730;16
15075;10999;1481542109;18
7163;20977;1481538560;18
1640;23339;1481517593;8
27443;3534;1481547013;18
17334;5421;1481548750;18
3726;15090;1481533195;10
12757;7647;1481521052;2
11065;8995;1481541767;16
11943;6986;1481540912;16
9512;4481;1481526929;14
6614;20406;1481526780;8
6318;1149;1481514308;12
8568;12709;1481532013;12
6191;27171;1481514434;6
8497;2760;1481518442;18
22179;12573;1481523601;14
19925;1374;1481540622;14
8577;10080;1481524082;2
11783;3953;1481514637;4
10813;7037;1481515894;14
6387;13195;1481550930;8
18178;20121;1481534965;18
15521;5880;1481531085;2
6960;5828;1481547482;4
16053;11898;1481546430;18
23624;2880;1481517804;12
19963;6112;1481515148;12
2787;25043;1481521972;12
23057;5782;1481516844;2
15327;10879;1481510018;8
24133;6559;1481518256;16
11113;136;1481521181;4
3640;19044;1481521852;18
11772;1151;1481533822;6
6769;8701;1481519960;16
18864;1231;1481543946;8
26395;8543;1481528458;12
7365;6713;1481545332;8
14183;2142;1481531438;16
24672;16934;1481548637;6
9815;12642;1481547138;12
15026;8556;1481530125;8
9526;10388;1481539208;6
11476;10006;1481509520;2
11802;193;1481525229;2
4658;24178;1481531105;12
19969;11947;1481537374;16
7082;17054;1481510292;18
24480;2036;1481549533;8
5722;8326;1481523264;6
9747;9834;1481532842;4
25487;27412;1481517837;18
7683;7878;1481529375;16
5817;8905;1481529960;10
4665;1316;1481534023;12
11024;3340;1481525029;8
10606;4882;1481545866;4
18085;27059;1481531150;18
19213;23114;1481550846;8
8418;8452;1481525528;10
4929;8641;1481525798;2
23175;10822;1481528017;14
17529;17310;1481533178;2
6244;3686;1481537144;14
1895;10209;1481512298;6
14810;6208;1481547402;18
8346;1348;1481523924;2
24326;7422;1481542441;10
15129;20336;1481519433;12
13798;19436;1481509542;10
6237;23108;1481537927;6
2804;10486;1481515653;18
14583;11215;1481536744;16
19804;2164;1481518682;4
2785;12100;1481529896;12
20522;17022;1481536819;14
7086;1299;1481519358;18
9383;7811;1481533898;8
24584;2333;1481516349;6
3134;229;1481511926;6
5729;5047;1481547375;2
11910;20316;1481514571;8
10251;25468;1481532807;4
4705;1663;1481521666;12
5389;4274;1481535491;10
1099;10109;1481539228;16
9203;75;1481519673;14
8904;8968;1481546470;10
20293;12062;1481547328;8
2791;204;1481515994;4
27022;16199;1481541950;6
4290;8801;1481541174;12
13495;1716;1481514654;18
114;23317;1481521380;14
5512;8766;1481539961;2
17573;22957;1481550912;14
368;2383;1481524268;18
6691;6941;1481517178;16
1967;19861;1481534408;18
5709;23170;1481520538;12
26207;6922;1481532659;14
1569;1021;1481549613;12
1734;3031;1481533347;6
18512;3778;1481515830;12
6154;6226;1481530656;18
5405;10008;1481546392;14
8785;14244;1481521156;12
8443;11668;1481547024;4
3789;13900;1481531889;4
1277;5265;1481529375;4
1098;5723;1481529623;6
23763;16311;1481534251;4
13862;4680;1481523182;8
220;17004;1481532863;2
13817;8536;1481517794;2
2425;7865;1481524187;14
1537;9832;1481548749;12
17880;1214;1481509934;14
5119;6110;1481532235;4
19925;17270;1481512695;18
10211;6218;1481523897;16
2372;10786;1481520235;18
24672;9961;1481535494;6
23099;9408;1481518433;6
20973;24749;1481516628;8
1216;1697;1481541016;2
21361;19587;1481529896;18
4673;9318;1481511513;12
3714;15074;1481534077;4
8130;10259;1481529908;8
13298;11100;1481510849;16
4277;17593;1481547223;10
6869;12155;1481533091;12
19876;7336;1481542905;12
14780;3428;1481529191;2
3459;5265;1481515195;6
21296;26313;1481534053;2
15085;16809;1481541275;8
7402;2419;1481536353;12
20656;19321;1481529643;18
6200;9436;1481533985;10
23621;9462;1481530119;4
275;14568;1481510206;18
8249;1081;1481535066;18
18323;18078;1481536031;10
4486;9476;1481530326;2
23893;20395;1481517546;16
223;12559;1481511041;12
7957;1441;1481526922;4
9872;6508;1481545077;12
1798;4318;1481529323;12
6525;1189;1481535260;12
21089;13182;1481530592;14
20895;5427;1481531372;14
12309;326;1481510941;14
27344;15748;1481550074;12
27554;22503;1481544324;8
10540;2388;1481539538;14
13200;20453;1481550913;6
9342;4834;1481550738;2
21293;22163;1481510543;8
14925;20787;1481522984;12
12057;4268;1481543649;18
3122;24238;1481536821;14
10653;17392;1481512872;2
907;9970;1481550264;14
7799;388;1481541881;6
7341;4946;1481516575;14
10101;27557;1481543427;16
3428;1986;1481527384;18
1456;8358;1481518993;2
18423;16804;1481546927;6
15240;4762;1481536005;10
16130;4015;1481545340;18
6953;9441;1481517880;2
1139;12650;1481526458;16
22582;23049;1481514091;8
4670;9447;1481543062;12
23614;19052;1481520732;4
4864;12100;1481514670;6
10193;17407;1481520260;14
2796;9763;1481547651;18
19908;16905;1481550350;2
25187;9839;1481515600;16
1058;8541;1481520170;10
14258;7978;1481536421;8
6607;5507;1481546495;10
4853;9514;1481534654;16
6481;13806;1481510191;14
6183;8488;1481547638;16
6797;6762;1481516315;14
9517;4316;1481532962;14
6192;22613;1481519793;6
27423;14901;1481545525;10
12765;27447;1481512347;2
26032;284;1481530129;6
4265;5485;1481512502;10
24687;406;1481521463;10
8448;5778;1481535802;8
8988;174;1481518324;16
5811;16311;1481539976;10
4951;15324;1481534384;16
24585;12177;1481536905;16
11951;1514;1481538904;4
2953;13559;1481511656;14
8332;1552;1481532728;8
20523;17352;1481546411;2
6128;6460;1481546330;4
4997;13780;1481550535;4
11096;4213;1481524639;18
5507;23893;1481521145;12
12150;21312;1481545915;12
16915;7465;1481524023;18
7433;8696;1481527071;6
6328;7836;1481537697;10
6113;3340;1481519435;4
11827;8194;1481549748;4
3257;10913;1481525083;16
9160;17464;1481538578;14
2128;7983;1481518550;4
8250;6585;1481535048;18
25468;20353;1481538422;12
1719;11635;1481523189;12
25172;7267;1481549679;6
10499;9950;1481533216;12
19423;1733;1481549124;14
8479;8152;1481511754;2
1624;21320;1481534790;8
13786;5096;1481550012;6
12601;17534;1481547065;16
1137;14189;1481522667;2
23341;11407;1481510283;10
2026;10282;1481516655;12
22645;18066;1481530719;2
27534;8279;1481530819;12
27447;12032;1481535963;12
13123;2414;1481540261;6
8570;17363;1481528010;10
9602;11615;1481537500;10
921;1211;1481519169;4
1208;11032;1481532183;16
24370;21221;1481536245;6
12759;7281;1481549131;14
311;1981;1481536318;6
16827;11091;1481511822;10
27263;24571;1481546081;10
27399;4587;1481517015;10
1099;6597;1481517784;16
24989;20775;1481537504;16
4995;6515;1481539621;10
2747;10501;1481530985;12
4327;10384;1481531883;14
11739;11095;1481550714;18
14796;1205;1481534886;12
17527;4545;1481545025;8
6267;23439;1481520804;8
10891;15494;1481520419;2
4825;2327;1481517441;16
9748;1629;1481509520;8
12120;2140;1481541645;6
6459;22536;1481543289;10
21716;2866;1481511732;8
24680;14209;1481523899;10
10593;5953;1481540032;4
1988;17873;1481532925;6
23519;27019;1481518477;18
981;19983;1481537116;2
2374;11602;1481519647;14
7475;2807;1481520222;8
8553;4197;1481534761;12
20365;239;1481547479;6
6562;8753;1481520985;4
10983;14979;1481517035;12
21313;13255;1481520314;16
6168;7975;1481519188;16
996;2283;1481510591;14
2023;11401;1481526572;12
7636;7943;1481526592;12
9997;13790;1481526148;16
26185;10998;1481538038;8
13758;12403;1481509824;2
230;3628;1481510990;10
6652;12238;1481536091;16
1729;6794;1481519300;2
13620;10190;1481517809;14
1745;6854;1481535542;8
8550;6021;1481535498;8
6981;10530;1481547050;18
23542;4710;1481512848;4
22993;20878;1481510098;4
5942;1675;1481521488;14
9003;6173;1481537663;6
14245;23831;1481514624;10
21294;20317;1481530531;18
10615;20024;1481545597;4
3406;11120;1481536617;10
16804;17146;1481548721;4
18262;11384;1481535296;16
20335;6387;1481544433;12
3743;9180;1481522049;10
22958;21086;1481517396;14
6300;7447;1481548869;4
15461;207;1481535683;10
11482;1041;1481515053;8
27210;6629;1481543667;18
21496;18872;1481529019;14
15379;21216;1481524361;18
6684;424;1481521522;16
5355;15189;1481540067;14
6272;4245;1481528649;8
17156;19;1481537932;2
17792;24058;1481550650;8
8923;1878;1481535122;10
5649;21724;1481521525;8
7001;6817;1481532748;2
2278;10668;1481539063;18
20543;9783;1481541195;8
9417;17278;1481520366;16
10847;6540;1481509682;6
6529;7349;1481545793;16
5719;26032;1481539963;2
11846;9278;1481533342;6
13189;14623;1481515915;14
9661;15213;1481526121;12
1692;937;1481524849;18
7108;6279;1481528470;18
27401;23098;1481518660;4
23741;31;1481542279;18
6824;6208;1481549532;16
19217;19558;1481539926;6
378;22489;1481527009;2
15028;23024;1481530409;2
19545;10834;1481512237;14
1672;1386;1481534801;2
5873;7498;1481534615;4
877;27105;1481517874;18
4752;8285;1481538444;8
6934;16678;1481514281;2
4300;901;1481521417;6
6898;4276;1481535595;16
9562;3288;1481531416;10
10515;19044;1481520275;4
3369;9114;1481520535;18
17027;19279;1481547795;12
191;13496;1481523808;8
1608;21305;1481511199;2
5975;24956;1481540329;2
11363;16301;1481544973;8
8115;11136;1481528186;4
79;21501;1481520860;4
10623;5399;1481521919;16
5033;24427;1481534377;14
3559;27291;1481536094;2
5122;24347;1481545967;4
25167;2964;1481539402;12
1071;20055;1481523413;4
3748;217;1481540717;6
11698;1166;1481547763;10
14079;957;1481523362;2
25518;3626;1481515303;4
4552;11886;1481535176;10
13949;19882;1481530523;16
27538;19539;1481544184;12
5902;11824;1481540772;4
3898;27314;1481512543;18
4967;18192;1481530532;10
15962;10821;1481524207;2
12188;12290;1481524449;6
3975;14556;1481531390;12
27175;23353;1481515411;10
15231;6112;1481530713;16
1970;27542;1481542078;10
33;2983;1481520862;10
6874;10185;1481545207;12
9166;241;1481546608;12
3717;10914;1481514087;6
693;7767;1481516505;8
1218;7280;1481513392;6
6838;23751;1481519883;2
10596;23303;1481528620;10
25068;27026;1481549723;2
4027;18213;1481522990;14
15091;71;1481512206;12
14427;6680;1481548112;10
5915;20154;1481518320;14
9028;22586;1481515717;8
15239;4930;1481525970;12
11389;17025;1481510950;6
10500;20524;1481546867;18
6013;5644;1481537987;8
20899;20888;1481537651;18
21795;10830;1481525779;18
9565;17417;1481512327;10
1906;25547;1481543185;12
6217;4744;1481524621;14
23356;19803;1481543516;2
6915;6692;1481517094;6
21491;19821;1481533152;8
18337;20990;1481538150;8
8134;12721;1481535396;2
11842;1100;1481525052;16
27285;19303;1481533821;6
1892;11374;1481541950;6
7777;1189;1481533288;14
18102;14860;1481517981;10
21377;16043;1481524313;8
6999;27474;1481536296;12
224;13677;1481542954;14
3924;22432;1481522509;6
17518;14913;1481530988;16
23349;23162;1481528077;10
21269;12747;1481517868;16
7771;15154;1481509675;16
401;4481;1481522076;6
12411;11591;1481533742;12
19878;16928;1481523130;14
18905;7436;1481522022;8
12947;6461;1481545525;12
6266;8888;1481514178;10
7607;16886;1481542611;12
23526;6665;1481546021;6
15127;9454;1481512862;18
5377;27059;1481536697;6
10930;5356;1481539079;10
9390;17582;1481545394;2
6675;8884;1481542164;10
1407;20976;1481513880;10
12321;3088;1481525844;12
11905;23866;1481527440;18
163;18158;1481530043;18
9318;6811;1481520214;14
1076;14894;1481528050;6
5245;19571;1481522044;18
5929;23532;1481531418;2
8991;14866;1481519697;10
7564;22312;1481516049;16
10371;10118;1481531647;10
10378;2128;1481521544;4
12780;14578;1481537503;10
6227;12314;1481518575;10
7364;21398;1481527730;12
70;23085;1481531378;16
21747;9017;1481546719;12
6676;13113;1481529094;14
22929;20406;1481540017;8
11232;22932;1481510629;14
4780;1035;1481517870;18
2122;4626;1481545736;4
7619;7107;1481536473;18
20906;18873;1481510615;4
11601;8779;1481518861;18
4207;18399;1481519662;8
19520;27332;1481545355;6
4826;23521;1481537000;6
10912;5978;1481510325;6
3258;23353;1481517551;2
27414;101;1481512406;18
20868;1402;1481520425;6
10922;12781;1481548233;14
20689;70;1481537922;2
359;19064;1481551043;6
245;17482;1481528296;14
5675;9665;1481531855;12
25072;9105;1481523047;12
20154;9752;1481538352;18
6872;20807;1481538318;14
7031;6218;1481524271;14
4610;22274;1481535133;14
24410;27542;1481526161;6
11921;5909;1481536823;10
4233;10720;1481532141;2
1319;24687;1481527374;14
10510;9536;1481515643;16
15934;17271;1481528644;6
4048;15013;1481526768;4
20575;7896;1481521701;2
11776;4804;1481531710;14
4813;27142;1481547400;16
8992;5635;1481523854;4
27296;18835;1481509854;12
7265;20525;1481532660;12
27321;1087;1481550535;2
951;23303;1481549056;12
20121;12072;1481514851;4
14777;371;1481525213;14
2910;16194;1481541569;4
1555;11695;1481546729;16
22984;4782;1481529537;2
6463;1432;1481549279;18
332;6702;1481519448;10
4026;16033;1481535608;8
12600;15098;1481541461;14
9359;2981;1481511120;2
6390;23191;1481541719;4
11594;9020;1481538187;4
13794;10510;1481538889;2
256;12880;1481541939;10
5917;10200;1481547293;2
6479;5874;1481539152;14
15306;20336;1481526131;4
7360;12133;1481544129;18
9647;8768;1481510053;4
3068;101;1481528333;6
5924;8221;1481527477;12
14547;13811;1481533351;10
8399;1504;1481516372;4
10443;23020;1481520017;6
2809;17439;1481522619;4
18806;7526;1481515450;4
17174;14894;1481537682;16
10723;20590;1481515544;10
1221;19986;1481511804;10
12583;24745;1481528842;8
24446;259;1481531970;12
3575;10523;1481547698;2
10738;1099;1481514252;6
12758;11025;1481542784;10
12102;3124;1481521139;8
1411;12868;1481517629;6
14640;3079;1481537526;14
15754;6390;1481519153;10
996;11636;1481525969;10
20113;19215;1481528520;8
3512;2323;1481545183;12
7011;13973;1481549581;6
4034;4413;1481538878;18
5006;9534;1481510479;4
18347;27207;1481516690;4
6315;7815;1481509557;16
8941;15348;1481518548;4
19925;8847;1481538298;10
14875;11607;1481528390;10
14796;5105;1481514093;16
22254;13874;1481511296;8
41;25356;1481523707;18
8221;15084;1481517375;14
4485;18872;1481534377;2
3060;19987;1481527518;12
26157;19710;1481520061;16
5812;5867;1481535949;4
14135;23805;1481518430;10
27126;11728;1481542034;8
21841;1224;1481527739;18
11698;21416;1481510670;10
13771;3026;1481548373;2
11241;7442;1481538157;4
26219;5631;1481547586;14
10198;7082;1481529746;8
4842;24689;1481509943;10
27537;9413;1481529287;8
21495;22142;1481519885;18
6008;20069;1481534094;16
15307;20115;1481544904;4
7767;4914;1481524582;8
18114;1595;1481535386;12
18806;19824;1481526556;14
1092;418;1481513592;12
11234;13772;1481546015;18
14537;19275;1481523270;4
27534;4486;1481550456;10
26199;11214;1481523565;18
3022;6541;1481525410;16
18077;8384;1481528419;4
1860;3771;1481538311;12
11408;6807;1481544691;2
18907;16123;1481529304;12
19897;18103;1481521850;14
15476;3393;1481526194;18
11252;3016;1481535788;10
404;6020;1481529517;16
14158;7053;1481528596;18
6469;6929;1481538025;2
10357;1247;1481509860;2
25048;19551;1481511585;14
25343;1565;1481543732;12
9660;24253;1481527984;6
6263;1233;1481520860;4
1423;23864;1481542310;16
21371;16098;1481516598;10
322;24254;1481511867;18
17396;3396;1481536075;4
8762;18834;1481550233;2
17272;27137;1481513828;8
20754;18050;1481524218;14
18066;20064;1481539161;4
7148;2744;1481514787;2
2801;1160;1481513407;18
16909;9525;1481550658;18
9951;25169;1481547068;14
15033;364;1481537588;16
267;20539;1481531329;6
12091;367;1481547432;2
4039;6941;1481515598;8
4334;204;1481546846;2
15236;16008;1481535741;8
8044;7296;1481532092;10
2834;6634;1481535766;8
15421;7076;1481547055;8
7387;1487;1481543309;2
17548;12088;1481517515;8
23171;12757;1481532989;12
20330;12335;1481531344;10
19953;6578;1481526554;10
20444;6605;1481511104;14
4354;6254;1481524932;12
5860;9200;1481514120;8
2032;4906;1481537522;12
3418;7560;1481530016;16
25176;2154;1481520647;12
6314;7463;1481527390;4
3903;2353;1481531054;12
26074;13950;1481532349;8
5248;10164;1481543577;10
4353;27178;1481547250;16
16053;5106;1481533087;14
11229;20359;1481532465;16
19285;881;1481539687;12
12572;21296;1481535840;12
26152;905;1481515028;14
13972;885;1481546130;16
7326;12151;1481539113;8
26307;10666;1481513759;12
20115;6652;1481518210;6
15352;17022;1481529659;8
23120;6344;1481542266;18
12087;10001;1481525098;10
421;18805;1481516273;12
14257;22312;1481531532;16
23107;6130;1481523502;10
5723;341;1481540071;12
8493;9406;1481549998;12
2338;6602;1481533984;18
18245;18193;1481547511;12
7333;12063;1481535513;2
5431;9416;1481531305;14
5110;229;1481545768;18
19308;20291;1481543570;2
8519;6732;1481536314;12
21323;1794;1481509896;16
5472;7809;1481542673;12
5719;14244;1481532929;10
16050;3615;1481532249;10
15368;8940;1481513469;16
372;19070;1481509684;4
22455;11412;1481532567;8
24685;22462;1481550050;6
6123;7339;1481526235;6
19953;22316;1481525945;14
2910;8972;1481533607;8
10024;20124;1481518936;18
6973;12243;1481541912;2
48;9460;1481550780;2
22603;20055;1481541553;10
5990;19080;1481551106;2
23867;8025;1481539960;6
11797;2367;1481527178;10
20318;12796;1481533169;12
11859;27091;1481547777;14
3693;4233;1481542026;8
4334;9915;1481530519;10
12091;3419;1481525642;4
20244;2346;1481513900;10
24446;11415;1481540418;14
13177;8997;1481518487;6
6135;27197;1481527900;8
8349;9565;1481515919;18
7458;5877;1481512207;8
4334;5709;1481522135;4
9435;19939;1481526488;10
5084;24691;1481525859;16
11413;53;1481517795;12
19069;12601;1481521631;6
20996;6419;1481547721;8
20143;1485;1481542391;2
12015;4304;1481510529;14
27157;21081;1481522434;12
14584;8429;1481525408;18
11849;99;1481514454;18
26069;14237;1481520059;10
2286;21834;1481517809;18
7398;7354;1481509820;6
2826;6266;1481522582;16
6312;12185;1481510534;12
4525;13874;1481537367;18
9;189;1481515506;10
9514;6805;1481510900;16
15071;8893;1481537069;14
1332;12600;1481528092;10
7392;1340;1481545086;12
1645;20392;1481548035;8
24675;6497;1481549442;12
23833;14202;1481515062;18
25069;1207;1481518281;16
12310;14195;1481549672;16
9976;27140;1481536649;10
4021;20140;1481543329;6
10472;15305;1481517818;12
8248;81;1481532816;4
27166;1513;1481517486;14
27156;4733;1481520856;6
22310;24326;1481517428;8
14245;25431;1481510979;10
19546;14663;1481517104;18
1693;14874;1481540084;14
18936;85;1481529510;16
7847;12813;1481537548;14
14876;26309;1481514412;8
3255;16026;1481535151;12
27343;21374;1481535886;16
994;6798;1481513513;12
15252;8535;1481519324;18
23060;16035;1481517971;4
3409;9774;1481532969;8
24347;2607;1481520124;8
22650;18913;1481531069;14
1003;27510;1481543592;6
21310;21398;1481531383;4
11629;20682;1481536345;8
1148;19298;1481548755;8
6415;4808;1481517135;18
10092;1856;1481522427;2
3998;5050;1481546905;18
4741;23102;1481541179;18
6467;11018;1481528452;14
21410;24088;1481542548;8
5248;1735;1481524301;14
17782;25367;1481519384;16
11121;8964;1481525906;18
16558;8952;1481518852;10
19813;8907;1481513835;6
4283;1430;1481527077;2
5485;20077;1481527585;4
9785;1975;1481529871;18
5758;26082;1481537021;8
7190;4007;1481525732;18
15389;7148;1481522969;8
11720;1970;1481550857;8
6208;19219;1481539851;10
1176;22444;1481521391;2
17501;21229;1481528786;8
5948;19072;1481526359;16
8972;27470;1481529441;10
409;4565;1481513582;14
16190;1405;1481524920;8
156;12772;1481544944;10
6771;19772;1481546773;14
11044;9536;1481548858;12
15499;9763;1481527662;10
9740;17332;1481546393;18
23302;11002;1481517125;16
27552;24352;1481530391;6
12135;13784;1481527078;14
9777;3276;1481525510;18
975;8308;1481543547;6
5346;20044;1481533809;2
4045;16044;1481525259;8
18049;10700;1481517872;10
14896;12425;1481529050;12
14157;11158;1481528854;6
7592;7402;1481531607;18
8221;3987;1481510396;16
1046;8650;1481533187;12
24132;17475;1481535066;14
19301;15349;1481542572;16
4526;1952;1481540867;4
1105;19060;1481524705;2
7483;10328;1481523988;14
1979;20473;1481536267;18
1672;26307;1481510305;2
5385;26082;1481525919;8
25400;2371;1481543316;18
296;17171;1481519574;6
27484;5418;1481531539;14
19062;3931;1481527866;6
15491;22179;1481529801;8
6136;25164;1481546064;4
9280;24929;1481548993;2
1978;15100;1481540639;8
10535;10211;1481546194;16
6697;21452;1481543893;2
1643;20573;1481541742;12
22960;20937;1481538641;8
24737;14628;1481514170;18
10838;6879;1481545171;16
7041;1668;1481533613;2
3914;27541;1481531349;8
24478;17887;1481534293;6
8847;194;1481517198;8
27313;3994;1481516378;6
10464;15086;1481514244;12
20414;25344;1481513605;16
12241;12813;1481532494;4
18355;14914;1481523355;18
1965;4233;1481519406;14
23549;16132;1481527024;14
6780;9161;1481519437;10
25362;14106;1481525808;18
14963;1431;1481511908;8
11599;19801;1481523347;14
191;2527;1481538143;12
11229;3615;1481509778;4
14563;16651;1481547952;16
20864;1219;1481529394;14
8813;1848;1481524103;12
6237;8330;1481530409;16
13910;3898;1481520822;2
18193;10223;1481536333;2
26203;11119;1481520425;10
8441;1570;1481536687;12
1602;5354;1481523906;2
9345;24278;1481522244;10
5939;4183;1481515106;16
8785;25089;1481528925;8
24277;20997;1481550175;4
4020;27457;1481523770;14
5913;12279;1481543450;12
2036;15227;1481514843;6
6984;4829;1481529143;8
15287;10838;1481532218;14
6452;3403;1481513273;8
5247;8847;1481549133;14
10682;1625;1481533127;14
1420;3728;1481526783;8
6871;20864;1481550637;18
6305;22994;1481535715;6
3992;25071;1481515139;12
26041;10908;1481520813;16
164;9638;1481545307;16
5702;20104;1481516466;18
27183;400;1481513538;14
1363;5510;1481517745;8
2726;3276;1481533752;18
8898;7005;1481536939;10
5353;9860;1481529835;8
6626;9009;1481516591;12
10475;326;1481541573;18
23112;14964;1481515771;2
20244;7700;1481540523;10
8115;4787;1481518773;6
12137;27394;1481521964;10
7087;5717;1481549979;10
14548;18319;1481548614;8
1409;3952;1481544927;16
7324;1133;1481538247;10
11760;6015;1481548176;4
4025;102;1481531948;2
6960;6962;1481545310;12
20530;11777;1481514677;2
4781;9891;1481550730;10
20775;202;1481533220;4
407;17279;1481545996;18
19276;12352;1481540854;10
17418;1321;1481549848;14
20969;4762;1481549499;10
14695;1372;1481536734;8
1572;20908;1481512063;18
18873;17233;1481545723;18
2807;4516;1481546620;12
13200;2271;1481535768;6
14713;6380;1481519725;2
6931;9656;1481519153;6
6786;144;1481535638;4
27054;20025;1481529278;16
13085;17486;1481515355;6
7252;7303;1481530156;18
24394;4255;1481548890;18
25062;4978;1481514893;16
11069;16362;1481526832;4
20415;3155;1481518591;18
14238;24997;1481528149;2
23971;19762;1481538203;4
16851;437;1481551005;16
8137;14262;1481517276;8
6286;11053;1481526881;4
7176;3940;1481531124;14
9806;14904;1481534461;6
7029;1625;1481546417;10
4010;8369;1481520133;16
27558;14918;1481548145;4
21839;4876;1481534524;10
6329;4747;1481535614;12
18198;1311;1481545669;4
13888;20328;1481529893;18
7559;6421;1481526592;10
11131;5519;1481526140;8
1853;16140;1481545787;12
1696;6403;1481514808;6
2328;6259;1481535004;4
6251;7902;1481528929;14
5410;27124;1481547104;2
9565;6228;1481537119;10
2824;22446;1481530841;12
7871;14150;1481526577;4
7335;25493;1481532598;8
5115;17386;1481539501;4
6526;3295;1481524368;16
10987;2017;1481533455;2
15027;20110;1481511517;8
3411;19598;1481514872;4
6366;5916;1481521264;12
23180;399;1481522897;6
345;11224;1481518043;2
11212;27034;1481541435;8
25319;10361;1481548245;16
3990;13902;1481538743;2
25391;8353;1481522256;6
19781;13028;1481528324;2
9672;17030;1481535843;16
9411;10674;1481529760;4
397;15777;1481531246;12
4054;1695;1481551033;16
10082;17576;1481542179;16
6928;7583;1481551002;16
1113;8473;1481521850;4
4249;11119;1481523160;14
20937;2282;1481534835;12
11859;11034;1481515748;12
6221;26205;1481531209;2
3021;10500;1481509569;2
7388;26203;1481523353;12
5265;3120;1481512697;10
10266;4551;1481526398;2
8685;10981;1481522605;8
7057;3340;1481546332;10
20040;1134;1481538862;12
7059;17250;1481526475;2
6596;6530;1481526699;6
10618;10475;1481534837;12
1798;4677;1481531183;12
15508;11407;1481549694;12
9765;8901;1481513101;8
18319;6674;1481530161;16
13777;322;1481537305;4
20933;12045;1481545781;10
22538;21759;1481532704;12
27409;7342;1481515054;18
10530;4943;1481519004;10
1100;25392;1481512582;16
6536;19773;1481521228;18
6868;9499;1481534442;4
10246;20124;1481527101;16
20330;5628;1481542428;10
18341;14566;1481510616;12
7354;27202;1481536161;16
1909;13905;1481538658;8
19830;4678;1481519453;16
21323;6311;1481528160;16
3695;4830;1481531230;6
8912;18964;1481530347;6
10322;6598;1481520571;16
6536;213;1481529429;4
14133;7163;1481548074;10
10395;16534;1481514483;10
24688;12947;1481550355;8
7614;5028;1481550935;8
16133;20290;1481522811;2
1484;8693;1481548298;10
5870;27175;1481541059;12
5098;6519;1481510335;18
23535;5808;1481541020;8
18861;19866;1481527203;6
18263;7465;1481533871;10
11091;18112;1481538574;10
20769;2370;1481512888;2
1079;1922;1481516717;4
14585;14450;1481519984;2
20982;26189;1481524726;14
8133;15329;1481518599;6
3015;5696;1481522321;4
1020;12417;1481548197;12
9819;11627;1481542966;14
266;11035;1481546191;16
6869;6526;1481544440;2
11210;1356;1481536569;2
27022;27015;1481535166;10
8744;26329;1481533091;12
1520;2423;1481546146;6
19538;27472;1481538796;8
27182;6224;1481523181;18
12360;55;1481547164;14
15119;3942;1481515555;18
10888;2024;1481534447;14
2131;199;1481529240;2
24667;4045;1481533737;4
7847;8512;1481510383;8
5849;21077;1481542524;6
7290;7925;1481532691;8
14191;3505;1481544548;4
7976;20021;1481546629;16
7873;4180;1481545220;10
8354;1063;1481523259;12
17275;27380;1481519048;6
6177;21389;1481515245;18
8530;2418;1481517865;12
7815;6874;1481528289;16
6351;2749;1481548065;2
17794;11082;1481510232;16
11789;6026;1481543853;18
6927;20121;1481531540;6
1321;25385;1481538539;12
7006;21087;1481535573;12
6110;1444;1481526709;10
1876;27507;1481511638;6
7343;11846;1481539442;16
14150;9219;1481544901;14
21724;15768;1481529396;10
3586;23864;1481510504;16
7104;13241;1481536574;14
8691;7954;1481519777;14
7778;17299;1481547114;18
996;14641;1481512108;6
11949;6133;1481510153;12
25192;6786;1481534765;10
4559;375;1481510242;10
47;25060;1481545778;8
27051;4641;1481540483;14
1678;6597;1481544179;16
27325;4260;1481539708;14
355;11037;1481512434;16
16826;18114;1481518408;14
10031;1653;1481515282;12
76;10837;1481539352;18
6435;6797;1481533996;8
8569;7365;1481521305;2
6995;298;1481534443;8
6866;8977;1481525971;14
2465;20021;1481549726;4
1104;3756;1481539814;6
2411;11808;1481534935;18
10675;22269;1481535166;14
13985;23751;1481532747;6
7446;11803;1481540606;12
6261;24356;1481540597;6
6142;39;1481510764;14
3488;8338;1481547166;14
7603;3616;1481540603;14
17004;9809;1481545162;8
8316;25068;1481518815;4
9184;19815;1481531338;14
20076;7363;1481513242;6
1311;3387;1481526837;12
8334;7044;1481536454;2
5504;18080;1481545573;2
3624;9954;1481549124;8
18885;22496;1481512593;14
1689;23867;1481529736;16
9341;14950;1481517322;18
5862;1171;1481522542;4
25070;1662;1481534797;2
12228;20975;1481550686;2
3369;21721;1481514284;6
9862;14798;1481528674;6
25003;8355;1481544790;8
21716;20969;1481548509;14
19286;16812;1481537500;4
27537;27014;1481536754;6
10257;25168;1481514426;8
1423;6485;1481529194;10
10797;5332;1481541269;16
23443;8595;1481534490;2
19232;1556;1481527149;14
4230;17244;1481533568;16
3726;150;1481535417;6
9305;11176;1481511808;8
21295;8234;1481526495;4
248;8389;1481528296;16
7423;7029;1481519529;4
2420;1016;1481548541;2
17536;8425;1481532392;16
9525;144;1481539761;8
14441;3268;1481550921;4
25071;428;1481533198;8
11629;21270;1481529192;2
6309;27327;1481512013;16
21322;5985;1481514860;6
8646;4187;1481526985;18
16194;23069;1481537899;14
8523;21370;1481536016;12
24481;11232;1481512282;4
6410;10183;1481518952;18
4685;3904;1481527929;12
26156;12046;1481537606;16
10670;4955;1481520128;8
11692;7165;1481538950;14
14201;8365;1481526679;10
13907;23107;1481543728;2
27005;10003;1481549743;2
12157;8574;1481533207;10
14262;19721;1481535985;18
21413;6639;1481528721;6
26480;959;1481525357;2
8324;14549;1481522415;14
9453;119;1481516069;10
18144;4550;1481523507;16
1925;358;1481531625;12
10446;3725;1481537680;8
14075;2325;1481539339;10
5973;5377;1481541184;8
2788;1271;1481511929;18
12866;10849;1481547670;14
3756;23534;1481520076;2
9457;8738;1481544870;12
6362;1251;1481528286;2
20686;12756;1481540872;4
23152;11264;1481525497;14
7818;2336;1481516024;18
1125;20330;1481518605;14
1235;7572;1481547947;10
18868;17007;1481530025;10
20917;14584;1481520450;14
16804;2761;1481535082;14
13203;8957;1481520797;18
9522;27204;1481539544;16
14538;26041;1481535072;6
1745;1277;1481525328;4
5830;6290;1481516001;16
1510;11597;1481519311;14
7612;27385;1481523504;18
21005;3687;1481549574;12
1801;7355;1481543467;18
20338;18312;1481516904;2
1146;4219;1481543675;12
18533;27184;1481516428;16
8134;26500;1481517043;8
8152;9813;1481512879;10
17252;5334;1481538797;16
19309;12028;1481512486;8
3067;6484;1481539073;16
6892;108;1481526251;6
12185;6381;1481526952;12
12322;10852;1481550537;4
26211;7954;1481539503;10
9474;24257;1481529316;8
18438;22510;1481528307;14
6528;27176;1481525384;6
353;7008;1481547825;12
4761;27130;1481544819;14
21401;21807;1481546001;10
15467;19532;1481525082;2
3970;9064;1481550771;6
14141;23823;1481542176;12
11961;7246;1481511042;10
7158;12577;1481542022;4
6363;13943;1481526624;4
9791;2425;1481544713;18
4610;7532;1481550601;2
14639;6460;1481529135;16
7041;2635;1481541183;6
12099;4987;1481511326;18
17;14932;1481544649;6
6813;10909;1481541998;6
4814;8427;1481526028;8
14209;2356;1481537570;10
4183;6915;1481549221;12
27207;24744;1481514343;4
216;8027;1481534721;8
9893;1281;1481536368;14
14698;9915;1481520685;18
3930;14625;1481519412;12
357;9659;1481546541;6
4907;26265;1481527254;14
6355;7961;1481521512;12
15351;6212;1481545240;8
25391;6998;1481525152;8
2985;617;1481540923;4
8310;20935;1481544096;8
12578;26094;1481517326;8
3781;6925;1481548190;12
7626;9648;1481540984;12
21282;8031;1481544668;8
10261;19993;1481513122;8
1074;6640;1481515491;6
20118;1846;1481532517;12
15744;14908;1481511280;8
11795;6260;1481547125;18
8502;10736;1481543725;18
1723;10007;1481537349;4
19939;17485;1481532331;6
11017;8687;1481546998;8
4023;5736;1481545358;4
7298;970;1481532769;2
16198;14782;1481519561;6
20353;9321;1481520336;6
1547;19225;1481550378;16
9447;27336;1481516723;14
20130;329;1481547522;12
14662;13426;1481522660;6
12871;10307;1481550076;12
24272;5530;1481514239;14
1739;6614;1481550673;10
1563;27331;1481539026;8
9312;11477;1481511859;18
23892;6783;1481550247;14
23620;3071;1481534384;2
1987;6998;1481514326;12
1536;22615;1481543810;8
1371;22921;1481544745;16
11805;1284;1481509600;4
1020;7396;1481530269;16
21480;18247;1481546857;8
22625;2866;1481510670;4
4958;2139;1481550640;18
5818;22930;1481517484;10
12730;23038;1481516550;14
4696;5854;1481541395;4
26169;7319;1481542541;6
17503;5506;1481511359;10
4754;5881;1481536428;18
3257;11099;1481532038;6
14579;5693;1481547750;12
16918;20063;1481543240;6
23121;19061;1481543548;2
6993;3013;1481523977;6
153;21721;1481547405;8
16795;2789;1481527648;6
5672;4521;1481549303;16
5518;67;1481541239;18
9429;3377;1481532467;16
4998;19072;1481537773;8
7366;6396;1481528790;4
8551;6436;1481541475;6
4255;2328;1481542970;14
1957;6503;1481532864;6
26185;20782;1481550278;16
18873;7361;1481547124;16
14820;27388;1481516805;8
52;1225;1481518059;18
19079;15452;1481519123;4
5037;4751;1481544988;6
7634;6430;1481534304;14
6496;2846;1481531857;6
1452;1441;1481548009;6
23338;8555;1481531728;10
20473;12644;1481529222;16
1852;12184;1481544658;4
6600;3939;1481511426;18
5652;23;1481520597;14
1771;6017;1481514868;6
17153;4923;1481529572;18
10212;9461;1481536638;4
8565;27424;1481533399;10
6618;22258;1481521622;6
1545;7146;1481520859;18
5492;12642;1481520876;6
7032;12414;1481519109;16
23894;18175;1481537421;10
17284;20066;1481543256;14
24473;5428;1481518960;8
6653;9005;1481515954;16
1033;202;1481515180;12
16139;23038;1481528204;6
9476;23140;1481537163;8
1004;9406;1481538958;12
6998;7461;1481525338;18
12120;1017;1481540737;6
8602;27289;1481531225;12
8536;146;1481517405;18
24738;23543;1481515742;14
9814;23486;1481526798;2
20117;24692;1481512915;4
22662;23262;1481527667;16
10801;7917;1481509879;6
17378;15998;1481520830;12
1026;10075;1481513921;2
2378;6148;1481536691;18
1914;18183;1481546113;18
25517;5815;1481542230;4
27325;13863;1481515043;8
130;23453;1481548083;6
10119;23896;1481522946;6
2890;23695;1481532048;6
6714;11225;1481526033;8
9890;16650;1481541829;6
25331;8542;1481545066;2
131;4655;1481520811;14
15160;7313;1481523773;16
57;20093;1481538068;10
18201;8665;1481549074;6
15765;15188;1481512046;4
10203;4771;1481515715;12
6450;5021;1481543111;12
21259;19226;1481529360;8
25533;23160;1481524764;14
6482;19923;1481546833;2
10163;5515;1481516321;18
9766;5958;1481527462;4
6767;5009;1481524459;14
6923;9915;1481536309;12
25002;8187;1481523198;4
8649;4883;1481516229;8
9758;13763;1481547178;14
20588;6108;1481544834;8
4012;8465;1481546064;16
12134;1497;1481536586;8
419;8906;1481524955;4
5697;11482;1481535917;6
21368;14230;1481537339;18
561;5873;1481532301;18
21736;7046;1481519559;4
1012;32;1481521591;2
3088;1693;1481520925;4
19799;27455;1481518275;16
8690;13814;1481549799;18
10508;2970;1481529621;16
2640;12413;1481537468;10
5719;3493;1481521445;8
363;6972;1481520206;8
23752;17870;1481526407;2
19943;27203;1481522581;12
5914;7634;1481523544;12
161;2405;1481546812;16
27399;6550;1481528715;12
7811;8341;1481535101;16
27428;25195;1481516660;14
8153;10367;1481532103;14
4207;9396;1481548033;2
4624;10566;1481540018;16
25072;15078;1481518491;14
20968;15373;1481535912;10
4577;11403;1481548131;12
17162;15459;1481528428;4
12033;10609;1481509917;6
27003;13804;1481524613;14
24347;19252;1481519096;18
24529;17389;1481514039;8
5120;6676;1481547911;14
19965;5828;1481544187;14
2126;16915;1481516093;16
1353;8058;1481541886;4
26114;8655;1481549632;12
8367;22624;1481511062;12
6982;11808;1481515612;6
2115;24249;1481512279;14
14165;4766;1481546729;2
27544;11765;1481546677;14
20831;11784;1481509921;8
17258;1366;1481512405;10
4852;9312;1481516184;14
4183;22967;1481547830;8
13;20868;1481536835;14
12730;27058;1481535745;4
19275;17878;1481531067;8
23853;6127;1481524540;4
19830;3769;1481539430;10
11405;7426;1481529620;18
11702;7527;1481538488;8
21212;6505;1481540508;6
13779;20773;1481533220;12
6504;11090;1481540105;10
10781;5808;1481543935;12
6824;9744;1481533432;16
5355;20985;1481524858;2
18819;3032;1481511771;10
9672;1962;1481548410;12
3754;3374;1481547915;12
18863;5686;1481526242;2
12243;3642;1481549265;12
5522;25001;1481532808;6
3324;7037;1481534121;2
5503;19823;1481512049;6
9321;1607;1481546644;6
3707;1384;1481531983;4
1065;26309;1481510102;18
24480;15749;1481512458;14
5924;20040;1481524149;8
22653;13183;1481543335;4
13256;1341;1481517628;14
2120;9840;1481524806;8
4346;22143;1481531016;12
17405;24521;1481537097;4
935;10071;1481550044;8
11134;23466;1481523896;6
10547;19273;1481533327;16
1060;6800;1481519362;16
3508;9915;1481536363;4
10011;2790;1481532049;14
14973;11860;1481516304;2
15122;12019;1481549659;18
6263;12408;1481512266;10
8998;2398;1481535716;14
6596;8828;1481535291;6
9860;8880;1481523766;12
7316;7085;1481536457;6
7018;15513;1481543623;8
15739;12418;1481538362;12
3914;6209;1481529584;14
18263;6971;1481524762;2
10495;4917;1481512500;18
14635;6762;1481512233;16
22929;9474;1481548885;18
15478;14127;1481517168;6
10366;4666;1481542257;12
22939;1282;1481547156;16
25392;13912;1481518235;8
10508;15916;1481515347;16
23507;258;1481540736;10
17416;3933;1481547639;16
3986;9764;1481532281;16
9856;3952;1481517562;18
10519;9019;1481543238;18
11208;1041;1481548490;8
20358;11702;1481523094;8
10008;9569;1481532535;2
14889;15224;1481537747;6
3974;9310;1481538280;4
26112;10019;1481519765;2
6543;11159;1481520853;6
6382;11988;1481550906;18
21374;8153;1481544864;16
3993;7867;1481525085;8
3994;13028;1481544213;10
21078;25513;1481509936;12
15909;11880;1481511536;4
27416;15031;1481528591;18
6146;2288;1481525103;10
18307;9674;1481526118;18
12409;11405;1481526441;14
9477;19822;1481522527;18
5358;8323;1481544115;8
4661;1040;1481524149;12
11957;8036;1481549443;4
27200;1298;1481543641;16
15786;9895;1481523095;16
19285;18103;1481547559;16
26182;8382;1481543360;6
25433;25113;1481544875;16
3933;10523;1481510257;14
3274;3419;1481522352;18
3095;5724;1481526869;12
5945;11783;1481509715;4
1298;14127;1481512906;16
3506;6600;1481523453;16
4827;11910;1481550198;2
27163;23004;1481546713;10
27520;11884;1481533965;6
9843;4997;1481544506;2
19491;10174;1481511173;18
6865;10210;1481539776;14
27020;6439;1481524319;6
7465;10422;1481529346;16
10161;1725;1481532954;4
25487;10215;1481536006;16
334;3715;1481512352;10
20683;9783;1481511642;18
3903;9286;1481537398;8
27547;2150;1481511158;18
18157;6304;1481547679;12
11848;21410;1481531065;4
1705;3984;1481544108;2
2429;4881;1481538091;6
20985;20157;1481550713;2
10998;1592;1481521365;18
4782;8342;1481519303;12
3716;27202;1481536815;8
27543;12013;1481534332;16
568;15517;1481525350;8
1955;15348;1481540466;8
9009;16200;1481528203;14
8592;9217;1481515944;16
16196;9159;1481534118;12
2988;1022;1481513919;2
3599;1212;1481542495;8
8506;23327;1481528415;4
27450;17156;1481523553;8
7481;11248;1481514940;6
8281;9025;1481524181;10
4594;6251;1481530640;2
18861;1024;1481515559;12
2387;15372;1481544322;2
7109;27162;1481540534;12
5432;4766;1481536145;12
26127;10311;1481543473;10
16177;18040;1481532477;4
1970;8569;1481535732;12
17435;11786;1481534295;8
1519;6158;1481509984;18
17757;17407;1481518226;2
3390;1344;1481543622;4
6861;5740;1481538604;2
8171;12355;1481517729;16
5284;14570;1481509957;18
19880;21003;1481525919;8
18911;999;1481512136;4
3448;5924;1481513458;6
2116;16142;1481544264;4
5970;19543;1481522486;18
11591;27030;1481514618;2
5333;1135;1481533517;14
20945;9954;1481545798;18
17505;25063;1481529863;16
25449;21081;1481516810;16
17046;10108;1481536600;2
278;18052;1481526199;14
10387;10551;1481541675;10
14403;21234;1481514998;8
8235;17029;1481518484;8
13195;1274;1481529411;18
10376;6378;1481529061;18
18867;22649;1481519307;14
7686;6166;1481514777;18
14494;6166;1481513321;14
5110;27125;1481528543;18
8991;10910;1481527632;12
6343;12784;1481547225;18
12713;19583;1481527402;12
219;1726;1481534207;16
25003;7165;1481525153;14
2775;1596;1481548486;12
2173;24706;1481536713;2
9341;23366;1481538637;2
10208;1624;1481524688;16
21491;10675;1481545284;18
13260;9488;1481537156;16
25078;386;1481547050;8
13773;11685;1481517756;14
3394;6571;1481546997;18
15777;3957;1481511180;2
9645;8588;1481538516;4
11610;20337;1481513703;2
26392;25166;1481526580;10
18863;3622;1481534949;14
9151;4582;1481538873;18
10564;20790;1481520722;2
8528;16640;1481545611;4
3925;11776;1481527121;4
20070;27027;1481523943;14
22431;19493;1481524904;12
6452;310;1481516655;2
21371;27337;1481539457;14
20536;12061;1481542141;14
15752;5996;1481512377;8
4053;16203;1481523545;8
12325;9290;1481534869;12
27558;3746;1481536808;8
23023;6480;1481549835;14
27140;5334;1481527908;8
7594;12024;1481522162;6
2035;8600;1481521950;6
9395;3642;1481546569;10
4016;16296;1481537684;12
17211;24413;1481538026;2
4703;12786;1481511352;12
12799;25035;1481516323;18
3448;10319;1481544072;6
11099;9466;1481540519;6
5330;5912;1481518712;6
415;3501;1481540535;16
11611;14801;1481516832;6
18097;3083;1481526659;10
3930;5776;1481520967;16
5378;9464;1481515626;12
7072;7437;1481544919;16
3570;25343;1481548627;6
2423;6273;1481544163;16
9055;2838;1481524439;10
14155;5437;1481549005;14
11378;14079;1481520758;18
19269;5905;1481514619;16
8942;10717;1481529906;14
17312;14622;1481545182;14
10103;1176;1481528816;6
5486;16293;1481517945;4
6115;9862;1481510623;18
1291;4768;1481535340;8
10922;7277;1481525938;8
20297;8365;1481514279;8
6985;403;1481525970;16
3540;24272;1481518979;16
6488;10217;1481530038;10
2427;16879;1481510926;18
9949;19079;1481516392;10
19846;141;1481546435;12
21253;1794;1481542484;16
15348;3015;1481518603;18
8943;11697;1481534879;6
18046;228;1481511823;18
10269;10068;1481518170;2
5932;149;1481533987;6
14130;22;1481522454;14
1193;363;1481511996;10
26032;9873;1481545908;6
4272;23696;1481548243;2
1320;11141;1481528599;2
19506;11630;1481520604;16
23862;11363;1481531557;10
6003;3390;1481545630;2
12766;11786;1481515684;8
8434;1286;1481543877;18
3377;10191;1481515453;14
25166;18314;1481548616;12
6647;24649;1481550527;18
8918;25057;1481528112;2
11134;19303;1481548344;4
2792;6476;1481548870;2
1369;24134;1481535536;6
9821;240;1481512934;10
1680;22921;1481542958;14
17461;7165;1481532837;6
5694;20120;1481522658;12
1554;17042;1481550530;10
20015;23155;1481529631;16
9540;15215;1481533694;12
22613;25058;1481528198;18
27180;1073;1481548993;14
8802;15731;1481535312;6
17296;6722;1481538868;12
27403;13978;1481547941;2
17250;6171;1481532888;4
11859;11384;1481548330;18
4324;10541;1481541651;18
15521;1912;1481544195;4
27129;7169;1481535791;10
10846;12102;1481524188;14
10505;7519;1481524459;18
17269;15423;1481541611;16
6263;5103;1481523632;8
1368;3623;1481524058;14
20539;1640;1481526179;16
1552;15765;1481547855;2
8579;18334;1481527968;10
10252;18905;1481533879;18
14985;1771;1481545540;10
21402;6504;1481545845;8
13875;18805;1481526795;16
11694;8991;1481513968;18
15393;11140;1481536506;2
4925;15129;1481511765;4
3649;1408;1481518016;8
4622;14496;1481540487;14
7536;27059;1481543243;10
7614;7768;1481547129;2
1698;1811;1481546905;10
20975;23516;1481517512;16
16026;2410;1481540030;6
10066;7271;1481530027;12
21844;6200;1481514184;16
8988;1520;1481543423;10
15378;24501;1481533655;4
22539;16916;1481512533;12
4553;7845;1481514825;4
13199;14282;1481533368;4
122;3267;1481542095;18
7646;27413;1481544765;18
19648;9458;1481532236;14
17705;4362;1481521782;18
16179;1236;1481518622;4
6262;16336;1481546636;18
8904;9645;1481530776;10
5887;3596;1481540224;8
11230;877;1481540021;18
20424;17287;1481541157;6
224;11897;1481549793;4
27472;5423;1481542487;8
16880;5959;1481545705;8
25508;1455;1481519082;8
10532;19301;1481529903;12
8030;6806;1481523453;8
17043;24376;1481520725;18
558;19965;1481543758;8
5897;6984;1481547574;8
426;6869;1481541759;4
5477;2410;1481537927;12
22988;14890;1481544331;6
20543;8516;1481535103;2
5753;7277;1481543783;10
20684;3946;1481526263;16
1042;1072;1481525220;2
9208;3248;1481532136;8
7388;10780;1481538534;18
1324;7435;1481542357;10
12362;9745;1481517677;16
4300;10305;1481529598;8
3385;17054;1481547921;10
4995;9001;1481531415;6
6135;21490;1481540257;12
17923;7618;1481515304;12
2145;17576;1481546210;10
2607;9738;1481519644;8
9241;18264;1481516021;4
8523;7876;1481542443;18
27435;1733;1481517884;2
6574;3701;1481537422;6
128;9533;1481509583;8
12655;9404;1481528196;4
10291;9150;1481545673;12
16181;5864;1481540890;6
6256;24733;1481522723;18
27322;19072;1481514958;10
3459;13220;1481550867;10
18263;27299;1481513123;8
20361;1121;1481514834;12
20117;9968;1481529603;2
5933;24360;1481549712;18
279;5027;1481550942;10
4026;8150;1481539811;12
10488;17875;1481517856;2
6701;17154;1481518916;2
3969;20479;1481532418;6
20789;24179;1481532434;10
16873;7837;1481532837;12
123;7188;1481530507;16
3249;15160;1481548384;18
9520;3596;1481537772;16
23833;26164;1481514870;16
14185;17042;1481528902;16
6800;8515;1481537741;12
7439;7035;1481520496;8
21480;274;1481541476;16
4622;15104;1481535177;2
22794;16872;1481530565;10
11953;12407;1481522008;14
10734;7942;1481514635;10
4539;4953;1481538675;8
6311;1582;1481547202;12
27283;12158;1481542477;16
4501;8966;1481540469;4
17461;3066;1481514648;16
2409;27453;1481540072;4
23167;16353;1481527671;6
5829;1256;1481521759;14
17198;1486;1481512760;6
20431;2748;1481530585;16
11214;20341;1481548385;4
5017;1523;1481510094;6
18809;6868;1481535571;18
20852;3464;1481547170;2
11482;11065;1481517130;2
4907;19076;1481549921;14
2989;211;1481531553;18
7911;990;1481522314;8
10636;6667;1481545643;16
25058;4302;1481512142;16
21231;9759;1481518839;12
6551;2953;1481527875;6
1843;17552;1481512806;4
27285;7517;1481520266;2
17418;25074;1481525462;2
25447;6217;1481541858;10
9998;2121;1481512727;6
1740;14151;1481534432;4
8109;8433;1481509521;12
9946;6361;1481512066;4
8964;15753;1481512856;6
1189;6024;1481535626;18
15353;5882;1481550984;14
7772;24662;1481534230;4
10486;2981;1481513436;2
8341;5745;1481520541;12
2273;9436;1481549218;14
8889;24431;1481517549;2
21714;1799;1481525781;8
1157;9217;1481530297;12
20086;14922;1481532075;18
9894;9758;1481518964;18
10535;18872;1481530510;10
6304;13189;1481550779;16
1898;1110;1481528073;10
7634;20602;1481550691;10
1726;4833;1481542765;16
25542;10497;1481525147;6
10421;2741;1481533739;4
3468;15934;1481531454;14
5091;10927;1481550582;12
11723;6504;1481537403;4
12572;1131;1481512666;8
6851;10317;1481537956;18
8021;8596;1481536318;12
20445;21363;1481531651;4
16098;10089;1481550720;10
1673;27174;1481523559;6
8751;10537;1481530205;6
13197;10547;1481529004;6
268;1928;1481529168;8
26139;14800;1481549596;16
5762;17162;1481550552;8
1925;4597;1481510444;8
11133;8234;1481544483;12
5721;11259;1481510899;12
4323;6430;1481542179;10
8022;7715;1481551007;14
21487;5775;1481549101;16
194;9423;1481545376;2
67;6207;1481516144;4
927;13189;1481516418;6
11117;5104;1481521754;4
5120;1697;1481547205;18
22662;6651;1481550480;12
2612;4251;1481518685;2
8465;9112;1481509818;10
19712;276;1481529127;10
14871;13853;1481527073;6
7251;24657;1481514880;18
5043;14927;1481519681;8
2121;4040;1481549973;10
12709;3717;1481528654;16
10666;14003;1481543160;18
7645;23524;1481520816;4
27551;8295;1481537936;16
3716;21678;1481515499;14
10281;6642;1481511173;14
15373;27060;1481524434;18
2768;12290;1481539004;2
8909;5521;1481536531;16
7043;7006;1481524231;10
15517;4185;1481521135;12
4573;26477;1481550874;12
9834;2523;1481525910;12
11622;5849;1481527361;6
8506;27380;1481531047;12
14108;961;1481538481;2
16053;27142;1481544376;14
11247;15475;1481547784;8
7551;13770;1481547548;2
14128;4213;1481537446;4
11094;5969;1481510761;18
14566;7972;1481540338;16
14191;9137;1481550158;8
6008;3251;1481518149;8
11251;10192;1481549952;12
8886;13209;1481549044;8
20911;17422;1481539087;8
20024;26148;1481511374;12
7169;3119;1481521939;12
8422;1079;1481538966;10
4689;17485;1481532815;14
18819;13911;1481540957;8
25342;7699;1481519090;12
8034;14141;1481521372;4
24749;17376;1481529005;16
9734;16185;1481513699;12
21216;25707;1481518797;4
4681;26084;1481547585;18
1971;4979;1481515849;18
9133;10618;1481543864;18
8277;17533;1481531373;14
14820;6814;1481517282;2
2810;18914;1481542235;16
7532;22962;1481531674;12
22644;4985;1481511585;14
22489;14972;1481510493;2
16822;10696;1481531317;8
1534;19493;1481541777;16
6420;9686;1481519390;8
3027;12698;1481537351;16
385;12403;1481546334;2
322;26502;1481540622;8
10604;6487;1481546928;12
2844;17255;1481512129;6
1489;935;1481540216;18
79;22133;1481510191;2
8752;11781;1481529324;16
1941;10810;1481530402;18
13783;568;1481537586;14
14576;7168;1481544652;14
19883;1653;1481548829;12
6403;14713;1481518625;10
5284;10773;1481513112;10
2761;11575;1481538365;6
11392;23305;1481531507;12
15081;17878;1481525910;18
2418;1814;1481531434;6
8360;6598;1481519407;8
16314;18173;1481527681;18
3087;7709;1481518465;6
12024;1273;1481526088;10
17881;9763;1481542368;18
8768;62;1481509698;10
13912;8648;1481549571;6
4046;221;1481521071;18
24284;19560;1481528794;2
11387;6841;1481526638;8
1696;10670;1481515827;18
20133;5244;1481513034;4
12069;23495;1481525675;18
18144;20936;1481516623;6
3941;14931;1481527552;14
14568;24173;1481526102;6
13928;13496;1481550945;16
130;7442;1481520335;18
20024;8032;1481542443;4
2733;10547;1481544969;4
27166;5829;1481521677;4
10780;7043;1481533363;4
11988;17579;1481539886;4
14999;3949;1481523855;4
6766;10772;1481512191;6
13196;8047;1481526744;2
16301;3789;1481513197;2
14659;9915;1481517027;16
9316;9429;1481520491;6
9783;4851;1481512676;2
6128;7954;1481535746;2
5421;6421;1481536685;10
12788;22459;1481514052;6
11791;14547;1481550055;6
24964;5870;1481540879;18
225;8931;1481520765;18
985;5278;1481545499;10
5829;20937;1481525323;12
20878;9954;1481533515;12
15326;18878;1481523374;6
9301;20086;1481520457;6
7408;22651;1481522832;14
18336;20544;1481535851;2
1731;4232;1481523287;16
6720;6134;1481530156;16
344;14810;1481518383;4
9283;1344;1481512719;8
1864;1749;1481520044;2
9668;27177;1481546736;2
9063;8922;1481535889;4
9891;103;1481525402;2
9430;10700;1481529984;18
24687;14919;1481530999;14
17176;11785;1481550447;18
4311;9311;1481536855;10
19760;8970;1481540153;16
1216;434;1481534447;10
19952;19576;1481537770;6
24731;9755;1481516331;2
12374;18464;1481518201;14
10659;7712;1481542000;16
2731;12244;1481544802;8
7236;11701;1481528158;14
8574;16196;1481550509;14
999;14620;1481510368;2
26305;10623;1481548699;18
9573;3021;1481518275;18
2149;9206;1481524354;4
5429;22644;1481514709;8
14704;7982;1481510576;2
8759;25076;1481524992;14
17398;4644;1481549349;8
4596;19536;1481536710;10
4548;16043;1481540429;6
2453;19582;1481545806;8
22934;1356;1481513496;14
15988;5649;1481545202;2
7973;3585;1481542275;14
6013;10209;1481545551;2
6793;25383;1481550852;14
7340;2789;1481547369;2
19870;8120;1481536123;16
14947;11849;1481532871;16
14911;21721;1481529196;16
12380;9360;1481538142;14
8799;18438;1481549658;8
5706;3402;1481539937;18
12347;6820;1481511137;16
10113;1198;1481516144;8
5916;17269;1481531198;10
16126;3252;1481546310;2
22464;20687;1481522916;2
4329;26039;1481520903;2
6441;10464;1481537790;6
3253;16864;1481540823;12
12151;11261;1481539525;14
15766;303;1481532747;12
3269;6698;1481543552;10
18952;12182;1481540876;10
278;5876;1481544621;2
16933;4357;1481550697;12
6346;2129;1481528779;4
23628;9980;1481531163;12
23339;25368;1481523941;16
3918;17501;1481549969;10
12795;20326;1481542645;16
8356;8885;1481529487;2
5358;17402;1481541210;6
8697;15327;1481516601;14
26041;12333;1481529724;14
21086;19898;1481516047;10
10998;1253;1481511108;14
13343;6873;1481530167;2
4158;20548;1481549021;4
231;2140;1481539520;8
9881;22964;1481510366;14
1050;25365;1481534303;8
24928;10828;1481542923;6
9746;14658;1481540856;8
17568;17488;1481518429;12
22574;11158;1481511265;12
6012;4661;1481522423;16
7169;6988;1481510471;14
2981;1354;1481540190;4
1776;20691;1481542500;6
1273;1626;1481512620;8
12035;25543;1481519603;8
2465;25012;1481520582;8
8451;10029;1481523396;14
7955;24471;1481516485;16
13819;7477;1481547113;2
5104;22927;1481546069;6
7108;1300;1481517603;6
14710;18051;1481530986;16
9556;8396;1481514514;10
7804;1157;1481538837;14
4266;24392;1481531446;18
6442;13678;1481535627;14
21252;20754;1481526995;8
16195;17401;1481531698;8
232;12627;1481536022;4
8449;4020;1481540198;10
13945;20866;1481522171;8
27209;5431;1481520875;18
27432;8187;1481510639;2
2116;5953;1481546603;18
11727;18154;1481529542;12
18166;15784;1481518831;8
124;9505;1481516661;18
25263;6869;1481510541;18
8319;2802;1481548283;6
13987;6455;1481548180;10
11620;6175;1481543370;12
9526;282;1481535491;10
16177;26083;1481547339;18
19932;5693;1481548522;10
20626;8441;1481518323;8
2763;261;1481510066;2
9868;12321;1481541684;2
7082;1627;1481534175;18
20996;1591;1481550325;16
25169;4284;1481537623;16
9971;27060;1481510237;16
3990;72;1481544438;18
2136;5103;1481513920;2
23179;6552;1481528265;18
6921;10224;1481529801;14
3570;20970;1481513801;6
27046;27088;1481533417;18
9947;27038;1481512181;6
3460;27021;1481547988;2
5733;11598;1481530840;4
10025;2371;1481533590;10
14895;74;1481514833;12
10183;15520;1481516012;10
1220;25706;1481517826;6
15252;4698;1481521152;2
12767;3996;1481532432;16
15372;21209;1481543971;6
17867;5040;1481543241;14
8392;8119;1481542199;6
6364;14653;1481525358;8
14547;8137;1481514850;18
1608;1569;1481530172;2
9885;7088;1481511326;2
10263;3062;1481522573;16
5093;7793;1481536898;10
26036;27390;1481511786;6
8147;255;1481519203;10
9551;22161;1481549562;14
7328;7433;1481522696;18
15499;27507;1481526284;18
17406;12866;1481532842;16
4222;21678;1481531105;16
8898;7287;1481547443;10
4227;1569;1481530121;14
11013;1967;1481538910;18
21495;12216;1481522863;4
7583;20299;1481544197;2
1885;161;1481525641;16
14243;1376;1481532910;10
1064;12798;1481541119;10
7576;3253;1481514060;12
955;7254;1481518174;10
9166;913;1481521433;2
7071;17785;1481550543;16
15461;21484;1481543521;2
5331;18081;1481526899;2
360;25085;1481520089;8
7896;16050;1481520505;18
1960;12403;1481514439;14
421;1180;1481518664;6
1683;10851;1481534265;14
25192;22925;1481512524;2
6460;3851;1481548382;8
8412;18416;1481514425;4
7435;8373;1481515027;18
16188;23443;1481509576;12
3771;4782;1481537596;4
5711;5702;1481515273;14
8549;1271;1481510960;18
10188;16936;1481510229;4
4806;13004;1481532332;14
25158;14808;1481533998;6
8448;6482;1481532126;8
6540;13802;1481537881;8
8897;7625;1481536200;2
5904;393;1481520223;14
309;15099;1481539680;2
20154;9960;1481543731;18
4557;12182;1481524453;12
7060;3272;1481523746;18
4222;6018;1481521570;16
8594;2127;1481546352;8
14689;27099;1481525849;16
5044;20417;1481547739;4
27281;7041;1481549564;6
12408;15519;1481544936;4
26266;8646;1481520607;18
6832;27087;1481526110;14
4874;8950;1481540498;12
23541;6415;1481520064;4
4232;6951;1481514439;8
1307;14255;1481534324;10
1565;15241;1481534277;18
1895;19888;1481518779;2
8474;10103;1481518190;10
5110;16049;1481511454;16
10828;12328;1481519549;18
13289;405;1481525808;2
23646;22585;1481518436;10
5772;7030;1481509702;2
11086;14124;1481547799;14
5811;20987;1481543799;14
5438;16888;1481539280;12
1169;3947;1481528311;16
5118;7609;1481536063;10
7366;1869;1481534371;12
402;18105;1481525028;10
27385;18194;1481541852;16
11234;4361;1481537084;18
14933;18051;1481523375;6
6245;8934;1481527833;8
403;7477;1481550039;16
6797;3694;1481532251;16
17407;9840;1481534471;4
8160;3975;1481544532;14
10249;10573;1481544215;8
8658;10541;1481510254;10
20048;21283;1481526559;16
20775;20712;1481544846;4
4545;10271;1481545916;4
6318;15160;1481517797;16
2825;2324;1481543922;2
3371;7012;1481530527;8
17312;10016;1481539460;4
3727;3286;1481546551;2
12333;15521;1481540705;16
1895;19539;1481514071;4
19298;7841;1481529489;6
5346;23037;1481515186;18
26101;25376;1481532128;8
927;6534;1481524958;10
3918;8498;1481525549;12
20679;16307;1481524692;18
16039;2173;1481520132;4
6610;425;1481534844;12
10888;12262;1481512452;12
4674;11374;1481533306;6
7684;12410;1481535734;12
7597;1495;1481518046;10
8436;22495;1481520758;4
2979;5469;1481546704;14
5531;7605;1481516230;14
6018;6888;1481511344;14
15336;8409;1481515627;8
5880;5920;1481517068;10
11053;13973;1481527504;6
27124;3395;1481512964;14
9296;20857;1481524099;16
7244;8686;1481540751;4
6247;24540;1481528549;4
4926;1457;1481549583;18
24133;8413;1481516595;8
26470;3620;1481516511;4
5731;15752;1481533670;2
18166;82;1481515082;12
1207;3934;1481528811;12
19887;11055;1481543236;4
8511;11811;1481541341;10
10231;20997;1481526846;4
9568;19058;1481544246;14
12766;3462;1481528508;12
1229;25175;1481514274;8
11824;14079;1481510490;2
6672;7496;1481526346;16
5877;24690;1481517066;14
20994;6818;1481519369;4
20154;10221;1481549462;12
6880;11782;1481528427;12
4761;45;1481515003;14
15295;6488;1481515125;4
22137;8537;1481549776;4
11957;16122;1481527215;2
8006;18444;1481547071;12
1911;361;1481534500;16
16189;12226;1481543089;2
10829;20950;1481512174;16
16097;4032;1481533109;14
2762;11623;1481548155;6
23884;7478;1481513465;10
17475;11038;1481513181;12
1665;6273;1481546763;14
12406;11375;1481545877;6
26071;14799;1481527233;12
6253;20657;1481532432;12
4990;13341;1481540138;12
8031;11693;1481539283;2
8388;15520;1481538819;8
23160;22177;1481527956;10
4234;7621;1481521206;12
1179;6302;1481538881;10
10516;5278;1481531457;10
2985;323;1481539629;16
19374;1764;1481525203;8
11134;21299;1481520423;12
11475;280;1481537470;2
8642;11015;1481526461;12
9673;9831;1481546133;14
9962;4260;1481518598;8
24472;16982;1481543889;2
15122;6506;1481548414;18
5115;17352;1481541510;6
11959;395;1481529852;8
9831;7642;1481538189;2
23628;7781;1481543046;2
11096;2398;1481543509;10
14704;9446;1481515770;14
9290;16874;1481535622;14
10265;6221;1481517053;18
17845;27028;1481547525;4
26082;24296;1481535626;2
4278;20293;1481518403;18
259;9478;1481545627;2
1355;7873;1481522728;12
3363;17281;1481511957;18
16124;12880;1481550337;14
12185;4501;1481536965;14
21746;15347;1481551120;12
6886;1373;1481540089;14
21002;7296;1481526669;2
8961;21486;1481536393;2
5266;1631;1481529797;14
6713;1136;1481520919;6
25532;5600;1481526029;6
2343;9318;1481539191;8
20935;5872;1481546661;14
7944;2881;1481534514;2
6370;21267;1481534601;2
12097;15494;1481545852;2
14155;106;1481511919;8
11850;10289;1481550632;14
15248;27048;1481547049;8
11211;9418;1481527292;8
22530;22159;1481550064;12
11117;3688;1481530666;16
202;8484;1481522974;12
20973;12157;1481529763;16
15287;6571;1481532808;6
6502;22446;1481527003;4
16182;8541;1481511938;8
12644;4744;1481545446;18
12041;8436;1481518046;18
15735;988;1481530695;16
8795;4178;1481528712;12
4277;24394;1481528763;12
9777;4692;1481513518;18
8530;23318;1481549705;12
20712;6698;1481534674;8
3630;25531;1481511257;12
3999;11052;1481519150;10
10291;25370;1481533190;6
9436;7425;1481544650;12
9242;23032;1481539875;8
14615;4936;1481541933;18
15241;22487;1481514321;18
26152;7622;1481550471;8
27004;309;1481537112;8
7482;17793;1481534001;14
11985;899;1481545839;12
12098;13807;1481541663;14
2806;10162;1481519430;6
7054;19778;1481539709;16
19945;16351;1481525819;18
14796;20109;1481533588;12
25258;2333;1481523093;10
24475;7536;1481524359;6
1121;1191;1481509542;16
10186;3399;1481534415;8
16801;14986;1481534706;10
23356;16821;1481522270;6
3536;11235;1481519066;6
8479;16318;1481523274;6
21086;18822;1481510554;10
17785;4572;1481536715;4
3715;8390;1481536521;6
25372;1568;1481518665;14
2999;19219;1481535582;6
5956;2161;1481513767;6
24370;8696;1481536261;4
8634;6161;1481535912;2
6543;17135;1481534231;6
8575;4665;1481518748;4
6471;19812;1481519474;4
9953;2820;1481523084;18
20040;17351;1481547780;4
20023;329;1481521682;8
20987;22276;1481539482;10
1842;11104;1481511963;8
20598;8175;1481516801;6
196;27178;1481526056;12
6210;21833;1481516551;12
10185;4921;1481548932;12
21833;11088;1481520106;8
5260;21715;1481530219;12
11907;1742;1481544593;12
17878;15216;1481539980;6
13188;8745;1481512512;4
1602;10846;1481520838;12
6569;6193;1481530827;16
8590;6580;1481536438;14
10622;6549;1481541250;10
21843;6216;1481541333;8
6553;20544;1481519964;18
21491;3029;1481509759;10
17289;3778;1481531220;12
22647;16709;1481513007;14
1289;20005;1481540784;18
11947;27205;1481511117;6
7517;22490;1481545497;8
2982;20354;1481510647;8
8495;6668;1481547728;18
1575;3972;1481548657;6
1190;25283;1481529307;6
10497;9412;1481528993;4
17549;8952;1481540032;4
27431;25495;1481542084;8
9394;22449;1481533567;6
20243;9882;1481514692;2
6993;6577;1481518788;2
7634;11802;1481528003;6
8509;6838;1481515685;16
3127;3997;1481530016;16
7438;12118;1481512722;14
324;17290;1481523510;8
16805;1764;1481548138;4
8768;9298;1481516106;4
5397;1906;1481545466;2
12221;2363;1481539646;12
19071;5816;1481547688;14
4654;20989;1481536460;4
5703;5911;1481527312;6
4666;20974;1481537908;8
3612;1156;1481514878;16
20538;8485;1481513077;18
5889;16298;1481549300;4
5824;4035;1481513837;4
10544;8174;1481544723;2
20484;3739;1481513614;8
12421;20353;1481524213;6
9396;13880;1481540406;8
10610;2997;1481512892;2
6504;5841;1481529946;18
8086;82;1481547754;8
14665;17391;1481516405;18
19089;8408;1481514913;4
10606;5592;1481530626;6
17793;20055;1481529010;2
5279;7856;1481520392;18
14873;23014;1481550190;16
1547;1628;1481533836;6
19284;1792;1481525677;6
11410;9676;1481548733;14
7396;23354;1481543053;12
8806;157;1481540179;16
7614;18261;1481524390;6
4747;12019;1481531026;18
6678;27004;1481517325;14
22925;7610;1481543298;10
17393;20909;1481524798;18
5480;21442;1481530134;14
14878;2526;1481548650;4
5006;6890;1481520236;8
11077;18812;1481544202;6
20040;4903;1481538186;12
16891;11961;1481538761;6
24927;2760;1481513998;10
17848;4880;1481538469;18
7037;15329;1481537565;2
3917;27126;1481516592;10
8005;396;1481523614;18
6346;8551;1481522371;10
1868;5746;1481548730;18
24256;21489;1481529180;8
15423;18399;1481520799;2
19598;9174;1481532419;14
11702;17162;1481522010;18
7246;20015;1481529313;6
28;8833;1481539209;6
24272;22649;1481518215;8
15022;11146;1481523598;14
5676;10362;1481550184;2
22624;11122;1481522816;12
7634;12318;1481532290;18
23187;1076;1481545456;16
3766;12103;1481516921;2
26072;16873;1481510486;8
7939;12311;1481544262;12
2343;7818;1481543373;4
19079;8164;1481515827;12
1275;2402;1481527424;10
27292;3742;1481520013;18
8651;15988;1481550875;16
6168;13906;1481531831;10
18906;2416;1481514169;4
323;5034;1481518318;18
11905;5110;1481543714;16
12428;46;1481524636;14
179;15374;1481532593;4
2893;13786;1481530625;10
8550;1021;1481540125;10
10103;7512;1481550738;2
1048;20674;1481522738;12
17279;1857;1481518918;16
6626;12407;1481536163;4
8986;6362;1481544799;12
20415;15318;1481540716;4
2365;9328;1481537032;14
14553;6141;1481513727;12
17848;2731;1481538165;6
9103;22929;1481535292;16
20330;2843;1481520909;12
10235;7675;1481525060;6
15154;7909;1481547865;8
20589;10100;1481534205;4
7142;8668;1481537714;12
6979;20340;1481530544;6
15407;5644;1481536136;12
9663;20067;1481538078;8
20439;11019;1481548334;2
7363;5081;1481529653;4
22662;1585;1481518434;16
4328;13188;1481536002;10
5505;7909;1481543497;18
19056;1142;1481517868;6
8562;20120;1481535053;6
622;27029;1481534295;18
18849;10851;1481512279;18
9271;4185;1481517235;6
21074;17267;1481512562;4
7603;5355;1481513245;4
26029;25056;1481511653;12
12238;13804;1481540953;14
27128;19954;1481522351;6
24283;5969;1481547676;12
11104;5844;1481526405;10
933;1843;1481510064;16
568;16194;1481511635;8
12576;21407;1481511180;10
2837;1431;1481546304;18
10176;10044;1481513257;12
5746;15961;1481538302;8
11695;27439;1481533651;4
23517;4854;1481537473;18
4291;7138;1481536729;10
10377;6229;1481548029;12
25197;21294;1481537652;10
14928;4516;1481529875;18
1456;25064;1481543287;2
9406;21071;1481521029;6
7085;12577;1481521266;8
10181;10361;1481543288;16
9409;9984;1481512937;16
8228;7318;1481531347;6
7249;7142;1481537221;10
123;6940;1481530395;4
25532;8325;1481516527;8
2341;5081;1481523670;8
17054;14632;1481540488;18
4860;5531;1481512240;12
1425;22276;1481513144;14
8282;18894;1481526693;2
7997;21747;1481524338;8
11597;20535;1481526366;12
14198;7157;1481527617;10
25044;27535;1481546595;6
25487;8883;1481525858;10
23787;27430;1481541411;10
20522;14903;1481529858;6
19789;14903;1481550908;4
18150;13314;1481513035;16
15368;183;1481515364;18
4041;2120;1481543308;10
17027;399;1481541187;16
2167;1900;1481532054;10
20100;16892;1481533848;6
6642;436;1481526724;12
11244;8782;1481526088;18
5427;19548;1481517802;14
24659;5298;1481546011;8
8802;2996;1481539963;6
3748;419;1481529029;6
8901;2141;1481515044;18
7005;1179;1481520921;10
10027;12709;1481514722;14
12770;27038;1481546231;2
25066;23621;1481516414;4
18212;19957;1481525805;2
6459;1675;1481549277;16
4921;7856;1481529488;8
14890;10803;1481536479;8
26999;137;1481534173;14
24968;3019;1481549499;6
1535;18848;1481536521;10
1984;18871;1481530052;8
10615;2369;1481518137;14
4362;3065;1481532694;18
13887;4739;1481543229;18
9843;5377;1481524036;10
15244;16890;1481510020;18
20360;6020;1481525790;2
10266;7836;1481543032;12
7046;7939;1481538224;14
12420;3510;1481528755;12
3977;21759;1481515327;4
5441;17185;1481531909;6
11902;14894;1481550577;14
22527;21711;1481512984;8
6610;27520;1481549867;4
17284;8768;1481526613;8
19792;26322;1481521831;18
11903;8925;1481537650;16
7314;1229;1481532187;8
915;10611;1481513018;8
6677;5522;1481519281;2
1419;7997;1481512738;4
9022;15325;1481520660;8
24272;25516;1481520421;2
7349;15739;1481550764;14
5471;3399;1481538563;16
6551;27182;1481529893;2
12147;16819;1481537125;4
12745;3061;1481515832;10
25189;8900;1481535495;4
3991;10738;1481517262;14
12630;9540;1481532649;4
9435;12215;1481547509;18
20491;9364;1481514669;10
20867;10323;1481547253;2
1873;27136;1481529086;12
22921;6863;1481517957;10
4552;5959;1481540424;2
3290;274;1481514801;12
1011;5489;1481510046;2
13824;6919;1481528540;8
1856;6863;1481510984;8
10097;3071;1481542862;12
9865;5817;1481545972;6
8985;7145;1481537253;2
8834;17574;1481517918;16
1027;11905;1481539941;6
14240;20444;1481535871;12
10606;19788;1481511464;14
8809;10617;1481528750;2
4503;11558;1481543979;2
5764;9665;1481520036;18
4527;1686;1481520272;6
10075;6024;1481516415;8
7093;887;1481536673;16
23823;4771;1481512346;18
1837;23739;1481543817;16
21222;17880;1481517179;2
3703;11267;1481541749;4
25070;11860;1481514688;6
16335;12782;1481522165;6
10325;18072;1481537563;8
2966;11848;1481520246;16
2868;15248;1481545894;18
15934;23180;1481550948;2
19921;12069;1481542018;14
441;336;1481530493;18
26156;4978;1481538403;10
14150;9464;1481515517;4
10254;20465;1481538315;18
4771;11717;1481545911;18
15031;13560;1481546732;12
17330;1975;1481541591;18
19225;25361;1481549519;4
10265;21313;1481525726;2
4516;11076;1481546211;12
9287;10767;1481516790;16
10574;6302;1481519523;8
20869;3287;1481546666;6
2837;25526;1481510577;14
60;8947;1481529346;12
14580;19252;1481539211;18
4325;19756;1481545265;10
17843;5678;1481519339;16
24977;21319;1481518695;10
22446;21003;1481546332;2
8768;7771;1481544362;4
8767;13680;1481542774;6
26469;2387;1481525185;14
14796;17301;1481536977;4
16809;1574;1481546025;14
19815;13826;1481533109;10
20979;11112;1481513790;10
12115;8951;1481542066;4
10576;14246;1481551072;10
4190;172;1481546511;6
7896;3544;1481520751;14
1560;7637;1481533282;2
10008;19496;1481542299;10
18328;20404;1481534340;14
15081;8414;1481537095;16
21252;6668;1481519588;8
27232;4856;1481541454;10
2807;14264;1481526289;2
27200;15302;1481547980;18
17030;11948;1481532839;2
11760;1049;1481517927;4
9971;13201;1481522249;4
4669;1900;1481515140;8
3982;22542;1481510350;2
3065;4337;1481541466;16
10785;16291;1481550737;4
3753;7670;1481528347;4
17482;15761;1481550146;12
8595;15918;1481540321;14
1531;1316;1481549601;2
12103;20411;1481527559;18
20084;9256;1481540475;2
11802;16142;1481514321;4
13002;16880;1481521264;2
19953;23519;1481545681;14
11062;25533;1481523048;14
7613;14209;1481516557;4
19873;6947;1481526604;6
4832;9243;1481518311;10
5260;5724;1481548320;18
7251;2345;1481542533;4
336;9257;1481537977;6
12325;12181;1481513693;8
24126;9568;1481533602;18
9569;26471;1481522613;16
23031;9952;1481512419;6
19297;3984;1481518957;16
6764;3774;1481518782;6
20065;5637;1481542038;4
27201;1372;1481516194;14
22527;10424;1481512481;16
5747;15321;1481545073;12
6386;10591;1481530415;8
10655;12784;1481536195;6
6915;18872;1481543678;6
1446;20864;1481514419;6
12057;5822;1481513464;6
1913;1251;1481537343;6
6243;7489;1481510095;14
11412;4304;1481521907;8
10775;10183;1481535294;10
10612;6839;1481542989;16
8474;22142;1481523669;16
4315;7830;1481534133;6
8798;8754;1481548925;14
17415;10735;1481546263;8
8480;222;1481524221;18
3258;11377;1481511916;6
8051;2605;1481523357;14
15533;5627;1481520248;16
6246;20225;1481540324;6
6535;4804;1481541377;18
25074;3591;1481540781;16
23892;21000;1481515910;16
14804;20114;1481525489;6
6204;8181;1481510625;8
10332;24133;1481532540;8
2829;19269;1481532927;14
1739;15393;1481529334;6
17349;15352;1481543174;18
3747;14143;1481517975;18
4181;11153;1481522339;16
1228;1064;1481529750;8
20588;5529;1481541578;10
6470;4234;1481531098;18
19756;25381;1481514690;10
1766;9054;1481537840;6
8336;12389;1481538976;16
7558;9153;1481543558;4
26207;27156;1481540747;14
148;6368;1481536724;18
23191;6822;1481529448;8
5718;23014;1481522668;18
2320;11921;1481511039;2
9240;4596;1481536642;18
27460;21317;1481531445;10
12183;6145;1481527177;14
18508;1345;1481518880;6
8401;24128;1481532424;2
7356;3460;1481532143;12
24673;5609;1481515866;12
12140;6883;1481549175;14
7440;6249;1481545232;4
7687;8282;1481513911;18
22169;4348;1481546942;6
6275;6465;1481531761;6
11595;19850;1481539420;10
7939;2014;1481514828;10
27509;8274;1481520155;14
27337;3595;1481538888;10
985;7715;1481538285;10
7266;13861;1481532230;18
24563;24172;1481530169;18
16131;20358;1481527878;6
4194;7595;1481549482;2
19212;23354;1481535491;14
16912;15325;1481535395;4
2643;1334;1481539683;8
8008;11271;1481536717;18
21837;372;1481529033;16
7885;16190;1481536828;10
11778;6336;1481537424;12
5960;8738;1481533745;8
3414;1085;1481516194;8
8276;15214;1481540877;18
18835;1274;1481531247;12
4655;11848;1481547083;10
22653;16709;1481524875;2
9242;15299;1481522844;2
22932;16295;1481547445;14
1071;21223;1481535895;14
11911;10319;1481550859;12
3726;13203;1481542265;4
13770;15467;1481524818;4
3120;3031;1481516536;14
1653;82;1481543935;8
1458;26070;1481533897;6
20977;27475;1481537691;18
10508;11133;1481516540;18
351;3276;1481526968;2
17871;19529;1481509711;18
2805;6684;1481524281;18
10025;25286;1481524592;10
12039;8964;1481519748;14
15318;257;1481514033;2
2729;16799;1481550912;12
14169;14246;1481531832;10
10709;14923;1481509785;10
4021;5649;1481519958;18
11746;378;1481526120;10
6924;7535;1481546710;8
14779;6145;1481549620;12
412;23542;1481540420;18
6769;11141;1481528095;18
1891;9813;1481550004;18
21223;14889;1481530036;10
22449;20129;1481542415;4
1094;9434;1481524471;8
6675;1067;1481516912;8
10125;5487;1481547577;2
23012;27488;1481544217;12
24918;9754;1481532486;14
2115;18332;1481537956;8
4012;6857;1481540585;2
7400;6299;1481530983;4
3703;941;1481522992;4
10177;27428;1481528062;6
8697;17436;1481513511;2
3993;6174;1481514518;14
23856;2351;1481531110;6
5438;14662;1481516738;12
1138;9383;1481539923;4
21722;25443;1481525600;14
4921;6859;1481537146;18
4197;1235;1481519267;4
5612;20586;1481525054;14
17891;22161;1481516326;14
6604;1219;1481547501;4
1953;11024;1481514220;14
6028;14244;1481527370;10
8645;16828;1481517767;14
27544;19804;1481529837;10
27204;8118;1481518397;18
20318;4294;1481523399;12
15012;5000;1481514912;6
3080;20921;1481529447;10
7916;16317;1481535195;16
15032;6787;1481522672;14
26038;27162;1481545257;16
27376;8278;1481529921;16
17430;4353;1481509957;12
17415;17449;1481522365;14
20759;3291;1481515875;12
6105;20118;1481519806;12
8372;282;1481512965;2
12240;20878;1481518277;16
10443;7311;1481510406;16
20981;14628;1481533254;14
8175;7546;1481543484;16
19281;18904;1481539629;18
1517;6502;1481521524;10
4710;6568;1481542175;4
1519;14253;1481509863;4
10814;19547;1481531354;6
9211;1636;1481543269;16
6336;10847;1481520223;18
2343;7352;1481542093;14
4008;5122;1481546092;2
4355;15103;1481517773;10
168;18305;1481542727;6
7267;20135;1481543314;18
27433;26099;1481543152;10
13344;10494;1481535550;2
25250;6860;1481532141;8
11803;22473;1481536799;14
18264;5397;1481533796;18
30;216;1481535954;18
5250;7426;1481547472;6
27548;20484;1481526233;2
8803;1743;1481526240;6
14949;25386;1481526599;12
1562;7356;1481522389;12
993;7567;1481542392;6
7189;8161;1481517826;8
14219;22453;1481515968;8
27520;6379;1481537585;8
9391;320;1481539812;12
5993;27334;1481533122;16
12164;3622;1481521686;18
10223;1560;1481534074;10
9895;26188;1481522640;6
12070;11142;1481530848;10
16040;16888;1481514513;2
9764;23743;1481540953;12
5971;6791;1481520080;8
25412;3000;1481520880;14
4356;8450;1481548419;10
14006;8300;1481534097;6
10772;6377;1481538496;8
4689;17584;1481547129;2
26259;10916;1481547280;6
25541;8868;1481529369;16
5249;12921;1481520252;12
17573;24921;1481547572;2
27046;6729;1481526494;2
15721;20937;1481534804;14
9466;9021;1481521446;12
15305;1874;1481544393;14
19940;20372;1481528239;18
9872;15114;1481522103;10
6017;7851;1481518466;14
5044;5950;1481523754;2
4294;10738;1481514270;2
27088;5999;1481514459;8
11396;202;1481511894;10
9626;7401;1481526442;8
1209;10982;1481518545;8
8508;14712;1481542320;14
6984;11953;1481525261;8
19532;16819;1481515693;2
16120;9328;1481536650;18
9846;12781;1481518290;16
2726;1620;1481526177;18
3372;7825;1481546411;4
15992;6481;1481546110;16
27556;1919;1481549846;12
2023;7874;1481527141;18
11071;7269;1481527522;2
6783;9491;1481514720;10
21416;10837;1481524995;2
2146;4319;1481545928;8
11209;8832;1481538853;10
4987;1067;1481520834;2
24670;25086;1481512342;12
8519;1416;1481509735;12
19795;11699;1481531232;4
1331;13874;1481519853;14
21462;16193;1481519753;16
12699;21299;1481529321;6
13345;8883;1481541331;2
8035;18883;1481528253;4
19965;21500;1481540677;14
1420;5932;1481533635;12
19570;11224;1481532337;18
261;4955;1481535023;12
12419;3066;1481532624;18
8987;7978;1481516583;16
11104;2280;1481524150;8
214;6571;1481544993;8
3568;18868;1481521240;16
4759;6428;1481545463;4
8982;6410;1481533660;8
17332;14263;1481545309;4
22248;17581;1481535211;14
4760;8880;1481522010;16
7898;3989;1481544631;4
4696;11149;1481541981;6
7771;4017;1481540532;12
11598;15474;1481510193;18
2822;16118;1481523322;8
13986;3160;1481509506;2
26163;5971;1481522480;4
9952;27311;1481515225;2
2807;9969;1481548428;14
4702;1845;1481521763;12
5629;25179;1481510386;18
8317;170;1481510720;8
6136;1559;1481545801;8
11618;10068;1481519653;6
18073;11035;1481534456;4
13761;13976;1481517257;10
6982;973;1481539650;8
19215;11684;1481514411;8
16531;20443;1481534003;2
12407;23113;1481527502;12
8238;1322;1481528016;14
8931;14155;1481512513;14
6415;27020;1481517113;14
5611;24571;1481524254;14
9746;15356;1481515605;12
1958;10555;1481545674;2
15448;22926;1481529154;16
3391;1567;1481530333;10
19252;14808;1481541768;18
5822;27156;1481511847;14
19252;15303;1481537738;8
8413;12073;1481531449;14
134;15369;1481527798;2
167;3506;1481521759;12
4580;11792;1481545588;6
3511;8251;1481518198;14
6945;7946;1481515123;2
7060;23971;1481535894;14
14880;310;1481536190;18
11618;11857;1481513292;10
17176;9827;1481524728;14
23076;3922;1481538773;6
11130;5404;1481516208;4
1407;17616;1481525696;2
7030;213;1481532959;10
9301;17045;1481544904;18
27106;18876;1481532238;18
8900;7165;1481515566;6
2165;3689;1481540133;18
10385;9313;1481513984;14
9645;22267;1481532277;10
19950;19236;1481537905;12
20295;13809;1481526910;8
6171;16780;1481519151;18
6105;6157;1481537894;10
9790;16813;1481528259;6
49;9449;1481537250;14
195;8492;1481527636;8
12794;10700;1481526309;16
20455;6520;1481547752;12
3924;1459;1481531337;14
25054;1309;1481545010;4
7640;14868;1481538220;14
10722;13201;1481534822;12
10423;1523;1481528677;8
12141;24449;1481524923;6
2143;10374;1481535879;4
239;15992;1481510909;16
8380;6221;1481514602;4
14189;27458;1481521900;8
4210;13080;1481521680;4
22141;10768;1481546463;14
2970;19761;1481547922;16
19088;9028;1481514535;16
8909;196;1481533158;8
4855;11795;1481535583;12
17401;1726;1481519800;16
1374;27380;1481533066;8
17001;10434;1481520286;8
17239;6161;1481548493;6
23896;4210;1481535049;16
6404;7976;1481531883;10
10620;16291;1481537708;14
1689;7933;1481536436;12
25325;10014;1481550198;18
27419;14555;1481515326;18
9055;5699;1481528300;2
3013;2967;1481513437;18
6439;25062;1481534180;14
1687;7548;1481531112;4
1840;7887;1481545481;14
18807;1660;1481544730;6
7172;9464;1481534082;10
10711;11763;1481545579;8
2419;12813;1481546856;12
26315;8333;1481534190;12
19813;6213;1481548365;10
18192;13911;1481533413;4
2353;11001;1481520633;4
17001;2152;1481511195;10
4265;7894;1481519579;14
5847;11987;1481523828;6
4179;1487;1481538989;2
8359;24733;1481537022;2
17506;10502;1481544596;8
6504;7699;1481536279;18
23187;26082;1481540516;8
5813;8531;1481524654;12
26187;10845;1481532264;2
1364;5774;1481518207;10
9860;15083;1481538300;16
19536;3774;1481532920;10
1286;4758;1481520622;18
7438;25371;1481526563;4
20414;7916;1481537460;18
23519;2347;1481512916;14
13220;18071;1481526976;16
22958;19942;1481521890;6
7944;8095;1481529029;14
1256;13792;1481515301;16
3406;1497;1481524882;8
11393;14184;1481512393;14
6150;1267;1481539208;18
9347;8456;1481520604;16
16121;23864;1481522830;2
11719;24359;1481521134;12
2136;5262;1481517887;14
12578;3598;1481539375;2
5103;8494;1481524840;12
27324;8351;1481523986;16
7327;10514;1481533572;14
11849;10915;1481539575;16
8688;4595;1481513364;2
2125;19988;1481537118;10
3921;9856;1481547323;6
20900;10423;1481541545;12
6641;4302;1481518921;12
25175;8239;1481545951;8
5387;12098;1481540418;8
1344;6410;1481524114;8
25379;14630;1481520566;2
19476;1131;1481523050;2
11391;18330;1481524444;10
2986;1303;1481536936;18
10827;15119;1481550202;12
5403;7855;1481512893;18
9476;13877;1481530545;12
11131;10982;1481521817;2
2173;14996;1481530022;2
24928;5951;1481513041;8
1292;4979;1481521457;12
21495;2829;1481509987;4
10235;6228;1481526799;8
1886;1120;1481524832;18
17037;20862;1481514460;6
6734;6480;1481528150;8
21472;23541;1481509569;12
183;7767;1481525824;18
2420;20466;1481516323;10
14543;12795;1481521998;16
27398;19937;1481517307;18
10650;15213;1481511594;6
6335;8296;1481545831;14
22492;6105;1481515090;14
15240;14157;1481510487;14
3546;8504;1481522002;6
9636;18912;1481534427;18
11856;24707;1481549567;14
4942;27455;1481545703;14
23159;1090;1481548398;18
272;20600;1481545413;16
3421;6840;1481513100;10
7162;26157;1481520818;2
1124;1934;1481527341;14
27277;6295;1481520181;16
8945;1934;1481543358;4
889;22995;1481515127;16
3505;4205;1481537339;2
10814;1186;1481529989;2
11762;5417;1481532923;14
17171;6538;1481534026;2
27206;26312;1481544235;18
23086;6472;1481514388;4
14434;14777;1481549988;4
12415;4830;1481550309;10
90;14700;1481547086;12
26266;9961;1481534514;6
17143;22274;1481529465;4
4706;7637;1481544736;16
8450;14494;1481532276;6
1089;2340;1481529714;18
6686;7094;1481509531;18
13261;17174;1481530688;4
22219;10906;1481509651;6
19423;3081;1481544333;6
1120;1416;1481519177;8
11415;4654;1481529489;16
17285;1395;1481533087;12
6874;10113;1481540427;16
2960;10894;1481526013;8
3852;2892;1481534205;12
1855;8959;1481509681;18
1055;27199;1481522515;14
348;24654;1481546493;6
14862;7048;1481547435;16
3414;3995;1481519304;4
2605;9980;1481518300;8
6024;1321;1481528344;12
21267;5413;1481510713;10
10511;14568;1481520513;6
2815;23347;1481516085;6
7402;10489;1481521658;8
19520;7715;1481517911;16
9454;1093;1481535940;12
19583;27344;1481533578;12
4275;6364;1481521174;8
21321;14240;1481528511;2
160;14796;1481523100;10
6232;1523;1481534678;8
10330;3340;1481523119;4
5775;6570;1481513533;16
24397;17508;1481509972;18
3460;3497;1481544137;8
5987;1346;1481546501;6
4227;4655;1481545612;4
435;7418;1481525854;4
20977;4317;1481519497;12
22494;27408;1481517845;14
14543;14956;1481527471;4
5548;12278;1481517608;4
10528;11786;1481514691;16
10387;15109;1481542971;2
22481;8537;1481541824;6
9432;1934;1481529978;10
17470;11411;1481532858;2
7407;8363;1481542166;10
12048;15109;1481529005;4
4011;1927;1481527761;14
16891;18105;1481523601;14
5019;18115;1481538034;4
10659;5420;1481544329;10
12347;25012;1481511451;14
27022;11985;1481549513;16
6119;2429;1481527643;18
3969;27042;1481530885;18
6668;1745;1481541708;4
25050;18078;1481542222;14
90;20138;1481523583;12
4787;4747;1481543499;8
16318;7390;1481536251;10
14884;192;1481550505;8
5977;12280;1481523031;16
8568;7101;1481527072;4
20337;8761;1481533208;2
13984;8816;1481528440;14
5855;15028;1481525731;6
5414;7405;1481512919;6
9553;6894;1481536341;6
7102;1978;1481513600;18
5405;5893;1481550654;14
6391;167;1481547584;6
20946;27444;1481539878;10
11985;12247;1481534011;4
14948;6602;1481540049;8
6982;15391;1481540998;6
17788;401;1481535772;12
10722;5594;1481545950;18
22585;11761;1481534799;14
16119;17866;1481518390;2
19772;15478;1481515422;12
1380;23450;1481517250;18
20925;5502;1481538769;16
6295;9526;1481521201;12
11094;23352;1481527712;8
7407;27022;1481534220;6
3964;2347;1481533484;6
9510;4843;1481519377;14
1225;8752;1481546649;12
7611;19991;1481511578;10
21404;1024;1481513618;2
10420;11217;1481516371;16
15214;24706;1481543524;12
6602;5297;1481533874;14
19299;7389;1481520991;6
8645;21081;1481545177;6
27130;11703;1481521918;14
7802;25500;1481515399;10
22462;24955;1481512352;10
4045;7638;1481523112;12
19969;3975;1481528671;16
15783;12243;1481523826;12
9304;7303;1481528894;8
2866;7009;1481539588;10
27208;21386;1481534232;14
8363;6243;1481542791;4
19210;7560;1481513525;8
19223;5127;1481535926;2
6952;4812;1481548655;12
1021;14585;1481519649;2
4700;124;1481510205;12
13924;6348;1481530347;4
3248;23970;1481545628;18
1676;15492;1481543914;2
1700;6663;1481542804;12
21294;8118;1481547687;14
19593;16308;1481517437;6
12947;9778;1481543001;16
6352;7904;1481528593;4
1226;14629;1481541558;16
27229;4276;1481525315;2
7093;13792;1481543226;6
5747;10044;1481543099;8
1455;3931;1481518989;16
339;2846;1481528816;2
12318;19252;1481538545;16
5719;3383;1481511167;16
20866;15375;1481545363;14
4034;12090;1481527039;8
8548;6634;1481516848;2
24278;27;1481512524;16
6001;22641;1481521009;10
4335;19309;1481519276;6
8595;5639;1481546878;4
6343;4991;1481516666;4
7957;2784;1481534019;6
6212;6693;1481547015;12
9777;9898;1481527462;12
6572;3756;1481521257;2
6729;24673;1481509938;2
10110;4771;1481545815;16
8874;12786;1481523116;10
20655;11988;1481514070;4
19749;23030;1481542826;10
25385;2322;1481549374;8
7683;7145;1481544897;14
11236;22931;1481535060;14
11036;8362;1481513692;18
1252;420;1481547411;12
17465;1294;1481525378;18
27292;4355;1481515134;18
10499;4993;1481549016;4
23646;27039;1481523761;10
27027;403;1481520749;6
11921;27133;1481526526;18
10601;5594;1481514714;12
15721;8223;1481530320;10
11075;6719;1481535295;8
5993;24569;1481516732;12
8588;4783;1481523054;2
14913;5375;1481522493;2
24997;22213;1481547765;2
4739;345;1481515115;14
2843;14167;1481512122;2
8927;7440;1481547299;10
7266;8344;1481538008;16
8231;10464;1481543679;6
1232;13798;1481519713;10
15031;1009;1481532879;6
19916;9188;1481518869;12
7483;3600;1481522503;4
25001;10772;1481524485;10
6691;27506;1481520765;4
5814;24180;1481523527;18
3955;10716;1481545856;14
10312;10406;1481513460;16
23865;2428;1481531084;2
21758;5971;1481522766;8
27464;7795;1481516381;18
11157;22178;1481516217;18
1664;20431;1481523390;10
11902;19543;1481524331;4
11993;24183;1481526699;6
8697;8475;1481517573;4
23087;6709;1481543722;18
4327;1959;1481538929;2
5045;5502;1481518444;8
13461;27330;1481516655;10
8894;6780;1481523446;18
5096;21365;1481513676;8
24355;1900;1481514313;12
17263;1695;1481539932;10
24682;4608;1481540835;8
8187;4484;1481545873;2
11398;9738;1481549906;18
6866;10095;1481513416;12
22984;6410;1481540044;18
8233;9156;1481509741;16
20400;15962;1481537876;10
13862;3595;1481527572;2
6032;10636;1481549425;18
18185;406;1481517315;4
999;5865;1481550585;6
12215;19943;1481512202;18
16891;1599;1481549797;14
4976;23158;1481542566;6
1724;11155;1481535740;6
8683;7265;1481540860;8
12614;6384;1481547427;18
15075;20472;1481513977;14
8583;17511;1481542193;10
5639;1367;1481548685;12
23883;5911;1481541455;14
25;20050;1481543750;10
2116;4901;1481518333;12
181;19305;1481524116;18
4239;18079;1481520378;18
19798;1342;1481541440;18
6145;6364;1481510292;16
20036;1285;1481537416;18
7768;16797;1481519376;8
26266;19321;1481519021;14
20789;11085;1481536578;18
20196;12237;1481526029;18
6472;24430;1481541836;18
7;7361;1481525581;14
6176;20411;1481511493;10
18906;15491;1481550628;14
18876;965;1481526142;12
937;15228;1481517949;16
9447;8795;1481512756;18
18913;5592;1481518414;14
19897;23854;1481518252;12
27463;1968;1481513573;16
17404;17436;1481516682;6
20070;3087;1481538636;14
23013;7592;1481516268;6
8473;27396;1481549746;4
17421;8752;1481511054;14
24281;16781;1481536639;2
10424;6919;1481521086;8
19986;8828;1481518004;12
3736;11416;1481535776;8
11053;16656;1481519128;12
14119;3748;1481518175;6
19571;4270;1481533997;14
4624;7399;1481542452;6
4776;10680;1481522841;10
1200;11784;1481546153;4
25399;20140;1481524376;14
26099;4942;1481535710;4
4585;18934;1481548613;12
12914;5729;1481546894;2
5249;23060;1481545899;10
135;7575;1481523511;12
20287;27054;1481521976;4
151;18456;1481516343;4
27397;9785;1481530983;16
1114;17870;1481535073;18
7813;8957;1481535844;14
13821;14167;1481537195;10
7592;17004;1481538149;6
5706;12332;1481549698;4
3448;10813;1481520959;12
23021;19077;1481527977;16
9526;21414;1481537368;12
1883;8524;1481531307;4
9461;8649;1481532656;4
15376;9536;1481517063;18
190;1186;1481512072;8
18914;19543;1481540531;14
3535;13202;1481548560;10
14812;1384;1481511858;10
24710;11137;1481511860;12
6199;26473;1481509603;10
6795;9680;1481524814;16
6375;4571;1481534747;10
1204;23549;1481516172;4
17922;7598;1481513878;2
8883;8894;1481545345;16
20908;196;1481512646;2
7693;6920;1481525602;16
1931;236;1481537830;6
6820;22957;1481535364;8
10218;8075;1481533726;10
9006;8191;1481525250;12
9393;27296;1481511957;4
9898;1347;1481545315;2
5000;7765;1481512548;8
11082;21758;1481542892;10
6203;9287;1481536231;18
19058;157;1481522393;4
2792;20146;1481517705;16
14515;5602;1481551111;12
6470;21461;1481538948;6
877;11622;1481528582;12
27037;11720;1481520093;10
11810;22143;1481513512;6
11744;27435;1481517605;16
6879;12951;1481513672;2
16531;82;1481529971;6
263;12646;1481550764;18
6236;14931;1481512806;6
1359;5431;1481518439;16
7954;3072;1481549004;12
1264;8765;1481538506;16
15116;5243;1481528926;12
10068;4224;1481528558;10
5509;5529;1481520884;12
26308;12059;1481544933;18
12410;20481;1481526597;10
6865;3790;1481541696;16
9404;11247;1481510089;8
16821;14568;1481512347;12
8492;17904;1481515685;14
2998;3507;1481529202;18
17023;9546;1481538128;14
4733;16982;1481518554;18
27199;7343;1481518389;8
11758;4360;1481532165;12
15745;8562;1481515324;14
12731;8025;1481538661;14
1571;6151;1481549562;18
14248;6540;1481515867;4
13214;22933;1481536318;12
562;8553;1481547761;14
4254;1972;1481547583;16
24701;10518;1481513492;8
6227;23849;1481544525;18
23111;8815;1481517885;14
18899;18154;1481535846;2
23651;21413;1481537483;4
12033;1931;1481524184;6
5772;5359;1481542158;14
4834;4565;1481522711;16
9056;11729;1481520750;2
2140;15731;1481537235;14
15461;4882;1481536281;2
9828;12412;1481518957;16
15732;1019;1481523356;10
19495;4743;1481550845;4
2830;4804;1481510557;2
1275;3757;1481549323;8
1206;25053;1481532862;10
9741;2282;1481547001;6
13864;20688;1481519959;2
1223;7483;1481543522;12
8870;16198;1481543498;8
3741;21445;1481520189;10
10527;15933;1481548798;8
10710;3275;1481510696;18
4952;17404;1481514367;6
22132;25053;1481512518;10
22871;6521;1481512729;18
881;2345;1481532384;10
16887;7544;1481522510;18
5829;3905;1481522331;16
6320;9948;1481526448;6
18940;7556;1481539950;18
11157;18863;1481533707;2
14633;23191;1481546807;18
10181;169;1481520190;16
12185;24747;1481549268;6
22588;2801;1481509820;4
14403;4666;1481518422;4
9165;14923;1481540483;8
1729;7684;1481525227;14
6136;4918;1481523480;2
7699;3091;1481538505;14
13776;5770;1481537396;12
5280;363;1481540644;4
13788;7297;1481539898;16
4043;364;1481539481;8
19832;20071;1481522985;14
18964;14006;1481523241;10
27156;4218;1481540195;6
8755;2273;1481509695;2
3506;18330;1481511961;16
1136;1152;1481540462;12
4838;261;1481516727;8
10910;70;1481546284;8
10030;1052;1481515529;2
19068;4740;1481548200;4
9280;6364;1481550703;4
17904;7446;1481518799;10
20122;23748;1481540496;6
2735;5009;1481533665;12
27266;140;1481521679;4
1886;1895;1481540556;2
11209;9306;1481537418;18
3641;4896;1481524617;18
7470;13876;1481533603;6
5091;3781;1481534037;8
10045;27232;1481540510;18
11242;5858;1481524944;14
14811;7823;1481534426;14
19277;1987;1481523929;2
11989;14183;1481532472;16
20088;4187;1481550738;4
27033;20336;1481529278;16
20546;26189;1481536478;4
7319;10182;1481522528;2
6826;19776;1481544389;18
4974;12872;1481516275;4
17788;18958;1481544865;8
5752;19234;1481533593;18
318;6972;1481516467;12
17535;20994;1481543209;4
12243;17461;1481528007;10
1704;24501;1481538317;8
11062;2980;1481529245;6
10890;9287;1481512700;16
17331;14981;1481543980;18
9255;11747;1481540198;18
14441;15106;1481514503;8
11113;3532;1481547104;18
10105;15997;1481517886;16
23061;21213;1481548405;10
15407;17299;1481528429;6
12062;8124;1481518723;2
6531;2727;1481547818;6
4752;25468;1481540511;16
5812;20055;1481525349;14
6298;5249;1481528865;12
15517;4597;1481538970;16
3561;9647;1481542954;18
17266;5712;1481546957;14
7398;5402;1481528409;16
18911;20461;1481540592;12
16937;27383;1481545842;14
12072;1918;1481521810;10
10780;7899;1481534388;8
20972;1171;1481539513;12
1600;11603;1481514303;18
11599;5828;1481523086;10
7996;10622;1481532214;14
7264;9884;1481514937;14
4812;11017;1481546840;16
5972;5609;1481545535;12
9411;1293;1481528469;18
25156;16887;1481511744;4
17363;20068;1481518176;6
20369;5607;1481544999;2
13138;4360;1481517579;2
9631;11076;1481511306;4
1084;17393;1481525479;10
14551;22459;1481539827;18
10907;9027;1481523966;10
10573;1547;1481550230;14
1317;1654;1481545801;8
15085;16186;1481533715;18
21320;16827;1481520525;8
13770;20023;1481522908;12
14261;13137;1481531839;4
10622;8701;1481547314;18
14240;8280;1481534854;8
25545;21401;1481524615;14
3275;4755;1481516221;6
2345;19209;1481525323;14
113;3997;1481547224;2
13973;7591;1481525215;4
3065;8971;1481534673;4
330;9661;1481520179;12
23305;9886;1481526847;18
20922;17297;1481516403;14
23328;17503;1481524607;4
11884;6565;1481521757;8
5585;5244;1481549290;12
15999;8826;1481534348;14
16044;9960;1481514199;2
20607;8480;1481520298;12
917;6379;1481525451;10
4363;10694;1481519791;8
4241;27522;1481549509;12
8350;8032;1481537640;16
7415;10019;1481530542;8
2984;6987;1481533854;6
18464;8362;1481517880;16
21804;4218;1481548160;16
3698;18895;1481520385;12
17351;5823;1481539181;12
387;11040;1481533866;4
18214;9212;1481531077;14
5885;1380;1481549552;16
27318;3146;1481540597;4
20901;15242;1481512755;8
15137;20785;1481514889;2
10983;6194;1481550599;12
21294;23534;1481534042;16
18099;19852;1481519285;18
17054;6541;1481518418;2
11392;4847;1481533082;10
16043;7469;1481523799;16
891;22315;1481533962;16
13870;5406;1481516399;12
12244;19812;1481528563;8
10087;1928;1481519646;12
10466;14579;1481527752;2
11824;2762;1481545482;6
10641;23337;1481511814;16
1897;7437;1481550516;6
19505;25069;1481549208;14
10929;23855;1481528075;12
4318;8301;1481541771;6
27207;27037;1481512876;4
5672;26244;1481509795;10
5630;6110;1481547234;16
7107;8175;1481517306;2
9885;4681;1481546597;12
14690;909;1481533704;18
17389;3324;1481513570;4
967;25533;1481538484;6
10462;10212;1481530769;14
9133;1491;1481521110;16
22649;14003;1481542133;8
5390;11412;1481513031;6
9162;19272;1481550094;10
10668;7462;1481522485;2
20473;1046;1481536158;8
25184;23160;1481538040;6
23114;6979;1481519267;12
3125;17265;1481547239;14
3916;13241;1481538864;16
8940;23152;1481550038;12
4923;11031;1481517655;6
9062;25087;1481514056;10
27541;14876;1481543887;6
25327;9758;1481543180;14
8517;1045;1481524221;8
14565;20369;1481549310;6
22482;1083;1481519706;6
15019;27294;1481547331;2
17162;11783;1481532482;16
4860;2387;1481515600;10
6585;8089;1481521940;16
14643;9765;1481526947;10
25055;3271;1481522520;14
12726;1425;1481543121;16
6644;17193;1481528209;16
1130;6209;1481536490;8
17572;1523;1481528725;14
5778;5105;1481539273;12
11250;10436;1481539813;14
17488;19889;1481551028;8
15766;23180;1481524394;2
1336;15228;1481533129;18
20948;7851;1481510250;6
25376;17532;1481532938;6
17483;7570;1481510311;4
8309;19859;1481549610;6
274;7474;1481545725;10
1194;19947;1481550280;8
27312;1157;1481539476;10
8442;6866;1481528008;8
10194;1013;1481530820;14
89;27507;1481541237;16
13914;3406;1481527970;16
9502;20289;1481532971;10
5612;24569;1481510698;12
21292;3728;1481549239;8
22468;8194;1481521452;8
22931;25389;1481524005;14
10640;1145;1481539928;14
4926;127;1481536349;4
14445;20446;1481509792;12
1815;9971;1481534231;14
16891;21234;1481513041;10
14447;6782;1481522818;4
5641;2141;1481547290;18
257;17516;1481526640;4
1041;8304;1481528418;12
10677;8343;1481531964;14
9461;2290;1481533682;14
17030;8571;1481514484;2
2989;3678;1481551095;6
17162;6498;1481523448;14
20938;13288;1481509952;12
2157;7894;1481529429;14
7169;319;1481536632;2
20950;8124;1481529914;6
4325;10377;1481541483;12
11264;4197;1481531568;16
11787;20093;1481538906;10
25372;20088;1481541990;18
7397;27101;1481533210;8
27492;1715;1481547452;14
4352;23696;1481548714;12
17870;14431;1481520381;10
4522;21090;1481529099;16
9422;1129;1481522261;8
8740;18867;1481537414;16
22527;14079;1481521044;4
11848;23696;1481534901;10
10698;6482;1481548433;12
15073;21228;1481544639;4
9807;4606;1481511822;8
7801;8581;1481548762;12
8947;23352;1481547705;16
8593;879;1481513916;10
15105;5510;1481514422;16
10074;21922;1481519965;14
8902;8139;1481543611;10
10728;10671;1481527391;8
9783;1103;1481523520;10
6853;19585;1481546303;14
7885;10680;1481533556;6
27006;3642;1481532013;8
6335;19942;1481549844;4
14891;4033;1481515769;18
2967;7937;1481532746;18
10556;1517;1481525493;6
8600;5732;1481542373;12
27551;6311;1481520229;6
8191;2037;1481534887;6
1156;11697;1481517462;6
8906;13113;1481542197;10
10231;19274;1481530892;8
8425;14252;1481523038;4
3962;14134;1481521099;16
6606;7176;1481524454;14
55;17531;1481526890;12
27001;8194;1481542346;16
9990;14713;1481518443;4
10699;1842;1481548782;2
14261;22506;1481541218;6
9153;1925;1481526485;18
3466;9752;1481539716;14
4966;5505;1481533860;10
27011;21230;1481518837;16
6195;9366;1481548068;2
6371;17019;1481542981;2
16808;19944;1481517475;18
4232;4608;1481535669;10
10192;26158;1481547320;18
14895;17885;1481515804;8
19559;27375;1481520648;4
27432;6893;1481518739;12
1801;12374;1481511270;14
5124;1051;1481510004;18
10889;155;1481521852;4
24064;979;1481549656;2
1271;25183;1481516636;4
20140;23791;1481549732;16
7414;2402;1481510300;10
21379;12674;1481533858;10
19594;3054;1481546481;2
7577;18348;1481521387;10
14001;13289;1481524292;14
23118;5052;1481538304;8
19531;17378;1481527984;10
11227;6147;1481520405;6
305;6014;1481527404;6
27392;11097;1481511817;6
27453;6991;1481547374;14
5518;4985;1481514605;2
17035;2425;1481548074;18
12867;7875;1481534210;12
14132;322;1481513180;18
24529;21462;1481526849;4
8963;3939;1481528505;2
227;12099;1481542173;18
13677;21308;1481548314;10
14949;15376;1481533930;16
10912;5251;1481532467;6
15735;2942;1481536801;10
10125;1031;1481543833;8
7776;14916;1481518473;8
24748;19487;1481549756;4
7337;2385;1481546074;12
11758;7274;1481511263;12
6312;15021;1481528254;10
1023;3386;1481527063;12
22871;6953;1481515082;8
1487;5824;1481545158;14
397;23520;1481510550;12
1611;322;1481539069;4
9961;6832;1481534195;10
20695;86;1481540608;10
3951;1205;1481533485;18
6951;5881;1481531344;4
6417;3953;1481542895;10
1061;6656;1481540550;14
3702;4840;1481546581;12
25376;15031;1481535976;6
6765;25193;1481537989;2
27313;17465;1481516778;4
8940;9437;1481531874;4
15088;20464;1481543771;12
17036;11907;1481548260;14
6871;13560;1481516523;14
8969;22306;1481521090;10
11577;25365;1481544901;4
1383;7888;1481520047;16
8989;6274;1481540387;6
14581;3251;1481519675;2
4943;17335;1481544046;8
3742;9157;1481513160;14
17848;21077;1481550666;2
2121;22134;1481518543;2
27553;566;1481537752;16
4932;8899;1481540534;14
9421;5714;1481527392;8
5029;12318;1481540599;8
1533;11211;1481519779;6
2356;10271;1481528476;8
7485;10493;1481515681;10
11792;11961;1481549451;18
22135;6006;1481548175;8
27056;17794;1481526758;18
1566;1311;1481511200;18
8685;622;1481545945;12
14895;24355;1481529541;10
22957;9820;1481532317;14
341;23176;1481523942;12
4585;13782;1481516401;6
8595;1851;1481522201;6
21388;3019;1481540846;6
12156;6704;1481523611;14
7165;12229;1481530561;4
13872;27099;1481543938;18
1764;6469;1481532595;16
7696;23002;1481533198;4
20355;4954;1481550074;4
27095;18812;1481515186;16
17015;10672;1481539689;16
1582;104;1481549299;16
17257;12674;1481510994;6
19486;12286;1481534610;6
12646;17037;1481518983;2
11907;11862;1481526039;18
21845;15786;1481532902;16
1089;20933;1481539328;14
9774;11701;1481518266;18
23085;24277;1481527048;10
11603;18319;1481530307;4
19575;19300;1481517887;6
11484;6634;1481549059;2
4957;8947;1481532902;6
11397;24762;1481532564;18
7298;8404;1481525773;8
10263;20789;1481538268;10
424;20370;1481532833;6
432;21490;1481525775;4
22489;8497;1481550750;2
6031;14155;1481514806;8
10214;8251;1481526674;10
18444;14270;1481515556;6
10115;10307;1481514292;8
19992;20038;1481539206;8
4522;8385;1481545805;16
18882;4744;1481537776;2
19771;8807;1481545077;12
15326;17414;1481516637;18
18839;8951;1481530540;6
11767;19487;1481535926;6
4852;23649;1481522525;16
16335;18512;1481509840;8
275;6997;1481532722;4
9026;20588;1481515530;16
3956;9875;1481536735;10
5859;15081;1481527514;14
6655;5837;1481544250;2
16101;177;1481526948;4
2331;8350;1481522295;2
9454;7833;1481541181;2
12557;9152;1481534947;10
3076;7270;1481531186;2
14904;9133;1481542829;12
1744;26480;1481516245;4
20136;19829;1481526188;2
3024;2747;1481544492;18
3768;6642;1481545567;10
11106;25541;1481523102;10
6321;9661;1481517833;16
8864;6197;1481512010;18
8599;6963;1481539264;16
1624;201;1481550028;6
7408;26307;1481516806;10
2874;4930;1481540504;18
10695;8456;1481515840;8
2132;903;1481533680;6
7892;3584;1481526839;12
23117;8122;1481549780;16
8544;12407;1481527951;10
17454;14794;1481549896;12
7002;8583;1481523318;14
9456;5346;1481526045;16
10114;21230;1481523224;14
11003;26502;1481539432;10
4011;10572;1481524540;8
10198;6277;1481523171;10
4198;7793;1481532308;16
8563;5915;1481531130;8
5259;16834;1481538161;12
20868;9178;1481538046;14
17239;4826;1481521752;14
9875;12796;1481528635;8
9970;14132;1481530402;14
7308;25161;1481525878;10
8595;1335;1481535512;12
18865;11062;1481528161;8
11959;6362;1481526784;2
11988;1032;1481528475;16
1044;19530;1481548714;14
14443;23853;1481529874;2
22615;6795;1481533204;10
7145;10323;1481514539;2
11025;25327;1481549486;8
1864;202;1481514431;10
4041;7835;1481519801;2
12398;20022;1481543652;14
8951;1344;1481513890;14
14263;19082;1481532552;16
8994;6183;1481509529;6
19059;4606;1481514715;4
21713;14126;1481545183;4
20857;10810;1481539981;18
11237;11785;1481549552;14
2407;20775;1481522246;8
20132;1764;1481521862;10
7190;9164;1481529399;14
1314;12333;1481542578;8
27431;2817;1481540841;14
27422;10367;1481519940;8
6979;2036;1481542371;16
2464;8781;1481533001;6
18821;5934;1481532634;6
22447;4501;1481550584;4
17027;1279;1481535306;4
19510;2369;1481519557;14
6214;20050;1481510107;12
25394;12944;1481549132;8
4997;9623;1481550826;2
7436;15252;1481535190;18
24417;14544;1481547650;10
9157;2802;1481529138;4
20132;3747;1481544582;16
1294;4997;1481530967;12
25077;5516;1481515413;10
19850;14972;1481511930;4
27555;16043;1481536900;18
422;5744;1481544876;16
14126;11622;1481513799;2
15036;10923;1481536096;16
392;19284;1481510743;12
15073;18201;1481524615;16
2394;6832;1481538437;10
18201;6190;1481533142;18
7623;17586;1481531347;18
17305;11084;1481511199;2
8756;6772;1481523139;18
17022;15777;1481548125;12
24648;16183;1481529162;16
6428;16804;1481522654;16
1926;24378;1481517360;16
11102;1279;1481533178;4
27161;17233;1481528494;18
3559;6996;1481539513;2
60;27537;1481530033;14
11051;3300;1481534901;14
9796;13343;1481546711;16
5957;1723;1481531398;4
4585;17388;1481517987;6
6623;12212;1481512252;10
13778;22487;1481510704;8
2769;25432;1481533328;18
25374;7470;1481535147;10
11024;1987;1481510905;6
4878;366;1481535476;10
7860;19870;1481514354;6
2795;13874;1481542204;16
2741;9547;1481547876;12
23519;10495;1481519843;4
1277;8965;1481536008;4
7524;390;1481526620;14
25377;25186;1481526686;16
10616;1043;1481511813;6
27392;7543;1481547602;10
25025;5277;1481534524;18
4700;1011;1481527392;2
1585;22430;1481537849;12
7806;1706;1481518797;16
6235;6462;1481515203;4
14643;11126;1481543259;14
24921;8488;1481521026;18
8025;11257;1481532090;6
6526;5746;1481546139;18
24954;5805;1481521587;4
22219;27004;1481550883;14
7164;20155;1481543105;6
11050;7252;1481550617;12
11851;1127;1481519121;4
16648;155;1481514096;8
3625;8410;1481540294;10
12745;25167;1481528262;12
12121;319;1481535061;16
20288;10099;1481511991;16
19803;10436;1481549295;4
6475;25043;1481531910;4
21404;10475;1481516226;8
8815;2320;1481519591;4
11398;19312;1481531275;4
10539;8531;1481516086;10
6646;3253;1481533075;14
15082;5422;1481536864;14
5909;9668;1481517697;18
23540;5122;1481535380;8
9984;20144;1481510391;2
6647;1625;1481523996;10
19510;4179;1481531505;4
3556;8967;1481525902;12
17904;1721;1481546069;8
6546;20044;1481520181;14
4959;7475;1481516560;6
8132;26480;1481545936;16
10614;10268;1481543197;4
9964;11703;1481516431;6
12417;16369;1481550631;16
7399;8316;1481517489;4
20922;27343;1481545977;2
19423;27196;1481541480;18
19558;10509;1481540916;16
10099;2792;1481519729;18
20878;6363;1481541657;2
11391;10706;1481516290;6
10305;3133;1481532141;8
22452;4006;1481548558;2
18815;7040;1481516170;18
8032;20626;1481511769;18
5127;1960;1481549079;12
1721;13241;1481519851;14
15980;5639;1481543851;8
2771;24673;1481522746;14
18878;3910;1481547156;10
8183;24445;1481533451;10
1050;8297;1481528797;12
246;17536;1481531277;16
8879;271;1481511048;4
6996;22461;1481529902;12
27297;23446;1481529036;4
1149;17310;1481520562;10
20081;3391;1481510438;2
8461;4684;1481511101;8
8463;8598;1481539444;12
19816;248;1481523212;4
7145;12292;1481510720;12
6674;24182;1481516526;8
21415;966;1481538163;12
9647;10513;1481518367;14
23354;15026;1481529907;18
8132;27473;1481517903;8
11730;3704;1481536967;2
4777;14556;1481520959;18
21495;14915;1481547500;2
5764;10272;1481523889;4
3690;11623;1481520572;12
12235;11997;1481521834;8
27328;19992;1481546127;18
6261;5762;1481534528;10
20694;20316;1481545384;4
27176;2416;1481533964;8
9105;18173;1481518739;6
6452;19829;1481524803;12
19816;8890;1481510810;8
10217;8320;1481519433;10
6884;17461;1481524697;8
7006;17252;1481512873;12
11044;23023;1481518088;14
12763;129;1481546104;12
1259;5489;1481526474;8
10781;1368;1481529326;10
6348;20911;1481521944;8
23038;23854;1481533207;2
1574;8988;1481543337;10
8447;2846;1481550400;14
18076;12069;1481525526;8
14580;4752;1481542655;8
1231;877;1481536931;10
6016;5101;1481509528;2
8989;24688;1481532235;14
3607;11849;1481516597;4
1546;12354;1481512114;8
20888;4684;1481529593;2
1599;13943;1481536626;8
26070;8813;1481541560;4
23340;14922;1481532594;12
10712;25285;1481515925;12
18215;7962;1481538948;12
15301;25042;1481547867;10
13203;4595;1481511399;12
169;18347;1481551031;8
9734;13913;1481531584;2
9567;10175;1481524643;12
4785;11258;1481540756;16
19491;3262;1481516646;18
22624;11159;1481517229;12
9573;24285;1481546352;14
22252;14979;1481515348;10
6613;17006;1481541938;16
12870;24750;1481514264;12
3493;23320;1481531277;10
4014;6016;1481549782;18
17574;8745;1481521877;8
17843;8253;1481529325;6
23033;17;1481524113;4
2118;4546;1481529614;18
1635;10982;1481535709;6
20541;9057;1481516329;4
5714;14442;1481541348;8
196;6429;1481549527;10
3248;5727;1481536948;16
25000;17031;1481540130;2
9747;23970;1481547831;4
11728;1396;1481511709;14
5376;8110;1481537542;10
8696;9513;1481513209;14
3133;7101;1481515061;6
14120;14149;1481514173;18
13987;7324;1481512265;12
10779;2285;1481529813;8
10259;14700;1481514516;2
11256;6860;1481516298;10
7982;27451;1481523690;16
14155;15926;1481513262;8
17254;15761;1481534480;2
15299;16890;1481532163;14
23863;12873;1481520971;16
9791;25087;1481526175;10
21218;12561;1481532026;14
18182;23750;1481515289;18
6385;25369;1481546673;2
1935;11238;1481539957;16
2174;22499;1481510640;8
14910;10880;1481515653;6
8592;7070;1481545137;12
7799;10376;1481510346;14
2832;11692;1481532022;14
1462;1922;1481543775;18
22938;1277;1481523245;8
2777;19211;1481548718;16
209;11841;1481526854;18
20417;1722;1481547119;4
5613;1840;1481538393;4
7533;13941;1481542979;2
8053;25004;1481543818;6
10403;5085;1481541487;16
6221;20629;1481541787;12
19737;19038;1481522489;4
23115;26098;1481533354;10
27053;5774;1481540044;16
1680;12649;1481528265;4
17871;6227;1481532134;8
20191;6524;1481530499;8
14544;17882;1481526933;18
24089;7999;1481541467;14
16932;12297;1481512235;14
10888;1092;1481509762;8
3370;13137;1481535019;6
6982;4567;1481524629;2
19272;19594;1481550189;14
4020;1116;1481512426;8
20945;7487;1481531518;18
4260;993;1481531926;8
1668;23050;1481516838;16
9101;2747;1481535560;18
18814;21296;1481531096;8
19992;6415;1481550335;2
7158;22315;1481544499;16
8906;6771;1481530072;4
2284;12072;1481535831;16
7330;5635;1481547338;4
4859;8965;1481522559;12
7488;1680;1481535162;8
17572;4701;1481533787;12
23086;25365;1481535828;14
4855;6358;1481549616;16
3457;19319;1481512739;2
10504;9989;1481535239;6
8493;19856;1481522214;16
16849;7586;1481549725;2
9809;5858;1481538038;18
371;15767;1481549881;6
10904;17350;1481519165;12
11102;20982;1481519280;2
3701;19888;1481537323;12
19312;15118;1481549557;16
5251;16093;1481543130;18
3273;10371;1481514081;8
17901;7172;1481533554;6
1793;15237;1481525515;16
3906;27463;1481529692;8
12583;6302;1481538106;12
84;2954;1481533584;10
19944;1368;1481545355;12
1163;25542;1481538809;6
9403;9283;1481532401;10
9412;330;1481514270;14
10634;6161;1481513091;10
261;10735;1481546525;6
6620;13345;1481522656;4
22430;5673;1481527123;12
17501;2376;1481538220;10
7999;14209;1481533357;14
23344;3015;1481515566;8
2817;19507;1481517669;4
955;23356;1481518502;18
22582;10175;1481518820;14
6132;7443;1481527535;18
19916;15028;1481520998;14
18215;8235;1481542048;12
4694;1316;1481544598;10
20865;20289;1481521761;12
10268;8463;1481532651;16
13495;5041;1481535252;4
3467;18461;1481522482;16
10474;10387;1481525189;14
12795;7296;1481526758;18
1440;24423;1481534392;18
18876;4238;1481539222;14
18891;693;1481539509;10
20655;10528;1481534551;6
7478;6015;1481549858;10
2410;8544;1481543304;12
27137;110;1481540686;4
6965;10383;1481549345;6
27311;6498;1481509810;2
19207;426;1481534979;10
23140;18073;1481531359;2
10535;4356;1481538111;6
1575;6360;1481539323;6
12565;16051;1481512561;8
9239;4229;1481512008;10
6462;5285;1481521933;10
8642;8695;1481517980;4
4596;23730;1481531257;14
18214;14921;1481530775;16
9209;10636;1481549104;10
17414;8316;1481526555;18
7688;1177;1481540830;16
7247;10111;1481535278;14
2759;21799;1481518341;14
17439;19226;1481539948;4
10911;12353;1481549790;10
2813;3400;1481536953;8
9766;1852;1481525329;12
1327;15961;1481517720;14
15080;7905;1481512101;4
17287;4766;1481540215;8
15761;10017;1481537114;18
21731;19970;1481531116;12
6464;5265;1481512673;2
6856;3768;1481513343;4
18166;6218;1481542166;2
22442;4665;1481519718;14
5406;6570;1481526937;6
17481;19543;1481533489;6
23887;21678;1481548774;10
10618;10697;1481511383;6
1557;4015;1481517522;16
20289;17278;1481548811;12
1450;6294;1481515616;6
27181;1531;1481511185;6
15027;16648;1481525576;10
8510;4254;1481537348;10
26373;5918;1481520435;4
8115;12042;1481543087;4
6644;11862;1481529232;14
7208;3916;1481519928;16
6210;24133;1481543811;8
12164;23526;1481530210;18
2768;3009;1481525304;8
422;7474;1481524407;18
2127;9427;1481548450;16
15297;24473;1481515755;16
8153;1864;1481548861;8
5517;11782;1481539590;14
15368;12573;1481548016;18
4013;2967;1481518654;14
11220;1640;1481510330;14
23140;2728;1481528797;14
27127;11907;1481537176;16
20888;20189;1481549842;12
2283;25549;1481550684;8
19866;1367;1481519427;6
1349;6290;1481531771;2
10374;6614;1481526606;18
11242;19545;1481511332;18
15459;19507;1481524984;10
17488;18332;1481530102;8
19864;5747;1481515655;18
18438;420;1481531319;18
20471;10358;1481543532;6
18912;3459;1481524298;8
14911;14246;1481539174;10
6383;8171;1481522022;4
13080;228;1481511215;2
3957;21501;1481531701;18
17467;8532;1481551099;2
1360;3273;1481524750;10
10175;6706;1481544116;10
367;1887;1481549468;16
25163;16050;1481543634;2
7614;10653;1481525179;2
15734;27282;1481509658;12
11993;14166;1481529695;8
20025;23645;1481518380;16
25053;7694;1481517520;16
1458;9515;1481541820;14
7482;1765;1481546036;14
17582;2150;1481550765;16
5953;26244;1481524122;16
11173;22646;1481529736;4
9103;7300;1481537837;18
5733;2169;1481523659;12
13758;27426;1481524965;8
23023;27313;1481521914;14
22215;15308;1481546540;16
25387;19795;1481514497;18
5283;10421;1481549187;2
18188;1696;1481512648;14
2754;17884;1481543488;18
1310;11806;1481517625;14
13189;2031;1481537650;2
3382;13928;1481545489;12
14497;24238;1481513232;6
13345;8808;1481540099;14
6028;20092;1481524852;6
5750;23173;1481528701;4
23884;7155;1481520307;12
8471;19959;1481549476;10
6143;7052;1481531025;4
4902;9383;1481522353;8
9453;39;1481532726;8
9427;70;1481536564;12
9153;10072;1481522244;8
5413;25493;1481544424;18
18200;14543;1481532859;6
10725;11808;1481528965;14
2987;19932;1481539842;18
6355;12096;1481510452;10
16201;410;1481546442;2
6457;14615;1481517954;12
23892;12391;1481522652;16
6171;1039;1481538141;2
9447;16199;1481549611;18
7059;169;1481537038;18
14859;9773;1481549751;16
9058;2767;1481530164;2
8958;3777;1481523873;10
1601;14857;1481538047;8
11629;3638;1481516007;16
4607;7956;1481517092;2
325;14551;1481534987;14
10713;423;1481535554;14
9113;129;1481512595;4
10205;15079;1481522768;6
7908;3771;1481521066;18
12744;7049;1481510143;12
17049;12782;1481531895;10
6634;21503;1481517178;12
13028;4955;1481536842;4
2118;12770;1481548478;2
1488;22272;1481545536;8
14196;24668;1481517115;18
2605;9153;1481529807;10
1887;6720;1481545056;16
6923;8995;1481545468;14
11940;971;1481510472;16
10431;27459;1481522511;4
6121;2772;1481511868;14
26072;1610;1481521992;18
23741;148;1481532654;16
3690;8952;1481531904;12
23052;1272;1481510507;6
17286;16910;1481527422;4
8150;15390;1481524903;2
4343;1318;1481511257;12
9169;6779;1481533838;12
5354;5818;1481543660;18
27017;6410;1481509793;6
12147;14577;1481518599;2
25166;4236;1481517652;8
1767;5421;1481528136;4
11026;19071;1481536065;18
4328;6900;1481512405;12
27443;14926;1481549591;2
25061;1187;1481547934;2
9162;19079;1481540844;14
19495;29;1481540110;4
22964;1225;1481529680;18
16915;10649;1481525776;14
12798;967;1481539337;10
14050;10220;1481513625;12
1116;20857;1481535408;6
23618;15328;1481509740;12
23546;12043;1481543596;10
15346;4807;1481549418;8
5782;10599;1481533772;12
251;18332;1481524176;10
25328;4287;1481533810;10
1072;5843;1481518404;12
3259;929;1481543628;6
8541;14577;1481509882;8
6212;7520;1481545524;12
7777;5352;1481531988;18
6194;8433;1481511093;10
10460;19847;1481546622;8
6858;13680;1481545273;2
8656;19900;1481522364;12
3393;13426;1481519033;4
7423;17294;1481537189;18
10831;7021;1481544393;8
25373;25055;1481514437;14
7351;19770;1481529552;4
9157;9987;1481539354;14
7773;23101;1481532917;8
26083;7457;1481511405;2
20411;27402;1481526273;14
7595;2452;1481531430;16
20108;21078;1481529227;12
10849;13889;1481546443;4
10653;5023;1481540055;18
9407;14878;1481523752;4
6185;117;1481516202;10
23851;24584;1481510347;12
3283;13124;1481520434;8
8993;7570;1481523581;12
16892;6930;1481540100;14
4854;7435;1481534413;16
4696;9628;1481526858;6
11157;10204;1481536943;18
8837;6874;1481533190;2
1739;1289;1481517317;4
20631;20862;1481546949;16
5886;4607;1481511106;2
22997;10832;1481525226;8
27459;10672;1481539073;16
7823;7407;1481542258;2
161;26477;1481533974;16
6416;7577;1481510995;16
23653;23850;1481531305;12
20485;11408;1481533075;14
23540;7778;1481513982;18
2273;12103;1481545420;18
4783;21482;1481521836;8
10653;27180;1481513881;6
8124;20471;1481514872;6
15403;3566;1481531937;12
9328;7542;1481538434;2
6487;1839;1481524665;10
6802;7547;1481512157;4
7628;8503;1481529551;4
24143;9285;1481514807;18
17004;17031;1481519933;2
16101;1348;1481518062;14
3380;9390;1481548394;8
3950;6196;1481510480;4
5096;5393;1481548916;18
17419;14709;1481549360;14
5506;9428;1481517736;2
5333;9964;1481525163;10
6516;16884;1481539720;2
1841;14705;1481530368;18
1372;20589;1481516242;16
14620;5885;1481523868;14
23651;1443;1481510750;8
26156;4337;1481545556;12
5127;16912;1481531023;4
1290;233;1481538937;4
22536;6830;1481521536;4
10809;11125;1481512345;12
5778;10906;1481513207;18
25043;6542;1481539321;8
10665;27059;1481534311;4
15324;11029;1481537964;12
15016;6026;1481538766;2
20658;27100;1481534158;6
13770;2738;1481526824;14
7852;12095;1481512304;6
7142;10728;1481515725;14
8240;24281;1481523343;18
2609;14242;1481538658;4
11940;6696;1481511012;14
7963;11403;1481518490;16
1915;19803;1481522162;10
3714;27322;1481540123;2
6278;13259;1481519176;6
78;4193;1481515940;18
14912;20981;1481530146;4
9482;19505;1481511065;12
4303;5831;1481523644;4
2826;11986;1481514507;6
7438;10718;1481519804;14
14496;8448;1481545356;4
6498;27506;1481543808;18
10542;15091;1481522576;2
2142;3491;1481521050;8
23864;1953;1481522014;16
17578;4257;1481511082;18
5960;3712;1481509953;8
8092;6197;1481526217;16
15321;13217;1481544810;12
20086;6024;1481528257;6
24373;14799;1481529343;10
6148;11803;1481524490;4
5775;27288;1481515322;4
1583;27173;1481511278;16
3620;17582;1481537942;18
9751;1084;1481549233;6
8355;11787;1481536697;2
20962;27402;1481521071;12
5439;15754;1481517491;6
8377;23892;1481528439;16
25068;10924;1481509803;12
18198;4221;1481547469;10
3387;6928;1481536454;14
16837;9602;1481509516;2
18891;26219;1481537395;12
8336;9483;1481509657;4
18900;8598;1481537044;10
6921;7035;1481522927;10
4700;23350;1481530014;14
27425;24164;1481540336;4
17285;2792;1481512286;14
7160;1431;1481516964;4
13297;16808;1481542900;2
12866;6296;1481527501;2
11596;4596;1481527103;18
3704;26071;1481537631;2
4766;17022;1481525059;6
6555;2393;1481541240;10
6894;17053;1481533449;12
14952;5283;1481536141;14
10120;25414;1481521112;6
1773;25086;1481549631;16
18156;6991;1481537980;4
27335;8973;1481541556;14
24692;19275;1481512905;12
10074;6329;1481541832;6
5530;5882;1481530491;12
11635;1591;1481517034;6
22648;25035;1481521618;6
8641;2130;1481510975;6
3613;6386;1481534914;14
5393;10506;1481523795;12
7427;272;1481523560;12
1405;19471;1481536232;12
3738;9025;1481515482;6
25054;11018;1481523950;16
3165;5808;1481539222;4
10320;4306;1481512610;8
6332;8886;1481513725;2
24137;4687;1481513990;12
1410;17257;1481518620;16
2845;6208;1481514333;2
301;20079;1481517685;8
1171;6881;1481528812;18
10810;25163;1481531647;16
23104;3025;1481543003;14
4104;1795;1481524321;14
8493;4796;1481542436;12
5756;6997;1481536822;12
22182;15305;1481516438;14
16023;9526;1481551133;2
27393;26157;1481513556;10
4702;11563;1481539386;8
3990;1007;1481519636;2
11134;14793;1481541353;12
108;8599;1481523394;8
11054;8656;1481534378;2
8326;8398;1481545621;12
351;11794;1481540598;4
12244;8089;1481545511;16
10890;11001;1481518747;8
6149;4027;1481524028;18
14133;15499;1481540461;10
11022;8647;1481521958;16
24648;20538;1481540557;14
18905;8111;1481542813;14
27015;10569;1481521399;6
8427;23616;1481528649;12
3981;10915;1481513539;14
12761;6594;1481516077;4
21716;8825;1481549515;4
7074;5278;1481527154;6
1364;8448;1481516987;18
9446;27486;1481550760;10
7519;8138;1481532243;8
1891;9517;1481529936;18
12867;5956;1481538671;16
6500;11801;1481534251;6
27195;20519;1481519056;18
7054;19279;1481519560;10
6712;8160;1481542613;4
1290;11395;1481527653;4
5107;12244;1481526779;16
11121;10611;1481534043;18
10087;17534;1481541953;8
7474;9523;1481538254;2
956;16143;1481526214;12
1579;1676;1481531670;14
147;3247;1481512901;10
14936;19199;1481521126;16
6946;10489;1481510962;4
1669;14189;1481540264;8
14623;10514;1481547905;18
9938;14157;1481543736;10
22133;24457;1481539016;6
23519;1309;1481546626;12
15761;18192;1481515674;18
9799;365;1481533496;2
1144;14980;1481512812;16
20539;1517;1481526360;6
11254;3146;1481533347;2
12118;21360;1481543295;2
17007;25518;1481512365;18
410;14002;1481541872;14
9060;8826;1481511976;2
3976;8094;1481544886;8
18040;12023;1481516305;10
13075;7075;1481539090;8
15327;2731;1481521964;10
3505;14264;1481532108;8
1122;4565;1481529180;16
4262;17252;1481540725;14
25113;5647;1481518403;16
992;7171;1481525829;18
14962;10381;1481515675;14
3956;20945;1481522102;6
8358;23098;1481520362;10
8301;1129;1481519733;12
26041;18192;1481520113;18
9006;11697;1481526991;10
106;1069;1481509642;14
25381;15999;1481549778;8
14794;5243;1481547739;2
27007;25081;1481525960;6
10916;19088;1481535368;12
17404;9214;1481533178;14
8418;1014;1481534935;2
11957;22680;1481523420;18
20067;23123;1481539144;8
14794;9881;1481534375;4
4780;27408;1481529098;12
9476;392;1481521609;6
16648;1897;1481522169;14
1392;9774;1481539126;8
23523;12600;1481546289;2
1553;23053;1481540252;18
14866;3941;1481529509;16
3271;2783;1481535529;14
20634;5887;1481517471;14
6798;4239;1481528577;4
295;17581;1481525123;12
20980;12042;1481521560;8
24925;6400;1481536601;8
3004;7435;1481517598;16
3713;14547;1481535011;4
17173;14199;1481523688;2
10614;23859;1481510557;12
16011;6809;1481538540;2
6778;20962;1481537333;10
1978;19935;1481519874;18
25319;9025;1481511625;2
16826;20130;1481529396;2
8508;20740;1481541539;8
11991;400;1481534220;12
15508;19374;1481518226;2
14538;24700;1481548224;16
9418;5936;1481531122;6
1280;191;1481540492;18
20355;4104;1481518629;6
12951;25393;1481540599;12
1811;7980;1481547927;12
27408;24457;1481549434;8
23535;25512;1481515424;8
18805;20330;1481539850;16
16656;16123;1481541953;10
2740;5739;1481537601;16
1188;3901;1481512393;18
18181;22142;1481527614;6
21731;19969;1481513645;8
1042;10609;1481531259;6
12234;6669;1481529247;12
14434;6788;1481531097;2
4974;13822;1481521075;16
1627;24457;1481547481;4
6868;3590;1481520772;4
6246;6403;1481543096;10
3702;15107;1481535905;2
9976;25;1481516330;2
27208;6385;1481524952;18
23468;10500;1481539509;4
5514;1293;1481529314;14
3954;10571;1481535561;6
2161;19252;1481524340;16
6866;2465;1481510060;16
4560;3693;1481549642;12
25068;6943;1481520814;6
10208;7545;1481519455;2
12748;10209;1481547442;16
4232;5474;1481520818;10
20326;23014;1481540912;8
27163;2341;1481521267;18
18152;2378;1481545927;16
10928;4976;1481529688;18
1124;4777;1481544481;14
113;5742;1481515508;4
6547;18088;1481523468;12
9298;27487;1481513774;14
8558;3272;1481524396;2
19937;2383;1481546668;18
6477;19075;1481546790;8
9529;14697;1481546786;10
9953;11405;1481536945;10
14633;4778;1481536691;10
7782;15248;1481545634;8
18839;20759;1481531458;16
9800;21496;1481549481;14
15108;10519;1481533381;8
10018;10371;1481547564;10
9890;11759;1481517033;6
7372;27030;1481543859;8
22651;7615;1481522081;6
27392;3775;1481546630;16
7007;25034;1481518007;10
24675;25059;1481521578;10
25061;20997;1481542186;14
259;1206;1481545356;10
17022;25326;1481537347;16
8027;8389;1481524951;12
16803;1982;1481544180;18
13810;18805;1481522117;12
20337;4276;1481515049;8
44;5910;1481511603;10
12774;3945;1481533681;14
8028;27125;1481542362;10
3615;2024;1481529551;12
25425;5629;1481513459;18
17548;5750;1481526367;6
12070;9395;1481541547;4
6876;6259;1481548702;2
5815;96;1481529388;10
10124;7943;1481543332;18
12403;8090;1481546807;2
1582;22269;1481531351;8
8896;5500;1481528266;10
9220;8971;1481546859;4
7425;3544;1481526967;10
2771;5732;1481544085;18
1360;11067;1481521087;18
11729;11229;1481528862;14
10226;21597;1481516608;12
11373;4502;1481525027;12
1233;1199;1481541214;2
9775;1963;1481547925;4
4023;21722;1481548832;6
1053;3927;1481534323;6
24479;6112;1481542403;6
10710;17391;1481548377;16
25158;6000;1481523350;10
18511;6691;1481544696;8
25173;11920;1481524111;8
9870;12760;1481523539;16
5846;136;1481510419;2
3095;6464;1481522671;8
20353;22930;1481531588;10
16195;19041;1481517120;6
7770;2846;1481550633;14
15375;10890;1481527731;8
7763;18088;1481535406;8
18807;5516;1481536163;8
6859;21383;1481514651;6
20976;367;1481546226;18
25535;25003;1481549050;16
5995;17027;1481550498;2
6475;9451;1481518258;8
974;378;1481516443;4
27323;4541;1481530180;16
5919;16847;1481539630;6
1639;8555;1481518510;12
17420;18215;1481530674;2
8328;14906;1481541605;4
2147;14566;1481518333;8
10637;3915;1481539453;14
9566;5376;1481538412;4
11615;6616;1481527014;10
21845;4974;1481524926;10
11910;141;1481514192;4
5385;4757;1481536517;18
2984;14632;1481539043;18
18088;4413;1481549840;12
25487;6469;1481529960;10
10606;26101;1481542768;2
17462;15108;1481534078;16
7164;3725;1481532328;14
5878;23755;1481517996;10
314;14135;1481536606;14
13779;6473;1481518259;2
27449;15909;1481517379;6
14699;3021;1481546707;4
1844;24952;1481533434;16
25188;11612;1481536711;18
8319;27020;1481516322;8
15024;1911;1481514378;16
8587;13778;1481511631;16
11842;975;1481551092;8
14139;17388;1481512695;4
7297;23469;1481527078;6
27037;10422;1481523660;12
25178;12142;1481529625;2
2791;2351;1481531649;16
11256;6994;1481527930;10
19741;14563;1481545246;12
3743;12920;1481523609;12
26158;3379;1481546897;4
7647;11993;1481522918;8
8395;12631;1481545000;4
947;14451;1481511471;16
14242;27035;1481539025;6
25056;6546;1481538050;14
15020;24347;1481525726;8
8329;8822;1481537320;6
8327;8464;1481514193;6
20848;279;1481525951;14
8990;19831;1481509731;4
29;10241;1481532581;2
3074;7896;1481550315;2
7242;27310;1481534169;2
4680;10766;1481544838;12
20135;6364;1481548890;12
15998;14445;1481531619;18
15106;402;1481510793;12
19819;1341;1481538525;6
9681;16122;1481529841;18
280;3950;1481541935;10
10905;17211;1481538524;10
1452;16037;1481541844;12
19319;6709;1481547029;6
5934;12074;1481511090;6
3464;26204;1481526380;12
6232;18952;1481530117;16
5852;6486;1481521867;12
8305;14909;1481537870;16
6702;5751;1481548838;8
26260;12092;1481534690;14
3448;10260;1481542293;8
8760;12368;1481514062;4
14703;9950;1481515530;12
6928;8486;1481527180;14
7547;7418;1481549301;10
55;18102;1481523499;4
10826;15012;1481512573;2
1882;1072;1481530702;14
25159;21224;1481532308;4
5264;21317;1481543540;2
6685;9416;1481545861;14
7371;1522;1481548251;2
345;17300;1481513221;14
9783;1125;1481548319;6
19881;6878;1481513014;18
11862;6435;1481541040;16
12647;24164;1481532891;12
5877;16099;1481534084;16
13874;8463;1481545188;14
27183;23175;1481532324;8
14138;9844;1481542625;2
8927;5911;1481516034;4
13218;17403;1481517508;4
2323;23662;1481533589;16
7848;4734;1481539743;4
15373;9666;1481540641;8
21493;24709;1481527918;14
24279;20073;1481526988;2
10000;22503;1481519968;12
6772;4176;1481542592;8
14884;15238;1481532925;16
10106;17294;1481545341;4
6441;6813;1481543024;6
10352;3088;1481531422;10
18842;20298;1481522308;6
7641;6881;1481510132;6
24953;4531;1481527019;14
9300;8848;1481513514;10
1728;10311;1481548770;4
19911;23892;1481532010;6
11758;7433;1481530808;4
8323;13824;1481515906;4
14105;2332;1481519141;16
12730;2960;1481545867;2
20997;18182;1481549487;4
11221;20936;1481525650;8
12362;11235;1481534458;10
367;187;1481527833;4
1690;5627;1481545593;4
1353;4213;1481513201;2
9166;20355;1481540294;10
6308;10906;1481513259;2
12290;10311;1481548454;16
2645;5121;1481522590;4
12103;20694;1481548281;2
2396;21443;1481542996;16
19058;7352;1481546548;8
292;2621;1481518220;8
20071;204;1481524245;18
24143;1408;1481522598;6
14142;12866;1481516371;18
17361;6672;1481511045;8
6520;15313;1481546500;16
13947;2726;1481525737;18
4022;11030;1481520945;4
3776;6508;1481524944;18
38;25511;1481510177;12
6809;4509;1481512195;2
5829;15517;1481531907;4
2810;5244;1481533072;10
4564;1605;1481516154;12
6895;10366;1481524768;12
18896;23741;1481541988;2
17250;21096;1481530991;6
3413;10416;1481544521;18
25175;24928;1481520010;12
20128;7478;1481513270;4
14623;22603;1481519701;16
9169;14782;1481530694;4
7495;966;1481521689;12
22159;407;1481532811;10
2393;4824;1481542297;8
21318;19835;1481527361;18
6428;11768;1481527234;6
17586;7399;1481543432;6
19833;7407;1481509867;8
190;3384;1481539980;2
5991;25185;1481543681;8
11768;13905;1481532117;4
10725;1393;1481516402;2
8651;11762;1481516322;18
8920;4575;1481519260;2
12094;1579;1481525079;4
7712;1892;1481517618;8
4325;408;1481535049;18
25246;18098;1481509742;18
27011;18098;1481544201;10
9792;11138;1481517064;18
12215;6874;1481546512;16
11144;7407;1481528209;4
17241;2329;1481537142;8
20445;1045;1481539837;14
9985;8464;1481548544;2
5995;8690;1481517959;4
20541;17386;1481540565;14
3422;1267;1481513477;14
24430;172;1481549026;6
16535;10497;1481518805;14
4853;11702;1481513920;12
6549;4919;1481512548;12
16884;10610;1481513249;4
9528;362;1481526377;18
101;12290;1481530221;6
1334;1665;1481527561;14
1895;27287;1481546263;8
7039;8295;1481523571;16
22989;1984;1481538154;18
12067;64;1481531900;6
5073;21844;1481546042;6
10837;27489;1481513835;6
19921;14810;1481511924;10
202;11217;1481510845;8
13950;3270;1481511505;4
6788;21090;1481540128;10
9870;1108;1481525834;14
26110;5759;1481550532;4
20316;994;1481527471;6
9510;2395;1481544163;16
27003;5017;1481542323;2
27336;19762;1481516987;8
27383;1890;1481543156;18
11886;4209;1481525330;2
4945;6189;1481540051;8
7856;10208;1481542344;18
98;14154;1481529323;12
20986;3372;1481539286;16
4278;11155;1481525968;12
11739;1577;1481548100;8
10213;2787;1481545074;12
9649;11762;1481541003;16
10125;12562;1481545351;14
20573;9871;1481547343;18
26280;11950;1481509828;16
3547;11788;1481542047;6
118;16199;1481524642;16
18264;11038;1481527598;18
21436;7070;1481548553;4
7955;6145;1481521910;12
8032;14890;1481516734;8
2811;20878;1481535779;6
357;3282;1481527668;14
15721;7316;1481516530;12
1126;2735;1481526419;8
19302;4004;1481543379;2
20090;27015;1481522007;6
10996;13783;1481513332;18
7997;6649;1481550762;16
27539;318;1481535032;8
1882;10464;1481547008;2
11891;27288;1481523565;10
8582;7351;1481536830;4
2800;1285;1481539177;2
5485;23889;1481542583;2
22615;1520;1481513821;10
3693;1554;1481514202;12
26330;6823;1481536043;10
25062;10927;1481517076;14
21309;8529;1481541892;2
26329;23753;1481545844;10
2788;11014;1481538894;4
6168;20694;1481513379;16
5263;7608;1481550723;8
25088;11920;1481509749;12
21279;11880;1481512808;18
319;9822;1481549824;12
26394;11239;1481529611;4
19275;20472;1481540459;12
14165;18191;1481534575;6
1254;9317;1481538029;8
10575;20484;1481527200;2
7961;3940;1481515547;16
10806;17533;1481547868;12
1183;17566;1481516126;18
352;20153;1481533787;4
6924;5515;1481535013;10
2644;5690;1481528096;4
6028;10355;1481510358;8
13114;20189;1481528312;16
13186;11776;1481537040;16
8483;10891;1481547456;16
11616;4752;1481535558;6
19307;2809;1481537399;4
15212;12294;1481520294;6
8804;941;1481541683;8
4286;6677;1481516064;12
20409;26155;1481540549;12
11114;19528;1481510652;2
10437;10535;1481520399;4
7038;13314;1481510881;8
8092;14717;1481520784;18
16886;9456;1481527702;4
19088;5279;1481542131;2
7103;25283;1481518531;4
16828;12092;1481535953;16
24087;6142;1481532913;10
27294;8318;1481540377;10
9001;7845;1481534653;16
9305;26152;1481539300;6
22931;27443;1481513542;8
11699;23542;1481532031;6
23123;6254;1481532194;2
23355;20096;1481548284;8
1842;13679;1481545397;4
5642;15072;1481519592;2
7940;16806;1481523945;6
25387;20756;1481550622;4
19212;11916;1481543352;14
2121;24139;1481542689;2
2807;18887;1481539606;4
1563;9881;1481517015;14
13892;1076;1481538996;12
7832;25386;1481534111;14
4413;14907;1481512663;10
18216;8498;1481538882;18
1017;9789;1481536086;12
5673;25059;1481521845;10
8139;4805;1481533539;10
16891;10323;1481521532;12
939;8438;1481539956;6
3683;24182;1481541355;18
22963;19925;1481533587;10
1619;9028;1481543917;10
242;20098;1481538755;18
9403;14496;1481524423;12
10417;6790;1481545975;6
17506;14980;1481538296;10
7881;24396;1481520920;16
13196;14552;1481533201;10
5262;1181;1481524347;6
15483;23050;1481544329;18
14001;7496;1481524663;14
7044;9443;1481533418;6
5128;2412;1481517226;16
209;24416;1481527155;10
3402;9860;1481537902;8
16125;5039;1481548502;18
26155;10505;1481544755;16
24356;25000;1481518665;18
23446;20115;1481521850;6
14514;22431;1481515095;14
10205;6811;1481518832;2
22298;89;1481515629;6
17413;18247;1481516153;10
11159;8047;1481540039;4
16138;11907;1481517139;2
27411;3700;1481521127;6
27021;5983;1481526314;4
956;15319;1481535883;12
35;10381;1481513610;10
1745;4349;1481534554;18
11009;3899;1481515949;12
11739;20974;1481545241;14
15326;2021;1481527046;18
10398;9203;1481521544;8
4306;10102;1481536462;2
6928;16187;1481514892;18
4946;7571;1481513631;8
14972;6368;1481541406;2
17549;4021;1481538678;10
27543;25358;1481535124;12
8925;20463;1481535626;18
6700;1408;1481518036;8
17880;7487;1481529856;10
5753;1306;1481538434;18
5424;9152;1481527532;4
7272;25531;1481523470;18
5886;2282;1481535356;12
7900;13775;1481538384;2
2753;24651;1481520823;2
5346;562;1481536428;4
6327;8688;1481533267;14
1105;7800;1481531933;6
10101;8302;1481519652;6
13825;6365;1481518438;2
5249;10795;1481537921;2
25035;18895;1481521249;6
13883;15085;1481512865;14
17148;23861;1481518211;10
1173;9216;1481514566;18
5962;7407;1481526343;6
19749;8540;1481534500;8
6331;22967;1481509709;12
12230;23164;1481514579;4
20963;7175;1481547994;6
7868;6580;1481540035;4
13;26310;1481516657;6
11141;1747;1481547255;14
8500;10984;1481534871;8
4945;21297;1481535764;2
10539;21454;1481533298;18
8886;7876;1481517218;10
14451;10109;1481547823;18
4502;8378;1481533275;2
3420;26211;1481526920;14
74;2527;1481549526;14
5021;1608;1481548435;6
4194;17425;1481514514;2
6278;6130;1481537870;10
9561;22307;1481517026;14
10593;15703;1481547785;16
8276;9548;1481521750;4
6868;20600;1481517311;2
19059;296;1481539983;16
15224;21316;1481544257;14
27521;8400;1481535651;10
16885;16101;1481540671;8
12794;1178;1481542623;16
20366;1000;1481517038;16
5405;3742;1481523273;12
8136;18264;1481520763;4
4919;24174;1481514431;8
204;11233;1481515409;16
19867;17512;1481518235;10
13222;12095;1481530104;10
17516;215;1481530105;2
4031;27161;1481542524;18
7547;8836;1481545659;4
4743;19533;1481526858;2
11400;16197;1481538730;8
17213;6145;1481540522;6
8008;6009;1481534816;12
3005;5029;1481524331;18
23526;14556;1481514266;16
18160;4663;1481545026;18
24396;13677;1481525029;12
16650;7532;1481514197;12
18157;10328;1481535168;14
23155;16535;1481535233;18
3162;10761;1481511387;16
10576;1930;1481529288;6
2789;10837;1481544405;10
4988;10220;1481529894;10
9002;19795;1481544120;6
10317;6674;1481515404;8
1596;10704;1481533073;10
8813;6395;1481537951;14
6167;22177;1481542690;4
12650;5647;1481543980;4
19200;1606;1481520707;14
10905;5706;1481529487;6
5492;4919;1481523912;8
7975;1779;1481538267;4
7283;14932;1481520728;6
27198;10182;1481522063;2
20679;8318;1481512007;6
25077;20086;1481513551;6
10831;5519;1481537445;12
6537;8953;1481542474;16
4315;4553;1481533577;10
392;6621;1481550559;12
22967;26049;1481516347;16
16863;1585;1481538957;10
11266;19042;1481524602;2
18914;5477;1481535341;18
7782;2425;1481541981;12
7637;1007;1481539961;16
6888;6464;1481543116;6
7800;2380;1481512156;14
5330;16832;1481544286;8
25392;8989;1481545512;4
7799;4249;1481517880;6
20775;26107;1481514435;12
1278;4684;1481517334;16
9510;24174;1481535508;2
6620;20130;1481523738;6
13224;1742;1481522636;4
20123;6290;1481543242;16
10012;19760;1481528698;14
19307;7420;1481530558;4
12378;6408;1481515214;10
10666;25412;1481522478;6
12212;8387;1481534366;12
7585;25492;1481541120;2
11791;27326;1481539395;8
1071;14637;1481535691;8
10025;245;1481528720;16
4671;12135;1481523232;18
4698;25371;1481548203;2
2128;10591;1481513307;6
6772;25426;1481539910;2
4194;14891;1481522086;14
9892;8240;1481526805;8
12417;4557;1481549094;6
1534;5508;1481526835;6
7821;10466;1481519942;16
11625;6796;1481512760;2
27482;3698;1481523882;2
19595;17038;1481547340;8
26169;7889;1481533666;16
7475;3002;1481529178;18
23620;5909;1481520592;10
7268;3333;1481515076;14
88;21227;1481518921;2
13880;7526;1481510872;14
14779;983;1481527460;14
9435;4705;1481534165;4
25168;4296;1481535743;8
22574;11777;1481540989;4
15739;8117;1481547741;2
11119;107;1481526095;10
10352;10203;1481521036;8
25042;15086;1481545692;14
10008;12278;1481528885;12
17239;1031;1481526537;12
9323;1246;1481541483;2
8576;9645;1481509956;18
5897;12234;1481522863;16
9904;12699;1481526487;6
1927;5736;1481509769;8
25036;11242;1481540566;2
16892;19028;1481538827;10
1557;4207;1481540543;8
984;12700;1481546947;4
7917;22963;1481535724;14
1513;1192;1481548123;14
27428;11375;1481510188;12
19763;2423;1481517598;14
12354;10013;1481536173;16
16840;19957;1481522131;2
21090;14868;1481545135;16
19213;2169;1481547049;4
7356;7273;1481549379;14
1289;23452;1481535858;12
20631;1286;1481515089;2
3904;9771;1481511590;16
4593;8704;1481522984;8
3513;9184;1481514885;2
26138;10211;1481518221;4
17280;23036;1481520820;12
16049;351;1481519324;16
1376;7422;1481510862;2
8893;5756;1481511521;2
2153;20586;1481522116;6
2356;14574;1481523564;16
4545;1704;1481517267;6
9566;8403;1481542065;6
5650;5992;1481517228;14
14586;7603;1481511434;14
8363;347;1481547260;12
1077;2127;1481549126;6
19506;18840;1481549302;8
27394;4905;1481522592;6
17405;22536;1481544165;14
13003;5409;1481532323;18
363;23334;1481548504;10
8139;1207;1481516672;2
21739;10852;1481550594;10
24682;6882;1481537619;8
17004;21493;1481522077;14
22939;6458;1481509501;14
2125;8908;1481540025;6
4751;11027;1481523985;4
24392;21495;1481512172;16
23166;12518;1481517733;16
11800;1736;1481544113;14
14547;2271;1481544711;2
7462;1004;1481547659;10
7939;9885;1481524557;4
5356;15994;1481545883;16
9887;8968;1481539661;16
8694;8938;1481541770;12
7271;8032;1481537764;8
19964;4687;1481546936;10
3538;8163;1481525084;2
13790;4520;1481525509;18
4242;27395;1481541466;8
17849;2776;1481536595;12
1748;9436;1481536905;6
11107;10598;1481517704;2
8416;108;1481524204;16
6417;5780;1481550540;8
6315;15253;1481513034;12
20125;9631;1481551114;18
17795;9184;1481546368;12
5811;23743;1481535989;10
5352;25414;1481535560;8
20735;10254;1481511245;18
9429;11870;1481519655;16
6612;23076;1481533379;18
20969;24472;1481527660;14
3541;7526;1481547099;12
10739;7954;1481539487;12
974;413;1481520173;10
4952;3620;1481545000;4
18912;17505;1481513023;6
23618;11478;1481532376;6
7925;25161;1481534199;18
8335;10249;1481548590;2
6597;6239;1481511169;4
22462;4918;1481540394;2
20372;11986;1481511337;2
7480;2427;1481516730;12
1670;7848;1481527796;8
10320;22582;1481533488;2
20065;7489;1481540114;18
15018;7581;1481539101;14
14885;16982;1481529433;12
23046;4737;1481544733;2
21461;24451;1481510895;14
6975;25362;1481547177;8
23034;27177;1481531663;18
10778;23644;1481537292;4
12370;14779;1481519200;12
18154;14549;1481539013;6
1848;22603;1481539774;14
1053;22958;1481516651;18
27388;9306;1481540160;12
9415;13905;1481521591;16
27411;22955;1481528423;6
1794;4226;1481520818;4
5426;13211;1481533040;6
7944;12026;1481539984;10
9487;10037;1481516506;14
7300;10002;1481551056;6
11108;22644;1481521339;10
9790;8985;1481535236;10
4956;6160;1481548073;4
11413;20602;1481521634;12
6299;20336;1481513084;16
5522;13080;1481541463;10
1893;8569;1481529992;12
1794;11687;1481542710;18
15450;14257;1481527622;2
10045;13949;1481543260;2
7404;14802;1481535846;2
9793;4254;1481518418;6
4843;1419;1481523855;4
7064;26182;1481514347;2
7942;14163;1481531185;8
8687;14860;1481531611;2
988;8506;1481514100;12
10876;5440;1481521753;2
10020;27195;1481537709;14
423;325;1481523918;14
22574;8545;1481542068;2
6285;1798;1481530276;6
3725;9123;1481518222;18
6435;23534;1481522504;6
14915;4761;1481530645;14
20881;27539;1481549295;12
11987;4925;1481517134;16
10090;7176;1481527211;14
8495;9648;1481529412;2
2948;10125;1481539098;14
19833;24349;1481549292;12
19885;5833;1481522979;14
9203;15076;1481519850;18
8173;8004;1481524836;18
5852;25526;1481541770;10
1283;10248;1481543220;18
12096;23346;1481512954;2
8558;14885;1481518951;8
6689;6803;1481511500;16
9532;6217;1481536917;2
23648;10252;1481533785;14
20085;4995;1481518899;6
23155;7801;1481540392;6
7498;27033;1481519400;18
10922;8165;1481525250;12
16888;16892;1481527845;6
4865;17264;1481545924;8
24668;27032;1481550783;6
8578;6321;1481514791;12
7550;1049;1481538944;14
3609;12140;1481511906;10
10910;12913;1481532328;2
1511;1884;1481519972;8
27299;20115;1481532787;16
1931;17146;1481512358;8
23850;9710;1481517663;12
19985;5946;1481532813;18
5759;7693;1481542936;6
9894;933;1481544826;14
17795;4896;1481518693;12
12389;4657;1481535603;2
4734;14252;1481519694;4
8703;21370;1481526759;8
7098;5;1481538114;4
9961;2323;1481544405;14
22469;3854;1481551005;12
3413;5957;1481523076;6
4311;1023;1481545502;8
10718;6300;1481542528;8
6300;3613;1481542276;4
7169;3512;1481515176;12
212;22453;1481527068;18
137;11609;1481526326;2
2746;17464;1481548234;8
20055;2286;1481544461;18
3258;16937;1481533961;12
16041;11090;1481529353;18
23171;21731;1481515367;12
9794;1352;1481547231;4
120;22303;1481522365;6
13196;10201;1481514452;18
7450;25140;1481518987;12
1036;11834;1481514512;6
3851;10209;1481519686;12
13811;19570;1481515377;12
15016;11402;1481535458;4
17397;22646;1481545889;2
7308;20547;1481513483;6
3970;6143;1481531967;2
1859;8506;1481545632;16
11242;17535;1481547419;4
23853;4275;1481536481;4
16532;5247;1481515558;16
20239;3630;1481524608;8
20399;23061;1481535436;16
4300;12185;1481521542;18
2121;12328;1481549150;12
18438;8956;1481510115;2
10827;25392;1481515247;16
6865;17770;1481539554;6
14906;25189;1481547604;4
11596;18130;1481548346;2
26032;1298;1481527343;12
10206;17424;1481518946;14
11751;13287;1481548737;10
3382;24176;1481527276;2
8989;19508;1481520802;2
1299;1357;1481542920;6
6645;7462;1481549226;12
3939;5950;1481546179;8
26076;17607;1481511995;10
3421;9010;1481523148;16
12291;6665;1481520665;14
383;3071;1481549334;16
17040;1195;1481546446;12
17481;21498;1481541025;6
10803;7585;1481511988;6
384;9305;1481522611;18
18195;10008;1481524752;12
22481;27055;1481532916;2
3936;6934;1481523348;8
3749;4996;1481513347;12
162;1741;1481522354;8
8951;12096;1481545436;10
12428;5596;1481515593;6
20878;15380;1481513521;6
17574;343;1481545882;6
23896;25543;1481512422;16
21314;10029;1481516875;16
15768;6177;1481520722;16
6811;1862;1481514207;4
11031;8503;1481546359;12
4660;13137;1481520049;14
4570;24682;1481519501;6
9737;3410;1481512851;16
1410;6996;1481546846;2
11221;943;1481542857;12
20996;14707;1481524358;12
21302;3073;1481527404;18
6245;17295;1481534365;2
15320;14654;1481540071;14
13212;25368;1481533129;14
356;14259;1481528521;12
9635;8464;1481518912;8
4006;20395;1481517079;8
7855;10609;1481540063;18
9838;4897;1481527941;18
17471;27205;1481534846;18
3017;25057;1481543994;12
22259;17391;1481516822;6
15223;15318;1481524236;12
1624;16136;1481523489;16
21221;14923;1481515663;18
417;22146;1481538112;16
19883;18465;1481527216;8
27557;6679;1481532245;14
424;4674;1481536990;8
8993;18849;1481549251;18
13944;22462;1481540329;14
1236;19945;1481514986;16
6234;6419;1481545134;14
24278;23534;1481513627;2
5823;18182;1481509952;12
2422;8920;1481548182;8
10611;23488;1481521150;16
17293;19228;1481547371;12
78;26161;1481515306;18
3723;22992;1481513971;14
15027;4282;1481546516;4
17576;1503;1481516683;2
22482;20336;1481531412;14
14633;7450;1481539562;2
27381;21360;1481533497;12
7171;4520;1481536526;6
4700;11397;1481538084;10
12355;6201;1481546432;18
9754;14895;1481546643;6
3005;17255;1481549439;2
16852;2984;1481547085;10
6880;4672;1481532140;8
14256;249;1481523132;4
4270;17903;1481527260;14
9895;23755;1481510656;2
7145;4644;1481538396;16
14640;16997;1481541570;12
11009;27100;1481538714;12
10824;20785;1481537915;18
1037;21718;1481510800;18
7814;3852;1481523033;4
4209;26395;1481536618;16
2743;8892;1481529225;12
5084;25369;1481523926;16
7916;15312;1481520247;10
8867;6923;1481532359;10
15099;26149;1481544491;4
14003;6208;1481539832;18
11019;13876;1481534162;18
438;1280;1481516613;8
5872;2145;1481533527;18
11910;1393;1481539827;16
5084;18934;1481538155;4
10603;12414;1481540298;10
5433;27422;1481517775;16
8922;5027;1481510665;18
2841;14623;1481521506;2
5700;7083;1481532735;12
279;4014;1481539721;18
4304;6683;1481542261;6
6200;4224;1481531684;10
1332;6804;1481525391;6
4867;10000;1481510326;14
14875;7851;1481541382;6
11389;22501;1481512886;14
4813;2398;1481539523;12
9000;20303;1481532859;14
9663;14129;1481529887;2
27470;23507;1481527826;6
1698;6412;1481514533;16
7916;1851;1481510558;4
4855;22645;1481533463;16
24259;14878;1481528361;2
3747;20395;1481528474;4
20154;1214;1481515879;4
15025;11179;1481510702;8
16982;12796;1481510153;4
7583;6188;1481534390;10
17844;13901;1481534102;14
19528;1607;1481547115;10
1429;18940;1481548612;18
21838;6570;1481531194;4
4880;11201;1481525697;4
19764;2174;1481530856;2
22531;5709;1481540606;6
20013;5928;1481532718;4
19423;12045;1481550533;18
1387;11007;1481510036;12
27008;2759;1481518956;18
10431;9253;1481513101;14
17785;7564;1481546917;10
14696;8556;1481543269;18
4012;13344;1481545979;14
5006;18461;1481548874;18
16140;3688;1481543720;2
14242;15926;1481531856;14
3392;20038;1481544581;4
8636;8808;1481510858;12
194;22441;1481517340;10
11112;8521;1481538921;10
22267;9314;1481514085;16
8238;5971;1481541019;12
8566;12187;1481526370;18
18154;15517;1481548069;2
6947;19091;1481514134;8
6126;6661;1481541595;2
3396;9809;1481510712;14
8751;25512;1481540178;2
1485;11126;1481516413;18
15351;9887;1481545702;6
105;12234;1481530555;18
1789;7473;1481514855;6
10830;21360;1481533504;16
5091;10262;1481526620;14
127;13189;1481516609;10
3370;8795;1481518947;14
167;11693;1481518844;12
2834;6194;1481517642;16
20631;24472;1481512817;2
20392;20106;1481527206;6
4691;414;1481520350;6
5006;4739;1481542276;8
13201;13075;1481532744;14
7853;10263;1481513852;8
20996;295;1481538358;4
27143;19272;1481545384;18
8484;8738;1481518844;10
2164;294;1481526025;10
21711;27408;1481532628;12
13804;3363;1481525936;12
7007;9510;1481517569;18
6377;5717;1481550524;6
7882;247;1481511764;16
5413;7590;1481525368;2
10101;6149;1481523008;2
19864;12695;1481542906;4
12135;1573;1481519766;2
7490;19914;1481520229;12
15227;11698;1481533205;18
2824;21402;1481524295;10
19296;10834;1481531296;18
13085;2428;1481544569;16
1128;3292;1481539242;6
4798;20480;1481536867;12
12757;7915;1481532148;2
9208;19776;1481522282;18
15995;6155;1481511756;6
6428;2175;1481540614;2
15370;5901;1481526611;4
12760;18836;1481515552;14
10191;10685;1481521047;8
15235;5430;1481513174;18
10908;20330;1481534775;14
9763;19559;1481525614;8
9243;27541;1481538921;4
26119;20355;1481520704;14
5854;13911;1481543296;10
10087;10539;1481523959;16
6133;18906;1481519836;18
1689;9895;1481540265;2
3005;6126;1481528132;4
10357;20932;1481524667;16
4730;3740;1481520537;14
1569;3695;1481514335;2
4219;6408;1481538646;16
19057;26315;1481522286;8
9012;1490;1481541398;10
17133;21746;1481527279;2
4860;11027;1481510317;12
19910;3016;1481551116;6
1848;2336;1481550780;10
9281;5849;1481537720;2
12800;11386;1481517312;8
7066;2753;1481544956;14
1050;1360;1481538804;16
18149;1740;1481525402;2
3943;17531;1481541856;12
16138;15319;1481531700;2
15998;11032;1481510736;16
10371;21315;1481517215;14
9998;8882;1481535208;18
3592;20735;1481529009;4
22963;5913;1481536673;10
3275;258;1481517535;10
371;7988;1481540246;14
10540;4958;1481545053;16
4357;7187;1481525514;14
9674;10724;1481543958;10
25011;7477;1481541043;18
15227;25156;1481524193;4
27439;9456;1481541339;12
4020;8521;1481536614;14
7572;4546;1481526043;10
9198;1345;1481545834;18
8325;1887;1481532157;4
26114;9287;1481515906;14
2414;16199;1481520483;2
13255;24511;1481517109;6
4521;18199;1481528408;16
10494;17044;1481514207;12
7313;23084;1481510208;10
308;6107;1481525538;14
170;1412;1481546140;14
6287;19812;1481528087;18
25021;17585;1481538466;14
1101;1340;1481537330;16
1442;2034;1481548330;18
4329;14166;1481520378;16
21842;7039;1481511936;12
7618;1413;1481519103;2
4527;1109;1481544492;4
12337;994;1481522403;6
9680;8414;1481510024;16
1555;12721;1481515870;4
16852;23119;1481548824;2
16796;9776;1481525540;18
12568;17515;1481530918;2
6816;6205;1481544192;12
4278;25171;1481514325;12
1083;6819;1481544622;4
20361;25520;1481545847;10
5882;2725;1481526360;16
8996;6134;1481545734;4
3641;11615;1481535548;12
1364;1217;1481532633;2
9479;20865;1481539182;16
16874;6807;1481525603;8
7065;9742;1481519356;2
1921;17547;1481530063;12
9904;6356;1481541778;4
6693;12780;1481538350;8
5126;8592;1481528249;12
7674;11766;1481512598;10
10415;7686;1481516066;14
4966;1866;1481538754;10
12631;6826;1481539209;12
13260;5685;1481529638;10
10929;24685;1481526437;16
26211;14643;1481516009;10
19170;4331;1481520846;18
9165;16301;1481549242;16
8165;11624;1481550686;8
3743;11630;1481525711;8
7097;24965;1481526087;10
21088;17882;1481534021;12
114;14640;1481536877;16
23815;12416;1481546758;6
5855;4677;1481528821;4
8013;7011;1481544833;16
408;6831;1481515724;18
20926;11134;1481545424;18
20446;10462;1481510865;10
1454;17294;1481548283;12
4875;17351;1481533866;10
21221;15988;1481525837;2
8561;8441;1481523668;4
27023;6132;1481528492;10
11005;3601;1481518199;18
7326;7389;1481522853;6
6408;273;1481524633;6
19916;10381;1481543377;8
5867;7466;1481545148;16
5728;22137;1481514672;2
6941;5765;1481533614;18
91;8149;1481527741;10
11790;14197;1481520293;8
86;22621;1481540438;2
24239;7107;1481547060;6
8761;9007;1481524586;4
24256;9530;1481541575;4
9403;22607;1481536125;6
12120;14245;1481546873;18
8976;20040;1481529848;4
13262;20541;1481522823;14
20634;6177;1481520736;16
11140;8139;1481526703;10
6387;2386;1481509523;14
8033;1087;1481547436;8
21483;9184;1481550814;10
7853;5925;1481538135;4
4827;8181;1481549196;10
11791;24346;1481541383;6
3133;8234;1481510866;12
11017;21074;1481523781;4
14980;373;1481522581;2
1681;1103;1481548993;16
8995;9431;1481540404;14
17027;22252;1481537264;10
8756;432;1481526506;4
1179;7054;1481514088;4
16862;10764;1481518516;4
1873;16368;1481544482;18
7555;5521;1481541630;16
5088;3124;1481543965;8
23486;1799;1481539383;6
10597;1648;1481533234;2
5733;10721;1481546794;2
9396;20048;1481528294;4
21386;4898;1481519835;2
15736;10492;1481513729;16
27181;25073;1481526150;18
15238;3914;1481519365;16
9565;1716;1481510969;2
20906;23813;1481542037;16
7190;8799;1481529907;2
11826;7714;1481516837;2
18423;26035;1481547178;8
6132;20015;1481520079;6
150;4687;1481513544;10
6592;19910;1481524799;12
5346;8279;1481535886;16
10666;10719;1481519229;16
15087;103;1481550535;18
18131;3330;1481520347;8
877;23866;1481536209;6
1596;11243;1481517654;18
27454;8086;1481546314;8
3380;9562;1481539604;8
9453;145;1481547299;18
10066;14130;1481537061;12
11158;13913;1481534475;2
23866;25283;1481540847;4
25430;14137;1481547264;12
11028;7501;1481543224;16
13974;16135;1481526294;6
9961;5360;1481512689;8
14615;7855;1481536363;8
7160;13075;1481549468;16
3002;10713;1481511720;14
10551;9757;1481547834;6
11921;875;1481516692;18
22540;5007;1481515015;8
12647;5396;1481511596;10
23642;1601;1481548095;2
8037;22647;1481524728;18
8936;23111;1481525534;12
20143;25369;1481535780;10
19284;27052;1481515220;16
27487;1448;1481523377;8
24426;23451;1481531306;16
27461;1904;1481537824;10
23536;19812;1481516181;8
6198;1448;1481513338;8
5517;287;1481516089;6
9774;5944;1481524732;8
19304;12309;1481513393;18
10632;4677;1481525156;14
3627;14866;1481515039;6
11254;23727;1481532944;18
19508;18336;1481530736;10
3333;24700;1481518505;14
13884;12871;1481530179;6
6402;17420;1481529935;16
25384;11237;1481547517;4
6663;2524;1481520693;10
26280;7533;1481517766;14
3073;5515;1481518100;4
26293;20104;1481550410;16
5488;2801;1481533558;14
15486;8306;1481535746;18
8275;6926;1481534869;14
27375;3643;1481534191;12
1372;6005;1481550174;10
1014;10269;1481529430;14
5934;12140;1481549404;16
7327;24997;1481517005;2
12047;20548;1481534735;16
16798;22146;1481525605;8
6828;5818;1481512880;18
20453;12568;1481510579;16
15072;27429;1481511172;6
9201;9960;1481515908;10
8172;3568;1481537139;18
10178;20144;1481529364;4
1975;8809;1481539282;10
9874;16931;1481527403;12
9998;10534;1481514474;6
9357;8544;1481541106;10
21488;280;1481546936;6
24064;11725;1481532271;14
4595;11376;1481538590;6
3768;1920;1481538354;2
10535;9983;1481523656;4
12186;14858;1481532466;10
9521;18051;1481511403;16
8317;4574;1481540576;8
2330;24424;1481511887;4
2016;8454;1481516201;18
4039;1918;1481521030;8
20193;6639;1481546342;4
26281;3448;1481539332;2
3594;7302;1481511898;18
1403;25291;1481542628;8
2868;8799;1481536001;6
20292;19220;1481547699;12
5287;12815;1481510385;18
10235;22539;1481550369;4
15465;7473;1481514477;6
7316;3261;1481517379;10
20535;3930;1481520978;6
3607;70;1481546415;2
14632;11392;1481549782;18
12697;6970;1481538607;10
22141;1302;1481517104;6
27492;17616;1481521859;10
17795;10511;1481538938;4
5388;27403;1481548347;2
7425;25178;1481534188;18
9669;11037;1481509714;8
2342;20673;1481526036;12
12067;12573;1481534339;2
9363;14926;1481537938;8
8695;10508;1481542226;8
7170;306;1481545176;4
6151;19834;1481514472;4
8129;26101;1481530000;8
24654;1285;1481544843;12
6637;20443;1481530122;4
8307;9885;1481541582;16
8688;6975;1481532299;12
26073;6997;1481544501;2
14629;10997;1481539510;12
26293;23076;1481550734;16
20053;25447;1481545522;6
27262;984;1481529272;18
5633;6396;1481546388;4
12002;16296;1481525526;16
5864;1800;1481534457;2
6264;6402;1481545143;4
3589;11747;1481513505;12
15015;27539;1481550170;16
23653;362;1481534367;12
14871;14907;1481523067;2
16879;10422;1481542927;12
5727;11757;1481547252;14
6390;8319;1481537588;4
1033;1183;1481542126;14
4559;13939;1481528306;8
8816;9482;1481522851;4
6189;25065;1481510853;16
17390;1791;1481513099;4
8537;17037;1481531196;4
25162;23621;1481545197;14
10374;27326;1481547214;4
20081;18343;1481536405;10
24137;11070;1481538066;2
6218;411;1481518840;2
8570;23354;1481540208;10
17032;7379;1481543336;12
17527;6241;1481515934;8
22971;22485;1481515485;6
9505;6265;1481530824;8
4587;24374;1481544012;4
5975;4292;1481541307;18
27131;15409;1481544416;18
12040;48;1481534870;10
90;15409;1481520560;8
6852;10266;1481518883;14
19762;11558;1481514275;10
17845;2330;1481539848;18
1102;18883;1481550139;2
962;3705;1481514961;4
6830;6797;1481526280;8
3578;16936;1481531359;10
228;8465;1481526913;16
6300;3853;1481550504;10
23748;27016;1481524211;8
11987;8377;1481534088;10
9651;5399;1481548533;16
5740;6982;1481523394;6
10466;25063;1481534041;16
9547;2793;1481527914;4
3624;10540;1481544846;14
8920;7797;1481539475;8
21227;9027;1481536918;4
8903;14983;1481539565;10
6220;15030;1481541596;16
18883;22962;1481517596;16
23750;17470;1481520881;16
139;15034;1481511720;6
7935;20769;1481518349;4
81;20406;1481516335;16
17584;4254;1481517754;2
9546;24429;1481544743;16
23302;12321;1481529847;18
7033;11915;1481542053;10
80;14137;1481522388;8
23893;4681;1481527922;12
17046;2282;1481548984;18
19074;11028;1481533379;10
27387;14426;1481518301;16
10528;7357;1481523780;14
8233;19233;1481542503;18
11880;14797;1481537955;18
8880;9446;1481519114;12
19860;5632;1481547657;12
20015;8635;1481535405;8
20300;9023;1481541985;18
11062;24532;1481514513;12
25077;19303;1481540628;16
13903;7088;1481524756;2
8798;19910;1481517892;6
1149;5725;1481532540;4
15077;1519;1481512132;14
3574;6396;1481519745;16
11558;1350;1481517527;6
8750;11060;1481530930;18
14282;26085;1481516575;12
7483;9872;1481518072;14
3333;6286;1481533519;8
3024;7300;1481544942;8
10192;17;1481524087;2
8162;17570;1481546639;6
1196;19758;1481511663;16
26105;13241;1481524791;18
8519;4571;1481547858;6
11030;3282;1481543049;10
12184;7790;1481510372;4
6794;4040;1481518188;6
4842;19960;1481550454;8
12745;7994;1481531971;2
237;6191;1481525614;6
23469;26169;1481524752;10
24355;19276;1481530759;6
4504;14546;1481547537;8
11214;24425;1481540379;14
8728;6891;1481548203;18
1060;25380;1481515809;18
25158;23652;1481539977;18
7469;10785;1481548324;4
17310;5100;1481538176;14
1156;5681;1481537477;6
20295;17398;1481529727;2
27059;22615;1481510528;10
15249;5248;1481510499;8
4521;168;1481525846;8
15781;21283;1481521940;2
4848;9991;1481545512;14
20524;15786;1481520110;14
9552;14194;1481523812;10
26187;9888;1481518088;2
27473;2817;1481536244;6
6662;11058;1481529553;6
7685;16780;1481537772;18
9757;8711;1481512578;16
1103;11028;1481515378;6
11067;6918;1481539301;18
253;6574;1481520739;10
13454;25706;1481517030;10
2276;9058;1481532199;10
11217;3057;1481529945;8
5879;1847;1481522647;16
6714;22489;1481519291;14
20050;1148;1481517176;10
19038;7479;1481549508;16
15091;26204;1481527738;10
10097;2151;1481509899;16
10726;6963;1481514847;8
1747;3382;1481521697;8
10638;4991;1481536364;10
9520;3283;1481547717;18
17312;23786;1481542071;18
6363;1284;1481521682;2
19869;19072;1481540201;6
3921;9297;1481525339;12
16840;10250;1481518500;10
18811;19226;1481528461;2
6434;21270;1481546257;16
18887;8520;1481528554;12
5079;243;1481546999;12
1409;10427;1481522396;14
5907;9274;1481531307;8
24692;5978;1481514042;16
213;27333;1481520906;18
8383;86;1481514799;12
25364;9207;1481516825;2
17267;13680;1481525178;18
2646;6797;1481535122;18
11891;6626;1481549566;14
9743;8815;1481535312;4
9361;5287;1481540093;10
1354;13078;1481517825;6
18144;25413;1481522957;16
5715;25386;1481541252;2
3918;23648;1481535161;2
187;11408;1481538800;10
23894;3599;1481524510;8
15421;27478;1481524325;8
3916;27165;1481530824;16
7296;17506;1481531031;14
27510;27040;1481543341;10
12714;4858;1481548228;2
19773;7076;1481527419;10
7937;901;1481531681;18
27127;9842;1481539226;12
4019;27467;1481544568;16
3091;11576;1481513039;14
4175;3047;1481518316;10
2985;20543;1481549076;18
2997;26306;1481534190;14
20355;13876;1481515948;6
19212;24782;1481513702;4
17395;4176;1481534415;14
14230;36;1481537229;16
15223;2284;1481527313;8
12408;365;1481511166;10
7038;8470;1481516313;6
19040;27394;1481514532;14
5694;26148;1481514201;18
7954;10623;1481528008;6
22585;11245;1481527085;8
1670;2424;1481549275;10
2931;2989;1481516160;10
12695;9483;1481542317;4
20412;6882;1481536152;4
17512;8143;1481520331;12
3016;401;1481542527;8
6657;1953;1481513689;4
11104;9828;1481521560;10
5251;21407;1481548943;4
9;22571;1481527972;4
15368;21279;1481523887;10
3913;1896;1481517334;2
23335;8234;1481538827;2
6363;50;1481547067;6
14139;5504;1481535259;10
8996;9188;1481540335;16
2339;2121;1481550284;10
7405;1492;1481519295;6
20979;13806;1481517680;6
24989;23859;1481539351;8
23085;1006;1481540922;14
16889;5394;1481536237;16
6866;17782;1481539612;12
299;1989;1481514081;16
24968;10635;1481534559;16
3766;5707;1481534817;14
21736;7976;1481529727;8
12336;23971;1481529346;4
6374;4594;1481529108;8
9360;8901;1481513020;14
9648;11822;1481518737;6
20472;16937;1481539360;6
14488;1018;1481549291;2
19834;2948;1481518212;8
20953;12713;1481538036;18
3773;27003;1481547683;2
9178;7421;1481539318;10
6407;14135;1481546941;16
22169;22252;1481544348;6
5437;6337;1481518293;14
5780;10326;1481530281;6
23010;25083;1481513403;14
12291;8280;1481550126;2
11145;6325;1481520765;12
6120;6838;1481521618;16
17422;11264;1481547765;10
2420;440;1481513238;6
17361;4303;1481517426;8
6877;4774;1481512104;4
27548;25384;1481534762;14
1923;8058;1481550425;12
11268;20982;1481535681;6
17170;8383;1481540933;16
7352;305;1481544671;12
27030;10906;1481548743;4
8303;23034;1481513844;10
22495;27464;1481518627;8
21799;11821;1481524219;6
2340;2791;1481530334;8
8516;9741;1481513138;4
11772;5814;1481542401;2
9769;18264;1481538037;12
13286;1956;1481548601;16
8701;21494;1481522508;16
5717;5822;1481511814;8
1793;20928;1481546707;18
12656;3420;1481535423;4
9430;20997;1481513593;4
3618;9790;1481537282;16
14905;16816;1481524531;18
1674;2816;1481511539;12
18875;278;1481513198;10
21718;19211;1481532469;14
20687;25441;1481535574;16
20069;7004;1481514158;14
7066;20099;1481521143;4
19215;1058;1481528377;18
7504;13214;1481530933;14
11131;17364;1481527283;8
11485;7418;1481541930;10
6581;11213;1481517927;6
10201;26072;1481518577;4
14637;17037;1481546911;4
16026;17531;1481536842;18
1105;17250;1481539779;18
7361;7866;1481532557;4
26266;27507;1481549447;14
25069;11786;1481521805;16
19920;20521;1481539765;14
9413;26188;1481523133;6
1000;1606;1481536127;6
4741;1585;1481539937;16
7570;10324;1481521415;2
8990;1228;1481512165;4
22493;2424;1481538431;4
264;11475;1481544196;6
2842;21305;1481523374;14
15991;7482;1481526827;18
25372;27054;1481515188;10
24987;16118;1481535111;12
9755;3272;1481515895;4
2398;20084;1481515056;4
19278;27059;1481547465;12
22937;5052;1481536861;16
57;27465;1481528579;14
3467;1413;1481513988;8
7545;1258;1481543791;6
11082;10735;1481542910;18
26114;6711;1481525217;12
4922;9406;1481520815;2
4827;7886;1481534544;18
3510;7599;1481547014;14
5823;6337;1481532536;18
21094;18149;1481544799;2
19594;10573;1481520089;18
11747;4347;1481519963;8
13818;7626;1481509992;14
15029;11854;1481542921;16
5697;6969;1481541606;8
19425;5925;1481509862;16
10416;11018;1481518147;4
12048;6121;1481539258;6
10698;8090;1481526553;12
4911;7692;1481550083;14
4550;199;1481517305;18
13261;8121;1481541827;8
1893;6577;1481514566;4
19287;1351;1481522211;16
1637;10023;1481545932;6
8683;2365;1481545867;6
26070;9279;1481533432;8
14571;6553;1481513894;8
7108;15005;1481540895;14
6764;74;1481528001;10
25071;6285;1481524359;18
4829;20707;1481547859;10
9886;25190;1481526681;16
331;21077;1481526907;10
2944;10001;1481516319;16
20735;7871;1481511060;18
6573;8378;1481517806;4
3369;6670;1481531895;12
18840;410;1481514826;4
2391;12030;1481539883;2
7793;5837;1481542533;2
27522;12372;1481528895;4
20078;20657;1481512891;12
20790;10634;1481510533;6
10620;2165;1481514089;10
6173;6585;1481527697;14
19990;20539;1481521573;12
26094;21739;1481525977;18
10889;9311;1481523800;6
13198;4228;1481513348;12
8108;19420;1481549461;18
10015;14633;1481522987;18
2463;20525;1481549134;8
21081;1544;1481527441;18
3459;23488;1481535764;10
20400;7640;1481533550;12
27491;7076;1481541818;4
4272;6608;1481511936;16
7555;5047;1481523110;8
8119;13807;1481540315;6
18247;4879;1481543596;10
20980;20092;1481537003;8
7944;2524;1481527662;2
1372;15084;1481514125;16
10245;6680;1481531646;8
27458;9807;1481539182;8
17193;12063;1481520666;6
26163;3295;1481523105;6
8088;7908;1481542047;10
9963;7619;1481551104;12
17262;3488;1481528135;14
9419;24283;1481523222;4
2291;1056;1481532165;14
1967;6627;1481543632;10
23104;7166;1481520330;8
12571;15962;1481513673;2
7111;19771;1481529899;6
25189;14270;1481541999;14
2291;1232;1481541489;2
27490;16049;1481535900;18
5872;11779;1481539095;12
4510;16137;1481535989;18
6123;27336;1481538969;8
5419;10599;1481547885;12
1379;1386;1481523030;8
22254;3739;1481517355;12
989;9274;1481549313;6
7868;1068;1481520730;16
26083;22259;1481520461;12
25547;15492;1481535044;10
21254;19824;1481526365;6
16862;19285;1481546293;4
14127;17442;1481532001;10
9152;319;1481512525;12
9765;8878;1481530287;8
6615;7186;1481539354;6
7031;11250;1481520798;6
10031;7360;1481532918;8
10023;20325;1481524351;2
11623;9985;1481520460;18
23750;20464;1481548209;10
197;6792;1481532437;12
8536;21209;1481514750;16
11622;5355;1481542239;4
6728;15932;1481540634;8
5090;17298;1481531111;8
20576;8740;1481535054;8
22955;21834;1481522284;10
14583;23446;1481532049;10
5613;4207;1481527026;4
33;25366;1481542706;18
6412;12058;1481521558;2
17478;2394;1481520824;12
8935;12069;1481532342;6
24682;9458;1481545086;6
6442;4746;1481549836;18
1838;17363;1481522643;14
5293;24469;1481532190;8
11986;21371;1481524217;2
23100;10255;1481531454;16
13182;2319;1481538530;4
10327;7770;1481535758;16
1640;27388;1481543771;2
1932;8936;1481545549;12
27490;23037;1481515016;18
8991;383;1481525467;12
4699;3754;1481543605;8
17923;2027;1481534362;18
8351;5952;1481534214;14
9476;5427;1481534543;6
6454;11414;1481539218;2
6436;21799;1481511024;10
47;1388;1481532400;12
3399;14782;1481528118;10
6283;5405;1481513022;4
6151;17037;1481547858;8
12425;4579;1481510386;14
8977;6164;1481547867;12
4699;112;1481527990;18
7011;1496;1481526351;18
12887;18823;1481549162;2
15499;14434;1481521265;12
1749;11125;1481514405;10
8491;20066;1481550897;14
9253;19069;1481518587;18
12103;222;1481520875;4
6502;3030;1481533633;14
4272;5874;1481516411;2
12152;7465;1481550270;14
8898;7899;1481544126;18
9018;5492;1481514902;16
5393;10090;1481546893;6
8484;11565;1481532130;18
27318;7496;1481535502;8
25059;17271;1481548372;16
10242;1739;1481515715;18
10889;15223;1481510962;14
8768;9801;1481527490;8
27318;14915;1481542988;12
3288;1227;1481550672;16
9017;9212;1481528035;14
8585;21000;1481536757;16
4345;7972;1481513317;16
4005;19846;1481533051;16
19969;8324;1481516427;16
19816;3955;1481525508;10
22995;19233;1481527227;10
1098;15026;1481521998;4
8642;9157;1481545025;10
8516;23517;1481539889;18
14537;15467;1481547433;2
3391;15433;1481530390;6
1608;23740;1481516840;6
20189;19551;1481537450;14
14430;14075;1481529359;12
9659;5981;1481518584;18
13201;5277;1481526430;10
8802;24424;1481522744;6
26480;6615;1481513622;14
1201;2792;1481543862;10
16126;1666;1481517262;12
14890;4963;1481516054;18
24564;8959;1481534551;18
6294;19215;1481547454;14
10737;6354;1481534753;16
2170;5038;1481516943;10
4484;3980;1481548050;18
9383;5749;1481539314;4
19224;25706;1481518812;2
14040;1067;1481522894;8
10573;6152;1481527470;18
6563;10249;1481532704;14
20572;6249;1481533802;10
7633;16026;1481528937;12
25431;2762;1481534270;16
9631;25379;1481519836;2
10403;7843;1481546166;8
10179;11757;1481547473;4
8496;14949;1481536244;16
9674;3617;1481526239;10
7688;8234;1481546700;12
23488;8905;1481528203;4
23087;14934;1481533932;10
4755;8578;1481549448;8
17564;1915;1481519817;12
6382;9811;1481543039;18
27165;24663;1481543382;16
16913;24480;1481514202;16
7033;3067;1481535455;4
1344;3749;1481523282;14
1257;12518;1481521673;12
5685;10095;1481516643;2
8828;6484;1481522443;6
1108;25508;1481510235;6
8703;8526;1481516628;8
236;11891;1481541707;12
439;26304;1481520074;14
2031;7420;1481528916;12
21229;9100;1481523897;12
26313;10260;1481538428;14
27380;8396;1481544454;4
21042;8029;1481539448;8
3390;9178;1481516083;10
15229;9797;1481545530;2
15101;23896;1481531113;6
18071;23014;1481516761;10
3972;2426;1481531069;4
6946;11177;1481527432;6
10728;5633;1481510265;2
14800;4176;1481541675;8
9982;17566;1481527946;18
3426;5749;1481510894;14
14561;1714;1481538403;8
17006;271;1481541420;8
7543;13177;1481548311;4
8506;9536;1481539199;8
7809;9436;1481548720;18
1151;4812;1481534977;8
19888;321;1481509745;10
14698;5855;1481530883;14
15118;49;1481539297;2
14243;14916;1481531783;4
3937;8361;1481526963;16
8298;8295;1481541177;18
10523;5686;1481512992;14
18884;26312;1481548871;14
7694;6421;1481537602;2
27052;19420;1481525252;6
9522;18105;1481529039;14
4979;5505;1481526511;14
6878;11361;1481542012;4
6719;23756;1481526673;6
13005;10212;1481542810;4
1734;10738;1481519772;4
5716;16840;1481530877;10
1300;6668;1481535420;4
1254;5612;1481544159;4
14641;18146;1481537832;16
25056;14916;1481549324;14
2120;10407;1481511213;8
11985;12745;1481523428;14
5740;13085;1481539765;12
7064;19281;1481543794;10
14551;1534;1481546983;12
23525;11146;1481510122;4
3027;15786;1481523289;4
7044;2729;1481516667;12
1454;3425;1481533716;2
17486;1498;1481544948;12
1637;4883;1481512484;6
24178;20337;1481517951;16
5511;23653;1481521898;16
9416;1079;1481524281;16
3888;5473;1481550047;2
18341;14558;1481546400;10
15236;8684;1481522314;14
20347;8412;1481529551;8
2139;5472;1481513329;6
132;5950;1481512794;4
4778;10329;1481509705;4
16301;12880;1481538152;14
3027;7360;1481527684;8
8300;24508;1481548858;16
24671;24562;1481548720;18
6140;11594;1481549562;10
18811;10124;1481535156;10
16034;10542;1481521390;6
8697;7293;1481511438;8
21483;11147;1481535035;18
24989;19741;1481520347;8
25365;12758;1481513312;6
7422;19308;1481521302;8
19932;6781;1481535917;14
10687;13198;1481545405;4
22615;4558;1481522824;16
1196;28;1481524542;2
9573;5818;1481549945;16
13341;7767;1481540061;12
5004;9846;1481530473;18
12076;19919;1481548654;2
1492;23515;1481535058;18
8029;2343;1481515475;4
17349;19476;1481544860;16
395;6620;1481535177;16
19866;111;1481518469;2
14428;10254;1481544282;14
6602;26392;1481512271;6
12042;13929;1481523916;12
5698;16130;1481542298;18
1913;10596;1481546126;12
8594;18158;1481524582;4
10602;10775;1481518370;12
9229;8895;1481523329;14
9803;7564;1481521119;16
2819;14443;1481548967;6
15018;13819;1481523058;4
23469;6822;1481519339;18
2987;23525;1481515165;6
24143;1061;1481511269;12
110;23173;1481545398;2
1337;15247;1481529636;8
9484;1134;1481511419;12
2967;26156;1481515309;14
26317;10022;1481521213;18
21283;21463;1481513162;14
17023;19942;1481514896;10
11269;6782;1481513791;16
5435;7455;1481545668;12
26308;26471;1481526944;14
7829;6157;1481526836;6
19876;27041;1481532467;4
11987;5934;1481524415;2
10264;19950;1481537476;10
15735;263;1481548920;6
65;9761;1481527367;10
6685;27463;1481536224;12
10824;5512;1481540081;12
11620;17309;1481509630;8
23054;23864;1481530201;6
12354;19220;1481513836;8
13883;1251;1481530227;18
6306;1018;1481542870;8
9000;104;1481541001;14
1077;23541;1481539963;16
11233;1923;1481542660;6
16336;10241;1481513558;12
17270;2341;1481511640;14
5676;10682;1481523779;12
1571;1273;1481546180;10
7366;20135;1481537896;14
10315;10385;1481520679;2
12069;4039;1481542007;6
6589;10437;1481518750;10
1387;5644;1481513636;18
24719;8398;1481514748;12
983;256;1481521411;2
4243;11920;1481527043;2
8518;21289;1481520828;6
9431;13216;1481539784;10
22273;20157;1481536920;4
20735;1169;1481545278;2
5987;6603;1481537351;16
8195;19802;1481547501;6
15243;20299;1481511029;16
19830;6110;1481510033;14
13859;1909;1481544077;2
6282;10750;1481538982;8
9346;20089;1481542190;18
10807;6218;1481516134;12
2151;21844;1481537221;2
1666;8743;1481543307;14
9109;9770;1481513405;2
5651;4038;1481534271;4
9973;7354;1481539904;6
10020;20462;1481527217;12
18338;12119;1481521553;18
3263;15076;1481537232;18
23813;24700;1481533447;18
9545;20144;1481512297;12
99;19859;1481538008;12
7619;12414;1481533054;2
16647;10462;1481512767;18
23062;17386;1481511190;18
17425;8515;1481515484;8
15160;7961;1481548809;4
8476;6470;1481515933;16
7083;4842;1481540779;14
935;9999;1481543648;8
14917;9179;1481526080;14
11951;15252;1481530097;4
27552;9155;1481547908;10
5751;8130;1481526754;18
371;13940;1481532754;4
1176;9284;1481533787;16
6780;6909;1481533786;2
27419;22452;1481514241;10
17575;7632;1481528767;14
8022;21487;1481521112;6
7169;16533;1481547720;6
24688;1216;1481515144;14
14983;6348;1481536471;12
20147;6942;1481516138;12
7924;5487;1481520880;14
9840;5908;1481537373;10
12040;24691;1481539935;4
20576;6810;1481510569;2
8337;2838;1481537637;6
4521;24356;1481513229;6
7416;14643;1481532978;2
27143;16827;1481550702;10
4665;16007;1481522591;14
26311;16036;1481535250;6
11177;10832;1481525223;4
7574;18466;1481543133;14
244;21483;1481517916;14
13825;3768;1481522029;4
1258;2953;1481547147;14
2416;1918;1481522850;6
10411;19756;1481523973;12
5727;14805;1481530844;16
1772;17454;1481538020;18
16202;4707;1481550330;8
19471;10032;1481550525;8
12757;3955;1481523702;4
27186;21494;1481509663;10
10808;10814;1481530330;6
1982;1490;1481531009;16
1486;12232;1481541772;6
9454;5973;1481523980;16
9990;234;1481534672;10
7092;11149;1481546355;8
6182;943;1481522839;12
4985;17412;1481518739;14
7006;23740;1481532644;18
5985;7298;1481528201;14
15079;3978;1481514449;2
16832;9739;1481515388;12
6195;2315;1481531853;16
14777;361;1481517658;14
14246;4297;1481527461;10
1738;7034;1481541319;18
9676;5265;1481510020;14
23354;8644;1481546166;10
27399;1858;1481522366;4
21503;972;1481517368;8
8777;1859;1481527795;4
22537;25344;1481516971;18
9403;20588;1481550808;12
12141;12229;1481515270;12
9645;14202;1481518466;16
23855;2768;1481549470;4
27375;21269;1481531091;12
20037;14620;1481548370;6
8744;13906;1481536190;18
7442;355;1481518901;12
208;9494;1481519504;4
15021;6926;1481512850;10
18154;6940;1481549126;8
2331;24451;1481523029;6
22495;17902;1481549205;8
2824;9541;1481539619;2
17296;1013;1481515236;4
14548;3118;1481545117;4
17579;19436;1481520417;14
3944;27003;1481511340;2
18066;19093;1481522323;18
13871;6937;1481528950;4
14625;6185;1481512336;14
7344;10091;1481544536;18
12765;9970;1481524038;12
27176;19814;1481548103;14
11908;389;1481516366;8
879;4358;1481513770;2
11244;11625;1481509862;16
10443;10208;1481539652;16
6867;26319;1481548622;18
11476;14169;1481532587;14
8370;13195;1481532826;4
15391;15514;1481536472;2
6779;21228;1481544490;14
14573;6855;1481525766;8
24369;9511;1481532888;14
3956;24675;1481537752;4
10117;21397;1481509515;14
1143;10806;1481533212;6
25083;5280;1481541633;16
26303;21030;1481534732;8
3743;4509;1481546594;2
231;2378;1481536796;6
3375;8967;1481542201;8
27058;19423;1481515205;14
16125;8360;1481545285;10
10811;1194;1481541919;6
20573;8641;1481525618;10
15318;361;1481536167;14
14556;15102;1481526117;4
22795;3370;1481513017;14
25430;18946;1481546290;6
9180;9508;1481519951;16
12337;8419;1481521540;16
5859;11785;1481523192;16
7182;5674;1481523610;10
10722;6243;1481538708;10
24178;12880;1481534117;2
8973;8410;1481512041;10
9741;14562;1481529709;2
8802;977;1481521947;12
19817;20757;1481525327;10
11007;957;1481537655;8
20366;27279;1481511622;10
10985;27484;1481526992;16
561;24182;1481534967;14
19816;23619;1481536043;6
17843;3922;1481517017;12
10268;12700;1481544645;4
8963;14167;1481523272;18
285;8018;1481547802;6
5245;12211;1481525460;8
12022;8590;1481518449;6
10531;6265;1481541594;16
11400;23328;1481516829;8
6702;5727;1481542501;18
25285;22645;1481517012;16
983;15767;1481550902;14
23538;19487;1481523081;10
8164;6144;1481548514;12
3405;7066;1481544166;12
1742;1314;1481544411;2
13817;16185;1481523776;16
17442;20406;1481547704;2
20136;1011;1481543576;4
6200;2803;1481517129;2
17406;2161;1481548538;14
1607;16861;1481531343;16
2137;23026;1481518957;16
10879;20862;1481529807;14
5772;7686;1481518158;14
5857;11947;1481543975;8
9680;20575;1481521582;14
15092;24929;1481543170;6
10638;1205;1481510483;14
12292;14416;1481530673;18
956;881;1481528632;2
13426;26070;1481530448;2
10204;25258;1481545579;16
10649;7813;1481545798;2
22276;17573;1481517526;10
1358;1537;1481540363;18
9841;7799;1481549940;12
9310;24133;1481516441;2
20140;6874;1481541480;12
6952;12147;1481547874;4
1913;22965;1481521327;8
6279;1664;1481540834;18
3703;5346;1481529004;12
7643;21799;1481529976;4
4937;7935;1481546405;12
10508;7367;1481518774;12
20609;9609;1481547252;2
11232;6188;1481549668;10
21283;7879;1481539008;2
16026;1899;1481540182;14
17241;1294;1481529212;14
21003;15348;1481543506;2
3532;2164;1481546365;14
27196;7427;1481540633;4
20866;6223;1481543664;12
5048;6390;1481510118;14
1212;22266;1481550283;6
24471;24666;1481548863;4
9271;1017;1481533050;14
16183;4005;1481548889;4
5301;22574;1481515237;10
19781;23640;1481537231;12
15321;3414;1481525565;16
1018;7391;1481528736;6
7501;134;1481525284;4
8742;26155;1481511936;16
15302;406;1481538104;16
3612;21086;1481526455;10
20140;1580;1481525465;8
7399;19851;1481528937;14
17265;7490;1481550984;4
10475;13900;1481531202;4
14121;6532;1481521342;10
8837;24926;1481550319;4
23177;7799;1481514254;10
8379;7263;1481547459;18
20971;15072;1481539928;4
2293;15339;1481534211;12
6433;14255;1481541523;6
13946;9663;1481534406;16
26156;17879;1481515572;8
6930;5029;1481537227;18
9985;8587;1481547905;2
6877;6659;1481538065;10
27;9055;1481535135;2
9891;8743;1481548764;14
16304;2290;1481543589;18
13181;7585;1481547730;14
7094;281;1481549655;12
1401;18963;1481549985;16
19771;5827;1481544919;14
25190;436;1481539131;2
1009;10322;1481525019;2
4195;5355;1481527760;4
7208;6716;1481511270;8
27322;27552;1481523131;10
11614;12071;1481526519;12
7940;25531;1481538462;4
27404;6874;1481543241;4
1892;21736;1481513580;16
4006;7395;1481524615;12
8868;27520;1481514902;18
7574;22485;1481541696;16
15100;13809;1481529921;16
8143;3069;1481517620;8
23107;8927;1481510385;12
7253;3714;1481520680;18
25359;1645;1481544968;4
7940;3578;1481512184;8
5404;7965;1481550001;16
22147;4018;1481531689;2
20366;19881;1481525496;14
14165;15765;1481528968;8
19870;3286;1481515460;12
2328;9526;1481512051;16
11577;26392;1481542565;8
6404;25489;1481532436;2
2837;19252;1481546478;16
8471;14656;1481544342;12
996;11172;1481543572;16
14564;18212;1481532708;18
3588;19987;1481523537;8
4564;27417;1481521111;8
1483;127;1481539419;14
8342;7404;1481518715;6
9301;7403;1481530477;4
27374;7342;1481510248;6
6113;13343;1481516177;12
3246;24680;1481541375;12
21481;17024;1481532565;2
20890;1583;1481531127;16
8465;27493;1481545315;8
3257;11593;1481529694;14
6606;9545;1481527095;2
20144;10985;1481537368;18
17160;22297;1481514090;18
1884;11944;1481545173;14
9898;23149;1481541316;16
5003;1355;1481524900;10
17162;8888;1481523799;14
4178;15116;1481529863;10
3688;6706;1481518709;10
10905;291;1481543040;6
4780;311;1481517051;6
15092;21416;1481536051;14
2763;4190;1481525661;18
11245;11068;1481519149;10
9956;4241;1481541357;4
19723;1017;1481509833;14
8484;392;1481527846;10
5551;8920;1481532313;12
8667;1691;1481517135;10
11766;7330;1481523418;6
5104;15005;1481519737;14
24423;19556;1481516295;10
5263;5867;1481544352;16
17305;11566;1481549116;2
4840;1344;1481543216;4
10750;13080;1481528390;14
3766;2126;1481510419;18
4559;27171;1481519262;16
11091;25514;1481542322;8
10229;16934;1481531603;10
8341;1485;1481523352;18
1969;27262;1481538285;2
18819;13942;1481523820;14
2726;11789;1481527673;6
8535;17456;1481516226;12
25058;19278;1481549892;4
13028;24462;1481535958;2
6781;8483;1481516281;2
25173;6191;1481534764;4
8918;1550;1481548176;4
25442;19960;1481534832;10
2836;21416;1481514486;18
3998;25077;1481526095;12
4176;5853;1481517637;8
22431;19072;1481520247;6
1340;17419;1481538515;2
72;13217;1481549293;10
1562;20392;1481541564;10
4481;23172;1481518080;4
8468;18963;1481525703;14
20288;11777;1481538478;14
11221;115;1481530700;12
11266;965;1481510567;14
3004;2527;1481543033;6
3950;6485;1481542959;18
4035;18819;1481509501;16
8799;7784;1481525187;14
27009;11038;1481547184;8
15995;5501;1481514997;18
10761;15161;1481541935;14
11114;23021;1481519793;8
8405;6119;1481534783;2
6867;7463;1481510417;18
9408;13910;1481527842;8
27282;4180;1481530632;6
18346;6876;1481534747;10
5405;11821;1481518888;16
273;7762;1481540411;4
16847;3370;1481520511;2
16652;20963;1481520679;6
1607;6861;1481536435;16
20532;8748;1481544219;2
27207;3988;1481547646;18
14117;2812;1481524130;18
20909;1211;1481519563;10
27405;5804;1481545172;14
3547;686;1481525570;2
7402;19546;1481528035;6
11042;43;1481521935;2
7713;10094;1481512258;4
6859;8668;1481527997;12
23892;11951;1481546417;12
20137;8366;1481521666;16
9182;4921;1481522564;18
10636;27025;1481528736;10
12561;8403;1481549855;12
20609;7560;1481517053;8
6025;12568;1481513975;6
20025;22473;1481533556;16
1688;3961;1481520286;14
10726;17439;1481537901;2
6596;7764;1481549011;8
9875;10720;1481547421;10
24090;27057;1481541699;8
9754;25440;1481545384;10
2757;15494;1481514721;16
18461;1266;1481537476;4
1955;5874;1481519785;14
20963;25182;1481522526;2
10114;10272;1481539447;14
23157;2733;1481546744;10
23349;25378;1481548240;2
12710;287;1481547910;16
4705;5906;1481547233;18
1536;5818;1481522402;14
11132;4568;1481527946;14
6544;4867;1481533227;12
11482;23010;1481533210;12
20789;5033;1481543427;16
8564;7699;1481514781;4
21302;7602;1481534794;8
3381;8560;1481547780;6
90;17289;1481539675;4
24501;9991;1481519745;8
4004;270;1481510933;12
11093;13794;1481519750;10
19534;9174;1481547847;6
11084;6812;1481531408;14
4329;18301;1481519284;12
9805;11158;1481545797;16
20445;17191;1481516923;18
17027;5003;1481515292;16
2355;26098;1481517873;6
13560;98;1481510841;16
7894;14657;1481522492;18
20791;15991;1481523454;16
17771;27005;1481546555;2
22571;20006;1481537689;16
6189;3363;1481512436;16
1886;25514;1481545039;10
1061;9169;1481539140;18
19803;13256;1481529493;8
10037;1703;1481521726;12
4660;22447;1481530331;14
7852;4862;1481546695;14
6505;14697;1481519064;18
21452;13790;1481544148;6
18874;27471;1481528528;2
19556;381;1481545885;4
15326;6189;1481546464;8
21410;8046;1481541475;12
20092;1267;1481526061;12
9358;3566;1481546733;6
14201;1061;1481545083;16
1149;13679;1481533031;4
6272;18456;1481512778;2
10675;6998;1481539591;14
21737;4021;1481537652;4
19061;20588;1481532238;16
23451;7030;1481521964;2
18314;9684;1481512858;8
14551;403;1481522649;6
15407;3413;1481512818;2
8160;11986;1481545731;16
9109;12655;1481516496;2
4682;27106;1481527547;4
20546;17904;1481516635;4
9713;20926;1481537999;8
3009;325;1481538537;2
1300;693;1481547336;16
18196;395;1481536850;14
10639;16204;1481523879;2
8250;24478;1481533606;10
21295;2377;1481526810;4
21388;6852;1481539601;10
24164;9426;1481513558;12
8364;9314;1481537279;6
14927;8757;1481548890;10
6118;4548;1481533818;12
2371;40;1481540008;8
8991;10778;1481510281;8
3775;6892;1481533164;6
6277;13864;1481549336;8
4802;20015;1481528280;18
9956;27097;1481546579;2
15375;6469;1481540339;4
22582;8533;1481514525;16
18436;9187;1481511872;6
8368;1882;1481544705;4
3245;4952;1481539020;12
27326;19090;1481543330;18
2350;14878;1481550390;8
25177;287;1481541152;12
7904;12074;1481517720;18
7297;13187;1481524536;18
19471;10598;1481523602;14
9679;11846;1481545084;4
1424;15236;1481530140;14
11702;27425;1481544268;16
1209;3934;1481532682;6
1795;1389;1481533194;14
617;5472;1481528399;10
356;5937;1481520322;18
20113;6127;1481509997;4
20081;6548;1481509570;2
23490;1200;1481549612;2
8837;15380;1481513148;2
17285;19454;1481515140;14
9841;3421;1481510373;12
11790;5298;1481522917;10
14696;13780;1481534885;10
7917;15100;1481531692;8
10892;1905;1481520199;18
5265;12246;1481533408;8
5358;6390;1481545772;12
7037;7401;1481547031;6
5430;21801;1481541805;14
12731;213;1481534147;16
24457;6687;1481532737;8
27276;11702;1481535805;14
11210;7476;1481545120;16
1370;9530;1481526850;18
10319;11954;1481544701;18
4662;18092;1481541359;4
1640;18160;1481550254;6
10246;24924;1481512755;14
6335;7501;1481551082;18
6982;6155;1481534945;14
23046;5046;1481536827;16
9682;3031;1481515626;18
7771;7559;1481541246;16
1321;6020;1481521842;16
5266;15989;1481517416;10
16194;4031;1481540676;8
8977;4905;1481549839;10
7954;8137;1481524207;2
393;4936;1481517032;8
23111;7456;1481537558;16
17399;17417;1481514330;12
96;5821;1481541283;6
20120;6796;1481538757;8
6529;15;1481535701;6
8304;10766;1481514347;14
19865;19573;1481537643;4
27007;7155;1481538356;2
21803;3070;1481528165;6
4691;27097;1481520063;10
20947;23786;1481534358;16
4867;11389;1481514392;12
1092;11993;1481526951;6
45;22487;1481524368;8
216;10904;1481550525;4
23059;21232;1481520391;16
20976;8124;1481527566;16
6316;26038;1481515263;12
11157;9828;1481530446;16
19821;12774;1481511257;4
10983;6109;1481534210;6
11636;19420;1481513672;14
8413;10575;1481518198;16
77;22965;1481543945;4
1070;19530;1481515849;2
1252;10889;1481515294;10
5858;10422;1481537993;16
11946;15329;1481548997;10
10832;21490;1481543859;8
293;7763;1481547855;8
23086;16039;1481529950;18
190;7148;1481547748;16
16141;7402;1481519600;8
9016;11829;1481525485;14
303;10998;1481527203;12
5744;14123;1481549585;8
10720;25358;1481546330;10
14149;23752;1481511788;10
18072;23328;1481520697;14
18466;20189;1481522647;14
15159;7489;1481511113;18
8698;11083;1481546210;18
13214;14922;1481509559;4
1068;7612;1481542797;6
26219;13802;1481528518;12
21814;2348;1481545054;14
14113;6310;1481529583;12
10989;10515;1481549039;14
20444;17160;1481531470;4
8581;27011;1481519514;2
8826;10696;1481526432;12
1122;3467;1481537221;16
26032;4222;1481514297;4
567;18466;1481524226;14
14889;22490;1481514213;14
6871;16098;1481545668;2
126;875;1481525942;12
6275;1055;1481511903;2
1435;20522;1481532360;16
5969;1895;1481509634;8
1898;7596;1481546881;10
6831;3032;1481550112;16
4347;1667;1481511696;2
23357;10012;1481548092;14
19594;6603;1481534380;4
10383;24136;1481534288;10
9184;19775;1481541522;18
9865;2522;1481537155;4
5050;11481;1481509514;12
27206;5841;1481510148;14
8514;4595;1481531591;16
9662;7064;1481536522;2
14620;10533;1481545744;14
18868;14198;1481529740;6
26169;9971;1481543060;8
20127;1118;1481542024;8
2729;17253;1481510367;8
977;21377;1481527298;4
6220;16535;1481544716;4
15028;6972;1481544945;14
4212;23155;1481534658;10
16021;1030;1481538747;8
10375;11064;1481537420;10
20907;3032;1481528879;8
13262;885;1481549524;16
1736;27328;1481536189;18
7767;6274;1481534305;14
165;4264;1481509727;14
1768;335;1481528605;12
7670;21728;1481522670;6
10272;12140;1481529066;18
24710;12321;1481536681;14
15071;12286;1481550847;8
21415;14703;1481530074;14
11080;16198;1481548457;14
1460;20546;1481542701;14
20076;19923;1481527086;6
22141;15419;1481546652;16
20292;21389;1481527416;10
7371;244;1481535287;8
24428;20792;1481546432;16
3405;15088;1481514867;14
4325;200;1481516276;2
14437;14620;1481549489;18
9166;6337;1481547493;12
19759;23649;1481543641;16
13426;6473;1481526936;16
8929;5276;1481545601;18
10348;5472;1481541239;2
11567;1383;1481535538;10
21480;11597;1481545186;2
10990;4241;1481540015;16
11850;9148;1481520509;8
5892;25023;1481535808;12
21416;27287;1481517920;10
17261;24133;1481549022;6
23740;1452;1481534163;16
5412;23787;1481550259;16
23048;9467;1481526785;4
1086;2160;1481515069;12
17337;5385;1481525152;12
24442;1050;1481522987;8
14136;9804;1481532891;6
4234;209;1481543505;12
6817;16928;1481537802;8
12880;17403;1481511153;2
4032;18076;1481526775;8
17312;148;1481524394;18
10472;5352;1481519672;8
15372;18837;1481510846;10
5918;8600;1481514123;18
11227;11267;1481537205;14
13261;311;1481546357;12
20791;7587;1481532860;18
17211;9541;1481527286;2
6386;15071;1481513008;14
18438;17478;1481529298;14
19531;7891;1481509945;4
7516;11099;1481547559;18
3122;10098;1481543475;8
9333;350;1481511153;10
8017;1047;1481532071;18
9985;23116;1481547214;10
14712;6207;1481534342;12
5689;9799;1481514574;18
7567;5279;1481540764;18
25250;9369;1481523374;14
9532;7078;1481548519;8
2036;2979;1481534431;2
8489;27004;1481513707;8
11245;26188;1481539455;14
24668;27549;1481516809;16
3021;9221;1481548685;2
24662;4262;1481527893;16
10733;17213;1481543688;18
22924;10324;1481528808;10
4784;8515;1481527291;2
1425;8338;1481524969;10
1003;97;1481530596;12
11410;4805;1481544461;14
9536;1015;1481549205;10
2365;10472;1481524283;14
17586;6596;1481525042;10
27037;20122;1481529689;10
8539;7802;1481528912;10
21385;12029;1481531257;8
7462;17363;1481526192;14
14810;10105;1481531161;18
20189;7562;1481538132;2
23857;11415;1481518473;14
4806;10000;1481539055;6
15100;3390;1481530015;2
9484;25487;1481510465;12
4840;11043;1481514161;2
1093;20092;1481513819;18
1606;147;1481524841;4
4750;9972;1481516516;18
2845;8690;1481549031;14
12289;8017;1481542834;14
1332;9652;1481525704;16
7084;6189;1481519612;4
6772;10080;1481524018;4
25191;17477;1481549733;8
15373;18111;1481547084;14
89;4190;1481524754;12
3054;8504;1481519924;6
1736;10474;1481534940;6
5947;22626;1481543471;2
21481;20118;1481516888;2
8451;6308;1481548972;16
7071;10804;1481523616;8
6949;9988;1481530634;14
8398;22940;1481517197;8
901;10203;1481542744;2
19953;1448;1481516791;10
8425;8759;1481525581;14
15009;7085;1481520166;12
18424;24571;1481531144;2
11831;19872;1481532930;16
7818;14197;1481534965;2
210;9162;1481519985;8
10617;9822;1481518588;16
25508;25192;1481538633;4
17022;7946;1481531561;16
6917;1867;1481523455;14
8803;12747;1481524828;8
15766;25186;1481516799;10
3902;15098;1481524693;6
16905;23887;1481533907;12
11758;14653;1481516937;14
6302;1420;1481546496;16
2801;3075;1481541571;14
6810;10183;1481518209;8
19940;1962;1481514400;4
11364;11034;1481523946;2
5434;5877;1481510206;14
10566;8478;1481547626;8
27420;12370;1481540999;8
25188;4736;1481511739;12
16862;12314;1481538260;10
11943;8417;1481541367;14
23855;6485;1481543590;14
9257;18199;1481515696;16
3459;21486;1481544646;18
2353;10097;1481513504;4
5;9317;1481516635;14
26032;2151;1481517034;16
5891;1275;1481541687;4
12653;9257;1481514935;6
14271;171;1481532795;4
4506;3755;1481531600;8
6868;11034;1481520672;16
11943;1224;1481514341;10
27539;27391;1481541623;18
7619;235;1481543446;8
939;8665;1481518846;10
11694;9685;1481539348;16
8953;20225;1481548184;12
1539;1090;1481545218;2
20289;13005;1481543885;8
25181;1403;1481524356;16
210;15377;1481516186;8
10022;23649;1481525034;16
2820;4864;1481534154;16
18901;17903;1481539968;12
6810;14159;1481539434;6
246;3422;1481538172;12
8529;16022;1481534863;10
10638;7344;1481520091;12
5874;14123;1481523791;14
424;8405;1481540696;12
21473;1040;1481534841;16
4905;2609;1481524158;10
4025;9882;1481532475;8
13216;15475;1481512266;12
263;18444;1481527298;14
566;3597;1481513593;16
5611;15765;1481516057;16
11063;24429;1481524192;18
14435;22958;1481522682;8
5812;4507;1481509622;16
6012;15137;1481528978;18
24931;9947;1481517979;2
7958;10710;1481515000;10
3069;27231;1481537184;18
20900;1571;1481513130;18
4760;20935;1481526383;18
23336;10682;1481515319;4
5764;10833;1481528335;6
22496;7874;1481542166;8
1705;19955;1481535125;12
6569;3977;1481511707;14
1002;8935;1481513825;8
7018;11028;1481529956;6
1876;13941;1481512499;10
15465;19934;1481540218;10
148;227;1481537165;2
14106;3508;1481537341;2
17539;7608;1481516443;10
9494;6328;1481549191;14
21486;3685;1481522350;2
25158;12743;1481516601;10
10282;6732;1481534282;10
1956;2808;1481527860;10
3899;11957;1481509548;12
12758;2982;1481537422;2
9791;19539;1481550780;14
4831;21482;1481524380;6
6795;4745;1481527221;2
25160;4041;1481527490;8
1366;15407;1481532195;16
4335;8289;1481517230;10
12245;6763;1481538641;12
4303;16783;1481515280;18
12772;7088;1481549509;14
127;19068;1481525184;4
23026;8230;1481534204;18
1889;17363;1481520872;4
12121;10237;1481542804;16
7571;20775;1481523851;16
22984;27540;1481534682;4
9567;24673;1481536895;4
4829;10699;1481516630;6
9544;10876;1481513564;6
27453;8194;1481547622;10
4681;11077;1481533783;2
9311;9165;1481522064;12
25165;13878;1481527184;18
8133;6330;1481514706;12
25261;286;1481527946;18
196;11622;1481531521;14
7353;5389;1481550249;16
3971;6766;1481513432;2
9429;11120;1481550687;4
25449;11482;1481546875;16
4240;5038;1481513845;2
25197;7876;1481517318;8
27377;12368;1481519302;10
2010;10987;1481533568;8
5759;11053;1481538572;2
7864;11897;1481542498;2
8965;18078;1481531578;2
10567;25190;1481539746;16
19851;2124;1481529829;10
20572;14794;1481525841;2
27188;23857;1481535634;8
17420;4896;1481529652;8
1628;8471;1481551088;2
3790;4808;1481513067;8
6521;24294;1481529199;14
1165;20518;1481518129;8
24284;16188;1481511218;2
17705;16927;1481528687;10
19054;19053;1481528829;6
11880;20951;1481547088;4
12092;8282;1481549602;6
1846;10904;1481513357;10
21462;13911;1481539401;2
10015;21318;1481533813;12
19950;14117;1481510860;2
22179;6605;1481510379;18
75;24426;1481548644;14
11691;19970;1481540551;14
24996;19527;1481525935;14
7902;14105;1481535202;16
15356;14152;1481548562;6
10803;15301;1481546063;16
10111;6265;1481547446;4
5882;1099;1481534942;18
7065;353;1481550059;2
13904;15339;1481519611;2
8637;25810;1481533727;10
13123;11763;1481546573;4
11624;17303;1481541606;2
18534;17892;1481547449;6
2832;8598;1481545267;18
18160;1270;1481550305;16
1161;27278;1481532474;4
4299;10812;1481518099;12
4961;2018;1481535966;12
21716;11854;1481514058;8
19505;1867;1481537236;18
5816;22;1481523662;10
21076;22315;1481533266;18
6885;7646;1481510155;6
9346;9305;1481518830;10
19972;10203;1481510156;14
6687;26110;1481520674;18
4014;20970;1481544371;2
17172;10837;1481538324;18
6921;4768;1481515609;2
3610;6797;1481539063;4
15307;10183;1481522525;6
8354;11699;1481511058;16
7764;8145;1481529320;2
11373;21388;1481535960;4
27041;82;1481549666;18
5117;5046;1481542743;2
8781;1569;1481544614;10
24090;4840;1481546546;2
6535;6706;1481512707;2
14272;27164;1481544026;14
98;2797;1481522062;16
2967;2784;1481529488;10
6237;6144;1481510181;10
10434;12232;1481531636;10
10767;6508;1481518991;2
20685;6122;1481524104;16
12656;20135;1481546678;18
10226;10593;1481520562;8
19882;9746;1481525444;8
1845;18844;1481525792;8
9740;897;1481541902;2
24475;24370;1481528602;2
20145;20156;1481536282;16
1360;9670;1481523991;16
9502;12798;1481549745;4
7912;15414;1481536734;8
7066;15961;1481526831;4
2402;7941;1481510156;6
9314;18893;1481540473;2
27201;15989;1481526271;12
8943;20983;1481527730;14
7606;18301;1481539143;10
16125;68;1481547834;10
2988;923;1481539555;10
25371;15129;1481516465;14
9977;6653;1481521622;18
6815;65;1481537354;4
15961;4299;1481546745;12
23751;17518;1481534832;10
17295;17415;1481514266;12
1137;1577;1481524652;18
14981;381;1481509527;4
260;1982;1481548823;4
5480;5906;1481537500;14
12574;5287;1481513683;12
14866;8142;1481511911;8
19789;19883;1481548550;6
10465;1866;1481536001;10
20933;15080;1481522358;6
24659;1332;1481521155;4
7030;16197;1481528483;12
15318;441;1481549833;10
23019;5980;1481535766;10
5723;9682;1481543401;12
7689;7996;1481515484;18
5858;7799;1481524882;16
10541;3911;1481514145;2
16894;14488;1481534736;18
1672;9297;1481530262;8
7841;1935;1481521102;14
5730;1990;1481548567;4
18834;7788;1481527643;8
1026;9241;1481525453;6
6794;1904;1481530755;8
19937;14248;1481544487;4
7263;16781;1481526691;4
8525;315;1481541151;4
2772;16204;1481546433;4
8306;7957;1481515274;16
8363;10521;1481549294;6
121;6329;1481517013;18
349;13297;1481535146;10
19971;1647;1481512848;2
15368;17509;1481541464;10
3973;20983;1481525927;16
8475;6772;1481518239;10
19861;27449;1481527659;10
8766;15116;1481542386;10
5401;108;1481512620;2
1390;11132;1481518887;14
18963;6814;1481513446;8
20576;11739;1481534476;2
1039;5977;1481511045;12
12158;1009;1481547779;8
5864;7602;1481511723;2
10503;24688;1481540336;10
17441;4260;1481528355;12
14158;6621;1481533158;16
16097;6125;1481525919;8
9420;23048;1481512749;6
4756;17843;1481547312;14
2420;7460;1481515866;8
11702;6279;1481544343;16
10359;13211;1481545804;2
11375;220;1481534247;8
27209;308;1481530281;12
2750;3463;1481526460;2
14105;22311;1481543255;2
3449;11397;1481546609;6
25156;9021;1481519647;16
4314;9229;1481547798;6
1875;5707;1481521755;14
16810;981;1481518704;6
17335;6712;1481547070;12
22574;1552;1481525985;14
8115;24970;1481539076;10
7007;23175;1481527096;12
22133;9829;1481515036;6
19070;145;1481520642;4
13814;7694;1481517372;8
23538;3585;1481538111;12
4830;23059;1481545262;14
6990;17049;1481532500;2
2022;15076;1481534038;16
7495;146;1481523095;6
19587;7958;1481525510;18
5504;20959;1481539266;12
14878;17242;1481514778;14
6579;10540;1481519947;8
381;7083;1481538743;10
1966;13028;1481525503;8
425;14885;1481539425;12
9947;3723;1481535366;18
27262;3971;1481545371;8
7907;5844;1481531331;8
8957;6918;1481539492;16
17275;18511;1481541641;16
10031;23630;1481518017;6
8233;15349;1481542679;10
6145;1987;1481510490;8
5422;17035;1481548642;4
18175;1071;1481514377;18
19234;10574;1481533727;10
191;20785;1481547708;16
206;26473;1481547599;12
21378;4360;1481532327;12
4925;10513;1481543910;18
72;27039;1481547334;4
9515;4015;1481547869;16
7474;7978;1481525278;12
1553;3246;1481510416;16
14497;14154;1481547614;2
20920;6167;1481524934;10
3609;1568;1481521549;8
128;9891;1481542284;2
27125;17035;1481530031;10
14127;103;1481528499;4
6245;8319;1481521421;2
27480;10013;1481521003;8
2327;27473;1481549465;14
7896;16139;1481511506;8
9461;8655;1481546363;12
19944;8451;1481511475;14
17273;4879;1481544554;18
2166;12117;1481520186;18
11136;11044;1481534086;16
3134;24326;1481530402;16
20360;5740;1481544873;2
11206;11101;1481549249;8
5738;8501;1481529592;18
397;17519;1481517954;14
19494;20429;1481510142;8
6252;16937;1481531205;18
5779;9246;1481517158;18
8584;15785;1481542714;18
21383;4707;1481529708;14
14697;15746;1481519983;8
17352;1263;1481522775;10
21318;15317;1481539989;6
17042;10681;1481517932;2
4559;13913;1481534445;16
14149;6937;1481531505;8
22259;20053;1481509983;8
13216;14498;1481524897;14
6915;5285;1481550137;6
8238;3617;1481534692;12
2829;21463;1481520794;18
14622;1303;1481512972;10
4809;23152;1481543750;6
93;7349;1481545167;2
1815;6348;1481516111;4
47;23317;1481514140;10
22645;11802;1481520723;14
22539;4009;1481530596;4
20491;4233;1481545642;12
20355;14571;1481548540;4
7048;23151;1481522213;6
21442;16137;1481516999;8
9986;17045;1481533358;16
8898;4041;1481532394;14
10807;7780;1481527081;14
25160;17402;1481528092;16
7765;6694;1481509969;6
8319;1059;1481536117;2
7569;5297;1481532291;4
17475;20969;1481528026;14
4903;23524;1481545510;10
27543;18301;1481510918;18
10514;5103;1481531133;8
10500;20538;1481529571;4
2796;967;1481511860;4
2874;12795;1481529757;8
5247;24431;1481542868;4
4596;2950;1481547411;16
5923;8562;1481547525;6
1852;9203;1481511959;2
238;1582;1481545013;16
18213;10071;1481511909;8
8285;4211;1481548153;2
138;18879;1481528365;14
10532;17518;1481544196;4
23123;11258;1481540113;6
18177;10312;1481510933;16
27452;1627;1481531443;14
10381;20122;1481535692;18
23739;6367;1481517037;18
1899;7091;1481546785;18
17431;10244;1481532991;4
17885;9371;1481516108;10
1253;14253;1481514210;10
2776;11609;1481525737;18
17771;8832;1481510152;10
5807;13874;1481537436;14
14921;20453;1481519270;8
14653;19311;1481513584;10
5377;1638;1481520039;10
2429;19536;1481514244;12
2981;1494;1481523583;16
7287;17364;1481535473;14
4954;5267;1481549245;4
8497;6008;1481537857;8
10521;19211;1481544182;18
4221;358;1481522808;8
386;5010;1481537331;4
19417;6308;1481532540;4
4190;13819;1481513824;10
2808;6107;1481511151;4
17886;10543;1481509794;4
13856;3649;1481544465;18
12812;13889;1481527230;4
13123;20657;1481532078;18
20439;1987;1481517550;6
4278;1986;1481536217;12
9451;19773;1481537938;18
23076;1017;1481525578;10
25366;15013;1481521056;8
15356;57;1481548106;12
6562;5287;1481509607;14
12362;19764;1481522080;12
24657;9967;1481546478;4
25044;7465;1481517214;18
3008;18303;1481527287;2
13241;27206;1481522817;12
25341;4761;1481541202;12
20328;17392;1481535073;10
1098;4813;1481515212;8
25361;4876;1481518415;12
27330;1954;1481539967;6
8885;20243;1481530540;6
20792;20526;1481526549;4
10984;9756;1481511153;12
11920;13855;1481510688;14
2523;20999;1481536968;2
12157;14641;1481544263;16
3623;5811;1481525858;12
3463;3513;1481510824;8
3601;7543;1481548450;18
15241;24747;1481547457;14
11124;11834;1481531566;8
7413;1912;1481522988;14
6702;1168;1481518244;14
3539;10209;1481536942;18
5041;7167;1481537716;2
10310;17146;1481545021;14
985;10636;1481550754;4
1005;9686;1481512705;10
21463;2866;1481518793;10
101;9741;1481513961;8
27315;14169;1481545904;10
16026;2794;1481539206;4
340;12045;1481521583;6
6134;5985;1481535471;16
19321;3630;1481520322;10
25062;20687;1481538527;10
8118;2422;1481514155;18
6202;24470;1481535769;10
2868;6190;1481532408;14
9837;18339;1481532665;10
21379;7687;1481513928;6
19852;15212;1481542298;12
4860;6652;1481548658;6
13981;11484;1481524276;4
19507;14805;1481538745;6
10099;13346;1481541574;14
6482;4993;1481514944;14
1227;2159;1481517071;2
13879;1594;1481544431;18
8448;23056;1481521673;18
14903;27269;1481545832;16
27489;21473;1481540995;12
18088;27329;1481531173;2
12561;14795;1481528572;8
10013;25177;1481533455;6
8346;3501;1481515101;2
8421;5913;1481512678;16
982;194;1481548053;12
22662;7021;1481512508;18
15459;8279;1481512529;18
7967;10715;1481547748;4
12090;4924;1481548630;10
27034;17577;1481540843;10
14514;7479;1481529036;6
3069;277;1481519332;4
3054;1926;1481512408;10
27231;12296;1481538951;8
25707;5433;1481550153;6
17309;8346;1481509892;18
4243;20977;1481513706;4
14689;1914;1481550482;4
21482;6872;1481550601;4
10514;23824;1481548426;2
9512;26308;1481522439;18
7148;4826;1481549476;16
8008;14696;1481532339;10
10403;15347;1481532252;6
27181;18049;1481511695;10
10824;24369;1481530298;12
23100;26099;1481544919;12
1308;13985;1481533230;12
22462;6165;1481539336;16
264;4180;1481525577;8
27089;12380;1481522868;6
8992;3465;1481515358;10
10831;19278;1481539493;16
16796;22649;1481528021;8
10582;9569;1481513824;2
1055;12707;1481514081;4
8522;6412;1481544620;12
12012;83;1481513755;18
8347;15471;1481531587;16
1588;19228;1481549545;6
7877;25400;1481543909;8
13904;14165;1481526355;12
11759;3568;1481534578;10
9106;22504;1481512299;4
16891;21719;1481519428;2
13946;20602;1481526286;10
21378;17337;1481534331;8
6450;11098;1481529180;2
17396;12026;1481534642;6
22641;6962;1481551096;8
8691;7523;1481520678;12
12652;20081;1481541547;18
1228;18209;1481524029;10
9312;9416;1481540426;10
19985;9753;1481524687;18
23532;9536;1481537506;4
4290;9963;1481521600;2
3284;4896;1481524509;8
7363;14438;1481530624;14
11609;6833;1481534480;6
17473;17305;1481519085;16
11598;6496;1481540311;8
9840;4039;1481522124;6
2387;7266;1481527860;14
9166;1702;1481514719;14
16531;7791;1481549183;8
15752;92;1481524928;2
12184;14691;1481539992;6
25081;5784;1481528795;10
5391;15101;1481520776;4
5959;21091;1481532927;2
1362;1085;1481531825;8
19308;6007;1481537097;10
9530;12156;1481519365;14
10114;22467;1481528609;6
16932;959;1481517097;6
422;16789;1481517527;12
11770;341;1481521539;12
8777;22940;1481537463;8
24250;23118;1481523756;16
24753;23864;1481524223;2
14996;8919;1481516172;12
5416;12576;1481531434;4
10104;27094;1481539216;12
14634;354;1481521159;2
14701;11080;1481534908;8
5902;7485;1481511251;10
124;15072;1481521461;4
1174;4668;1481549005;12
17035;22571;1481513902;12
956;6918;1481526481;8
10241;23162;1481549539;16
10021;5913;1481522403;14
12085;5844;1481511379;4
18181;23830;1481538651;6
11485;19471;1481527073;16
7538;1093;1481548711;16
22446;19967;1481542224;6
20952;27432;1481535010;6
1132;4595;1481538962;4
6656;23751;1481525296;8
18886;6133;1481522279;14
6145;2355;1481524537;6
18465;24062;1481519263;18
19888;330;1481520683;12
3968;27479;1481542323;6
7896;12074;1481536355;4
8942;6599;1481530158;16
4298;10075;1481510429;2
8515;1702;1481519819;14
17121;2819;1481543836;14
5808;15101;1481537081;4
7351;12287;1481519675;10
20418;9067;1481529869;2
15403;7776;1481525286;8
11760;11770;1481545685;18
18764;10887;1481527830;4
7766;22968;1481538539;6
1316;16911;1481513454;2
1846;10474;1481529284;16
1485;245;1481523193;14
3998;27414;1481510695;14
15754;24132;1481520955;2
16889;5991;1481529246;8
7841;7853;1481513687;4
18046;2278;1481544451;6
23034;3020;1481510731;8
11119;2777;1481527587;6
7303;1034;1481534978;12
7340;3394;1481533095;2
1105;11145;1481534392;16
25504;7947;1481537927;6
14884;7901;1481548173;4
20909;15744;1481536879;14
3897;19233;1481515220;18
23061;27540;1481543252;4
16892;15215;1481518828;10
12951;1212;1481543083;10
20517;5752;1481535591;10
17456;3289;1481536436;6
26158;13213;1481517669;14
17280;16810;1481544658;14
2137;20040;1481535652;10
101;21443;1481516207;10
1873;21452;1481524103;12
2783;4748;1481530833;6
10923;10311;1481517766;6
14880;25320;1481542339;16
7786;17054;1481530604;18
26305;9745;1481510393;16
8947;887;1481510391;18
12354;27053;1481534306;16
18196;19545;1481526578;2
22463;13679;1481525868;12
21496;12288;1481544390;4
20065;6865;1481532993;8
8023;14272;1481529626;16
9310;14702;1481526651;18
5431;6571;1481521819;10
8543;7363;1481513144;14
9854;20068;1481546374;6
23187;14910;1481546272;6
5831;12712;1481513469;2
19476;5083;1481511490;14
5283;6457;1481543859;4
258;10231;1481539139;14
20689;21321;1481522029;4
14805;5699;1481539424;12
18085;5044;1481532388;2
8863;19283;1481523323;10
12159;2727;1481521559;16
12292;12336;1481526070;10
1883;8512;1481538002;10
1801;20831;1481534882;6
17887;17395;1481511721;16
17423;20007;1481538699;18
7480;22966;1481535460;2
9152;8888;1481530558;10
10162;7707;1481528778;6
12742;16311;1481513919;12
7781;7514;1481531910;12
3687;9281;1481529671;12
1451;9981;1481516125;4
5411;5486;1481539666;16
6181;6354;1481534121;10
12279;5782;1481549713;12
9748;29;1481529450;14
1425;13213;1481526206;10
1518;8465;1481540463;12
1989;3629;1481537960;4
7495;11269;1481528734;4
20072;7162;1481539290;4
27507;19749;1481547083;6
14801;14712;1481540194;2
27376;20628;1481524735;12
24475;14122;1481530426;6
6964;12630;1481513561;18
2876;20970;1481537978;18
13879;17579;1481540988;18
20410;9980;1481536701;18
4224;10163;1481525180;12
4802;20530;1481511675;2
20543;5808;1481542400;10
8997;13899;1481537377;12
23855;6383;1481538442;14
14795;41;1481533215;8
381;4026;1481522545;8
6193;15323;1481532658;16
10733;1671;1481547348;14
297;9902;1481534485;18
1931;9517;1481536677;8
8390;23099;1481534210;12
3706;23761;1481520633;6
4827;5609;1481548846;12
21376;15005;1481537241;16
4199;10497;1481516861;18
12873;14914;1481545862;2
27410;14624;1481544893;6
19868;2826;1481538928;8
16043;7832;1481513808;10
19575;15354;1481540301;4
15737;1720;1481514536;6
20466;16905;1481528326;18
4869;17281;1481535930;14
10465;6530;1481518646;16
26395;15781;1481516019;18
6219;14871;1481520775;12
10410;18890;1481533044;16
23534;8522;1481513029;2
6865;6733;1481543381;6
9312;8688;1481541454;12
8377;19950;1481550271;4
5398;18817;1481529357;10
1042;9010;1481514345;8
10910;6289;1481514120;14
24369;1560;1481525749;4
6644;158;1481509927;14
6309;18078;1481522137;8
6594;21398;1481540163;4
22317;18802;1481527192;2
59;27408;1481510387;14
4564;5284;1481547559;12
24281;1052;1481518240;18
3276;9770;1481510744;4
18837;6727;1481520659;4
3281;24692;1481548062;2
22180;24282;1481543000;4
7482;12286;1481540918;6
5628;6232;1481527381;4
2170;17121;1481531288;10
1122;10778;1481526222;6
363;9549;1481520284;2
19832;27310;1481527827;12
11114;25040;1481529488;6
12708;18914;1481548428;8
6798;25183;1481546872;2
2948;6127;1481544470;12
11783;14202;1481520581;16
5846;24984;1481528414;2
27426;8384;1481546484;18
10425;20014;1481521815;8
27493;2372;1481521620;2
6999;17892;1481521118;14
17577;20936;1481527589;10
10716;22602;1481513184;8
5859;361;1481512580;2
1331;11610;1481528306;4
9013;25706;1481535171;16
14443;7557;1481542030;12
23191;3586;1481532224;2
12780;23349;1481537370;8
15980;5930;1481547405;18
10639;14807;1481542465;16
20598;18864;1481516406;16
5693;6478;1481550642;14
6879;1371;1481531146;10
11787;18876;1481515285;2
8551;22933;1481514628;16
12868;15721;1481533858;8
16192;10984;1481538646;6
39;17009;1481526137;4
8465;983;1481513297;4
10780;6949;1481547310;12
17573;11056;1481509856;6
12868;19308;1481526816;2
19749;9573;1481526922;10
5783;17306;1481524087;16
17294;1162;1481543568;6
9540;21446;1481539701;8
2121;4563;1481540035;4
7031;27098;1481545651;4
1913;6530;1481546719;12
6958;10796;1481520873;12
970;10832;1481534056;18
11619;1274;1481536929;18
8511;20357;1481545969;2
20431;9630;1481524305;18
6567;19960;1481540699;2
8953;11023;1481529642;16
5735;12405;1481541042;12
21377;2745;1481535238;4
13495;17611;1481522394;16
1493;7781;1481511439;4
11071;24180;1481524734;18
2284;1400;1481539064;6
14907;13902;1481541960;6
22487;27465;1481530518;6
4531;24423;1481525543;14
9645;16013;1481510002;2
25058;11383;1481524560;12
15215;9538;1481536598;14
19779;1452;1481524950;12
6202;7190;1481521473;14
412;7822;1481510509;8
984;25361;1481550472;12
171;6784;1481514367;10
1496;21295;1481546452;12
1738;12212;1481531946;10
19539;1682;1481540105;8
5675;15227;1481520784;2
7337;11271;1481537481;2
6440;18070;1481510866;2
7158;2980;1481547368;8
1077;2386;1481539325;14
6602;2320;1481539829;14
20138;9109;1481518154;4
11479;7047;1481534650;10
7995;19921;1481534922;6
1084;9992;1481522151;12
21714;10020;1481527041;18
4801;12161;1481536774;12
20789;2275;1481529151;8
5126;8240;1481522399;8
10739;23857;1481549361;2
24724;7917;1481539614;10
27470;17518;1481546969;18
16121;7852;1481519935;14
11842;24369;1481545713;2
1812;4892;1481533022;10
19823;5510;1481541039;8
10562;9241;1481548391;16
6450;21003;1481519573;12
7258;5490;1481528118;6
15080;7160;1481542139;4
9865;2950;1481543771;14
15470;252;1481529592;6
3918;10017;1481534321;10
215;15978;1481533064;16
13131;5403;1481538808;18
17046;10066;1481549683;14
18904;3506;1481533282;10
6353;10199;1481550930;8
15499;11801;1481522207;4
1514;20151;1481518179;12
9200;11821;1481514697;18
6158;7566;1481537780;12
20045;11730;1481532917;2
3087;3291;1481537918;16
23046;7700;1481537282;8
21312;6971;1481539826;6
3121;27465;1481523449;8
201;112;1481533636;14
6252;22987;1481551049;10
7176;24479;1481534809;12
12651;4056;1481535423;14
7332;8354;1481536480;2
3941;26138;1481514687;6
22263;16194;1481517004;14
37;2333;1481515753;4
9262;14562;1481514680;6
2351;13876;1481539636;16
6157;8873;1481535696;12
17054;6165;1481517152;18
12069;6888;1481542074;2
13924;8955;1481545518;12
9901;25179;1481516265;18
9802;3376;1481531693;16
8283;20868;1481519856;14
23550;19236;1481524046;10
15377;11599;1481548548;12
7173;10774;1481549943;8
4583;17038;1481509697;8
22968;25378;1481540858;12
185;5864;1481511660;16
9499;3704;1481525669;10
10564;4906;1481518751;6
147;27297;1481522871;10
17360;218;1481536637;12
14193;27125;1481530798;18
3068;16105;1481534958;10
25172;7265;1481537328;8
1354;1795;1481525484;10
9221;8464;1481524022;16
20528;1971;1481546306;16
17782;14564;1481519588;6
18887;18436;1481537265;8
8351;6463;1481515613;4
26074;20932;1481517609;4
8183;2822;1481509716;16
8801;9466;1481535884;18
4199;14918;1481536875;12
23085;11084;1481542371;10
6261;21717;1481518379;8
10032;2757;1481529879;12
17893;191;1481525137;10
1156;27100;1481523692;8
8433;6358;1481523973;4
7398;4997;1481543820;14
17470;2942;1481529366;4
7962;21452;1481519976;18
25265;11906;1481523151;16
15350;2635;1481520164;18
4731;10512;1481536977;14
24138;19310;1481513079;4
14448;9465;1481530010;14
27030;9294;1481521551;4
972;5958;1481545900;8
10221;10772;1481514140;6
11056;15033;1481510544;8
20465;2820;1481538286;8
7427;1133;1481524887;10
13930;8166;1481517776;12
20977;10099;1481546292;14
17362;7550;1481517674;8
20525;13137;1481533356;2
11794;3294;1481522352;18
11101;10529;1481539545;4
17389;16534;1481523711;10
8239;2376;1481548337;6
897;27178;1481545760;8
7592;11563;1481549456;12
14698;17459;1481543153;6
20340;26108;1481540864;6
25164;20071;1481544829;2
9148;2813;1481513865;4
11698;4741;1481550458;12
19848;4029;1481525419;2
19232;6121;1481510866;12
23327;15518;1481550988;4
23167;8143;1481521455;2
6505;3933;1481531791;18
8388;2315;1481517813;12
16678;7911;1481550003;16
11398;8877;1481525901;6
7688;6939;1481547207;12
16334;15648;1481514698;18
27421;11128;1481510550;14
6530;8026;1481548634;10
7268;18190;1481533111;6
20491;6599;1481537200;8
13861;1969;1481541135;2
1396;16558;1481537318;10
7610;2950;1481540759;10
11251;1615;1481537098;10
11223;15763;1481544352;8
8567;11480;1481523594;14
1700;1037;1481515274;10
11004;248;1481533425;18
22487;11235;1481521402;8
4033;19868;1481541595;2
6603;15222;1481512216;14
8335;12119;1481510649;10
8147;5805;1481521481;18
11053;9954;1481541237;18
10178;354;1481513196;12
13189;25359;1481530358;2
19071;10443;1481538754;14
1684;14170;1481533712;10
17849;12311;1481512075;16
562;6017;1481538278;4
21316;366;1481510289;6
13203;5982;1481515826;8
5372;7272;1481518423;16
6279;27185;1481532005;6
26470;7886;1481542650;16
10998;20024;1481537865;14
9793;11393;1481518367;16
5007;10799;1481519450;14
27447;14165;1481530832;10
17470;27377;1481515126;18
18909;9994;1481549595;12
10202;24258;1481534519;2
10330;8053;1481530303;16
7954;10323;1481511940;8
8144;8758;1481544078;18
18836;3691;1481521199;4
7535;17512;1481545193;6
6290;8519;1481513395;2
5824;4822;1481540146;6
400;13298;1481541662;4
3575;14948;1481550695;18
25511;2164;1481537698;16
3457;8522;1481523746;12
25531;3268;1481543472;18
3287;8230;1481518585;2
24349;7883;1481524234;8
15996;17289;1481531447;10
7084;320;1481549924;16
3410;17290;1481534000;6
6863;16182;1481539915;14
4726;20949;1481527915;14
5249;21318;1481545951;2
7398;15909;1481518993;6
5701;15012;1481528721;14
11948;24397;1481545882;2
7946;19539;1481538900;10
27387;10087;1481516848;8
22480;6691;1481539427;18
11375;1149;1481531460;16
4853;4545;1481544171;2
14895;8634;1481511347;8
259;14614;1481539467;10
10464;11135;1481540464;10
23003;27535;1481512160;12
14497;16799;1481512093;2
25284;10604;1481512482;14
4809;2150;1481512147;6
24685;20130;1481536927;4
4671;1575;1481548308;16
22494;19038;1481535709;6
3078;24138;1481548383;18
9419;7569;1481519138;4
13216;4750;1481539210;8
8766;9285;1481532563;10
13770;9499;1481532087;6
7156;10613;1481547827;4
17425;2752;1481539060;14
8025;8386;1481519426;2
17441;7064;1481537452;10
6401;9356;1481544224;8
6829;251;1481522284;12
14436;14565;1481538029;10
19076;3219;1481547289;12
1577;2384;1481529457;16
10064;4543;1481548960;10
3578;1061;1481513569;16
3396;19046;1481513480;4
25061;9158;1481533496;10
4541;7963;1481531194;18
27385;6328;1481519277;18
16188;7554;1481540156;6
2605;19739;1481509635;4
307;15467;1481526575;16
4260;12162;1481519526;2
165;5397;1481525347;18
3411;15023;1481533509;8
16836;23003;1481539581;6
26164;230;1481546563;4
10623;3280;1481521021;14
11177;25328;1481534846;18
23059;14873;1481518098;12
11997;4697;1481537977;18
8032;3750;1481518239;2
11855;8498;1481549769;14
4258;9298;1481527535;8
7905;10044;1481509842;16
34;5082;1481527864;16
9680;8872;1481517046;18
24738;8456;1481529347;6
9150;15483;1481545346;18
25263;3539;1481521353;6
20906;6482;1481528324;8
8183;17281;1481540314;18
5473;27482;1481526102;2
2845;5625;1481531201;18
2281;2138;1481529504;14
14956;123;1481511130;8
1256;26477;1481537626;4
15083;9899;1481528306;6
20899;11027;1481513020;4
8591;6243;1481531113;4
2838;3391;1481543444;4
5921;4678;1481527613;8
4899;11067;1481527416;4
1559;5642;1481515978;10
13794;13618;1481521095;12
19070;2012;1481544776;8
9483;20074;1481515858;4
22489;7560;1481515965;6
25531;4302;1481540153;2
972;17549;1481527212;4
17526;8757;1481547859;8
1103;20462;1481522361;4
20524;27480;1481517070;2
6853;11114;1481530163;4
14167;9455;1481535856;6
328;18895;1481519877;12
11603;10609;1481525303;6
7263;12796;1481530138;18
24172;5384;1481548565;12
2315;23102;1481518349;14
1419;17309;1481519329;16
5714;4591;1481510921;18
25358;21;1481524358;16
6716;1327;1481526604;12
9405;13214;1481542131;14
8743;16517;1481535160;12
15016;1321;1481531055;16
20857;4596;1481511086;16
1891;6315;1481531095;16
53;17673;1481525736;10
20297;4669;1481528661;12
20193;14934;1481514196;4
7848;3605;1481516960;4
7513;13899;1481527608;6
17023;6128;1481514142;6
6462;4667;1481540505;14
2412;17885;1481547371;6
14698;11905;1481527595;14
5630;16806;1481523190;18
19076;6676;1481548589;10
17800;21096;1481519840;14
4197;15350;1481513675;14
23550;4920;1481512453;8
17231;24239;1481521826;6
15304;55;1481537166;14
8470;6711;1481512103;14
17893;19091;1481527282;4
8984;2369;1481534066;4
11133;27489;1481514929;14
5961;14907;1481517494;10
4357;3623;1481524587;12
8120;19558;1481549431;8
4777;25025;1481543906;4
3781;25196;1481536843;14
3570;1116;1481550673;8
7480;6699;1481536077;6
3507;5357;1481523207;12
26076;21071;1481520622;4
23120;10622;1481515890;2
6926;4699;1481536223;8
1031;27550;1481522133;4
5719;7042;1481541134;16
11112;10015;1481525614;14
20463;4754;1481514571;2
4297;31;1481542410;16
7680;9563;1481528286;14
12246;6893;1481514489;6
1764;25343;1481528403;18
8106;10686;1481519504;12
11119;19889;1481514266;4
6239;12572;1481511857;8
140;20443;1481519986;2
5002;15991;1481550253;10
17265;16847;1481550627;10
2789;24355;1481539483;12
106;25341;1481539744;18
19090;23830;1481530377;10
2157;18260;1481522880;14
11119;4325;1481543432;8
9360;1498;1481523439;12
8240;27453;1481523774;6
23896;19873;1481550080;16
5411;11016;1481551064;8
10531;6480;1481544686;8
2163;1560;1481522268;18
15159;3540;1481537396;8
7770;1087;1481531805;12
17332;10004;1481518268;2
1666;18886;1481529980;16
27175;11201;1481545929;4
25430;9522;1481522040;6
338;13341;1481517767;18
24655;2750;1481526587;4
4812;10094;1481546305;2
1460;23016;1481532536;18
6028;18338;1481518489;8
3953;23349;1481522481;10
23162;17878;1481525670;6
3611;6949;1481510269;14
6701;7437;1481509761;10
24689;3532;1481535024;10
22482;13852;1481534516;16
4331;328;1481518122;18
1518;20444;1481542649;6
10305;12770;1481545222;10
14711;1046;1481534557;4
1270;3940;1481550081;12
25162;5399;1481535008;12
14264;962;1481514407;16
10434;27399;1481511529;14
7517;21373;1481520921;4
23517;21303;1481528512;10
13286;5109;1481514590;8
15033;9670;1481535452;8
1141;4777;1481514005;10
8323;27403;1481539276;2
6389;6796;1481521666;8
14124;6681;1481527412;6
1492;3609;1481511315;10
15999;7352;1481531785;2
14973;1779;1481532167;6
7833;6418;1481525342;14
13288;11806;1481517444;4
4936;10494;1481543572;14
3079;8782;1481521636;18
12317;5418;1481519414;2
7811;4907;1481530581;10
10446;23002;1481529327;4
903;9283;1481542984;14
20370;15102;1481547618;8
15734;9889;1481543464;18
7421;9285;1481517092;8
7143;2334;1481511668;16
25343;2274;1481532223;16
6140;23086;1481512253;8
5840;21416;1481543431;8
9971;24687;1481549413;4
27395;10684;1481510111;16
9364;18809;1481526157;2
1693;11233;1481522523;6
3134;12030;1481525943;12
1578;14444;1481513650;4
7975;1390;1481514901;18
19989;22469;1481522409;4
23752;23347;1481544618;10
20191;2330;1481525594;10
14628;11771;1481523408;16
7933;6296;1481509871;16
24360;6519;1481515788;6
11728;24707;1481544184;18
7392;18874;1481541431;18
1066;27472;1481535429;12
10097;2610;1481529412;4
2383;20602;1481521677;16
2417;14930;1481547936;6
5749;1959;1481537154;2
25177;20144;1481511403;12
2750;6806;1481543862;18
8746;3402;1481531854;2
11745;7912;1481518162;4
8748;23647;1481530738;2
9470;5978;1481533823;12
6599;20787;1481538782;14
11256;15302;1481520386;10
26040;12427;1481524148;12
8415;19272;1481537950;14
25359;6988;1481532312;4
19964;7495;1481517864;2
9017;5084;1481541659;4
8118;11213;1481527679;6
4654;4329;1481521857;6
20295;7615;1481535633;16
23532;16864;1481537233;4
7816;2023;1481526632;2
1267;8590;1481531322;18
18461;11035;1481532224;10
20080;3590;1481550847;18
24423;18424;1481544861;18
8874;8230;1481547086;8
9969;19320;1481535411;16
25382;9531;1481528974;18
8991;9836;1481534428;16
9775;5911;1481548048;2
17413;6861;1481523753;4
15703;12699;1481519905;12
2998;18857;1481532667;10
7462;5364;1481528448;10
12060;3378;1481512956;16
1588;10327;1481520463;10
11854;10639;1481547690;18
18049;7614;1481528459;12
12814;11071;1481520956;2
7962;225;1481530795;4
17507;4904;1481550971;10
5240;6623;1481527864;4
22501;27464;1481528791;6
2522;1631;1481532122;16
3390;27318;1481534854;4
14439;2979;1481536448;4
12642;26169;1481540482;8
5990;4622;1481537844;8
19861;25425;1481526720;18
7799;2381;1481522567;16
113;18883;1481511202;2
8467;27295;1481529912;18
10561;19847;1481549638;18
16180;17548;1481530020;12
24953;19921;1481541880;2
1967;3534;1481512025;18
9952;14700;1481510900;12
1575;20290;1481515706;18
18764;24164;1481515919;2
19911;24695;1481532106;12
962;12771;1481547318;18
11058;5282;1481544391;4
40;1953;1481535941;12
17272;7819;1481539876;6
9105;8302;1481514970;16
4520;10069;1481543425;6
9862;7422;1481547432;18
4185;2753;1481549683;4
27141;8391;1481531195;4
11221;17442;1481531716;8
4191;11857;1481546701;10
18846;1958;1481515261;4
10694;25373;1481538177;6
6889;22494;1481529072;16
21216;10177;1481513597;2
5364;11592;1481525151;10
20302;3134;1481527031;18
11;19216;1481522527;4
12699;969;1481512022;16
5357;11827;1481548696;12
8549;8132;1481542140;6
12415;7372;1481526779;16
1840;11596;1481524522;12
7527;4239;1481539349;16
5423;9413;1481517486;12
9566;1678;1481532160;8
14543;2844;1481536075;6
23305;18892;1481550537;6
6697;5485;1481511641;8
6933;12761;1481532056;8
17566;1372;1481519278;12
2273;949;1481516482;10
8400;10192;1481542145;16
6254;6877;1481520700;18
13810;23334;1481523965;14
14715;20708;1481547624;12
11957;376;1481525455;10
10913;20693;1481510769;4
17004;13290;1481545296;2
19984;23856;1481542538;16
15414;7367;1481535023;16
6439;215;1481509502;4
15305;8546;1481527182;10
1034;440;1481546581;4
4927;1956;1481513856;18
8874;9317;1481542189;6
1776;27553;1481515622;16
7452;27464;1481513509;12
25372;7328;1481521579;14
5027;16100;1481532723;16
12020;24957;1481520146;8
398;86;1481528941;18
12650;9805;1481530977;14
14629;12211;1481549928;6
9884;5406;1481527249;8
22662;23069;1481526476;14
2747;21093;1481546628;2
17444;9679;1481548714;8
14152;960;1481511028;12
6144;11209;1481522250;18
20878;1801;1481547200;18
10694;27429;1481536313;10
17788;5384;1481526785;12
6817;10101;1481532726;4
25189;11258;1481532100;6
21728;27421;1481543045;10
27337;1392;1481550384;14
310;17404;1481526434;18
9513;21838;1481525730;2
26104;15747;1481541353;14
9739;19859;1481538950;4
13871;8703;1481543155;2
426;13788;1481524596;4
14705;1532;1481524695;16
8768;25084;1481546511;2
17021;19779;1481539298;18
4105;7143;1481523016;8
1208;5007;1481528026;12
22662;19420;1481515582;6
11242;13202;1481544326;8
9759;11254;1481522742;18
20996;2843;1481529578;4
2825;24327;1481535053;14
25196;10245;1481510756;6
14911;1031;1481516616;2
5247;5503;1481510657;14
5598;6290;1481549343;14
6170;3740;1481544139;8
9973;11176;1481518664;10
213;20086;1481512905;2
21501;13986;1481527835;6
17151;10694;1481535396;10
4841;12232;1481528600;10
1767;399;1481517931;8
9975;23328;1481542873;12
23024;26502;1481550183;10
6160;2794;1481535747;2
14999;11243;1481522138;18
12139;5419;1481517689;14
1656;16181;1481539093;10
26083;7863;1481544744;18
1879;1680;1481535448;16
4545;3012;1481544996;14
22984;7269;1481537941;14
21279;8527;1481512957;8
22500;8502;1481520335;2
7480;197;1481538553;8
20401;4545;1481522926;2
16307;11112;1481514366;14
16180;2761;1481526917;2
5609;19043;1481533983;8
7569;4023;1481518390;12
1102;21723;1481517499;10
12562;5826;1481544510;10
23865;11940;1481525395;6
2841;26068;1481512558;18
22585;9103;1481535562;16
19856;1532;1481550238;2
7764;1865;1481530642;6
27089;6451;1481539784;14
11696;8471;1481514518;16
21496;17282;1481532049;6
8542;8566;1481525682;10
8522;14859;1481523819;16
1432;2810;1481512366;2
9218;8290;1481534617;2
4053;4262;1481511359;12
6191;26187;1481540212;14
22526;17586;1481530414;4
13758;5122;1481531525;16
23518;25194;1481547449;4
16007;6865;1481516200;12
17046;1368;1481543586;10
10276;3061;1481511585;14
1902;13221;1481525289;10
24249;10122;1481515558;8
8570;2871;1481536496;16
24396;15076;1481512477;8
9491;9844;1481538029;6
27296;22958;1481540723;12
11805;12333;1481533118;10
21227;409;1481547113;10
4328;2151;1481520064;6
20683;20655;1481544447;12
1663;12767;1481532148;14
40;8687;1481540493;16
25373;18080;1481534005;14
27433;12280;1481546101;4
6232;12354;1481533314;4
10324;6831;1481530451;6
23302;4998;1481543847;16
5263;5876;1481540328;12
19550;22641;1481522021;8
14436;5830;1481532723;12
11389;22180;1481511966;16
20938;16317;1481541547;6
9319;2789;1481522176;18
10523;9329;1481520028;14
1357;893;1481521154;14
24680;1488;1481536240;8
26395;6643;1481514291;8
10611;10089;1481548436;18
12315;1399;1481516315;4
22649;1717;1481540502;14
16678;9753;1481512420;16
26084;3012;1481549791;6
2757;15105;1481519039;12
7709;7165;1481522552;4
10326;14577;1481516773;2
7684;2824;1481536053;14
25381;27280;1481533776;12
3561;6233;1481546716;18
1350;10602;1481511815;12
78;336;1481544922;12
9287;9371;1481513542;8
25258;19026;1481539045;14
5977;11697;1481510718;12
10804;18165;1481521746;8
8439;22144;1481549845;8
13822;25508;1481517732;18
3949;7083;1481537983;10
12813;12238;1481540130;14
15028;4994;1481547776;18
16780;3376;1481543183;18
4873;7557;1481515778;4
7646;206;1481536842;6
6355;15781;1481540293;4
26500;22576;1481541264;16
6722;13112;1481517703;10
22999;17377;1481549357;14
9005;1558;1481513993;10
6870;6531;1481541513;12
2177;9113;1481526933;16
2948;14580;1481538643;4
293;22273;1481513433;14
15028;8746;1481547222;14
7006;9505;1481510441;8
16097;11030;1481548736;12
267;5037;1481548983;16
11714;1933;1481532103;14
11778;4360;1481548934;4
4576;7574;1481530831;10
24918;6813;1481539958;10
7978;27448;1481543400;18
8889;5976;1481541355;12
3697;15378;1481525057;6
22146;20369;1481542889;6
27309;9425;1481548523;8
16912;4506;1481542583;2
24935;1747;1481524154;12
5479;23149;1481541280;16
19923;15423;1481532722;4
10415;86;1481533144;2
12914;10109;1481539493;10
8908;23069;1481530742;18
14821;264;1481517486;8
8767;6200;1481530413;16
3924;23173;1481538705;2
20869;5354;1481515545;6
22602;18914;1481513806;6
5804;17146;1481518720;14
27473;20986;1481542950;2
6815;17485;1481520432;12
6916;14893;1481537098;2
4993;8403;1481546294;8
12742;14583;1481534493;8
5757;27463;1481538988;6
2116;909;1481529982;8
4234;7519;1481543830;18
9769;6256;1481514911;16
2132;20990;1481530511;4
74;16836;1481512828;10
3907;24687;1481541002;16
10606;23884;1481521878;10
6329;9761;1481510863;12
12280;9390;1481523996;6
192;23106;1481532408;2
20575;12029;1481512211;8
1440;6374;1481535801;2
1904;9329;1481516083;8
24138;7843;1481545255;12
11267;9423;1481517607;14
27295;22259;1481524039;4
1684;3990;1481528992;12
10074;7591;1481539026;12
19058;11019;1481532822;16
8911;15750;1481532292;2
27549;3703;1481541506;2
4046;6031;1481519410;6
6838;1699;1481511535;8
3449;8837;1481548560;4
5945;25391;1481521314;16
1456;15013;1481526812;18
2767;13861;1481520216;18
18209;18868;1481518836;18
12591;3411;1481547480;16
22959;20970;1481534085;12
10547;12572;1481550148;12
1290;352;1481529809;16
9751;7002;1481516127;12
7617;8414;1481542115;8
16042;18908;1481542899;2
14708;2390;1481519794;10
8545;3897;1481510930;4
27343;26207;1481520720;10
11746;8335;1481548801;18
19888;17460;1481542979;4
3031;3568;1481541153;6
22430;281;1481519010;2
19829;2130;1481514194;8
9865;8963;1481512572;8
318;14587;1481533110;8
9478;25512;1481542758;18
3755;15513;1481510177;4
12121;6130;1481545085;10
25503;8802;1481519962;14
21383;2364;1481534449;18
1845;6379;1481516833;8
12765;13812;1481522676;12
27457;9304;1481526922;6
9262;2330;1481534027;4
23357;6820;1481530126;14
12696;14142;1481526952;12
8960;8327;1481542667;12
1175;20326;1481520815;10
4759;11364;1481539139;16
5004;5863;1481543066;4
27159;12185;1481510865;10
16780;20104;1481543685;12
21799;12818;1481550665;8
1700;6681;1481519570;16
27382;1157;1481527753;2
8883;21078;1481550436;10
2142;1620;1481530285;4
6477;15985;1481522499;12
9563;6444;1481534050;10
391;5875;1481534714;6
4281;5518;1481513766;12
6909;15754;1481527970;14
13792;8237;1481510134;6
423;3001;1481511478;12
1665;180;1481512382;2
10916;12749;1481521076;2
14260;17263;1481545481;16
8827;8380;1481529681;4
7863;1130;1481550246;12
15737;7038;1481531777;16
27376;18879;1481512571;18
7592;13345;1481541802;18
4944;1108;1481545337;2
12764;1957;1481532728;2
23549;7525;1481533906;18
20518;11622;1481532807;18
23666;6958;1481526108;18
8466;9405;1481511964;14
11119;23164;1481547701;6
27323;4550;1481523510;10
20076;14209;1481533580;14
20044;13203;1481550475;12
20983;228;1481543381;14
19543;12177;1481519356;16
20074;7053;1481549990;18
79;25440;1481528722;12
2344;4302;1481513970;18
10247;24257;1481550892;8
919;4593;1481544465;12
4777;11620;1481512878;4
9219;9681;1481551056;18
8759;20976;1481540251;14
1501;17146;1481549788;18
7433;962;1481531211;6
5296;4606;1481531536;2
3095;12033;1481512153;12
20336;8929;1481539544;14
1560;3008;1481526703;2
7915;9437;1481521314;18
3134;8429;1481517601;4
6549;8510;1481535361;16
10509;7538;1481529111;4
10271;7551;1481514707;6
20928;8648;1481539705;16
4336;10406;1481539114;10
18107;6167;1481528294;4
6371;6589;1481541780;6
8704;9208;1481521453;4
6361;26148;1481535873;12
9685;20446;1481525504;6
23023;3274;1481518452;16
19723;27186;1481526943;8
27019;4551;1481523063;18
180;8301;1481543308;16
19218;1515;1481518897;4
5507;6948;1481536575;4
22928;14243;1481536501;14
4509;3413;1481548524;12
14633;10655;1481515785;10
1101;4517;1481543505;8
19753;15754;1481527187;18
1744;19310;1481542428;16
9874;6273;1481532379;6
7619;5021;1481519419;12
15784;22585;1481517802;14
8402;6440;1481529169;16
10001;2998;1481532602;12
21233;16827;1481528784;6
19969;14559;1481521910;14
9190;7487;1481514924;18
4227;1702;1481523040;10
17405;19737;1481539637;14
21746;3740;1481540012;8
6430;3542;1481517072;6
19232;1;1481517079;4
23086;17583;1481532179;6
12142;26204;1481542944;2
3649;21303;1481531065;6
16181;7401;1481549494;6
22487;16097;1481549224;6
8152;5958;1481522747;8
229;15298;1481534354;6
3395;26149;1481526538;14
15230;7049;1481543283;8
15118;17395;1481534662;12
281;20425;1481534494;4
5393;7012;1481521740;18
20067;1837;1481546373;2
10224;4262;1481517323;4
9513;20972;1481519879;16
3613;12763;1481543200;6
1487;8763;1481523989;12
1138;4212;1481515126;6
94;320;1481527215;8
18314;10551;1481550670;14
9321;1891;1481515642;12
10386;27481;1481541866;14
5692;7138;1481511527;8
16362;4876;1481526973;18
5715;10822;1481522967;8
7779;23850;1481524074;10
14808;4547;1481538555;6
12240;15992;1481519881;18
19917;10324;1481517923;6
8109;3248;1481523402;16
14433;6235;1481523410;16
5408;13186;1481510277;14
24088;209;1481529628;14
9839;23140;1481532995;12
10319;1685;1481533567;10
6122;17395;1481547039;18
10201;23049;1481520461;18
8498;5376;1481523353;6
6941;963;1481546191;2
9938;5771;1481517613;14
21361;314;1481529421;12
20955;7488;1481517100;8
15025;1176;1481521971;4
12321;2277;1481515503;14
16188;8512;1481511494;18
27551;23738;1481549950;10
26317;4644;1481512088;2
20791;6947;1481510412;18
12745;351;1481534955;6
24709;1141;1481535385;8
5918;25246;1481510722;12
9028;8023;1481516157;10
15298;1503;1481549293;6
17281;887;1481534023;12
1362;250;1481544937;2
13124;10911;1481514925;16
22995;14157;1481538801;18
1662;4544;1481538641;16
26207;23849;1481519192;10
27209;19847;1481513945;10
27380;933;1481522877;12
8945;14556;1481514956;4
2174;7425;1481534602;6
19753;11;1481533417;4
24063;13080;1481531431;18
6663;14135;1481546033;2
21805;21808;1481545271;2
3546;6420;1481514853;4
18806;3248;1481516129;12
8782;6572;1481516446;10
1220;10878;1481513224;10
20455;11693;1481527783;6
7958;6372;1481549271;12
1356;19495;1481520003;18
9777;7017;1481544151;18
23334;8991;1481545936;12
7258;242;1481523047;10
16134;16181;1481550427;18
1912;9063;1481551039;2
17275;5868;1481546331;8
17470;15312;1481510554;18
19219;7253;1481546253;4
4032;396;1481547960;16
9996;3546;1481533179;16
5548;1173;1481544716;18
22266;1993;1481549762;16
21719;11807;1481535248;12
4726;3407;1481549178;16
11026;12137;1481549398;2
1167;20895;1481537621;16
27098;4327;1481531064;10
563;10262;1481532391;6
5082;10474;1481532079;10
9001;9257;1481543446;4
5283;9469;1481531803;2
20195;14920;1481535704;4
112;8825;1481532057;10
15308;4301;1481531626;12
5701;18152;1481533904;6
19528;4226;1481520339;10
5260;9790;1481519472;6
15473;22483;1481529143;4
12426;25291;1481546625;14
17463;17513;1481531013;2
7440;6950;1481529012;10
1727;27263;1481544808;4
24981;23634;1481518314;10
23123;8996;1481539302;2
6007;27178;1481530260;18
1363;20050;1481519303;10
956;7640;1481534763;6
7794;15783;1481542034;12
8164;27462;1481528723;16
3688;22500;1481518221;16
20137;7056;1481530714;16
27311;7325;1481511893;4
5607;21481;1481548737;12
9783;8572;1481533869;4
10201;7814;1481540218;2
4706;6653;1481546460;2
6858;16141;1481548039;8
11612;9530;1481524849;12
21084;15961;1481511133;10
13758;5818;1481523044;10
2868;17862;1481547737;16
4963;6851;1481534863;10
8398;22531;1481527568;4
187;3728;1481515078;10
5644;11042;1481512185;2
1984;5874;1481530587;6
5411;14782;1481540058;8
13808;1768;1481524839;8
10814;18808;1481543183;14
22928;24376;1481543302;4
7260;9214;1481517418;18
17387;4266;1481532698;2
20119;27011;1481547641;4
17440;7684;1481526718;8
9470;5843;1481517009;10
26187;5724;1481510346;12
1426;6584;1481522892;16
11214;26161;1481542675;6
9433;10782;1481547475;12
9527;9736;1481547915;16
18817;4656;1481549591;6
1030;25195;1481531562;16
22306;394;1481520750;12
22651;27332;1481512307;2
324;9856;1481511944;6
11795;7086;1481533085;4
13772;26482;1481529140;18
25431;9394;1481532897;4
6135;6561;1481524878;6
24714;27179;1481533159;14
17154;27052;1481531329;14
7557;23335;1481532708;14
4600;10125;1481539208;8
11668;1593;1481542929;14
20261;15162;1481531481;16
23823;10037;1481510058;10
2875;17474;1481538928;6
8939;1037;1481547026;6
10539;3349;1481514562;6
24921;26211;1481542697;2
6646;6780;1481538733;18
15230;186;1481511486;10
7421;5264;1481532316;6
7400;9663;1481522079;8
1349;4594;1481513314;12
16905;1987;1481548737;8
10698;3627;1481512941;18
5614;1942;1481549167;2
1245;12631;1481528974;16
6469;5806;1481529429;2
1656;1390;1481547578;4
8832;21389;1481537622;18
9895;6265;1481546226;10
10029;4667;1481530130;14
16912;15322;1481539476;14
5379;21737;1481520932;18
17871;7391;1481519023;18
11155;14797;1481514453;4
9205;17514;1481529132;16
9676;19873;1481523824;12
1863;2116;1481550581;18
1259;1423;1481510527;6
10712;1672;1481519666;4
11896;2370;1481522541;18
23021;14927;1481510458;8
12421;14128;1481537515;18
8030;11699;1481520272;12
22995;14229;1481518835;14
19581;1881;1481548945;10
6669;14624;1481543852;6
1517;1885;1481532917;18
7809;16914;1481550272;10
21720;9469;1481547167;12
53;26149;1481513493;12
9408;17878;1481511353;6
9446;9997;1481511972;18
14874;1413;1481545314;6
21729;24442;1481515560;2
3969;24984;1481545512;8
4191;22177;1481537289;8
1452;4741;1481543098;12
14194;278;1481527397;4
7072;4857;1481528179;10
12162;7865;1481532032;16
1878;16034;1481529231;8
16318;27411;1481524382;4
8934;5637;1481542956;10
12226;9801;1481529260;4
21497;6696;1481531784;2
17573;4856;1481514951;12
4211;1856;1481521582;4
24347;21415;1481532011;8
1511;16803;1481549310;18
4743;5397;1481524268;16
20906;6010;1481526787;8
1195;5052;1481537290;6
4282;15380;1481509688;12
25069;7264;1481545070;6
18347;14446;1481546554;18
3971;19934;1481517867;6
27268;4036;1481532238;8
15025;2274;1481519600;8
13204;6022;1481551104;12
1697;23864;1481547295;12
5469;23452;1481542316;4
15188;27544;1481545014;12
6789;8386;1481520343;2
8320;18900;1481531905;4
7406;350;1481531522;18
7517;7957;1481516102;2
4485;6620;1481547359;2
5888;23159;1481537697;8
19815;12368;1481527799;10
24369;1090;1481535422;12
6715;26482;1481544064;14
19288;10877;1481522683;16
4032;12627;1481549248;10
7916;22602;1481532813;4
4185;13985;1481516828;16
4298;27299;1481543195;16
10721;3964;1481521415;8
4193;4237;1481519627;12
1148;8363;1481550262;18
20947;16802;1481536200;6
8301;6579;1481536940;12
26471;12405;1481543220;14
2452;7595;1481548931;12
1928;319;1481515269;12
9964;5396;1481527004;6
8865;4905;1481537088;6
25067;3219;1481513239;12
3087;3340;1481549992;16
279;17575;1481545113;4
19900;19944;1481550529;12
8817;8280;1481528097;10
15005;21736;1481545677;6
399;17009;1481534805;18
7937;23517;1481529849;10
17550;2037;1481511142;18
9890;23161;1481540227;8
16204;9828;1481515579;6
55;22293;1481526981;10
5643;21306;1481535363;8
10263;5906;1481521603;12
8952;22473;1481521979;2
262;7861;1481509637;10
9058;18082;1481541042;4
24584;8392;1481548792;16
7563;25069;1481514256;8
9164;8436;1481519030;10
19556;17460;1481527727;4
4987;2397;1481520613;2
11635;1055;1481518143;10
23753;9710;1481524014;2
3925;20527;1481510020;10
25175;20083;1481529772;6
22931;19763;1481528149;10
16037;9114;1481548800;14
20131;19089;1481539379;6
21376;14905;1481524236;4
5765;19834;1481509556;10
7451;27378;1481514054;18
4625;1336;1481540353;8
10264;4570;1481511177;10
15079;8480;1481518309;8
10772;4021;1481534132;6
15475;22496;1481531755;4
7276;20040;1481519977;16
7866;13874;1481524247;14
14929;19860;1481522023;8
17771;1110;1481511025;6
8378;23340;1481540376;10
5487;141;1481536925;4
1201;25377;1481524424;14
8194;6574;1481532728;10
15224;1131;1481532357;14
11388;7318;1481525177;12
11375;6313;1481535822;16
11208;8949;1481537372;4
5089;23119;1481520309;8
26070;12136;1481544497;12
6249;3910;1481549700;12
2645;7452;1481538183;8
18963;9427;1481515308;6
14247;5431;1481542308;2
20121;3912;1481538654;12
9223;5023;1481541607;12
26072;20481;1481546185;2
7267;26070;1481550979;2
11240;12567;1481536248;14
4347;17334;1481528799;12
13889;1311;1481547067;18
16656;27293;1481528486;8
3716;7100;1481526845;18
4294;1042;1481517836;4
2948;14552;1481525859;8
1696;17891;1481528356;16
5887;19284;1481516828;10
7033;18805;1481511947;16
2132;9862;1481541667;16
27391;3375;1481509609;16
21228;15122;1481531445;18
925;25058;1481526935;8
19851;6221;1481515013;2
15352;27379;1481528865;8
20979;10239;1481542231;4
10223;5280;1481523972;4
11771;24673;1481545506;14
26373;25434;1481548717;4
11608;6594;1481530262;4
11064;23019;1481512321;12
25291;2335;1481531358;6
17423;14924;1481511611;2
9953;13345;1481537263;10
10582;1704;1481514326;12
18082;24164;1481542230;2
21097;11149;1481544667;12
15081;299;1481509860;10
14003;10022;1481520058;12
3714;25405;1481547794;16
1313;104;1481509647;8
7339;21089;1481518906;14
15247;17269;1481510638;2
8394;20531;1481520761;12
6728;3982;1481515520;2
5404;26203;1481548116;10
7038;11225;1481529414;2
20520;309;1481549930;8
17250;14554;1481521016;4
24469;5993;1481534392;18
5520;12311;1481510607;14
3740;2134;1481521770;12
7076;4015;1481511899;8
16302;14655;1481527485;8
10717;8119;1481548929;18
9832;10889;1481549584;14
6416;12412;1481527929;18
4864;24662;1481537282;14
12221;12413;1481540520;6
5101;6819;1481542917;2
3572;20065;1481511681;12
10674;15301;1481550275;16
13199;6728;1481537916;2
2361;27465;1481522991;8
7799;23751;1481548842;10
20520;23179;1481540049;18
9879;4625;1481540811;8
17894;7613;1481535387;18
19550;19493;1481518567;16
27410;27399;1481541049;10
15765;22550;1481529743;8
5976;6701;1481535833;12
408;24446;1481542926;16
2773;686;1481533405;6
19804;142;1481523443;16
4183;9328;1481531781;12
3699;10515;1481524475;12
4855;1533;1481532267;12
11223;7762;1481540294;2
14936;6326;1481510427;18
13945;14620;1481538637;16
6440;23014;1481538551;18
1257;1907;1481521348;16
4814;13213;1481524338;12
7294;15298;1481549177;2
5845;22159;1481525021;6
6164;7147;1481537089;14
15085;3368;1481525633;8
1006;3572;1481524848;4
23158;26072;1481533867;6
4333;5085;1481512263;8
15762;2124;1481517907;4
3586;25050;1481532864;16
3091;22644;1481534654;4
9956;9286;1481534431;6
14006;17149;1481522775;8
6631;6928;1481528299;12
3590;21413;1481547215;8
10515;3693;1481542224;2
3088;11703;1481515385;16
8492;12700;1481531167;4
11216;19916;1481546139;4
2798;3532;1481510398;2
2018;3125;1481536097;6
2893;8890;1481523976;2
1605;12745;1481528162;10
3778;6183;1481549403;8
4281;8348;1481533762;6
23317;26155;1481527986;6
15464;11940;1481534434;2
1358;9848;1481532155;16
9426;7163;1481519074;14
8883;12404;1481548464;2
55;8454;1481524397;2
1262;22931;1481541275;4
956;5052;1481526245;18
18264;11248;1481518109;18
6732;6237;1481533864;16
27055;3694;1481527132;6
2931;14574;1481527855;16
19866;7591;1481546781;14
10695;11602;1481520217;4
4773;5980;1481547056;14
5377;9396;1481527210;14
23630;9678;1481538157;4
8881;1426;1481548672;2
25390;9800;1481519428;8
22449;6303;1481512324;10
9300;18865;1481526273;10
9435;7060;1481514926;16
8798;27041;1481541081;14
14549;3010;1481545124;6
23750;4581;1481524632;12
9294;20365;1481545988;14
19829;5970;1481546829;8
8963;7166;1481524588;14
11159;9487;1481535129;14
14128;9570;1481529140;6
18050;6255;1481514984;2
11253;17470;1481543780;8
10551;9999;1481535464;14
27279;11625;1481537460;14
20135;7188;1481526738;16
5996;23856;1481512481;6
5881;9974;1481514217;10
4692;10543;1481529199;4
23856;16197;1481546854;18
13495;7186;1481546981;2
15310;7137;1481542447;4
12580;5420;1481536278;10
5803;1454;1481523929;16
13884;4242;1481540105;2
12427;14495;1481534800;14
15379;5346;1481516328;16
25048;4294;1481529844;8
8566;424;1481525098;10
10916;4565;1481517545;4
15755;6900;1481514996;18
10515;20189;1481525714;10
10219;2141;1481547714;2
8106;7402;1481519135;10
17135;11117;1481546966;2
16819;8692;1481523068;18
8421;8908;1481541714;16
1643;23531;1481513303;2
9393;7389;1481512225;2
7437;15248;1481528652;6
20900;10916;1481549425;4
9356;42;1481520236;10
27474;16121;1481547368;10
7007;6203;1481541776;12
2841;3625;1481531440;4
21481;18861;1481519030;12
1814;22496;1481522161;16
20156;10030;1481547336;16
5388;2340;1481537783;2
356;3506;1481515434;8
11101;4522;1481550209;14
18818;8418;1481545849;16
11829;2123;1481550777;14
8174;18436;1481510904;8
3370;20370;1481521302;18
11019;21226;1481514001;2
18355;27284;1481534361;10
10357;7312;1481534014;12
20485;9228;1481517404;14
329;8108;1481536985;18
1265;15032;1481540986;14
6998;11478;1481529605;12
27127;13909;1481521109;6
2374;8523;1481520906;12
1414;23365;1481525957;14
8003;11993;1481547839;18
1101;19872;1481517398;14
22582;6622;1481549656;4
19752;10260;1481538474;4
10115;4043;1481543112;8
7972;15020;1481542308;8
14573;17454;1481533270;14
17903;15448;1481517686;6
10494;9685;1481516891;18
21383;4919;1481539370;10
21317;16189;1481547420;14
15407;1343;1481542098;10
7294;20599;1481533481;8
27205;11096;1481543874;16
19210;27030;1481517983;10
2389;17266;1481522059;10
365;7966;1481531261;4
17252;12403;1481549200;4
5441;27085;1481540025;16
6658;15002;1481529621;18
3047;10230;1481528422;12
20298;5948;1481533719;10
19812;5475;1481534337;14
25189;5596;1481510536;6
9223;7896;1481520240;16
12065;17574;1481540255;16
7313;20302;1481541891;18
24277;24738;1481525939;2
7280;26148;1481517299;6
7535;12619;1481518051;10
405;4592;1481511468;16
20123;21288;1481545296;10
12420;10538;1481533650;6
10421;23175;1481539972;10
23647;8695;1481526803;18
6977;23450;1481537251;2
1546;7568;1481514312;12
23333;10543;1481543715;12
10715;10603;1481541647;14
19498;156;1481523196;16
3975;14621;1481539511;2
14793;22268;1481529871;6
27021;6175;1481514643;10
9416;17148;1481518721;12
16014;10739;1481519049;18
4188;2836;1481535263;8
5745;3698;1481543838;18
8767;1959;1481512651;12
14495;2278;1481531798;16
321;247;1481544525;16
20024;4932;1481522900;12
91;8689;1481527489;6
5722;1193;1481518233;12
1451;8638;1481526980;16
6415;27056;1481530852;10
15031;14254;1481539261;16
17593;8369;1481534091;10
9649;11216;1481528247;6
8582;9423;1481531202;2
11236;27487;1481537247;12
305;1607;1481516459;2
15926;6227;1481520515;16
5991;4284;1481550570;2
7168;27016;1481522148;12
9898;3585;1481511348;8
10380;25250;1481517247;14
7596;23055;1481549476;8
6370;26163;1481539261;4
1739;14497;1481518520;18
2841;24162;1481525573;6
11389;8536;1481512898;14
13928;5768;1481535991;18
122;13798;1481520126;4
19938;1676;1481515866;14
11948;57;1481543323;18
303;1655;1481537590;6
7782;5240;1481521314;12
3713;43;1481522271;8
12412;8126;1481519698;16
9995;8367;1481524492;10
27471;20093;1481537213;16
6364;1723;1481519118;18
27173;128;1481521963;10
220;12237;1481549767;10
7397;4859;1481538240;8
2417;6683;1481548075;18
6313;3047;1481515862;16
3413;3917;1481545452;16
966;20081;1481515430;8
3616;12116;1481510402;4
10999;10546;1481539699;14
3599;3750;1481525863;8
22938;22500;1481517741;18
9473;2428;1481511237;8
3462;4991;1481518972;14
7933;391;1481543824;4
7946;10735;1481509629;12
1387;4843;1481523705;4
25390;19959;1481532429;14
6814;15091;1481536959;18
1410;1455;1481538327;14
10307;4550;1481532658;10
15324;343;1481527464;12
23058;2384;1481529939;2
21720;25528;1481514341;10
8181;7294;1481543406;12
1261;14800;1481515947;6
11261;14917;1481523781;4
397;21454;1481533941;14
7483;19269;1481550387;14
20292;10075;1481547189;2
11827;14986;1481519697;8
10200;1492;1481548932;12
14925;5847;1481529209;6
21747;16098;1481520449;14
19088;4287;1481539060;8
25048;3648;1481515612;2
11479;2982;1481545844;2
1279;6622;1481522840;8
325;23614;1481534499;6
1218;27546;1481538191;16
11179;7913;1481530932;8
10575;12743;1481524615;4
8033;8133;1481524226;12
16008;8598;1481535690;16
7646;10725;1481539194;4
1724;4241;1481532736;2
1933;1357;1481546847;8
1276;15739;1481525248;10
10007;17412;1481512324;4
7109;8704;1481533925;8
24357;17240;1481512695;10
10004;4959;1481522777;2
17288;15347;1481521889;14
17359;4732;1481526192;10
122;917;1481524143;14
10834;4324;1481521159;14
22923;17471;1481531526;18
3295;8187;1481516680;6
9518;6643;1481550432;18
27187;10768;1481529089;16
5080;14568;1481531504;18
6177;10218;1481509961;4
9895;3921;1481542201;16
4590;2765;1481511008;16
8900;10851;1481545231;16
6937;6786;1481537124;18
8130;8023;1481523098;8
15244;3400;1481541485;6
34;5890;1481515404;4
1637;3007;1481546174;16
9852;12921;1481540304;14
18844;5491;1481528791;14
7442;19276;1481525515;16
22273;26304;1481542598;12
17198;11870;1481518173;18
14585;1400;1481524713;10
18892;11143;1481530231;18
18889;18335;1481534574;6
8486;24392;1481548679;18
4751;6319;1481537744;2
23815;20010;1481541509;18
9508;9162;1481537623;6
19837;20878;1481512340;12
9669;1713;1481541616;4
8152;10686;1481516162;14
5471;2806;1481530171;14
11133;1428;1481549377;16
7098;11945;1481525073;18
5613;8802;1481538162;6
6656;9813;1481521259;6
2910;13081;1481517313;14
12347;12770;1481518249;4
25232;1854;1481529341;10
3991;9369;1481538252;14
17883;1073;1481516953;2
25269;6017;1481513133;16
2452;2755;1481510883;8
11412;1187;1481522730;10
17539;17211;1481524031;4
12654;20111;1481533594;18
22650;10653;1481536850;8
27058;10258;1481521827;6
6189;7016;1481526098;16
7713;5976;1481520746;6
6596;5931;1481522337;4
17848;10248;1481527984;2
3926;14904;1481517120;18
19971;23076;1481535425;4
6293;26471;1481551046;8
10072;9455;1481539912;6
10545;6020;1481527301;14
12409;27202;1481523602;10
22921;2981;1481535953;16
6975;24965;1481548434;10
2611;296;1481513869;2
24674;15513;1481533242;2
1037;27195;1481521024;4
11104;9191;1481538632;6
27208;10187;1481524885;14
26219;5649;1481515792;14
16811;3956;1481526249;2
3936;3029;1481536626;10
21489;17299;1481520032;6
12015;14118;1481526213;12
9137;6276;1481550822;12
16134;6857;1481523434;2
27036;10801;1481513027;12
8558;4692;1481529979;14
14583;2164;1481549532;2
8537;5402;1481521511;8
4211;22645;1481530007;12
7294;7643;1481536734;12
9956;11745;1481515252;16
7823;2287;1481515500;4
8135;9809;1481519510;12
22460;26040;1481538793;8
12064;10619;1481510082;6
19758;22444;1481548307;6
9060;4327;1481541701;4
3272;6886;1481533241;10
8251;1130;1481513479;16
18764;16883;1481540736;18
12407;10192;1481514804;6
20636;24622;1481551044;8
20414;6608;1481521158;16
2877;23650;1481546355;14
6939;2157;1481540930;6
4810;3593;1481514740;10
12943;11112;1481518732;12
128;2170;1481542820;12
1574;23549;1481547049;12
3594;1593;1481511290;14
563;27416;1481525582;12
7016;7885;1481523440;18
13286;19763;1481512354;14
14780;4273;1481523289;14
1768;6396;1481546997;14
2979;2127;1481536500;8
8542;1969;1481511364;14
21461;23517;1481542015;16
24413;11179;1481547764;16
1174;3898;1481547979;4
4213;18195;1481541370;2
1665;2749;1481529722;10
375;26471;1481545685;16
6833;4576;1481531714;14
19312;6373;1481519611;18
7157;3991;1481534986;18
14651;26098;1481529030;6
20418;8024;1481517864;14
1221;2775;1481518124;8
11110;9628;1481526503;12
22313;10026;1481543138;12
16932;2978;1481517643;8
21728;435;1481510711;18
13784;10187;1481528364;6
20970;4691;1481514453;10
7058;1294;1481526786;6
27087;6293;1481536970;12
10283;9679;1481523639;4
5718;103;1481528235;10
1332;2868;1481528478;2
24737;1512;1481544873;18
4041;7878;1481539696;2
6212;352;1481544468;12
11946;6547;1481521578;2
13002;20688;1481513190;6
19964;11177;1481516346;14
1675;18810;1481527920;4
7980;19760;1481546254;6
18835;25087;1481521753;14
4260;3011;1481512939;18
6434;5551;1481546068;10
20068;12181;1481531072;8
1984;6725;1481511693;8
1913;958;1481533439;16
15353;8818;1481535247;10
12142;7608;1481542357;14
8650;12280;1481518823;8
7563;286;1481516574;18
13004;13783;1481519494;6
27020;10250;1481538628;14
2143;5334;1481540070;12
24842;12417;1481550486;14
23113;10190;1481532907;16
1207;23548;1481532994;14
20794;9359;1481536806;14
13562;3294;1481548175;10
17471;5713;1481536216;12
14514;25265;1481532291;12
9959;11057;1481523791;2
20523;13297;1481543832;4
2143;17036;1481512720;4
9491;16982;1481548564;14
20414;27006;1481538031;10
6017;8892;1481532975;16
6414;9863;1481534601;14
411;143;1481513835;14
9560;20089;1481544171;16
4193;23519;1481545533;18
6298;3986;1481538243;10
15216;13286;1481543615;4
7333;10533;1481511027;4
10366;2419;1481537386;16
13;6622;1481547438;10
6611;4838;1481540984;16
2815;11694;1481512259;16
12116;1837;1481528352;4
19881;12087;1481515539;16
271;4771;1481513781;12
23622;2988;1481538944;16
6487;4276;1481534016;8
25187;6639;1481519370;12
11220;3981;1481545144;10
1861;6295;1481540414;14
2284;5978;1481539736;12
13114;11622;1481525758;12
3568;9394;1481547262;18
10647;335;1481544621;16
23158;9827;1481537296;8
14288;7244;1481511741;6
20049;14403;1481526607;6
3068;4945;1481518126;16
2815;13;1481543797;8
7835;7885;1481538136;18
10495;13345;1481538447;8
347;14636;1481540529;2
11105;22964;1481511125;2
353;22482;1481543735;8
2402;11857;1481528130;12
5121;6841;1481544692;8
1635;8438;1481550664;10
23850;1935;1481518382;8
19576;22270;1481510335;10
6852;21480;1481518042;6
4805;1143;1481517449;12
5706;1340;1481537160;4
1022;4296;1481522127;4
5023;20572;1481537751;18
3538;19878;1481534025;14
22961;9546;1481521994;12
4281;24952;1481544128;8
6586;13758;1481520313;12
9771;4181;1481542688;6
4539;13924;1481518303;14
22447;1680;1481513763;14
2399;27290;1481535070;6
8695;5511;1481520808;2
8581;24724;1481544637;2
16916;4527;1481548269;6
8552;3956;1481550747;8
14795;99;1481523150;4
14693;8250;1481517939;8
25379;8504;1481550566;4
10367;24254;1481515320;6
16535;1335;1481538071;2
18201;4578;1481529491;8
19053;14573;1481548108;2
16912;7886;1481520973;10
1431;8692;1481545844;16
17283;14980;1481539522;2
1011;4325;1481517066;12
5036;20827;1481550696;8
20098;22968;1481549516;8
17539;12135;1481547320;4
3287;25000;1481543856;14
2752;256;1481531003;4
24952;12775;1481548104;14
20290;5954;1481538249;12
1690;15369;1481535942;2
6526;11001;1481548477;2
20024;13859;1481523167;12
3004;14132;1481515705;6
9405;8563;1481527018;8
4356;13873;1481547746;10
23320;5872;1481550930;14
3594;20411;1481535805;6
9486;19040;1481514211;16
12057;9358;1481545944;14
17375;22312;1481521894;4
24255;15188;1481524916;16
10000;10923;1481514862;6
1117;6150;1481518187;4
6156;7867;1481532178;16
71;10703;1481544422;14
18914;26145;1481514492;16
27036;3612;1481521742;18
18862;344;1481523418;18
329;27521;1481549838;10
5404;8565;1481528573;16
18842;11601;1481547874;14
4735;15987;1481530870;4
11212;27481;1481549927;2
4548;5681;1481520151;8
5592;1688;1481540130;8
12401;6801;1481532565;2
19273;5430;1481542480;8
1122;4694;1481529971;4
5028;17049;1481537221;12
1442;1398;1481524447;10
1196;9845;1481517437;8
4958;24451;1481534678;6
10546;18301;1481517131;6
27088;9002;1481524874;2
9892;4221;1481543422;18
13869;1157;1481537159;4
23;20138;1481510293;12
11714;3488;1481514955;14
10846;11088;1481539070;12
21089;5647;1481550297;8
7477;3985;1481548285;8
9484;14880;1481509991;16
998;19028;1481514614;8
22995;8095;1481518146;8
25501;11105;1481532922;4
3273;909;1481521112;12
10193;5284;1481543924;8
7047;3079;1481543535;10
23548;5936;1481528991;4
1721;6145;1481521431;18
2158;22161;1481521628;10
3491;4244;1481517147;2
13826;18821;1481527136;14
14002;8933;1481541239;6
5902;3592;1481513141;14
1924;3352;1481516283;16
1085;8576;1481515071;4
139;14182;1481531968;8
5898;3021;1481514961;16
17309;26500;1481544844;16
20609;52;1481548195;12
62;18463;1481540640;10
25516;11698;1481548727;14
12115;8974;1481534613;8
4021;18880;1481545209;10
12090;14872;1481510320;10
8107;12315;1481521524;6
12518;19199;1481530572;4
13971;1145;1481521285;18
16891;2823;1481544155;18
172;8633;1481536448;14
7167;18263;1481517437;16
6188;27030;1481543846;2
14219;22603;1481544666;2
409;3060;1481529342;12
23523;20985;1481514640;8
7602;7008;1481544317;12
26308;1320;1481512374;2
9525;24126;1481547659;10
23337;4808;1481536510;8
17053;5393;1481544667;16
26188;8933;1481530903;18
4331;27143;1481511937;4
8340;10459;1481539985;14
1223;1328;1481534895;16
2022;19789;1481549035;18
7401;6300;1481530863;4
5935;20463;1481533623;8
255;20773;1481549466;16
19937;2142;1481541321;18
8432;18808;1481520666;16
2890;7002;1481520498;8
27030;11015;1481519000;8
5868;13977;1481550439;6
5081;4903;1481538808;2
1730;18040;1481550396;12
19286;21379;1481537575;16
20098;3381;1481528585;6
14820;12064;1481532019;6
6175;7013;1481536848;4
10726;10911;1481534161;2
1347;3911;1481517151;2
10212;4844;1481529154;14
9306;3459;1481530077;16
21069;9802;1481516426;8
1186;16916;1481519561;2
27088;21802;1481513670;12
1892;1046;1481517838;6
2322;1027;1481516732;8
13822;16143;1481546016;4
8914;22293;1481534624;6
20862;11408;1481548542;16
8961;9253;1481547366;14
1076;14586;1481540247;8
12868;1152;1481531903;12
7513;13124;1481530218;18
5073;1602;1481534319;14
3905;8384;1481516247;14
8235;19064;1481525965;16
11226;3160;1481540644;6
18822;11771;1481533133;4
1332;11005;1481534709;18
2802;8021;1481521135;18
6861;2156;1481548368;14
12585;10263;1481548237;4
18876;7613;1481538456;14
7315;12406;1481525680;18
9846;9992;1481524411;10
11085;12519;1481549246;6
3256;17211;1481517043;12
11152;11986;1481521302;12
11058;9465;1481511697;6
5686;7642;1481528001;2
26169;18342;1481527250;6
8550;4920;1481545064;16
25001;6127;1481529540;18
20848;18348;1481548324;6
25;19832;1481547300;16
13187;24939;1481537426;6
11821;8756;1481528978;2
12239;9564;1481537224;18
10204;27556;1481548907;4
10081;12767;1481525295;16
5849;4216;1481544772;18
4641;16042;1481518635;4
19068;10651;1481511275;6
19718;6645;1481539598;6
12214;10082;1481524338;4
1707;24062;1481509636;4
990;5120;1481547352;2
27281;8567;1481548789;18
7520;10187;1481546192;14
6396;14935;1481510553;10
1352;20999;1481518610;18
21482;24965;1481510478;16
8130;8129;1481520755;4
13773;15414;1481518360;8
5972;162;1481518699;8
8833;11251;1481525681;14
15787;8285;1481546087;2
14550;5357;1481547428;6
16884;5047;1481529741;8
5925;9737;1481516272;8
8298;23350;1481515459;18
19507;10876;1481546588;10
16135;8574;1481544958;18
23619;1930;1481550379;6
11115;7425;1481539853;16
3017;6688;1481542275;12
12560;8306;1481548271;4
13818;17395;1481549317;14
5033;6255;1481541610;10
1085;6123;1481527834;18
20353;20968;1481548726;12
10193;25021;1481515810;12
5040;11558;1481550894;10
12032;5518;1481548082;6
14660;10604;1481530319;8
10651;15287;1481547837;8
210;5774;1481510250;10
26476;16121;1481514097;2
7867;13904;1481525358;8
6467;24749;1481521862;16
11067;1624;1481539631;4
353;11771;1481515504;14
1035;9516;1481515015;4
17298;9802;1481517877;18
16293;10773;1481526510;10
5267;14805;1481516148;4
18879;7487;1481543852;16
4985;23446;1481547306;4
8785;27312;1481541986;10
25023;1382;1481514170;18
11032;17475;1481522701;10
10009;9989;1481547983;14
8747;2418;1481543815;14
7776;14006;1481534109;10
887;8283;1481548694;18
7298;8905;1481528297;4
118;10593;1481542162;14
6659;18328;1481512929;8
14948;22510;1481516599;18
21320;5763;1481521596;2
17298;4966;1481523258;14
14153;17505;1481544985;2
22530;6964;1481543972;14
1182;1338;1481512342;4
4867;22315;1481550548;16
15073;5079;1481528455;14
5594;5596;1481514301;16
2813;6515;1481524613;14
5854;152;1481509614;12
15995;19534;1481549381;14
8896;12178;1481516117;14
21718;25197;1481512036;10
10838;13775;1481548174;2
7403;6383;1481540297;10
7616;1035;1481538179;18
17330;7056;1481517274;4
16200;9668;1481528299;14
6667;5982;1481544754;4
9287;10013;1481522521;8
22648;9103;1481549086;18
15761;403;1481517242;18
10875;9420;1481540240;8
5517;4576;1481548683;14
158;161;1481532653;2
23061;5650;1481541541;2
8441;11158;1481515771;12
6482;6385;1481523528;2
16303;7795;1481527157;4
27180;21715;1481513868;10
9342;8877;1481514500;10
5716;12731;1481550658;12
14893;4285;1481534438;14
20518;5427;1481509778;6
3391;17297;1481536638;8
8332;18190;1481549363;12
8322;17332;1481528198;10
22994;12296;1481535529;14
1514;26311;1481529699;6
1867;18815;1481543629;4
18146;7819;1481541791;6
13905;1643;1481545687;2
25327;1395;1481515037;2
19372;11219;1481520474;4
12043;8905;1481525440;8
1198;6814;1481526387;10
17306;12867;1481546595;14
2607;424;1481533410;10
7809;27088;1481510301;4
1350;13987;1481530018;16
5784;1308;1481510287;16
7111;10395;1481516422;14
11209;5997;1481518746;6
20978;19209;1481539260;10
2725;16194;1481550230;6
21282;5398;1481547707;18
23052;7890;1481520761;6
1723;12158;1481518015;10
2155;23488;1481544493;2
20907;38;1481536016;8
8873;6467;1481529045;10
9196;10696;1481550111;4
12238;10561;1481526991;18
1749;4549;1481549015;8
14495;6325;1481527377;16
399;24660;1481544519;14
21090;6643;1481536833;16
123;4928;1481526779;14
1048;6143;1481524459;16
11842;3789;1481535001;6
9167;17039;1481527309;6
250;21232;1481542705;8
23970;23010;1481541890;16
9411;15348;1481544113;6
9630;8283;1481548492;16
6173;23039;1481532205;10
20963;25412;1481548942;6
12600;12409;1481525120;4
21216;9515;1481531278;16
22267;12914;1481538780;14
6360;885;1481515496;2
3589;20077;1481529803;4
22432;1425;1481517418;12
2293;25549;1481544231;6
26189;1049;1481533697;4
19492;14932;1481547157;8
6015;5109;1481536203;6
4731;22571;1481532860;14
3992;9847;1481531723;14
4524;8798;1481549521;14
8006;11703;1481519175;2
6567;1245;1481547792;2
26040;11834;1481517446;4
25283;17211;1481534972;6
5906;20689;1481514774;6
19752;21746;1481511373;16
2984;5762;1481517240;12
14631;14132;1481543660;2
1350;19971;1481532532;6
6634;20590;1481547616;16
3936;7012;1481532086;14
18820;24481;1481518735;6
22463;3387;1481547284;4
20124;8362;1481521561;2
27088;11957;1481512082;18
11769;8526;1481533208;4
9005;17583;1481521400;2
4757;25449;1481522132;16
17030;6338;1481537715;14
5828;1140;1481536074;18
11146;9663;1481518133;2
12871;6632;1481524954;6
7896;7835;1481547377;14
4751;6483;1481515734;4
6995;2025;1481540662;18
15090;14219;1481509968;14
18307;5753;1481511843;8
7567;2782;1481541012;6
6814;10852;1481549312;8
23446;10775;1481512272;6
17879;7042;1481520838;14
4209;1067;1481519607;8
3739;1152;1481550007;8
6327;20521;1481537010;6
2931;19799;1481544617;4
27276;22643;1481510486;2
3781;393;1481535757;6
20011;20517;1481524327;10
26477;6330;1481521581;14
49;6821;1481529688;18
412;13454;1481531817;6
11627;4567;1481532161;10
6692;25159;1481514638;2
5432;10066;1481534739;14
6732;9274;1481517868;14
6840;10890;1481520993;10
4026;4568;1481519346;2
16891;27085;1481541731;2
20455;3369;1481538508;6
11946;1113;1481519099;6
10443;4547;1481535725;18
9077;6942;1481543177;14
23623;14962;1481542803;10
6809;8140;1481515734;6
23119;82;1481513720;14
5935;2970;1481524792;4
21005;4331;1481510094;4
20301;11390;1481549625;10
4874;1455;1481518021;14
16336;13890;1481526455;12
1973;17377;1481537297;4
20996;4978;1481550555;4
8972;8582;1481522020;10
5958;169;1481534487;4
1442;23046;1481548054;18
18213;4698;1481528693;8
10812;5098;1481545691;10
17486;18319;1481512644;8
20933;7858;1481548551;10
8826;5637;1481519977;14
9833;13913;1481534342;18
4748;20361;1481516224;2
202;4920;1481527819;18
15961;7552;1481515343;14
24470;25378;1481536304;14
11038;3702;1481514468;4
13907;19072;1481513978;18
4023;24427;1481533139;14
6158;10880;1481535083;14
7342;9860;1481521575;8
6115;16935;1481515027;8
10028;21313;1481540074;18
24955;7401;1481514495;6
1861;1503;1481512304;14
8282;5861;1481546279;6
17601;5640;1481527883;12
18071;7348;1481533668;10
16129;3404;1481524489;8
10616;8567;1481521991;2
2426;14254;1481511561;8
12184;7852;1481519185;10
14165;2954;1481533728;10
3900;14571;1481513489;16
2121;20472;1481540315;14
24161;19229;1481546733;10
3778;980;1481532698;4
8832;14257;1481548812;2
3792;9428;1481529775;18
147;3424;1481509622;4
1307;7874;1481545869;14
53;1399;1481550032;16
15320;8134;1481544623;16
2843;8684;1481519763;2
12188;6579;1481516333;14
12674;25181;1481541733;6
4585;2848;1481547587;16
6702;22274;1481530719;14
2132;17209;1481531149;2
3147;20361;1481526380;8
10773;14121;1481511641;6
15013;15302;1481532338;12
14237;16139;1481544897;10
3282;2881;1481514846;14
5357;16856;1481537196;18
18461;21005;1481546869;16
23757;4049;1481529146;12
23167;20131;1481546790;8
8636;3248;1481518647;4
19823;12068;1481538541;10
6114;20589;1481515197;18
3906;13290;1481516396;6
11385;25468;1481525794;12
24174;4260;1481525062;10
11768;1659;1481532781;4
20148;9671;1481525458;4
17593;3950;1481538164;18
8575;12353;1481513026;8
7270;19287;1481544865;4
11409;11023;1481510105;6
21451;12759;1481539504;4
23621;12097;1481526135;6
7277;19791;1481542837;8
1577;6542;1481519860;10
21087;6031;1481526107;16
4284;15352;1481519424;2
6013;19598;1481548074;4
11378;27199;1481530064;8
8231;7617;1481537717;2
17403;7940;1481511548;12
7905;11606;1481519691;18
3449;5422;1481515861;10
11040;150;1481512235;4
14580;10640;1481529779;16
9535;8633;1481523268;10
26322;1121;1481511861;6
16035;2013;1481510055;12
12058;1493;1481539296;12
21481;14548;1481536794;2
22930;23466;1481522814;8
1815;1305;1481525740;4
25087;10315;1481548978;4
24058;8742;1481522795;16
10496;4837;1481535793;6
419;19824;1481516328;16
4608;2755;1481526373;4
27040;3730;1481520189;14
1036;17424;1481517212;10
13813;2844;1481519672;2
16805;17790;1481523302;14
15080;3499;1481515881;14
14132;27020;1481518180;4
1430;7041;1481510659;18
7031;267;1481516793;12
14706;7292;1481519894;16
3264;6504;1481534379;8
5625;7847;1481547998;18
27459;26500;1481513532;18
2335;7274;1481513324;16
1707;1231;1481516350;4
24935;3593;1481539721;18
4822;1884;1481528778;4
10244;7097;1481519579;2
6363;19507;1481515906;18
1708;152;1481529885;6
26073;20301;1481538339;16
6598;10493;1481512333;14
3449;4923;1481532819;2
11226;6105;1481515714;8
3282;17143;1481517003;14
108;1768;1481538195;18
6628;328;1481520721;6
5079;7170;1481509834;12
7422;6276;1481539204;4
22431;3716;1481526308;10
19058;17211;1481514766;10
1489;6924;1481548672;6
14570;20340;1481541317;16
4596;14170;1481530172;4
7616;18328;1481536748;6
4858;155;1481524023;12
18182;7813;1481520286;2
22254;11028;1481540802;4
10348;17146;1481528979;16
19505;5854;1481528418;14
10632;20473;1481520575;18
13879;8052;1481546044;10
16912;16295;1481526032;8
26218;22959;1481521713;8
2845;24565;1481546166;8
1959;3575;1481547390;8
221;8297;1481538012;2
1138;12374;1481525545;6
10295;6626;1481518027;12
18052;27492;1481523282;8
15391;27103;1481513268;8
8748;16909;1481523369;4
14996;8329;1481550692;4
20347;5740;1481535795;6
23003;21399;1481520201;16
14909;9161;1481524296;18
5843;18820;1481544544;2
22678;17461;1481511986;2
402;25086;1481550632;16
25449;7450;1481517975;10
5122;19045;1481520908;12
9478;14563;1481531444;4
1660;4864;1481527673;8
24657;363;1481519687;6
9190;13879;1481517797;6
6828;25495;1481536490;12
1174;6430;1481540108;14
14252;6154;1481512153;4
3913;14696;1481538595;8
4516;11684;1481532920;18
10531;432;1481534664;6
9561;15311;1481515985;8
8325;10119;1481511276;2
11240;1005;1481509819;18
14195;3899;1481512664;4
3027;12103;1481519104;8
6819;7552;1481541791;4
1725;3368;1481545617;12
1210;15321;1481523810;14
4262;10685;1481540108;16
7030;3459;1481513204;18
17581;17435;1481521883;4
18838;17534;1481549418;6
20707;17048;1481515989;12
6314;19531;1481539555;10
440;6663;1481537501;18
8183;10064;1481535540;8
15241;2831;1481547303;2
12145;5330;1481549281;6
17757;19486;1481512150;8
6788;12034;1481513108;14
12771;986;1481532757;14
14692;17894;1481526342;6
6686;1027;1481517075;14
7939;4182;1481538780;2
9879;8693;1481518718;12
22987;1716;1481520407;16
7625;4184;1481519938;4
1695;12282;1481524046;14
21399;24687;1481529715;12
4286;12370;1481520656;4
16123;27105;1481537727;4
4179;8501;1481510383;16
3394;23549;1481550725;10
1682;8515;1481516451;4
21509;1674;1481512552;18
13114;21313;1481542219;8
10764;11051;1481515285;4
7846;24987;1481540799;18
12243;25358;1481515626;10
14912;12073;1481516506;4
15471;5263;1481525246;14
6931;1518;1481539227;2
85;19306;1481538664;10
4642;11961;1481527091;10
7344;3988;1481550779;6
11398;4924;1481520868;18
24666;14662;1481534060;4
8353;6652;1481519248;14
16891;2133;1481545667;12
7610;17574;1481541195;10
3648;976;1481540664;2
7103;6174;1481549735;12
16894;1346;1481527295;6
5631;2609;1481532593;14
1029;16796;1481513272;8
17387;14488;1481541638;8
5933;27473;1481544112;16
16105;7770;1481519181;2
1972;2982;1481537931;18
6290;5991;1481524072;6
12785;6880;1481511941;18
3417;27474;1481530511;12
17510;7766;1481532995;16
17442;23857;1481514423;16
5045;122;1481526844;14
7825;3739;1481525523;6
6273;1630;1481546085;14
1312;5551;1481532895;6
8425;7031;1481530998;14
27484;19949;1481549289;6
6578;27039;1481524455;8
10125;269;1481547672;10
12413;9437;1481510379;2
12067;6932;1481523230;16
18049;11859;1481525161;16
7786;7811;1481526760;8
20791;8919;1481534729;8
17435;969;1481522711;6
2150;20775;1481518173;2
6766;5285;1481519448;16
10199;11588;1481544668;8
4865;2741;1481539114;6
3976;1579;1481527954;18
20372;20195;1481539861;10
27165;23851;1481544592;2
2031;20369;1481519323;2
16008;12581;1481514932;16
7766;8939;1481522127;8
7001;12088;1481550417;4
27422;6144;1481518271;18
27449;5377;1481511931;16
19804;6262;1481549866;12
14665;17048;1481524946;16
4214;6853;1481509874;6
15747;3006;1481513095;8
11249;17041;1481543287;6
23120;7603;1481541468;12
22537;9626;1481516493;6
12913;27174;1481545303;14
19307;23526;1481538842;18
4961;19971;1481524094;8
10796;1126;1481510928;4
17878;8568;1481525915;2
10407;1643;1481541734;12
17461;14441;1481538560;12
6266;14448;1481530310;18
1395;16098;1481532781;12
3736;978;1481525663;12
26479;3533;1481523455;12
13199;8174;1481516038;6
17002;20416;1481544293;16
6343;17335;1481515150;8
4698;22258;1481530781;18
17576;10913;1481544889;18
5685;4333;1481533572;12
9745;1360;1481511070;18
23648;12093;1481539621;16
2952;13758;1481542334;16
9989;2150;1481543931;12
7244;2742;1481513264;10
27331;26031;1481526963;16
24143;8005;1481519358;18
5752;19588;1481535273;12
3622;237;1481530207;8
1442;195;1481510067;18
7085;23349;1481523815;16
8591;12560;1481521214;10
14003;11908;1481529590;12
27183;10847;1481519250;16
9403;4762;1481527350;8
5921;27344;1481526861;12
12234;7330;1481542608;8
13200;20103;1481510316;14
11558;2831;1481513259;6
8540;12183;1481547292;4
15243;27183;1481541786;2
11391;263;1481532316;12
12279;12100;1481524830;18
9465;14635;1481527549;2
9441;14546;1481543866;8
27326;18155;1481545809;16
12744;5088;1481516862;14
8909;25067;1481522111;8
6474;1067;1481548573;8
8896;9845;1481533907;8
8500;18212;1481549056;10
9418;24726;1481523972;18
13794;7547;1481534650;16
6286;12914;1481512045;8
9671;8362;1481534808;18
19772;15122;1481533538;12
21086;1000;1481524043;6
154;4559;1481544361;14
1988;11917;1481527076;12
4907;22794;1481522515;12
8591;15452;1481544114;12
9333;26076;1481520226;10
27046;3705;1481518392;10
15492;3270;1481520704;10
27048;174;1481520439;10
7902;8372;1481549321;10
7084;7517;1481547592;6
9882;12744;1481522410;2
21489;17463;1481514180;16
6787;10738;1481535903;16
9798;10930;1481522989;2
9215;14164;1481535076;2
19220;19805;1481520312;18
344;23522;1481541912;16
20756;16858;1481529620;4
13975;6584;1481533927;6
19495;3495;1481524910;6
12775;11809;1481513365;6
22430;24928;1481544129;18
11089;9813;1481536028;10
20485;3278;1481527015;6
1607;14927;1481538499;10
15486;17549;1481525537;12
11021;14777;1481534045;12
17019;25048;1481543759;4
1025;17269;1481532961;10
10465;3986;1481513686;6
9485;17883;1481519042;12
14495;9838;1481532150;10
25707;16925;1481526178;12
10467;6139;1481529743;18
4021;23533;1481520850;2
17580;4206;1481535815;10
23468;21411;1481512305;6
7005;15488;1481511716;14
6595;11209;1481515093;2
7029;11697;1481517068;10
14272;15764;1481517114;8
6971;22644;1481521856;6
8492;5395;1481522612;18
3753;12307;1481525678;14
435;18893;1481517238;8
8882;989;1481512344;18
12336;10109;1481513765;14
11361;5004;1481518608;2
4207;2414;1481517603;8
27315;24964;1481513438;16
22473;14238;1481536463;12
24423;4701;1481515978;4
7510;6606;1481527748;8
2370;12868;1481511222;2
5333;11018;1481543270;4
6286;15491;1481513625;4
10725;6146;1481521697;6
13199;15448;1481527870;2
8749;11746;1481546702;14
8137;9833;1481512393;12
6561;19223;1481531663;16
12296;8136;1481536686;10
7773;7865;1481519337;10
1025;4997;1481545766;12
8298;17349;1481548666;10
22138;3458;1481526239;4
19578;10906;1481526442;8
19985;12092;1481518164;12
15736;13770;1481518385;6
3024;3789;1481526229;2
17272;6161;1481511009;10
25076;10200;1481534175;18
5702;3279;1481516307;14
3678;23728;1481514004;16
23038;5729;1481526099;18
9006;25077;1481520478;16
13214;9649;1481515672;10
11129;15347;1481543112;14
17402;6174;1481534559;6
22988;3914;1481527112;6
15237;4362;1481538340;12
6991;14190;1481533467;4
15310;3023;1481543642;10
9741;11862;1481517632;4
18533;4311;1481529667;14
17673;10418;1481544036;4
21369;6390;1481521984;4
4550;27415;1481549545;8
5930;26068;1481548455;6
23761;14930;1481550154;6
3649;9219;1481547052;4
6652;21270;1481541699;14
23062;8991;1481531793;14
336;5516;1481549533;6
14871;17514;1481521050;4
6784;16199;1481522488;2
4502;6574;1481549414;6
11785;3962;1481524418;16
18876;14798;1481545409;14
6411;12083;1481524814;18
10187;187;1481535608;14
12117;12183;1481524231;14
20405;21363;1481543725;2
17211;18891;1481525269;12
431;3025;1481525179;2
22456;20920;1481509706;8
9682;17547;1481519336;4
7955;13774;1481550409;6
17850;8815;1481547164;4
8310;7469;1481510419;14
2396;20946;1481543890;16
269;4348;1481533000;16
6148;16852;1481532091;2
1644;7366;1481548381;14
8008;6456;1481532010;14
10293;20524;1481545213;4
10403;26182;1481544497;4
9888;20012;1481524956;12
7489;12775;1481536828;4
6942;9369;1481543786;8
22574;6669;1481514792;12
1246;17349;1481509563;2
9319;12558;1481525077;16
6359;20923;1481539870;12
8901;7466;1481514910;16
9003;14245;1481540729;18
12178;10890;1481547624;10
9160;14695;1481511464;12
14934;9741;1481524092;2
10098;22925;1481527325;18
238;10181;1481548456;12
5296;2347;1481549638;2
385;8825;1481531404;16
7917;4797;1481545162;8
17040;15762;1481526471;10
10638;999;1481533730;10
20735;24475;1481548896;10
19088;6335;1481529418;10
17757;4865;1481536995;18
2607;21004;1481539838;18
8577;5776;1481529985;6
27482;7173;1481525474;8
144;19531;1481522200;4
3728;3768;1481540624;14
8958;5949;1481515313;2
14166;4207;1481535360;8
4565;6706;1481542754;18
5353;4696;1481519158;4
14497;27040;1481542399;4
24176;7879;1481531444;14
20157;176;1481534125;2
19044;5044;1481547658;12
1284;17863;1481548127;10
6889;1559;1481528917;14
27492;22537;1481525369;2
3918;7270;1481550130;8
2748;13782;1481510517;6
5489;8648;1481530998;6
6277;386;1481535049;10
20460;25284;1481530506;18
389;4322;1481530291;4
299;5954;1481537360;16
10641;22991;1481518426;10
3062;12121;1481531899;2
1689;7712;1481511862;12
197;5028;1481514664;14
1287;25324;1481532533;18
25158;20075;1481540967;10
6597;9916;1481515562;12
8022;220;1481522519;6
21373;18194;1481522374;8
18092;10694;1481536111;2
6382;11717;1481518818;18
20535;13902;1481536675;2
10603;4899;1481515808;16
17793;11905;1481547721;8
9764;8563;1481524628;16
4523;14158;1481543630;14
21308;7607;1481512065;12
1982;22922;1481531212;2
8779;26394;1481538981;16
1666;19533;1481549636;2
8572;23030;1481520717;10
14880;915;1481513411;16
15409;10355;1481513962;12
8141;8472;1481548349;10
26474;14450;1481515355;16
23536;17488;1481510272;16
2827;27124;1481548407;8
1692;21720;1481547241;14
5728;13085;1481537030;2
13946;11225;1481543026;14
12221;5527;1481546325;6
6013;16318;1481527518;2
7984;17593;1481510950;6
9283;5761;1481542262;18
17143;6584;1481538829;10
434;20191;1481518791;14
7476;7937;1481529729;16
10011;23762;1481515090;6
25382;21809;1481531425;10
10366;11746;1481536871;14
27104;255;1481543633;8
6822;11059;1481531856;8
9519;5419;1481548316;4
6668;104;1481529310;8
2325;6371;1481515850;4
12045;14248;1481525743;14
9993;438;1481545950;14
302;24090;1481510380;10
11210;11821;1481544802;8
8025;8795;1481535589;6
4541;17396;1481526545;10
9838;10825;1481512947;12
17190;18868;1481526158;8
3978;12295;1481525344;18
3611;16640;1481510463;2
15014;5394;1481538919;8
7302;17001;1481520021;12
3781;3333;1481546642;12
24689;10022;1481546714;4
24250;6926;1481543634;16
1628;10989;1481510461;16
14448;12219;1481529343;18
12582;8532;1481550344;14
3566;19283;1481534120;16
8939;20950;1481533335;14
22453;6364;1481541771;8
6020;24284;1481509847;10
14636;7813;1481519930;8
26072;22177;1481529966;6
9490;18325;1481516566;4
6478;14554;1481533368;2
246;3586;1481534408;18
3513;5780;1481529305;4
50;4729;1481519227;2
27142;18201;1481542767;4
18079;17463;1481524928;8
14116;2822;1481549865;16
5420;4591;1481513986;2
1301;2386;1481544432;16
23791;8435;1481544888;16
1719;25192;1481511243;2
11077;15016;1481536366;18
9488;13878;1481512246;16
6198;27166;1481520354;6
27443;3134;1481533503;6
12421;5943;1481539559;14
27552;24327;1481548816;14
324;2876;1481536177;4
15744;4622;1481540691;18
25522;21226;1481512009;6
15734;95;1481518417;14
3385;9509;1481532863;6
14551;114;1481530418;2
178;19200;1481539309;18
3497;9310;1481518172;2
7287;13260;1481514867;16
6234;10118;1481543705;4
3592;20341;1481549311;18
4881;27476;1481512636;16
7700;1066;1481522138;18
7086;8562;1481510487;4
6798;18111;1481524088;16
20831;23364;1481520505;8
2018;26148;1481520492;2
18046;64;1481533882;2
17414;6016;1481514238;14
23496;1546;1481522120;6
14903;7064;1481510356;4
3457;15305;1481523426;8
9670;2839;1481522337;4
22989;9255;1481527416;14
22455;9313;1481517428;2
7390;285;1481550859;18
21922;25068;1481531532;18
379;875;1481538636;18
9203;16026;1481536499;10
7172;17332;1481521848;14
994;7453;1481528817;12
7038;7427;1481541104;16
21721;26314;1481545146;10
11822;7608;1481515539;6
23619;27427;1481527620;16
10323;27408;1481530924;16
8047;19287;1481536737;8
12147;1519;1481523852;16
9011;9996;1481518251;12
23887;6145;1481538291;14
380;11402;1481513177;6
24529;1547;1481523308;14
7902;6414;1481535152;12
5050;1927;1481533571;10
21492;7426;1481542062;6
9519;8456;1481537931;18
6375;3405;1481528356;4
2159;4210;1481535424;10
21746;25176;1481531460;14
3951;2294;1481542108;4
12332;20131;1481515250;4
7408;23450;1481519824;8
1640;14237;1481537717;12
8646;19298;1481522817;12
11608;4321;1481514325;16
240;11267;1481521097;16
22263;81;1481531538;16
1537;9223;1481513513;4
4226;5929;1481531344;2
2646;23867;1481546905;8
17575;17846;1481550584;2
4048;4956;1481520948;6
14818;15073;1481535753;8
6600;3790;1481544630;10
23787;4413;1481533939;8
6360;4688;1481542163;4
10410;14269;1481530196;14
1433;4803;1481534062;14
1914;6344;1481510839;6
11052;11411;1481530535;4
27443;1592;1481518450;12
14665;6918;1481511275;12
20110;3723;1481524623;2
14651;4930;1481548046;18
11575;3640;1481534302;4
24354;7712;1481516187;2
5469;5893;1481516768;2
5902;19041;1481522621;2
14890;6931;1481532030;4
26999;2337;1481529543;8
1351;8952;1481518414;14
8132;12869;1481544028;12
18245;10443;1481547130;6
9278;1789;1481544487;8
14137;9510;1481515251;18
9286;13030;1481543213;14
4685;6546;1481529724;18
8036;12800;1481547712;4
19880;18048;1481545345;2
6249;10226;1481537302;18
7282;21472;1481540738;16
8468;20412;1481550851;10
15993;4830;1481545268;12
5970;10695;1481516773;14
9480;12404;1481535761;14
5039;4207;1481542303;8
17153;3937;1481522948;4
17601;22449;1481512123;8
16038;9874;1481540348;8
20674;3536;1481514596;16
15764;8298;1481527980;6
14650;21678;1481543291;6
10307;22649;1481549359;2
9863;65;1481547612;4
19790;3006;1481538732;4
14705;6151;1481535178;12
22311;997;1481510287;16
4557;4663;1481539937;10
7829;12352;1481542297;12
12027;24473;1481543694;18
2429;16308;1481512176;10
14908;10912;1481512356;6
9985;3704;1481514426;16
23883;20643;1481543473;10
9840;14893;1481529957;8
11614;19454;1481513680;6
232;6114;1481520510;4
10111;2327;1481519902;8
8510;4961;1481533267;8
1246;22991;1481531251;2
427;6959;1481522525;18
19840;116;1481544273;8
20735;8555;1481532690;6
2970;8975;1481531413;12
3954;8447;1481527475;14
285;877;1481526328;14
21375;10242;1481516207;16
7905;11792;1481528173;12
27404;12065;1481510536;6
6023;1772;1481539132;8
26150;6971;1481539919;10
8543;25392;1481521135;4
3572;11480;1481526753;6
7799;9682;1481516907;2
11144;22481;1481522252;2
40;6335;1481512558;16
9968;11613;1481544674;14
16801;9736;1481544480;2
6938;20943;1481539208;18
7104;2386;1481539274;12
26082;11941;1481540859;16
4004;10238;1481539650;6
3649;1247;1481536559;18
1626;19432;1481530759;12
1674;1358;1481528721;12
10886;11396;1481513042;16
17241;14653;1481521012;14
13819;20099;1481529029;14
5080;9296;1481525387;2
10619;6921;1481514259;2
3578;4329;1481547635;18
15735;5814;1481516474;6
27003;23159;1481522390;14
18191;27392;1481524483;14
113;6934;1481510291;4
20454;9988;1481544484;8
11413;15325;1481512369;8
11668;3544;1481524390;4
4824;1698;1481531224;18
15228;13201;1481529272;6
25440;11406;1481545953;16
2325;23158;1481521742;18
13811;11001;1481534803;18
10529;2408;1481547077;8
5081;25328;1481538321;16
1380;13977;1481517082;12
26312;4668;1481510129;10
7960;10423;1481537139;2
19080;21078;1481543071;6
9256;3755;1481533131;8
3626;7885;1481545948;10
6032;17359;1481550252;8
13790;7782;1481548580;4
622;27505;1481517299;4
7561;11209;1481522816;8
27184;15465;1481537866;8
27266;5642;1481534161;12
10307;15476;1481539720;16
7770;241;1481540726;6
1863;27125;1481549762;12
11270;3396;1481537287;18
10910;19917;1481544808;4
21321;13807;1481532273;2
5749;27035;1481549074;4
4855;10094;1481512221;6
7833;9489;1481542450;12
22441;21294;1481518651;4
27434;25023;1481523506;16
195;23535;1481521637;12
10415;4951;1481524215;12
27466;2789;1481513226;12
21004;27465;1481549939;14
1109;20156;1481522994;8
21465;3076;1481549132;18
27413;27035;1481528602;16
14863;26166;1481523225;12
26263;7519;1481521765;2
26309;22311;1481548439;14
8870;3935;1481522672;6
17503;26306;1481512947;2
3583;11251;1481519259;16
20023;9009;1481545977;14
2420;3926;1481526731;18
21465;24164;1481517148;6
8766;17435;1481539004;18
360;18190;1481538955;6
6453;19889;1481519846;2
20674;9217;1481524686;12
24445;23340;1481539018;2
3723;1405;1481542634;2
6466;25467;1481509513;10
7688;12188;1481540654;14
3544;7065;1481543131;4
23856;14142;1481538868;6
10525;415;1481547034;4
8777;9883;1481530766;2
13203;1329;1481516438;16
8985;881;1481517980;12
23171;5029;1481544815;4
12652;2149;1481514904;2
13180;18861;1481532969;16
14270;19741;1481544136;4
15101;9193;1481547755;12
17886;18914;1481513319;8
13800;6202;1481520544;8
5929;3630;1481529631;16
20361;27342;1481520765;8
9651;7644;1481517586;2
10666;23813;1481539938;2
17435;17878;1481535654;14
11134;6965;1481530194;8
23115;8837;1481534545;2
6412;19950;1481544301;14
23109;21713;1481519395;10
5279;5519;1481522415;8
9166;5821;1481516217;16
6214;4953;1481512904;16
21002;9570;1481531804;14
8553;3570;1481525518;18
8031;9917;1481545451;18
1499;23057;1481547164;14
12757;6963;1481515765;10
17519;7415;1481529255;12
9565;6367;1481525578;4
21806;21302;1481545081;12
25064;5918;1481531146;4
2833;11409;1481531258;12
11880;426;1481520736;4
20144;26314;1481533814;6
144;4533;1481518816;14
15116;4243;1481534242;14
1738;8817;1481539217;4
15188;13124;1481546244;14
5104;22923;1481515154;4
7568;24622;1481527506;12
6829;7973;1481524719;16
150;2033;1481542097;10
6456;17031;1481542395;18
6218;4332;1481543046;14
11695;7544;1481546122;18
7259;18814;1481544513;8
341;3694;1481510848;18
20066;1131;1481545853;16
1040;9835;1481533182;16
25063;11105;1481538685;16
25375;14433;1481533968;16
22925;17281;1481543605;6
24139;117;1481518746;6
18052;22444;1481526623;18
4997;7590;1481513997;12
5009;10771;1481550589;6
5114;8124;1481511944;4
14562;14194;1481520151;6
8951;4776;1481541429;16
8052;20695;1481532434;16
965;6178;1481520186;2
15781;4551;1481530690;2
9479;4954;1481528714;14
26150;23548;1481516780;12
246;5052;1481544251;12
14964;8367;1481546946;14
20792;2419;1481540131;14
11253;3779;1481550959;2
6107;7174;1481518635;2
4037;3369;1481545660;6
27036;5278;1481509522;16
6969;2387;1481531255;8
4747;19939;1481523043;18
6900;4501;1481516036;4
1933;22131;1481513073;16
2818;4705;1481511351;10
5955;5598;1481540255;10
19911;3030;1481534203;6
6922;3751;1481531068;8
19299;1181;1481519196;2
23026;8579;1481541042;18
21375;9803;1481512220;8
25164;3968;1481537520;8
1082;8703;1481545746;12
3462;1139;1481544412;4
8147;1578;1481549764;2
10066;8462;1481524116;8
27407;10230;1481549951;2
2607;19288;1481510036;14
27024;5916;1481549431;2
2621;15731;1481523415;8
9511;15036;1481518503;8
24996;25089;1481526843;16
27427;27299;1481515142;10
16051;14642;1481540852;16
20890;5251;1481514291;2
1220;1514;1481529225;2
5936;4773;1481550793;10
14635;1655;1481532606;10
24278;12243;1481516730;6
6390;10241;1481543004;18
3950;6768;1481537781;14
19068;288;1481521061;14
20403;25381;1481547484;4
8003;17518;1481523756;14
6931;226;1481540085;12
9312;18834;1481521864;14
16039;14806;1481540393;4
8863;10257;1481526184;18
12561;23737;1481534985;16
11801;21308;1481528409;18
10523;32;1481513701;8
9710;6273;1481515729;4
323;4735;1481527230;14
8496;17337;1481549044;10
4678;974;1481523495;10
12282;17519;1481531169;14
379;16918;1481511913;12
12920;6873;1481531118;16
12744;8635;1481529946;18
8369;15237;1481522403;10
23864;8489;1481529785;18
17207;20938;1481530803;16
8910;3984;1481529074;8
22145;1419;1481523780;6
25179;7873;1481531587;14
4329;266;1481523020;6
19224;24565;1481536917;4
8688;222;1481515024;6
5673;20064;1481531550;14
2621;2166;1481523576;2
8120;7298;1481544649;8
21484;7955;1481527881;8
9994;1223;1481509999;10
3850;5945;1481515409;12
7454;20539;1481538173;8
12158;16851;1481542175;12
10519;17532;1481522669;16
6790;1903;1481518019;6
7474;393;1481529245;4
1018;8555;1481510487;4
10500;14565;1481509940;6
18181;9986;1481543237;8
10518;7799;1481516476;6
11119;7576;1481545022;14
1;17470;1481514519;8
19508;237;1481540229;8
6675;19986;1481514968;10
1154;440;1481540472;6
9806;5876;1481531192;14
14711;3375;1481524565;14
2988;14194;1481537056;10
10109;2731;1481511953;10
25158;18908;1481515539;16
6016;14496;1481529618;12
25161;27277;1481548342;8
3588;8884;1481541271;8
8141;18873;1481542633;8
4312;6718;1481516751;6
6384;20785;1481522875;18
6528;23451;1481546388;16
17364;3981;1481510064;10
10073;1683;1481539061;16
17581;9481;1481527551;16
20261;5869;1481528291;16
8752;2747;1481543550;4
1562;289;1481523337;2
12951;22995;1481511895;12
10381;990;1481537713;4
10281;11214;1481547621;6
211;19857;1481549643;8
25380;1918;1481516071;18
10650;11782;1481539048;10
11941;3382;1481543722;2
4541;18103;1481518954;8
21002;24426;1481517763;12
15733;25043;1481542876;18
14260;10249;1481542518;16
15516;7893;1481535011;18
22502;7599;1481535796;16
1661;15114;1481522030;18
5907;1150;1481524181;18
1934;1313;1481536197;14
4581;17292;1481533095;10
9369;12322;1481527507;12
19528;12775;1481520235;14
10238;16802;1481528384;6
27297;22653;1481533068;6
27399;1793;1481537141;10
2820;4044;1481524238;16
10719;14151;1481512549;4
254;24182;1481542327;12
7465;1933;1481535775;18
1182;4237;1481530542;4
349;10245;1481521972;6
9025;5509;1481529200;18
14550;21488;1481542131;4
19549;24508;1481519865;2
20480;2132;1481512417;4
3918;3412;1481511719;18
18914;24279;1481542061;8
17584;1969;1481527197;10
4760;9531;1481521764;18
15933;9342;1481531818;6
12036;5926;1481548582;2
10497;1628;1481548761;14
12296;10822;1481509956;8
6443;5709;1481550118;6
9754;6607;1481521459;6
3461;11211;1481514618;6
4328;10699;1481519354;6
16013;1516;1481546962;2
23811;17043;1481538578;6
6592;7251;1481546155;4
12374;7352;1481543041;6
620;17534;1481520991;4
26218;10803;1481533846;14
2165;2787;1481549378;6
1858;7536;1481515292;6
15216;3325;1481549882;4
17040;23727;1481529820;10
1214;16311;1481526205;14
19726;4288;1481540368;12
12742;17271;1481532130;6
7978;20962;1481550939;12
3083;10913;1481531631;6
1735;20366;1481536058;6
2148;19554;1481534130;16
1308;22442;1481529787;4
27034;15356;1481525381;14
2343;1653;1481538099;14
7881;3252;1481548426;10
17265;6969;1481530301;12
8150;18834;1481512119;18
22958;4329;1481520518;12
20974;7299;1481522975;4
8950;11217;1481515787;2
1456;20014;1481550813;8
4010;9439;1481540707;12
9848;17894;1481531577;10
7425;4671;1481535150;2
4952;18904;1481547668;14
21721;17143;1481549718;2
8383;19737;1481528360;6
5107;6934;1481538252;8
13314;27318;1481513614;6
6691;20074;1481523867;10
4527;8133;1481515024;10
6260;22962;1481522634;4
156;19528;1481534296;6
11779;10576;1481511791;4
4959;1912;1481543096;8
6284;19372;1481526298;8
10413;25442;1481537215;4
4796;6196;1481523616;18
1836;3383;1481512070;10
1063;15026;1481550005;4
6474;1357;1481525798;2
9161;19797;1481523745;8
1972;17384;1481533081;8
4541;11127;1481539989;18
2944;20480;1481531274;12
23024;19967;1481518788;18
10826;166;1481542669;12
10706;22871;1481520863;6
19226;1141;1481550503;4
14700;18897;1481547376;12
9345;1594;1481551011;8
2802;6587;1481516597;2
7948;3545;1481542597;12
4332;7934;1481510157;18
18130;23318;1481536810;10
3749;21597;1481542587;10
4688;19311;1481529155;2
1115;12710;1481535590;18
3607;2400;1481544381;14
6599;4898;1481536324;14
1271;19825;1481524821;6
13180;22969;1481546229;8
1077;5372;1481546792;2
21833;15244;1481511055;18
4762;14820;1481524579;14
7421;24968;1481519093;16
6313;14158;1481541789;6
27323;5475;1481538788;10
23318;6435;1481523695;14
10833;8417;1481530673;14
20787;25365;1481527110;12
18845;21747;1481541694;2
1077;15764;1481545233;6
11594;7638;1481519356;16
18860;6830;1481535170;2
6348;9417;1481540980;10
3428;11041;1481512481;14
1879;6668;1481512279;10
1020;2805;1481510817;18
4862;5775;1481515190;16
1335;6428;1481513734;16
24272;6364;1481524608;16
24842;19277;1481536414;12
19050;25053;1481517014;18
14875;24937;1481542330;2
2378;5614;1481520700;6
25167;19948;1481526321;8
1165;5108;1481520457;16
17464;10000;1481534167;8
17797;5957;1481518522;14
2765;20969;1481540520;4
23329;15781;1481521578;16
10673;12310;1481540661;12
19876;6115;1481521395;6
8752;23172;1481526201;4
10712;12178;1481524407;2
22489;17007;1481526428;2
10376;17458;1481538012;2
6245;7171;1481546189;12
4212;8530;1481550528;12
17564;7482;1481543348;10
207;10274;1481529502;10
11621;7567;1481524157;4
11944;8230;1481520594;6
6827;15777;1481529538;4
2962;414;1481545844;2
6805;11609;1481527800;10
24238;7137;1481534744;6
2375;10469;1481528239;2
27413;26500;1481539949;4
14872;1610;1481547362;2
13220;9214;1481516740;18
8342;20145;1481527994;8
9551;17171;1481529257;14
13792;12577;1481514050;6
2154;16137;1481542915;14
23047;20995;1481534197;18
17361;17486;1481541465;12
10673;1602;1481527064;16
968;1591;1481521953;18
23614;1247;1481510940;14
2017;4326;1481516075;6
1624;20545;1481538351;12
11609;7843;1481530524;8
12759;23760;1481521451;2
20692;1446;1481547386;6
6829;20465;1481546070;10
9159;10612;1481526492;4
4878;11624;1481550976;6
6622;413;1481528646;16
11846;599;1481549751;8
4204;22430;1481538907;2
9242;22248;1481533229;10
14570;7029;1481515980;8
8411;19546;1481511802;12
6190;108;1481547613;10
8967;4847;1481522290;16
13970;6547;1481546209;2
6209;6316;1481548227;12
10711;17381;1481514444;16
21042;9164;1481513560;18
4185;94;1481533427;8
18815;15030;1481547118;14
3399;10305;1481515748;16
16119;8174;1481551043;18
1765;7097;1481540434;8
3554;11824;1481521532;14
24572;1770;1481538269;6
2367;1142;1481533018;16
5987;11396;1481526842;4
1317;12601;1481548553;4
395;1085;1481514746;10
22650;2759;1481547277;2
260;4240;1481533428;4
13892;25537;1481520638;6
5860;1339;1481516101;2
426;20572;1481525812;10
9877;17887;1481518202;4
12519;9879;1481530528;12
16879;9804;1481544313;4
7573;5857;1481524516;4
10022;6974;1481549183;12
6164;12045;1481516321;2
26038;24164;1481518761;16
5763;20055;1481543992;8
276;8523;1481516162;16
14134;23753;1481516797;4
16187;5113;1481529926;18
7264;25411;1481515875;12
12428;4692;1481520419;4
16936;27228;1481515125;2
20367;21296;1481519364;2
10283;8362;1481528417;12
9832;27469;1481517212;12
2418;3249;1481534108;10
20133;5778;1481542077;16
5673;7081;1481546653;16
23026;7696;1481547308;2
2820;20919;1481535362;16
22585;4701;1481511891;10
13815;3289;1481537980;10
12871;6252;1481540184;8
10028;4027;1481512729;16
994;3792;1481520428;18
21480;20867;1481535722;6
11786;7456;1481537632;12
11063;2149;1481531945;16
22317;23110;1481530243;18
10262;21839;1481539950;6
312;14933;1481520093;18
1982;8839;1481512733;12
2351;3681;1481519707;16
18816;1960;1481540282;6
9791;6159;1481514869;18
9775;3083;1481540929;8
8435;24424;1481514926;16
5696;22527;1481522541;16
12334;4820;1481534671;4
10023;19770;1481523178;2
14537;10255;1481536087;8
25232;25071;1481544995;6
5614;26159;1481545928;2
10598;9666;1481523308;2
11377;6711;1481546698;4
4922;15499;1481548758;16
4007;20591;1481533047;10
6615;22647;1481527825;6
6219;20636;1481515319;16
5346;12782;1481535062;6
4761;5520;1481516820;6
14420;24957;1481531419;12
4875;7051;1481527781;4
23084;19543;1481509504;12
9311;19077;1481549351;12
20157;7353;1481524152;12
1969;23056;1481538340;6
2748;14894;1481543097;6
11114;11807;1481531778;18
8518;14510;1481518149;4
15464;15098;1481538694;4
7349;25291;1481523755;4
7391;6809;1481533247;4
12780;1145;1481532366;16
24660;22432;1481511995;8
23543;1024;1481516430;2
20692;9843;1481521577;8
10464;5752;1481532753;10
11117;12314;1481547238;14
17505;8195;1481510155;14
15091;20950;1481512961;6
7189;4268;1481541648;16
12286;8501;1481532681;6
28;18103;1481526591;10
5244;17535;1481519431;12
8563;24742;1481518533;10
9878;19300;1481540890;18
6195;24253;1481540115;8
12656;1090;1481514550;2
14713;119;1481526599;2
11765;5081;1481516083;12
16884;12425;1481516432;12
6674;11371;1481534069;10
6499;8137;1481528762;6
4669;2643;1481513662;8
10197;3278;1481545766;16
11101;11785;1481528968;8
2321;7158;1481512211;12
115;27126;1481510019;2
18192;11591;1481511957;8
1367;7873;1481539644;14
25250;9964;1481536383;18
18195;9015;1481517347;8
26082;25363;1481517122;8
11152;20146;1481512879;14
15229;25449;1481542691;2
7476;7890;1481522594;14
16201;14899;1481519860;16
4571;26073;1481540265;8
9810;21313;1481528138;16
27322;2605;1481511885;16
6821;1392;1481548762;12
8375;11117;1481546680;2
5701;6617;1481531701;14
4316;3701;1481530164;2
11953;20302;1481518434;14
10017;5955;1481550641;2
16847;25442;1481514296;10
3026;10876;1481541801;4
20626;2285;1481539073;18
567;14447;1481538350;6
1459;27164;1481540138;8
21368;4912;1481550877;4
8279;4787;1481542970;10
978;568;1481529234;18
27230;4190;1481539353;18
272;5025;1481546837;8
15752;9548;1481515152;4
8369;1259;1481519644;14
6679;11946;1481516045;6
19835;945;1481544555;2
13344;26127;1481545768;18
22574;2982;1481524148;14
20355;1276;1481550293;18
22272;6795;1481524494;4
6712;12061;1481540250;8
12951;2426;1481511930;12
3511;8917;1481513479;4
21597;18889;1481537468;2
3853;5249;1481539586;14
4289;24141;1481529487;12
1843;10547;1481515021;16
22936;24651;1481517494;4
1339;8160;1481524812;18
17035;1318;1481548633;6
895;9754;1481521525;4
6728;24172;1481528486;12
25165;19826;1481537482;4
20155;11230;1481550932;14
11092;14935;1481516721;12
8147;1955;1481532015;16
11002;12414;1481531225;2
15735;7034;1481541156;10
20284;20782;1481534323;2
7287;8572;1481528071;10
23649;6480;1481541544;4
1152;4899;1481538292;4
5724;280;1481521256;2
1035;24987;1481543274;4
1734;16016;1481509958;14
7670;19993;1481550586;18
4706;7976;1481516814;14
8411;1290;1481549219;6
24058;12178;1481546370;10
1320;21289;1481533038;2
7356;12036;1481512350;2
25400;10905;1481547246;6
22306;10497;1481524839;18
9525;25341;1481517593;2
4302;6202;1481543844;12
4948;19771;1481518048;8
17574;14561;1481523872;10
19936;17579;1481534930;10
5522;16042;1481525288;12
9876;5248;1481524540;6
4505;18074;1481514686;6
6596;8637;1481518551;14
22473;6874;1481525393;14
18200;7546;1481535088;8
6645;8485;1481509653;4
8909;27540;1481536709;14
2621;11269;1481548318;8
6829;12406;1481536961;4
27013;9417;1481523880;12
3593;17705;1481541002;2
8533;3997;1481550556;2
16036;5779;1481538613;18
8150;6458;1481535979;8
15242;10811;1481509720;8
10472;5742;1481541242;12
4655;27444;1481547504;6
1979;4177;1481523910;4
6495;3406;1481548958;14
12152;2370;1481530859;14
6247;8021;1481514039;2
12089;26312;1481542375;8
14573;6177;1481536716;14
16929;1717;1481546883;14
2646;5703;1481537495;10
7618;6577;1481518731;14
13854;21483;1481522198;6
1208;12157;1481521082;18
20996;2338;1481550675;10
7287;15516;1481544733;10
8914;20091;1481513175;18
4655;7162;1481526053;12
4181;9915;1481538618;12
9754;25401;1481543232;12
27041;5758;1481528392;16
19552;8367;1481533001;2
1639;9668;1481541613;16
24359;11226;1481545191;12
1707;27159;1481550180;12
10423;8839;1481522980;16
4557;4278;1481518779;4
7683;7976;1481544769;16
7548;2734;1481527455;8
24749;1982;1481540859;2
6936;4700;1481549781;12
17335;9991;1481531322;14
9984;5392;1481539992;4
11725;6789;1481519660;18
9488;15214;1481542766;6
2123;1227;1481512184;4
23623;10250;1481535447;12
5726;22531;1481544425;8
9546;11948;1481517931;12
5689;7012;1481533703;6
6662;27293;1481535229;10
377;7111;1481531799;4
5694;11392;1481542953;2
13681;8914;1481513017;18
9216;17513;1481545362;12
10119;2730;1481544949;18
5757;24061;1481538917;14
19789;142;1481517199;10
23833;11211;1481546929;16
12322;18069;1481526516;12
8598;7355;1481524519;10
26480;24;1481517203;2
19898;12047;1481533796;18
1538;4893;1481528499;2
5412;24357;1481534942;8
9439;11178;1481546388;14
4413;19792;1481528024;10
10887;1427;1481520333;4
15431;11862;1481519722;16
13814;6181;1481523346;14
1574;2784;1481515929;2
8588;11255;1481533164;16
21442;1023;1481532075;2
1556;3402;1481542248;10
20420;12708;1481512239;10
1935;9;1481527721;14
17414;26218;1481547867;14
3725;27492;1481549571;18
20626;4042;1481524028;10
25500;4529;1481519383;16
22642;17498;1481511774;6
941;6977;1481534570;2
1850;19925;1481549966;2
6857;20997;1481539928;14
12372;992;1481543527;12
14585;11111;1481538254;14
1574;10004;1481543206;8
8582;19897;1481522401;12
9207;5440;1481528457;12
24172;3976;1481512941;18
9877;26207;1481542348;6
15227;8634;1481540884;2
8870;10881;1481525056;16
267;11104;1481526268;2
9806;8429;1481513868;12
23663;1976;1481540087;14
9997;10238;1481534260;14
10768;17362;1481538471;2
2810;24126;1481512994;18
9329;388;1481518292;14
14157;19199;1481516087;10
17431;20397;1481531351;14
8685;10733;1481548860;14
8342;13138;1481531717;6
1269;25511;1481533487;16
25374;6288;1481510276;4
49;4055;1481537026;10
8432;13224;1481551120;18
10249;9838;1481536039;18
12630;7529;1481514342;14
3448;8884;1481526445;16
1342;7902;1481549142;18
1074;14207;1481515313;4
4724;22145;1481512826;4
24396;25171;1481538590;12
380;7914;1481546258;14
9487;13870;1481516129;2
2340;16183;1481532387;8
24968;2328;1481550928;14
1273;1579;1481540419;18
1224;8516;1481530007;18
20744;9203;1481530961;2
3467;1662;1481517921;6
8886;18902;1481519310;2
254;24935;1481515748;4
7913;18533;1481542876;8
13426;1268;1481539401;8
23884;20535;1481514868;8
8752;19288;1481532910;12
4881;4517;1481517584;10
2324;25325;1481513750;14
24937;27172;1481524180;10
206;1496;1481550199;4
1431;6469;1481541756;10
19923;10409;1481539622;4
11055;9713;1481529384;14
22925;19993;1481513713;12
7773;9881;1481528121;2
9890;8504;1481528426;10
10256;7452;1481539159;4
10750;375;1481522121;12
149;347;1481528301;18
4917;19043;1481518834;8
6580;10726;1481536244;6
1611;11148;1481525648;18
9952;875;1481540444;4
4879;5635;1481541695;8
20191;188;1481542163;2
2836;8108;1481529556;2
11703;12651;1481517461;10
15517;2610;1481532628;10
1603;6161;1481535288;18
22932;15355;1481541834;16
12119;4238;1481524815;2
8887;20021;1481538972;18
18071;7022;1481539107;4
9253;11212;1481518347;12
2822;18347;1481540892;18
6689;3416;1481518712;14
10403;11600;1481529348;10
3015;4227;1481547363;8
440;12420;1481543827;12
4917;6185;1481520476;4
1258;9064;1481542880;18
1616;2138;1481513005;4
3146;6729;1481539451;18
326;1720;1481529204;2
12219;13726;1481527025;2
4697;2152;1481548093;2
2966;8640;1481540510;18
9313;10685;1481512755;4
27269;4703;1481545712;16
1256;6181;1481547104;6
18806;27422;1481537283;4
24354;18834;1481514096;2
18159;11920;1481539344;10
1768;976;1481546106;12
11135;27058;1481548990;14
12756;11136;1481539720;2
20472;2869;1481524729;8
13810;13995;1481533750;2
7760;439;1481550638;16
4880;17254;1481543076;4
14903;4921;1481512695;8
10576;15321;1481521272;10
23448;6150;1481535521;4
7454;17287;1481538970;18
3688;226;1481534461;18
189;18193;1481539388;16
9154;2942;1481534274;6
20243;11249;1481513522;16
17887;2963;1481519803;10
4349;11395;1481509962;6
164;16293;1481521908;14
10354;8869;1481511541;12
3757;17537;1481538692;14
19308;8303;1481535544;4
9551;21385;1481544307;18
12334;9490;1481547455;10
5920;17421;1481532992;8
8353;3978;1481519464;12
7503;12096;1481543934;18
3467;1331;1481543983;18
6453;9279;1481541583;2
4559;4959;1481530369;16
9285;23669;1481547881;4
9636;7782;1481528824;16
20546;22607;1481515410;12
4220;16041;1481523870;16
9438;10683;1481536292;2
11247;16816;1481548375;14
9248;1383;1481530500;4
5953;16880;1481533649;10
14956;889;1481523960;4
11895;3778;1481512153;4
25042;8141;1481532871;4
16887;10575;1481514481;14
10499;3247;1481510143;16
8696;66;1481526992;8
10008;4998;1481550301;12
6338;18301;1481526663;10
10263;7413;1481528386;12
14125;10847;1481519859;18
22271;17882;1481531501;10
8779;6672;1481511526;14
5400;7439;1481542116;16
9218;23022;1481551126;6
18146;8236;1481526304;4
14807;3495;1481535665;14
21376;12042;1481531014;6
14707;18157;1481541313;18
11801;4897;1481532820;8
1135;13314;1481543465;4
8849;17387;1481525070;8
2740;27060;1481545655;8
15446;13882;1481546133;2
27029;10259;1481550597;2
3927;14623;1481511441;8
8137;10263;1481543610;8
195;26101;1481545985;2
17281;9573;1481510609;8
20739;10604;1481536358;8
8943;13774;1481548942;18
3154;17241;1481547781;14
2378;24996;1481538374;18
8276;10782;1481547744;4
5388;3393;1481544197;18
19556;10547;1481523559;2
19578;3933;1481520786;14
20969;10826;1481519325;18
9462;19053;1481532539;18
23004;6766;1481520330;12
16134;231;1481546548;14
17455;8738;1481525454;14
7790;2751;1481517365;16
10804;6213;1481523542;8
27389;10567;1481523475;4
3683;8992;1481548653;14
1519;12763;1481536230;12
2843;14705;1481532931;12
3165;27176;1481518357;18
1814;14936;1481532437;12
15075;295;1481542703;10
13977;2640;1481537639;18
3649;17250;1481510881;2
8351;7438;1481528149;14
5391;23893;1481528952;14
12721;4276;1481529816;4
6212;10544;1481547531;4
6221;16910;1481519684;12
18098;11267;1481527691;18
2355;7961;1481517585;4
17506;24669;1481523188;12
27298;9803;1481519156;8
622;17015;1481533949;8
11212;1570;1481547863;10
11916;6239;1481517837;16
9485;3700;1481537884;4
383;5968;1481511004;16
5700;2755;1481531929;8
1623;19792;1481543155;12
10248;20524;1481513904;14
7820;23069;1481512580;14
6973;16929;1481525320;10
5414;10909;1481522169;2
19872;1122;1481542709;16
25326;19417;1481513282;2
2355;1719;1481539023;6
7935;22969;1481547783;8
5079;20995;1481527234;10
20983;13181;1481544269;8
3686;3026;1481513280;18
3983;25191;1481526501;16
18805;4851;1481521559;16
18512;14660;1481525562;8
10257;2412;1481538925;10
12624;9847;1481537979;18
24284;6959;1481526936;2
7057;20317;1481518598;8
21718;82;1481524144;6
7503;4945;1481542928;18
9630;21365;1481528657;16
10125;14925;1481538215;8
1331;8132;1481520053;18
1267;19551;1481510684;10
27056;4281;1481522364;6
24970;18913;1481529068;18
23118;16887;1481548176;4
27412;10161;1481550354;8
13890;19299;1481513806;16
20969;5048;1481536640;16
20529;1247;1481532653;12
25232;1407;1481547665;14
6153;9104;1481535898;8
6694;11018;1481520537;10
6273;16121;1481538521;16
7911;5260;1481511286;6
11704;12048;1481525786;6
11788;12780;1481534591;8
10018;19848;1481541365;18
17402;1284;1481549810;4
6485;9011;1481520382;10
17282;23648;1481527577;16
4593;10728;1481542336;16
10271;1020;1481518028;12
6831;4696;1481544425;14
7062;25342;1481531991;18
259;10622;1481522182;12
138;11951;1481534468;18
25361;25177;1481530266;8
14550;9101;1481524206;12
12577;26104;1481537959;16
10637;7958;1481525959;8
8668;23625;1481527736;4
27199;10218;1481536687;6
16807;10640;1481509990;10
6790;1793;1481510741;16
8779;4830;1481539263;16
17241;1493;1481544952;2
10809;6722;1481515061;12
15339;15485;1481520012;2
4007;26084;1481549426;2
20576;14436;1481524307;6
10567;6693;1481520579;16
9512;6173;1481539061;14
5999;11767;1481541957;2
17172;20688;1481536050;14
6994;370;1481511819;12
9178;19277;1481523454;2
23524;5301;1481533661;14
27011;2526;1481516356;14
19964;314;1481521893;18
108;18198;1481529741;6
21371;3642;1481542247;12
8686;19419;1481536689;2
10024;201;1481518721;16
27482;5405;1481510569;12
7835;11746;1481547915;2
15463;8356;1481543869;2
13777;20040;1481519989;18
1145;5949;1481519976;14
9794;21722;1481548103;10
7418;16184;1481517990;18
15521;6344;1481550598;16
8036;11594;1481521821;6
6736;12419;1481514389;12
17550;15419;1481538795;8
298;11603;1481532382;8
14803;12290;1481518707;18
5957;24397;1481534673;2
12060;9838;1481524185;18
22499;5693;1481537459;12
9949;5892;1481514390;4
4803;6332;1481521403;4
6560;12389;1481515666;6
4906;3592;1481543129;10
3026;12033;1481537696;6
18844;27267;1481546672;4
19309;14429;1481539749;4
25320;10185;1481514024;12
16843;2175;1481538908;18
12631;20525;1481517275;16
19530;6609;1481522462;10
2159;47;1481514146;18
17486;2379;1481514145;8
5757;8668;1481523668;14
9969;14782;1481549826;12
966;4239;1481548674;14
1118;12162;1481537420;6
16304;6853;1481549856;4
6526;16892;1481518486;6
5715;21482;1481536332;14
3911;8412;1481538429;16
5419;27033;1481516749;18
14188;10178;1481544998;10
17257;6020;1481540674;10
8430;7625;1481524748;16
20194;21088;1481546132;6
19028;9203;1481530249;8
1726;17843;1481524305;12
18465;5923;1481546932;18
27178;8650;1481517261;2
9148;3068;1481549535;10
21385;23522;1481518249;4
7103;23889;1481518981;16
10004;1941;1481521632;12
22315;17922;1481513757;6
20325;6476;1481519249;12
2931;12188;1481545531;18
6919;27091;1481521184;2
2419;10204;1481547640;10
6941;14633;1481538489;2
6869;6950;1481521283;16
23884;27010;1481518216;18
19587;17514;1481526436;2
10892;1588;1481528412;10
14576;20358;1481513625;2
20473;22540;1481511282;8
8359;14429;1481526195;8
2364;7616;1481511983;18
1889;3506;1481527572;14
7265;20535;1481542414;14
1312;364;1481515025;10
23113;8976;1481534341;16
10460;4925;1481528078;12
9408;12353;1481510885;6
27096;15533;1481532336;2
19882;11725;1481536433;8
25044;8003;1481539944;6
10916;3001;1481527021;18
8958;12698;1481523383;10
10532;13929;1481516605;6
8779;15014;1481546107;6
22501;18883;1481521039;18
6479;14693;1481509522;10
984;14972;1481521893;2
8678;23786;1481517426;18
10105;16800;1481536757;6
21;7899;1481545865;18
27156;7643;1481547140;16
17256;19213;1481536428;2
2371;9516;1481535880;4
6576;8351;1481538295;2
23063;11781;1481540757;6
4703;3288;1481537047;16
7403;12061;1481512989;6
3415;12693;1481537735;4
6374;13763;1481518873;18
12770;16034;1481528337;6
9277;1493;1481535648;12
6621;19593;1481541282;14
9189;10845;1481517662;16
10541;22219;1481545455;4
4760;7638;1481510238;6
10735;18900;1481526562;18
22490;1293;1481512500;2
21253;3615;1481519028;16
7053;27477;1481534340;10
15985;9060;1481522862;6
6869;17770;1481518293;18
26040;10406;1481519969;2
1900;15085;1481537259;14
19900;4980;1481512446;18
1280;14120;1481520935;6
4343;14872;1481514155;2
9668;3774;1481547278;18
3543;23047;1481541883;10
4741;9513;1481534171;16
7887;7062;1481547458;18
11271;6519;1481533053;8
11206;7242;1481517369;10
14511;5915;1481544144;14
6123;7475;1481545199;16
23896;22992;1481529608;4
8987;2774;1481524281;6
15450;276;1481527183;14
7108;4349;1481544357;16
14930;6627;1481519907;10
6412;11209;1481533780;18
6369;17506;1481529994;4
6187;13807;1481550905;8
12246;15452;1481515644;14
22678;2775;1481511553;4
20471;4301;1481517951;8
10066;15235;1481536850;6
9710;2821;1481519660;2
23303;1965;1481544407;4
991;24650;1481540855;4
27543;19990;1481519511;18
8517;7569;1481539536;16
15109;8174;1481530046;18
16142;15023;1481511418;12
27178;1150;1481539503;12
27210;142;1481543598;16
25359;15297;1481543035;16
17289;13864;1481525787;6
16841;3944;1481528012;4
1223;8046;1481519089;12
4867;22145;1481531187;4
23624;1682;1481531044;10
12872;11778;1481528444;14
3004;2118;1481546127;14
6444;5870;1481542256;6
21389;1639;1481546597;6
17866;12403;1481510895;4
27010;11119;1481516324;12
19936;19274;1481534392;12
18884;8909;1481515130;10
10567;18894;1481543112;2
22463;3029;1481546307;6
17441;4175;1481549307;6
15104;10926;1481545040;12
10198;14614;1481511063;8
6567;27324;1481519514;2
8956;3707;1481528677;12
24294;10108;1481519649;12
12144;8684;1481523867;8
27392;7267;1481530089;4
12036;13680;1481519686;18
335;19505;1481532103;8
3377;12247;1481530444;14
5250;5780;1481535885;8
7388;10266;1481525058;8
25194;11397;1481515033;4
4960;4318;1481514295;8
12120;11987;1481515576;6
6164;22927;1481550160;12
10914;10821;1481521440;14
6519;5840;1481528687;6
2764;6705;1481533988;2
8694;24951;1481514795;18
6662;1690;1481521217;18
8535;27100;1481528394;12
7047;401;1481521912;18
3259;7933;1481524752;16
21386;7341;1481523755;12
8363;2999;1481525682;6
31;1064;1481514615;10
1960;7861;1481525602;18
24;10930;1481530484;4
14625;8146;1481548301;18
8133;25077;1481517305;4
8556;8391;1481540616;4
21080;12089;1481528860;8
18804;287;1481535923;8
7408;10809;1481522148;16
3752;5910;1481520041;8
9900;6995;1481511784;14
9916;12795;1481544391;14
25269;5985;1481513017;10
5977;3691;1481546419;2
17483;14863;1481547310;2
6374;11105;1481539778;12
2376;3325;1481525785;12
6449;1881;1481545117;4
13950;26101;1481518394;2
10015;1574;1481549191;4
4702;15761;1481516899;10
6156;11136;1481532693;2
12235;23616;1481550228;2
19493;15390;1481543226;6
9010;19278;1481519206;2
12102;11123;1481537273;10
27468;4049;1481543124;18
16810;20427;1481528926;16
12765;8276;1481535063;14
3061;27035;1481514703;6
5945;1723;1481522155;10
7420;18424;1481510169;12
9660;10475;1481518310;18
23752;7173;1481543670;6
18335;1732;1481515621;4
146;9740;1481541827;10
7770;19936;1481545263;2
24987;10407;1481532885;14
9677;24565;1481522382;6
6395;4752;1481529890;10
19471;22680;1481513931;4
10639;152;1481529398;10
10677;17758;1481510545;2
24711;8527;1481527881;14
109;8565;1481515672;14
5379;1041;1481521190;4
16123;9860;1481549439;12
7955;6207;1481550597;16
5476;5863;1481519434;2
1164;3262;1481519758;4
27522;16118;1481523629;16
25065;7452;1481528217;14
9745;1586;1481513174;18
328;15017;1481512553;18
21452;3931;1481529448;18
22273;204;1481549797;8
1563;6812;1481519833;2
14949;10271;1481510936;18
11613;23893;1481518140;10
26105;3993;1481527342;16
13297;9478;1481544223;8
5695;5354;1481523037;18
7004;8295;1481511873;2
20921;20316;1481519493;14
20933;14581;1481534005;10
23;7640;1481540739;10
7252;22441;1481514840;16
25343;27452;1481523262;14
21298;7421;1481525369;4
1419;1492;1481534090;12
2022;14167;1481542261;16
10638;6949;1481528972;10
25181;9668;1481528364;16
21;9428;1481509981;10
17390;4787;1481528873;18
23057;4857;1481519181;14
2605;12653;1481529348;4
14270;3941;1481521749;6
19819;24565;1481531125;18
3939;6841;1481526937;6
11097;19807;1481545635;12
4990;15460;1481525606;12
306;23151;1481524724;16
11135;7639;1481514172;18
10215;21259;1481531149;8
2121;20130;1481516168;18
14537;18877;1481550089;16
8933;4004;1481538509;12
10427;970;1481526442;12
12134;12142;1481536296;8
181;9794;1481526476;14
7895;26155;1481511007;4
6317;8416;1481511681;12
20104;12782;1481520969;16
86;6682;1481510026;14
2024;20789;1481512936;4
19544;9475;1481531432;14
1093;8826;1481546074;18
24279;21294;1481525546;18
2751;9000;1481546193;4
7888;7526;1481532645;12
23166;10406;1481543774;4
12178;18190;1481546712;2
314;18903;1481513152;4
12403;6606;1481526323;12
12046;10326;1481515749;2
9077;10116;1481519206;2
1262;25346;1481518708;2
4811;5419;1481516575;2
14230;1055;1481536590;10
5108;5612;1481526976;8
3918;24734;1481520691;18
1304;4358;1481530312;2
12103;4011;1481530303;16
11067;1893;1481529494;2
986;267;1481511482;2
21411;6763;1481536717;4
9538;27389;1481544341;18
15931;1606;1481518119;6
20399;13995;1481527734;14
5499;6167;1481512520;2
8094;6680;1481548931;6
2138;18088;1481515743;18
2339;20901;1481548622;14
6606;7592;1481547668;14
10436;3146;1481523199;2
6548;27493;1481512617;10
8368;3911;1481543048;16
1643;14157;1481522886;4
9897;17396;1481528849;2
13859;3605;1481525456;18
12945;1688;1481536391;4
13822;6161;1481513134;4
27393;5038;1481519122;14
16863;3449;1481544746;10
24951;16140;1481536193;4
1402;11884;1481511729;18
11093;2527;1481519508;6
7770;25280;1481516531;16
4924;18199;1481525458;4
8476;10226;1481515980;16
23647;6701;1481543701;4
12699;11131;1481529991;12
6727;8744;1481524207;2
27374;1846;1481522557;6
5933;9371;1481529841;8
1093;24692;1481548780;10
20091;3263;1481525066;16
24162;7831;1481537822;6
4284;11031;1481542132;18
19497;6023;1481540546;2
21379;15228;1481531774;14
1557;18887;1481533830;2
1114;1842;1481548551;4
17397;931;1481542614;2
10915;13888;1481537950;2
22270;3905;1481531243;4
6602;8022;1481531166;2
8350;7623;1481514154;10
6706;18330;1481524682;18
1310;27418;1481534315;4
5996;18813;1481549846;12
13878;29;1481515127;16
11;14929;1481522393;10
14201;20367;1481546363;2
20576;25034;1481517092;4
8929;4866;1481538298;12
2755;6653;1481548128;10
8505;13823;1481518223;4
933;12092;1481529441;16
9623;3702;1481539504;10
7556;5806;1481521963;8
27267;306;1481510863;18
4184;3852;1481540124;12
294;6864;1481544982;2
10032;8166;1481541607;10
973;397;1481517667;4
22131;8445;1481541382;18
8486;2027;1481543505;12
17398;4798;1481522792;16
11772;6368;1481523677;2
7565;9246;1481533700;18
6723;223;1481511020;16
13289;5692;1481541387;4
16377;25320;1481530710;18
7868;17771;1481517750;10
23447;19952;1481528962;10
2788;23446;1481531847;14
16812;9775;1481520693;6
10812;11244;1481543366;14
10183;6328;1481540110;16
4825;7348;1481529468;8
5041;8496;1481546515;16
6964;8051;1481520352;14
24294;19303;1481548772;18
313;5873;1481525980;18
25369;10206;1481545915;14
17478;4240;1481510301;12
4762;13345;1481534411;14
1085;8588;1481537272;6
20404;22958;1481529127;16
1377;9312;1481537431;8
17364;1358;1481536388;12
358;19419;1481534522;18
25549;7253;1481533750;12
1194;19283;1481549251;6
19228;12034;1481541465;14
5631;3989;1481544951;10
1060;19297;1481548336;4
6236;6992;1481535987;8
20713;5710;1481550364;4
6969;9874;1481509693;8
11253;21678;1481541491;4
24475;20931;1481516838;12
5723;9180;1481538811;6
2131;27177;1481532776;4
13080;18958;1481512064;16
18151;5913;1481520990;2
9532;20930;1481510917;18
19492;19544;1481535650;12
11225;3998;1481535196;12
6433;18911;1481545704;16
9288;6687;1481546363;16
245;8493;1481513856;8
16894;1105;1481538436;2
18438;7477;1481530157;4
5083;8387;1481521022;12
10121;4533;1481511008;12
2399;22504;1481548262;2
12354;8132;1481528293;12
1856;10766;1481519718;8
889;13346;1481536398;8
2960;13212;1481545510;10
11107;7187;1481518949;16
1109;18165;1481531663;2
254;19952;1481517418;18
7436;27231;1481538534;12
7542;10003;1481532014;14
7814;10328;1481512778;4
7610;10027;1481518363;18
6877;21451;1481551131;8
19944;17291;1481534007;12
16318;13854;1481533206;14
8027;17413;1481542569;2
6715;7070;1481510126;18
5833;14264;1481521519;18
19304;25365;1481510099;4
21722;16801;1481550506;2
20536;2399;1481533574;14
10602;19548;1481516430;10
8539;20692;1481546893;12
8356;19764;1481514809;10
7710;1031;1481526135;8
5726;18117;1481533301;10
998;24357;1481514842;18
4565;4926;1481536804;18
6638;4337;1481532075;6
23352;21491;1481528512;6
20303;6256;1481541299;16
18193;17504;1481522971;14
1411;12624;1481531427;14
10271;17455;1481536745;8
20040;6420;1481544038;16
903;63;1481527684;4
20523;6688;1481549879;14
25179;1367;1481527440;16
1531;10923;1481523979;2
2031;9198;1481536181;2
10703;10037;1481540556;14
17396;8658;1481534977;16
17435;5718;1481545495;16
13197;9470;1481545775;18
22502;18845;1481543091;10
27315;9882;1481521043;14
18178;10782;1481510252;4
12761;4979;1481518370;16
4969;2422;1481539677;6
5114;8418;1481519346;6
18050;14137;1481525078;8
8482;7790;1481534151;2
10176;18834;1481534923;10
3252;10515;1481510972;2
13784;18442;1481542744;10
9288;2389;1481546808;18
3638;8965;1481531132;6
20299;9628;1481523904;8
622;1267;1481547241;18
16138;17454;1481530963;10
22923;6396;1481519822;16
19814;5980;1481519771;4
8464;12816;1481510357;8
3601;18247;1481550356;8
3378;991;1481535284;14
19556;1966;1481532383;2
4195;4333;1481526727;2
14972;11770;1481517195;4
25261;14648;1481532682;10
4849;19818;1481539851;6
6105;6781;1481537775;6
175;9960;1481531208;2
9439;4990;1481537522;10
3988;5301;1481550965;4
14586;8646;1481549764;18
17273;16201;1481539685;16
7262;1645;1481509540;4
20995;8475;1481524649;12
7164;27484;1481550673;8
4360;17255;1481539110;8
15450;6327;1481516618;10
25533;2353;1481537255;14
14572;12721;1481525343;14
1929;6662;1481542913;2
7023;6927;1481516027;2
8888;10023;1481523031;12
21802;7836;1481520245;10
11986;4942;1481532310;18
11096;3352;1481513806;10
1408;9255;1481522279;4
9645;17501;1481536623;8
9298;6609;1481534422;10
17455;17190;1481516952;8
9547;3086;1481534598;4
315;5502;1481511565;10
26199;2842;1481513407;6
10574;6512;1481521214;14
17027;21363;1481519112;12
11130;1918;1481545413;2
4624;13856;1481521036;12
22960;10572;1481516316;2
6881;2120;1481539711;12
11744;6975;1481522186;4
140;6574;1481550004;14
26480;6441;1481516722;16
20106;3772;1481521077;6
2381;11068;1481535972;14
5346;357;1481547015;16
23630;8183;1481512699;2
1188;11761;1481516294;4
6136;3936;1481521571;14
4181;25359;1481547405;16
7625;25021;1481515312;12
26068;9516;1481529923;2
8949;6310;1481539145;16
6434;10376;1481535508;8
25163;17280;1481516129;14
6657;1836;1481524762;10
2730;8760;1481525044;12
11794;6112;1481512273;6
17845;16880;1481525496;12
14875;10281;1481529688;12
7403;1933;1481525882;6
24128;13874;1481517137;2
25508;1365;1481510779;4
9024;10604;1481545806;18
1925;10823;1481525872;2
11482;20293;1481518291;8
342;1432;1481540930;4
14124;1917;1481541694;14
4520;11080;1481543348;8
1539;17285;1481539909;10
1134;4212;1481535222;8
17481;19958;1481527384;10
7883;27374;1481534722;10
2773;20359;1481550698;16
1189;22939;1481543254;2
12135;13878;1481543483;4
3616;6805;1481527437;10
3252;8022;1481538927;12
12656;18307;1481516354;10
17502;5927;1481525317;18
6883;19852;1481536804;2
3015;6663;1481516658;6
3411;8636;1481513362;4
2819;18821;1481516854;6
3281;14434;1481523608;16
14806;7610;1481523618;12
10371;20052;1481524301;18
12119;10823;1481529349;6
14806;26478;1481533669;8
20976;3255;1481541079;14
20901;686;1481541302;12
25051;20196;1481537725;2
8535;20807;1481549301;18
23010;15371;1481537700;8
2790;3756;1481541066;4
4867;19966;1481537051;10
6209;326;1481510084;8
7936;14642;1481545122;2
26392;21415;1481514405;8
21300;17793;1481520680;2
4263;25387;1481512934;10
23076;6698;1481538525;16
25369;10930;1481537449;18
12311;6487;1481543415;2
11142;9470;1481515096;2
1772;7616;1481548867;16
13774;7566;1481513486;10
8532;13123;1481517730;6
6532;7272;1481539794;18
7783;12867;1481530003;16
6969;19807;1481531042;14
25503;19957;1481525362;4
17572;27263;1481538509;8
25001;4702;1481547385;2
17439;12869;1481516832;8
4264;5868;1481527515;4
1029;9546;1481519291;6
11479;10494;1481525411;18
4191;7474;1481548101;4
16874;8279;1481524491;8
3425;24061;1481525844;18
11054;17705;1481545813;10
12378;13221;1481532522;6
10634;12322;1481534985;4
16308;7399;1481525365;8
1704;27179;1481523199;6
15319;4958;1481527798;16
20460;18303;1481548395;2
9144;10385;1481510737;8
13002;897;1481516831;4
3072;10220;1481519156;6
1890;14252;1481536402;18
19534;5807;1481525536;16
1765;3946;1481541894;12
1280;6641;1481548726;14
9133;3730;1481523119;16
7711;8134;1481531043;6
10118;4287;1481545497;2
25363;15248;1481533659;18
9470;22446;1481510511;16
6730;27417;1481544293;18
7425;18264;1481511443;16
21385;84;1481536931;14
6986;21225;1481511902;4
6812;16647;1481548130;10
11615;23857;1481523675;2
5738;11905;1481529059;10
25000;7622;1481539131;2
6475;9995;1481524960;12
4783;21297;1481530098;12
27449;15322;1481522766;14
15329;17038;1481529802;6
3005;11860;1481519636;10
8456;5469;1481545987;6
6348;15926;1481526712;14
3403;365;1481509560;16
24285;11378;1481520832;2
10771;10537;1481520179;2
9534;2767;1481523394;18
3088;6537;1481513275;16
6410;18046;1481538434;10
20443;10529;1481547092;6
17264;24663;1481526881;4
19988;27087;1481537432;12
1562;9566;1481522370;12
7350;875;1481544178;16
9623;9516;1481549285;12
1585;2126;1481521191;16
4778;9751;1481548799;14
1074;6411;1481543144;14
21801;20327;1481549449;16
22180;8134;1481524912;4
20293;25286;1481515270;2
5921;9775;1481530889;4
4698;23066;1481511227;14
5855;14261;1481517751;10
14808;20338;1481550861;14
8695;2379;1481540236;10
7266;10914;1481516262;12
22989;11145;1481524657;14
7438;12277;1481532202;12
4678;11227;1481524048;10
14698;10615;1481522220;6
10020;23177;1481536518;16
2366;8303;1481537227;2
2330;11393;1481524136;14
8053;13218;1481529920;18
4862;2145;1481537447;16
3010;8415;1481537039;10
8656;11267;1481515676;16
6483;1926;1481538666;4
24392;14633;1481527542;14
234;27543;1481544770;4
560;12142;1481549864;8
366;7344;1481528454;10
18077;8798;1481538349;12
2953;7934;1481545779;10
4522;1263;1481512869;4
12601;2841;1481511438;14
6204;12061;1481510522;4
229;20338;1481537074;14
383;24918;1481519473;10
11608;11870;1481547747;16
5901;13260;1481511695;8
6637;8317;1481535319;2
5892;11115;1481550181;16
5900;1129;1481539276;8
11133;6182;1481519480;2
26199;1645;1481547112;14
5916;8975;1481525609;12
1696;7271;1481516286;6
2349;1074;1481518000;18
7168;4586;1481524985;16
19043;14878;1481522218;4
22496;10545;1481511914;6
8636;386;1481529859;8
1929;19970;1481545149;14
16812;6962;1481533573;16
5894;2643;1481524549;10
4662;9877;1481540397;10
11767;5843;1481533136;4
21494;14873;1481535952;14
3380;24692;1481550758;8
20137;14550;1481534971;12
27128;17399;1481517067;2
9505;4005;1481523191;14
6795;2125;1481544165;16
9159;9950;1481510416;6
8014;6289;1481519489;2
21397;22662;1481541045;8
12152;27097;1481535141;8
19212;4988;1481519603;12
8150;8587;1481526868;4
25165;7110;1481522909;18
1307;6909;1481539220;6
5761;9865;1481540412;6
4990;8596;1481510944;14
22932;14639;1481548564;18
17258;1394;1481537734;6
200;5928;1481550362;6
8421;14185;1481547808;4
17585;7890;1481512888;8
6378;6682;1481511026;4
20687;348;1481537087;18
16812;11483;1481545743;16
1483;1148;1481534904;8
12240;6605;1481546250;10
21316;20704;1481549832;18
23012;1253;1481511382;16
10191;4802;1481547455;16
2879;7253;1481538244;6
1515;10115;1481529413;14
1985;8502;1481539856;8
18046;27325;1481525411;4
395;25363;1481535665;12
13259;6728;1481549077;16
27478;23860;1481519176;16
5017;11032;1481542246;2
23651;27209;1481514391;6
9682;10319;1481534798;14
7513;5279;1481548547;16
20239;11917;1481531893;2
17170;5630;1481534247;8
8991;1147;1481539375;16
10267;12601;1481524931;4
19988;9904;1481512481;16
20932;7187;1481522578;4
23857;7283;1481530416;18
252;3083;1481518755;10
11034;15071;1481549340;8
1176;11210;1481515326;2
15448;275;1481539935;8
7561;25376;1481533205;14
4768;7244;1481546558;18
5729;18892;1481523145;6
26392;4587;1481517505;4
101;23318;1481544961;16
4209;7030;1481511571;2
7541;23507;1481550512;4
11110;1584;1481509640;4
23486;12282;1481517044;14
18079;2274;1481536693;8
24701;11153;1481511605;8
8462;367;1481517577;14
5973;16837;1481548575;8
14169;18764;1481529823;14
7553;6606;1481525379;16
10462;9896;1481519668;12
41;8488;1481516792;10
10046;25430;1481542692;2
5009;8301;1481546559;6
27164;26182;1481529655;2
24711;70;1481519771;18
3219;10520;1481526836;10
12241;10356;1481538626;2
12391;18105;1481549398;14
17423;22606;1481513843;2
10030;13985;1481528875;2
17330;10504;1481530210;16
2889;11869;1481529738;18
265;22642;1481520323;4
17886;19544;1481530475;8
8534;27143;1481511222;6
19595;7089;1481545385;10
8818;5749;1481538668;12
10879;5807;1481521949;16
4323;22467;1481528442;8
24284;1554;1481521949;4
246;17289;1481511174;6
24952;12101;1481534799;2
16008;23158;1481540217;8
9429;27400;1481522503;6
27177;4660;1481532724;14
11744;6703;1481511887;18
20053;15250;1481521534;12
11563;8467;1481530293;8
26104;9266;1481533902;18
5854;24446;1481523200;2
8593;227;1481546893;8
14155;7046;1481550693;10
18912;437;1481517622;14
21798;7030;1481526771;8
23060;8023;1481535151;18
25191;1201;1481532352;10
17884;21501;1481515585;16
27322;423;1481535918;14
21463;24952;1481518252;10
19935;19833;1481532255;4
7600;25328;1481550758;12
20547;5783;1481513375;12
6810;9652;1481538374;4
8027;3556;1481511387;4
4044;18903;1481550362;10
964;9852;1481546193;2
14857;14962;1481527753;2
16321;23536;1481515682;10
27105;6770;1481542204;18
432;22626;1481545748;18
27471;246;1481537748;18
9056;6727;1481538577;8
21218;4037;1481543068;2
10459;1727;1481511384;14
8839;17153;1481525811;16
7887;23303;1481540485;6
7481;15353;1481544063;14
8746;3069;1481525591;12
4942;27378;1481533573;16
8452;18846;1481516991;10
7487;17309;1481521362;2
1255;3589;1481541010;6
1922;12073;1481528852;14
24501;20758;1481550183;14
1053;8535;1481536973;10
23149;22430;1481521733;8
21078;1620;1481525559;6
8701;19510;1481550882;14
10231;8495;1481521788;2
15297;14550;1481524863;2
23852;22213;1481516218;16
19871;12775;1481531303;14
260;13784;1481534413;10
9662;7454;1481516059;10
5415;3020;1481550363;10
17305;19941;1481537922;8
6802;19303;1481517789;2
21799;1110;1481522043;8
15298;12214;1481545051;18
4686;20023;1481541346;10
2142;17770;1481520614;8
3574;7585;1481528962;2
21486;10011;1481525559;2
1357;21413;1481540231;6
9405;8740;1481539157;14
26076;15164;1481513513;18
23805;20372;1481509791;6
358;11762;1481512246;16
196;11479;1481515938;12
4974;12074;1481518206;18
5279;5775;1481538924;2
12297;14857;1481523654;2
2422;893;1481516629;2
1216;1722;1481531707;14
17270;10509;1481542706;2
7975;7585;1481547191;4
1024;9467;1481540213;12
4926;19024;1481545376;16
5277;7583;1481510679;10
23495;1902;1481532853;2
6591;22576;1481548710;4
2120;13892;1481522556;16
1699;19232;1481525804;2
2156;2526;1481531552;8
8492;17003;1481549929;2
15474;8995;1481523983;16
22479;9563;1481510723;8
3095;24431;1481518515;16
27455;14549;1481511649;4
393;9666;1481550107;16
8307;18424;1481522496;6
11797;17863;1481533871;10
15520;5098;1481523312;10
19985;16886;1481532615;16
5878;5384;1481542164;2
19044;10325;1481549349;16
25541;12781;1481549837;2
1083;3377;1481520227;4
19520;19075;1481531244;12
3286;9656;1481517735;4
10124;1435;1481538450;2
25331;4180;1481546899;12
4876;8747;1481549891;4
93;13724;1481550114;16
13883;1746;1481532972;16
22499;2356;1481514170;12
20921;9515;1481515806;16
21384;6376;1481520047;8
11035;7419;1481524258;18
10725;16910;1481520104;16
2415;5972;1481517005;4
15022;17185;1481513855;18
4956;24691;1481516936;14
3542;17255;1481547260;10
6032;19908;1481513742;2
5915;21800;1481519360;10
2838;5406;1481513321;2
1135;4214;1481542472;14
2609;16033;1481550876;4
3021;13783;1481542122;18
6826;8195;1481539643;2
6165;5672;1481530142;8
7965;9485;1481541804;18
19072;4318;1481520130;4
5403;3031;1481548294;8
16849;4181;1481527473;16
5079;9317;1481512788;18
1648;6693;1481524218;10
9656;8576;1481535926;6
5426;11851;1481544937;18
5387;1246;1481536564;2
7581;10797;1481538935;12
3257;3992;1481544540;18
5720;25161;1481513324;18
6668;3340;1481537836;8
7815;3383;1481537721;18
5106;5688;1481521537;18
4763;3600;1481550416;18
1037;8473;1481540391;10
8833;19871;1481517539;6
12059;4191;1481520794;10
6620;25528;1481541167;4
9523;27207;1481517341;8
18807;3619;1481539680;12
2388;16918;1481547865;4
23662;16997;1481511289;16
5611;13945;1481539173;12
4811;14630;1481517637;12
10235;2171;1481521980;2
7336;5989;1481541953;12
3458;22482;1481522781;16
12360;1863;1481512719;16
11697;20831;1481511900;8
16192;10213;1481533787;18
24648;1385;1481527514;12
4053;12419;1481530790;16
3401;20588;1481531581;8
10328;15297;1481522372;10
20530;3593;1481525443;16
27046;9447;1481530373;12
21311;7049;1481528387;14
19298;2135;1481537654;4
8678;6142;1481538640;14
1128;23002;1481523811;8
9540;9876;1481531866;16
3006;27004;1481542236;12
5776;8351;1481521237;12
18878;6921;1481514355;8
5028;4328;1481538948;10
10426;5810;1481518569;14
8381;20459;1481534847;14
7340;26108;1481515072;18
23009;3956;1481522899;16
5867;9609;1481544391;8
1715;18348;1481514502;16
7505;11143;1481521901;4
10556;22451;1481540916;18
9278;4025;1481528371;10
21226;3468;1481533300;10
7602;19821;1481538444;14
5115;8338;1481544371;2
4033;1447;1481525295;4
7846;6937;1481524452;14
2284;10544;1481536668;6
106;2997;1481512953;12
1800;6177;1481533226;2
27029;20193;1481547504;10
4591;11702;1481541968;18
23531;14420;1481549670;16
6669;4922;1481512568;18
1691;12146;1481549563;2
9567;11563;1481522860;14
4900;24622;1481539904;10
21268;1226;1481526682;2
3615;6010;1481516767;16
10906;14636;1481545754;12
25325;25389;1481513115;4
10291;14239;1481530964;10
2807;7542;1481514323;10
4996;27388;1481521764;12
19212;15312;1481532778;10
1353;22146;1481542929;4
8432;6697;1481511185;4
11224;3468;1481531786;6
19546;20919;1481517849;16
3598;7566;1481534485;18
290;20589;1481517634;14
1196;161;1481522253;12
13219;20088;1481517666;12
26184;27266;1481522832;12
1852;6767;1481518835;12
9666;11758;1481519655;12
18319;18335;1481524410;18
1389;9770;1481550322;8
23695;27277;1481541809;8
15407;19059;1481525741;12
328;14920;1481535682;12
26069;3087;1481515683;10
8119;22942;1481519883;8
1429;961;1481524376;18
10421;12019;1481542845;8
14625;1563;1481544240;18
12247;27287;1481550705;10
5734;23024;1481546840;10
563;22213;1481535580;10
1092;4214;1481511264;6
20683;15788;1481520676;12
10114;188;1481521232;12
7533;8882;1481529594;8
4582;17516;1481525319;6
9749;27003;1481512705;14
16872;6859;1481537588;6
27007;9648;1481514506;14
21500;19805;1481518849;6
18837;1957;1481512366;2
2400;10006;1481541807;6
13346;4731;1481526522;18
22481;12284;1481547439;12
16369;130;1481531663;4
6385;10006;1481521685;2
10891;11067;1481536319;12
8228;14443;1481540780;18
17477;14127;1481527563;12
6496;15222;1481540507;2
1360;7933;1481532441;6
8302;25266;1481529969;16
23168;19900;1481510567;6
15135;7066;1481513395;4
12136;9870;1481540898;4
12150;8109;1481520138;6
7596;12162;1481538698;10
10434;1207;1481527203;18
7186;12645;1481533132;14
1632;20284;1481549754;2
10905;15450;1481516872;10
1696;1680;1481519208;8
12697;8996;1481526528;4
17843;1169;1481510093;2
13976;20397;1481525676;8
9405;8471;1481534345;6
7635;6552;1481527972;14
3986;3616;1481512981;6
4301;1499;1481546886;8
1141;1045;1481509926;8
4531;12816;1481527097;2
1150;23353;1481512993;12
26156;9262;1481537442;12
8795;13004;1481540891;10
3932;1695;1481522692;4
329;5639;1481514419;14
5939;9804;1481530961;4
5977;6537;1481517069;6
7914;4015;1481515518;8
4362;8655;1481550683;12
11034;9952;1481549872;14
6148;27014;1481537440;2
17870;1878;1481531196;10
6455;25004;1481537490;4
13241;6415;1481526882;8
10876;16134;1481541237;4
8557;7686;1481510058;4
4234;17483;1481518343;10
18534;3976;1481516068;10
94;6449;1481519921;16
2332;5089;1481519818;14
7017;3940;1481531346;18
12780;4807;1481548555;18
22316;23020;1481547190;2
2771;7525;1481519836;14
21809;5859;1481545040;8
10176;13126;1481518532;4
16042;8017;1481527708;16
8310;22502;1481549507;12
3726;6024;1481523223;2
7490;25269;1481545494;14
19850;1398;1481532850;12
21461;20132;1481528390;8
10717;15747;1481522701;2
20687;17532;1481532372;14
1981;9308;1481520775;4
7519;16918;1481530703;4
5435;5688;1481537320;16
8645;6466;1481522832;16
14802;7039;1481539020;10
13788;6115;1481544425;10
5755;19297;1481528566;16
6182;877;1481541959;12
3493;19916;1481521265;14
19272;10620;1481524138;4
7042;23060;1481545914;14
19067;17004;1481550999;12
27414;1907;1481510892;2
12398;8143;1481547010;4
11387;20119;1481517897;4
8807;15768;1481522476;12
7988;1722;1481538398;14
4899;162;1481518675;6
5923;22976;1481545284;12
11098;10273;1481535641;12
356;334;1481548664;6
17143;6638;1481535637;6
1908;8321;1481541161;18
6223;6818;1481518462;6
1571;7562;1481541838;8
4737;10208;1481546564;18
15336;9994;1481531035;4
19821;14681;1481523206;12
13825;6528;1481549973;16
9412;4215;1481510498;16
10927;13890;1481528672;14
22137;1579;1481516482;18
178;14254;1481549322;16
14977;5419;1481539074;4
937;10672;1481536632;4
23823;962;1481550631;12
16903;1628;1481509957;16
8602;8657;1481539448;12
1247;27477;1481546067;16
27127;15295;1481542422;18
9961;5012;1481520342;2
19215;18862;1481513561;12
7052;26159;1481517692;2
14637;20950;1481548910;16
13075;24327;1481523983;12
25433;10675;1481535075;4
3324;25545;1481545487;10
12782;17171;1481523795;2
3001;24963;1481530104;8
3124;5505;1481546375;16
24654;20424;1481529175;4
1645;26477;1481543442;2
25080;9007;1481549420;4
6685;3694;1481522859;14
24965;901;1481539488;4
15077;7489;1481510993;2
6670;6356;1481512013;2
11693;11252;1481522729;6
6205;19320;1481537613;6
9465;12943;1481517041;4
8970;14806;1481511027;2
6561;6267;1481523119;6
3936;15373;1481527783;10
11242;85;1481531250;10
27409;8905;1481546866;16
10406;24088;1481531113;16
2981;8756;1481538425;8
6406;7469;1481509640;12
13819;7157;1481527144;8
2842;19829;1481544730;4
4244;5034;1481519440;14
5844;11397;1481528974;14
6920;2326;1481515581;4
8531;15433;1481549626;8
10113;23366;1481544619;14
25166;19953;1481533336;16
1170;5469;1481543378;4
17507;363;1481519609;18
27521;8503;1481512934;2
5721;8250;1481520909;10
3766;7174;1481542241;4
3488;3910;1481527823;8
1605;12872;1481538824;6
3076;27422;1481538820;8
19039;26071;1481512853;16
17306;12148;1481537440;4
4541;4035;1481548701;18
7490;318;1481521197;2
15015;1263;1481542679;14
4324;1921;1481513305;4
7458;27479;1481529918;8
6390;4915;1481536603;14
8513;220;1481514439;6
193;2174;1481543968;4
20535;9547;1481546860;8
12627;16935;1481518033;8
9360;17508;1481534251;8
11102;8118;1481526327;18
3507;10735;1481548554;14
23649;26392;1481547948;4
23037;24162;1481513853;2
3944;7427;1481513425;2
19798;7053;1481533374;6
2036;17263;1481533641;4
1662;66;1481534202;4
4249;6618;1481511158;12
10037;8887;1481547873;16
14571;3936;1481526970;2
19836;10562;1481531394;10
6123;19759;1481523431;6
1416;2605;1481531909;6
5987;1152;1481517969;6
13346;17349;1481541613;12
18461;4813;1481538140;4
5398;9509;1481528448;14
25073;14901;1481541164;14
1560;9114;1481523452;16
12809;1686;1481517266;18
2168;15223;1481523208;16
21298;8006;1481531693;8
8301;7064;1481517858;18
6351;3404;1481522624;12
12039;16799;1481514241;4
1005;10632;1481515036;2
18914;9421;1481536970;18
15755;921;1481539312;10
8704;7182;1481545813;18
17381;9015;1481513216;16
10706;18423;1481550670;12
8389;2644;1481516447;12
21282;7270;1481514847;6
20311;1970;1481514424;14
10835;10649;1481550196;18
10647;14698;1481537032;12
7489;14498;1481534515;16
5627;9314;1481549813;16
8117;17404;1481535755;10
24133;1690;1481532010;10
20790;19055;1481511971;4
1274;15188;1481512882;12
10813;4026;1481533241;10
8944;291;1481547613;16
8898;6916;1481538718;4
358;25195;1481537905;10
25183;9434;1481532157;14
22270;20628;1481538592;14
4033;11076;1481544184;12
19818;4995;1481533788;18
8410;26034;1481537993;8
57;2880;1481532621;14
8743;1449;1481519124;10
22161;24679;1481519552;10
7956;5830;1481535859;8
7337;14118;1481543362;6
2428;5375;1481535134;16
17377;13345;1481533804;8
10407;26031;1481515220;8
6118;14660;1481544054;2
17771;8168;1481512699;2
5700;5023;1481516756;2
22506;17875;1481511237;14
12294;18070;1481537202;4
12796;2286;1481523863;6
3066;10886;1481538612;14
23520;4239;1481523481;12
5353;16021;1481548796;12
26;6205;1481521171;18
7042;18049;1481548504;12
8414;6009;1481547752;8
23811;1440;1481520052;18
5961;9133;1481525014;14
10327;2177;1481513916;8
12262;10190;1481523247;10
20937;260;1481537547;16
5765;9880;1481543108;2
13215;11149;1481509688;10
7460;3626;1481535100;6
14434;16186;1481550380;6
19753;5946;1481524516;4
21503;6915;1481529828;8
442;2805;1481538441;8
1137;301;1481547978;18
3268;4508;1481547578;2
16819;14264;1481527145;4
12074;2845;1481527586;8
4754;2985;1481531953;14
1740;7696;1481523596;2
10272;10255;1481538294;6
1079;8965;1481536195;10
10003;1034;1481523449;14
12866;8566;1481527426;6
6640;18115;1481521471;10
20077;13770;1481520097;18
25528;5961;1481527017;12
5728;1363;1481549124;10
26104;2464;1481530285;2
10913;17532;1481512235;16
16809;1137;1481522852;14
4847;191;1481547373;6
24356;20404;1481522710;2
14992;8340;1481520496;18
2605;119;1481518850;12
1317;1665;1481522543;4
1046;11089;1481529765;8
10094;216;1481531182;12
2036;10068;1481517581;14
5969;18341;1481539903;14
23644;10710;1481550337;12
17577;23523;1481542271;2
21488;8781;1481516615;16
187;10509;1481549257;2
3375;12744;1481541663;18
17046;8692;1481543743;12
60;14255;1481514384;10
8160;27424;1481524054;4
4522;10475;1481548033;8
189;27287;1481523004;16
13345;17547;1481549680;18
8305;8173;1481544523;16
6546;3368;1481529548;14
18046;23756;1481546954;10
3985;9285;1481517922;4
12557;7647;1481521447;2
19756;6346;1481510196;14
11783;3274;1481518518;16
5478;22306;1481511944;12
11826;6829;1481523361;12
7831;5959;1481542440;4
6794;14625;1481524212;18
8035;27388;1481547794;6
4183;1457;1481544549;16
26111;6921;1481527078;14
8187;6379;1481547191;16
18964;9961;1481527672;2
27329;14808;1481516001;14
16141;11374;1481526210;4
14699;25186;1481545297;14
8976;1363;1481529695;16
11026;1639;1481528541;16
5487;10685;1481517148;16
5637;9018;1481536299;6
4313;8008;1481540351;10
3003;8958;1481512113;8
25512;22442;1481525005;18
6379;10670;1481514588;2
14808;7575;1481537546;6
18335;11040;1481527956;10
19726;17285;1481516280;12
11859;27478;1481517423;12
17034;27481;1481524283;10
6520;4255;1481522940;10
9012;8126;1481526682;2
3918;5846;1481542811;8
4987;1555;1481535565;6
4686;5634;1481511066;10
6553;370;1481512770;12
24374;10998;1481516902;2
1457;3693;1481539778;4
4955;8120;1481521769;12
1360;10634;1481517913;14
11037;9668;1481518245;14
27309;16927;1481548167;12
6973;10847;1481519628;4
6634;20782;1481545222;12
12374;27136;1481527063;4
18355;99;1481533447;8
1157;18131;1481523406;6
2821;23069;1481536659;6
6941;111;1481541571;10
9751;15448;1481545589;16
1013;1144;1481541494;18
1727;6382;1481537758;16
3943;11202;1481520330;12
21497;6993;1481514729;2
5757;14192;1481521360;10
11020;12102;1481543714;16
1277;12565;1481537749;10
1492;195;1481540904;8
360;4891;1481549161;10
21814;11208;1481541174;14
2371;14138;1481512960;16
6325;20400;1481524964;6
25250;3772;1481536717;14
997;14245;1481522156;8
17312;20773;1481538931;4
998;8036;1481537727;10
4258;5783;1481548673;16
19585;117;1481530704;12
17183;1717;1481511644;10
9239;11413;1481510153;12
27384;4358;1481522021;2
1402;10204;1481545069;12
7008;7485;1481523585;2
2814;26158;1481550245;18
5478;19308;1481521841;18
2816;2324;1481511256;4
14665;8291;1481534256;14
3625;11831;1481542296;6
11378;21411;1481549055;14
404;4025;1481535455;4
21312;25288;1481532122;18
12355;8762;1481518125;8
23100;7861;1481550955;18
6712;2320;1481548372;10
11943;1358;1481530318;4
18910;9954;1481511371;18
17156;22148;1481514688;2
617;7032;1481527429;18
2422;9383;1481544885;6
27428;20945;1481511574;18
8168;18444;1481537098;4
23001;8836;1481513719;14
4976;1584;1481544874;2
23489;13875;1481511628;12
26029;20955;1481532517;18
4837;19209;1481522917;2
9154;91;1481538125;8
7557;23187;1481548760;2
9788;17211;1481532625;2
5286;14630;1481526193;10
12643;5737;1481526071;8
8130;12284;1481517577;4
3744;15310;1481537521;14
9546;27142;1481511726;10
17512;3022;1481523494;14
3539;15242;1481548722;14
27018;1584;1481544753;2
3907;17279;1481518792;8
10750;14207;1481548532;6
3727;12418;1481524209;4
1069;23020;1481513166;6
3906;7439;1481542894;12
4192;6247;1481531788;2
1954;21225;1481545553;2
11739;11594;1481511870;18
19571;18197;1481546164;8
15325;6996;1481530142;8
26076;1422;1481530316;8
22613;10355;1481514366;18
11083;6700;1481545837;10
5012;3164;1481530990;6
7157;19200;1481531584;4
439;8579;1481511512;18
27132;8992;1481547400;12
8005;14514;1481523248;10
5947;8813;1481516299;4
5629;9518;1481546839;2
8507;20909;1481523320;14
16936;956;1481518859;14
27427;23187;1481548503;8
22499;23328;1481533863;16
3095;18066;1481526147;6
17886;25358;1481542872;18
10496;22479;1481538735;4
9771;9956;1481529291;12
12070;7046;1481517337;16
21806;11177;1481539491;16
4841;20119;1481519566;10
21308;6974;1481512705;6
2783;5009;1481511668;16
17258;25288;1481526505;18
1107;10541;1481514839;8
3856;19870;1481533779;16
215;6305;1481532047;16
6783;22219;1481535890;6
15735;5702;1481525015;16
7582;25386;1481527443;6
1194;3937;1481538233;2
16856;8034;1481509707;16
8476;1563;1481543637;8
17360;8194;1481532652;18
18847;17395;1481531130;10
16803;9150;1481531244;2
19372;18336;1481535060;12
20041;11092;1481522945;4
11130;24180;1481537189;8
6265;4681;1481525207;6
19419;23177;1481533783;10
10246;8075;1481532459;4
307;11776;1481535295;8
15931;10022;1481535064;18
9771;6459;1481537344;18
16834;18350;1481550424;14
24925;9680;1481525746;2
9013;150;1481543513;16
20195;4254;1481524038;2
1420;3602;1481523206;18
7689;6304;1481523459;6
9498;6633;1481543426;18
7408;3586;1481510039;12
23730;1932;1481534108;2
11921;22177;1481546286;8
11805;3427;1481546601;6
1659;12040;1481522608;14
5710;9476;1481524415;18
10409;1352;1481525801;12
19301;12031;1481523124;12
7790;20740;1481546960;16
14127;15909;1481515460;18
23519;19587;1481533048;16
10797;11885;1481532942;12
17463;17424;1481526131;8
20021;6478;1481518081;16
1268;4226;1481536445;4
8803;6115;1481539691;4
17031;10823;1481544171;12
27166;3022;1481520495;14
1680;6201;1481513484;12
209;16296;1481515275;4
303;26244;1481525649;10
9979;18904;1481546049;4
1765;9112;1481522079;8
8452;8344;1481539850;4
22923;8765;1481543642;8
12600;8505;1481510983;14
16889;3349;1481546574;6
15231;26479;1481542337;14
23832;11213;1481512726;8
14271;3382;1481521221;18
12731;14625;1481524265;6
11014;278;1481528002;16
16861;10437;1481510754;4
4994;16121;1481513147;2
9756;19545;1481535122;6
26330;8013;1481549569;14
23761;14655;1481536766;18
22444;21387;1481534543;2
21281;4878;1481550484;4
17414;2362;1481532652;2
4181;13929;1481532997;16
1275;9887;1481525801;12
9846;20985;1481533436;8
5772;27356;1481528176;10
4756;6231;1481548428;10
17435;18810;1481531391;8
15081;19797;1481517650;18
1645;937;1481525634;14
24692;27549;1481549003;16
1298;53;1481522393;2
10425;23525;1481540791;10
8822;10838;1481520532;12
12630;1398;1481522273;10
16124;257;1481516991;12
6530;5002;1481535685;12
25535;20007;1481520127;4
6731;26068;1481528456;6
10475;5379;1481548159;18
885;27006;1481544718;6
4597;12576;1481512172;10
9748;8942;1481528442;2
16799;20575;1481520439;10
7093;11245;1481540312;14
18052;27458;1481536657;12
21316;20326;1481519377;6
1640;1341;1481545229;6
93;17484;1481510686;4
99;5928;1481545714;12
5907;27270;1481523591;8
16931;879;1481541911;12
27430;13238;1481541184;18
12868;8954;1481511940;4
8399;13226;1481523102;6
1696;3032;1481530792;16
7771;20392;1481540994;6
7535;9474;1481540758;4
17894;19868;1481536211;14
10814;10124;1481524401;2
6293;17419;1481536741;14
17417;1380;1481549518;16
15008;9767;1481525565;6
7144;5934;1481537016;8
10509;285;1481533325;12
1430;27483;1481520507;6
6125;15298;1481534404;12
6855;1682;1481540926;6
15159;13872;1481534065;14
8415;23453;1481547439;4
17242;12913;1481547639;2
17256;26184;1481540736;18
4224;5276;1481550925;8
6885;14703;1481540915;14
1082;8534;1481520669;12
10469;8408;1481545212;16
5954;20628;1481529111;12
17401;4641;1481539440;12
8738;4860;1481538164;14
2526;10494;1481528863;14
6570;8758;1481526955;4
23522;216;1481523000;18
2419;6799;1481522663;6
8988;20999;1481545275;10
9544;5051;1481543716;4
439;20400;1481515463;14
11799;108;1481533954;2
4010;7404;1481512691;10
1909;32;1481538108;2
1019;2034;1481544573;12
5996;6325;1481538259;14
15033;23049;1481527399;16
20530;404;1481513128;18
6606;5741;1481509823;8
20756;11211;1481547314;14
19716;4568;1481516104;10
14203;16123;1481536899;16
8817;3461;1481530686;18
26310;10735;1481514617;12
8493;4270;1481550226;8
1590;199;1481542624;14
6768;21413;1481526179;12
26307;9785;1481537312;10
8016;8513;1481527440;2
21081;1347;1481519426;8
8411;15091;1481521110;12
23443;5329;1481546652;4
7629;16847;1481534827;16
9835;1122;1481521467;4
7583;10679;1481521777;6
3721;7592;1481534728;8
22443;6945;1481532948;10
10113;14154;1481543172;16
11085;3295;1481515461;10
11022;22989;1481515832;12
17904;6533;1481542254;8
19059;10888;1481526423;6
7058;14237;1481535490;10
4324;20536;1481523955;6
6728;4898;1481527046;2
6125;2275;1481511182;14
6159;7474;1481512455;14
14889;20289;1481536717;4
3583;1158;1481533403;4
6894;1192;1481549912;14
12241;5413;1481532890;6
378;14258;1481547747;2
189;8277;1481546798;4
8049;25393;1481528554;18
5037;1815;1481541657;10
3925;6933;1481543659;6
219;6944;1481514474;8
18319;3460;1481539097;8
14190;4581;1481549217;18
24707;7398;1481513035;2
19753;25062;1481515966;2
8221;11854;1481511779;2
15319;9546;1481527557;8
17461;3083;1481513893;18
11135;5529;1481539555;8
11916;1696;1481517577;16
2812;7253;1481544284;12
17293;17862;1481535948;12
2774;5387;1481529160;16
24255;6137;1481533384;8
25128;18158;1481516246;4
1656;21090;1481534795;10
17846;4558;1481526705;8
8813;270;1481536574;8
5277;15240;1481547289;18
7620;4679;1481509922;12
430;17272;1481524153;14
113;27376;1481530375;2
8990;10010;1481510690;2
13123;2844;1481540331;6
7097;20921;1481545296;12
5396;11039;1481532219;10
4332;16197;1481514418;12
23052;277;1481528336;4
20124;1748;1481527932;6
6647;13820;1481518807;12
6003;4546;1481535853;16
10875;290;1481535413;12
10517;12700;1481538518;8
17377;22960;1481510065;8
12780;14550;1481548955;14
10780;11822;1481515593;6
1030;6627;1481519185;16
23024;21002;1481519393;6
2369;9478;1481537968;12
2982;9453;1481549207;18
12017;10272;1481514176;12
25055;9277;1481519963;18
4245;7078;1481530936;16
2612;27443;1481538472;14
10362;1025;1481515177;12
17001;12337;1481550340;8
27157;410;1481547183;2
9466;9159;1481550139;10
5724;4747;1481539535;14
250;4208;1481538279;12
27382;19055;1481523564;18
1560;6454;1481522539;12
16140;7167;1481547124;14
19898;11479;1481541892;6
8378;1228;1481517524;12
13856;23099;1481509759;8
10398;6639;1481545567;16
4796;2606;1481532973;6
11361;17870;1481540616;4
10262;21443;1481534493;10
14403;4999;1481548754;16
18075;11481;1481525608;2
14567;17267;1481537144;18
24143;4865;1481529782;8
27458;3076;1481516017;10
3901;27380;1481513809;8
9713;6198;1481529784;16
11395;23647;1481535586;6
23299;2794;1481550596;12
12234;20959;1481549183;2
19199;10830;1481511186;10
7783;22642;1481535970;2
2286;11251;1481531738;16
20397;8648;1481527608;2
6416;20012;1481529441;6
3898;23452;1481532333;2
15236;4184;1481524606;6
2392;21297;1481528644;8
19590;3586;1481521159;14
19761;2286;1481541265;6
8690;5715;1481549316;12
3018;16843;1481513535;2
11781;1979;1481510818;18
4754;6970;1481515655;8
11403;10384;1481522369;4
9364;5889;1481528026;14
55;25065;1481529362;16
1347;17303;1481538812;10
11374;10591;1481542833;14
27034;3955;1481512608;12
24708;22578;1481550169;10
10885;17193;1481532228;12
11156;8642;1481533800;12
6237;22445;1481517066;14
11891;26305;1481517290;18
17392;18098;1481546726;16
2419;2122;1481509879;12
10264;7165;1481531608;10
2419;6267;1481518188;18
2893;1141;1481520425;10
14707;18399;1481529793;6
10598;20524;1481512627;8
8554;20071;1481550321;14
9113;27332;1481538437;14
9539;12162;1481518142;4
11216;8368;1481541218;10
17506;4319;1481550478;8
9747;17472;1481545874;10
22932;2153;1481530107;14
5428;22933;1481550600;4
11941;13454;1481547261;14
224;7597;1481510829;16
7501;6304;1481539390;16
3641;26205;1481536457;6
228;8471;1481514816;2
18887;5091;1481542242;8
4827;1522;1481516223;6
22615;9855;1481541056;2
15079;7639;1481533729;10
14899;11823;1481511657;18
9974;4922;1481529014;2
24259;1874;1481535118;10
24989;9056;1481551043;2
1353;4966;1481509968;18
5941;1403;1481518547;10
6451;12309;1481518963;8
20239;95;1481523301;6
10282;8584;1481510984;10
24172;10376;1481524340;12
1430;3488;1481537101;8
6450;11915;1481544285;12
8802;5955;1481517242;6
16017;7473;1481542211;16
11684;947;1481514203;16
25169;22921;1481525488;2
16781;6865;1481511010;8
1535;4249;1481535841;16
7498;20337;1481529821;6
21398;20704;1481540529;2
8833;5757;1481516170;10
5704;3602;1481531043;18
12699;5774;1481510576;4
6396;24956;1481526562;2
558;8530;1481528892;12
15492;4544;1481520190;12
23521;993;1481528148;16
7334;1346;1481523038;18
27487;12866;1481547609;2
22;13977;1481528102;12
6649;6206;1481543319;10
98;7834;1481532045;12
10045;428;1481550643;14
20367;22585;1481528035;8
8508;7524;1481520029;2
2820;15319;1481546089;10
25379;7058;1481531878;16
2129;5760;1481524850;4
6111;18350;1481515516;18
11668;9870;1481512626;2
6973;16011;1481550443;14
7595;11271;1481540349;16
5474;3278;1481545251;4
24140;10603;1481515603;14
3448;3119;1481512459;16
20790;1216;1481532681;6
437;10891;1481540639;16
25291;3281;1481535619;2
8153;4562;1481512869;6
9881;9153;1481510859;4
3943;6017;1481522270;12
20397;20336;1481514871;16
18299;7302;1481523040;6
9986;10386;1481549326;6
14431;6437;1481518517;16
11592;5251;1481545140;14
20402;21921;1481542247;6
9561;21289;1481543248;12
25166;20975;1481541016;18
8827;25362;1481524967;4
6317;7567;1481521510;4
3077;21807;1481527723;18
5409;6496;1481529353;12
18325;10216;1481517529;10
19551;13002;1481528759;2
6260;8307;1481539780;10
2808;13782;1481537064;4
27425;3391;1481533100;16
1137;11860;1481521988;6
17312;8014;1481514450;2
26150;7057;1481511695;18
12759;25414;1481530120;4
15109;24445;1481540905;4
11906;12148;1481530245;8
13941;2139;1481535815;12
17577;1644;1481530199;18
7636;4771;1481534928;2
9567;5358;1481518123;16
21363;1633;1481525397;18
4596;4697;1481528631;8
8133;17463;1481522042;12
1160;26144;1481537715;4
3291;15227;1481539055;4
11076;6566;1481548346;2
20356;328;1481517734;14
12030;12059;1481513162;8
189;26084;1481543653;2
2953;20245;1481515117;16
3011;5894;1481540160;10
4005;3253;1481549750;12
3752;17880;1481524945;10
17278;2283;1481526734;12
9741;6978;1481523686;12
12652;23728;1481543531;14
20453;8248;1481531953;4
4105;3371;1481528060;8
1610;15475;1481539546;10
21313;27156;1481529920;2
1487;27505;1481515833;2
1900;25191;1481528655;16
14630;1530;1481511868;18
4591;10009;1481524760;16
14191;3748;1481534510;16
7788;1499;1481514777;14
7174;18334;1481532883;18
20143;11212;1481543089;8
5694;11406;1481530660;10
27405;22269;1481543478;14
5633;25535;1481542814;14
4766;25076;1481519899;12
1089;10916;1481523095;18
93;9439;1481510927;14
5907;6940;1481535159;6
12216;6994;1481513628;2
26480;19888;1481543747;18
10767;24681;1481522323;18
19594;1405;1481527741;4
9165;24675;1481542843;6
5522;10547;1481513998;18
21306;7293;1481529158;4
11056;8752;1481515623;10
3617;998;1481541728;4
8906;957;1481542640;4
77;25176;1481537630;2
11991;10379;1481533366;10
19821;9748;1481531867;4
10398;10260;1481544999;6
7272;19213;1481538410;16
14947;20293;1481530888;14
14626;1628;1481538415;12
14996;5121;1481534949;16
2340;10738;1481521664;18
14872;7679;1481539131;14
1588;3925;1481527828;16
8818;7265;1481524882;18
23646;8466;1481547906;4
13813;15784;1481522021;12
3899;15249;1481516275;2
9508;3707;1481542761;12
393;18068;1481516904;8
6675;19543;1481535387;2
10508;10621;1481544520;4
14428;19310;1481518421;18
1089;10892;1481528280;12
14639;21799;1481514554;18
10074;16198;1481541996;12
5386;27404;1481547538;12
8148;6719;1481526850;18
26184;8684;1481518984;14
16827;7091;1481529567;18
3370;8562;1481548091;4
6466;18456;1481537463;10
9969;13011;1481549931;12
25399;13195;1481539439;6
24724;3458;1481546879;6
2998;16647;1481547142;16
7891;3380;1481543407;14
1026;5029;1481537489;10
19879;8088;1481518190;14
7360;5870;1481537214;18
1744;5735;1481538043;2
15488;12229;1481525564;18
11788;7613;1481534409;2
9480;7581;1481536235;4
5036;6585;1481546936;14
8754;17844;1481517676;12
5699;976;1481541727;4
9009;20999;1481544580;6
9827;3902;1481542534;10
24426;20125;1481543643;4
14583;1154;1481545298;12
9017;8134;1481528211;16
4484;11897;1481513070;4
26308;27291;1481532547;6
21807;3777;1481551115;12
23833;6224;1481518955;6
20465;5280;1481524922;6
20953;23887;1481538235;6
8281;21231;1481522808;18
9774;10118;1481519785;8
2771;3554;1481515099;14
17191;4734;1481518641;4
1928;17441;1481519954;10
5900;9889;1481546625;14
5354;2768;1481526665;10
8590;5880;1481511445;16
2845;20827;1481539695;18
9189;9995;1481517613;12
18314;19505;1481535064;18
8006;15476;1481543614;6
8898;16889;1481509860;10
6471;1680;1481523270;8
1147;301;1481541296;4
15371;12161;1481544756;8
21800;3738;1481522600;4
8561;1629;1481546626;14
17002;13905;1481533037;6
1691;10724;1481524633;18
16828;3254;1481512445;16
1496;19210;1481539702;4
24925;4876;1481538891;2
11803;11742;1481509717;2
16531;25356;1481537163;6
40;8127;1481515908;4
1143;27405;1481530393;18
8526;20089;1481539030;12
21368;3744;1481536762;8
15247;18911;1481511721;16
981;6634;1481519585;4
258;11778;1481541463;4
5500;15476;1481547679;2
4023;9390;1481529591;2
23177;9749;1481540795;8
23446;19207;1481534055;16
27537;74;1481537922;4
6273;17422;1481516477;10
16049;12042;1481516544;6
8593;5712;1481515925;2
12756;12222;1481528552;2
22602;7591;1481536872;8
967;23060;1481512697;16
27005;11397;1481524982;10
8822;20532;1481522090;18
8236;9167;1481550793;16
5040;27432;1481517631;14
26473;8021;1481511082;4
4240;24923;1481522952;8
6983;1121;1481547011;12
4187;5297;1481529052;8
1680;23542;1481543954;6
14822;20978;1481534530;16
288;1535;1481545364;16
6722;17484;1481549426;4
5385;276;1481531534;2
5710;1748;1481550453;8
1400;24473;1481532768;10
2805;6286;1481550106;4
18332;8885;1481547701;12
8649;17844;1481548317;8
24424;6521;1481526197;12
13620;23328;1481522014;14
8558;10837;1481532868;14
2132;7541;1481520760;4
17566;7330;1481521345;10
1039;5831;1481510489;2
5883;6251;1481516084;2
4895;8693;1481520729;8
18144;5759;1481516531;4
8513;21030;1481511788;10
427;2780;1481532102;6
19087;5970;1481536452;10
1421;20598;1481514498;14
4041;17268;1481521238;18
3725;16861;1481516241;16
6779;7832;1481522017;8
15474;27342;1481525323;6
12416;6889;1481516837;8
25001;3772;1481541413;12
23120;11988;1481539230;10
10701;1409;1481548858;4
27002;288;1481515636;8
24965;13853;1481536977;10
23866;8595;1481517942;6
22527;6951;1481549294;2
11052;5434;1481532701;10
11870;8408;1481527190;16
9456;6683;1481535353;6
1957;7399;1481537602;2
17330;9821;1481527965;6
14624;1327;1481527464;12
19911;7433;1481513502;2
6437;15476;1481531279;8
3996;2837;1481545758;14
27097;6915;1481519985;14
6701;3773;1481509576;6
12186;1861;1481513773;8
2793;10188;1481518968;6
20972;13114;1481509858;4
13211;6429;1481526520;16
16888;296;1481510714;8
23149;17793;1481519660;12
8986;26091;1481524906;18
4035;8655;1481526030;6
27324;23757;1481524592;6
7379;10845;1481533529;14
26074;15307;1481519851;10
18076;20539;1481548035;14
14642;1934;1481531103;10
22301;16872;1481529509;6
10680;229;1481537245;14
1894;4854;1481524640;4
5089;6134;1481536319;10
3915;6411;1481550384;12
8375;25048;1481522460;14
19868;16824;1481539956;10
8744;10082;1481534466;12
4274;19914;1481531006;8
18816;7452;1481524994;16
7505;401;1481524852;12
13813;7835;1481528951;6
3277;994;1481541492;8
21833;3406;1481536016;12
6501;8369;1481511834;12
15224;6734;1481527727;18
2170;26157;1481515223;18
7767;5002;1481521777;18
11771;7772;1481546316;4
3641;12694;1481511576;14
22499;8877;1481547167;10
20948;9807;1481519504;6
22921;18873;1481543088;2
27536;10310;1481515164;18
4219;24565;1481549489;8
17053;4901;1481514027;14
23354;11940;1481516060;18
2876;2640;1481540347;14
22303;9239;1481531884;2
7633;8834;1481534224;18
10363;11892;1481529784;10
15346;7599;1481524476;18
6014;22444;1481543602;8
3981;9;1481518161;8
21378;9789;1481513216;4
1733;1427;1481517772;18
9465;8835;1481534757;4
14921;11801;1481532643;18
16198;6781;1481534141;8
133;27446;1481533134;10
309;10499;1481535746;8
8485;21282;1481537238;6
16813;1934;1481536499;16
17790;43;1481516534;16
17791;111;1481538486;2
4033;8565;1481522579;4
3721;931;1481523680;12
13930;9986;1481520429;16
18081;17032;1481513602;2
8524;24469;1481533449;10
5039;1170;1481526616;12
16033;9106;1481547917;6
18088;2334;1481517328;8
11891;16936;1481514372;10
5949;85;1481523127;10
4033;9196;1481548416;6
4778;17392;1481524918;6
15452;24370;1481515293;6
7008;5103;1481513665;14
14197;8686;1481533510;18
8478;27313;1481512549;10
9544;5876;1481519413;2
6183;11943;1481520539;16
13856;19966;1481547826;10
4904;19779;1481510118;18
19075;16201;1481547741;2
7546;7644;1481519943;18
22490;27426;1481517217;12
6604;27505;1481513138;14
25163;2175;1481513023;10
27010;4874;1481536646;4
11985;18936;1481531907;6
13216;6454;1481535165;14
9538;16093;1481545794;4
21005;1370;1481544050;12
4710;6221;1481529593;12
300;907;1481533328;16
11920;2644;1481521155;4
17160;384;1481545881;8
20126;24659;1481533424;16
10274;14622;1481528029;2
15433;7538;1481533016;14
5641;25246;1481515199;12
1874;24655;1481519613;2
6678;19076;1481530876;4
18907;2354;1481532014;2
10771;9013;1481547677;2
12215;9425;1481524347;4
15348;2372;1481541737;8
2397;563;1481517797;18
27279;14986;1481520575;14
6804;6198;1481541279;14
5771;7258;1481524075;8
10112;15075;1481534109;8
12296;7254;1481524001;10
23740;5862;1481551007;16
6642;10006;1481538290;6
20050;9988;1481549307;6
9430;19948;1481516065;10
11941;134;1481538452;16
4587;5294;1481538070;6
23167;19276;1481547492;10
26110;6200;1481548134;6
11361;7315;1481539062;2
11112;8958;1481541860;8
9525;21489;1481541220;4
27552;3594;1481530917;4
4055;1146;1481533978;4
21843;6642;1481522657;18
8498;7164;1481534160;8
11949;15934;1481546431;2
20657;6196;1481547187;6
25042;26280;1481523192;16
3544;12065;1481532026;4
11846;9194;1481537001;2
14893;6136;1481530150;12
4657;19712;1481518894;2
20445;13912;1481526168;12
16186;2342;1481521241;14
22926;17398;1481546192;12
7488;3639;1481532783;18
19969;6255;1481541801;12
19866;4510;1481516565;18
10190;4823;1481527426;6
19739;15336;1481543928;6
6497;19581;1481523625;6
12714;1771;1481524337;2
6676;8132;1481530539;10
26281;4902;1481545273;6
10070;25321;1481511638;16
4753;14134;1481551052;14
20085;24655;1481520242;8
18464;8450;1481542799;2
10324;6764;1481522283;10
3687;18207;1481516351;10
6111;25071;1481511999;6
2728;19303;1481549239;12
77;2390;1481536206;14
289;5771;1481514588;16
9013;176;1481536382;2
1178;10410;1481512050;8
11957;9873;1481549646;8
14703;11917;1481549084;10
80;2425;1481527336;10
21401;9170;1481532015;12
11009;1034;1481517300;10
2122;24969;1481517859;18
15470;25533;1481533723;18
1350;15520;1481525082;2
9834;5108;1481513631;18
27184;9481;1481511134;18
11376;11401;1481531731;16
10200;7258;1481515930;6
21294;26203;1481520333;18
17266;1363;1481533016;10
9890;15295;1481535109;14
25340;24442;1481527723;2
6508;23532;1481515464;4
15474;14681;1481514188;8
6943;2034;1481516634;14
11016;324;1481547653;14
18260;7909;1481529216;6
12871;4700;1481510026;4
6809;24394;1481516481;12
20707;6608;1481538401;16
20739;9993;1481542996;8
5905;11018;1481510461;14
10376;968;1481517268;18
10829;19285;1481551138;16
7596;620;1481533509;6
24139;44;1481549203;16
20291;9215;1481533863;14
1406;4897;1481538284;6
40;24752;1481523298;10
3755;10786;1481527495;16
8634;10500;1481532101;2
16816;8140;1481535410;16
3624;8832;1481531926;10
6233;420;1481543057;2
20366;5922;1481549622;18
19223;11254;1481515018;12
5329;4850;1481549750;10
10271;3639;1481520029;10
9008;1635;1481519723;16
7436;12239;1481542319;12
1223;6386;1481538980;2
22627;20588;1481528700;18
15753;4693;1481514372;12
12045;3706;1481520312;6
12332;17244;1481547725;14
1642;12184;1481532974;14
11821;10890;1481517202;16
6892;1547;1481550736;6
8464;4833;1481550062;4
3897;12015;1481542049;18
226;20402;1481524759;8
17241;7437;1481535320;8
2324;1013;1481540166;14
55;70;1481545689;8
5114;16874;1481523625;4
1232;5815;1481515927;8
1812;7046;1481532936;18
11051;19233;1481537079;2
6767;11743;1481544365;16
6674;6563;1481519757;12
4665;18214;1481540380;4
13138;7290;1481539898;14
9004;10395;1481512590;12
5809;11056;1481525550;2
81;9829;1481543036;2
8947;8016;1481538093;16
11124;14919;1481547273;6
12036;5502;1481542067;10
5888;11410;1481534273;16
22177;17791;1481530483;14
71;6226;1481518226;14
2405;22651;1481515579;18
11624;25468;1481529004;4
27055;14569;1481548682;4
10012;9229;1481513743;14
12103;4755;1481540743;18
20910;8343;1481527442;2
15988;14952;1481543137;16
6986;1189;1481520264;16
23544;2278;1481539184;14
349;10983;1481517198;16
3419;17331;1481515502;16
27054;24532;1481522686;16
6562;17505;1481516049;8
308;6534;1481522915;12
15763;19840;1481531516;18
1192;10748;1481549490;4
11106;2170;1481539078;16
6229;10737;1481511679;6
20925;15131;1481522292;10
4963;147;1481510627;8
7008;4251;1481536538;8
9065;14149;1481513793;6
9758;3428;1481542716;10
27133;16134;1481513077;4
9531;3618;1481525451;16
9663;6956;1481518088;4
15419;60;1481525927;14
23356;16296;1481517776;18
22292;5690;1481547172;6
25397;25180;1481534528;6
6778;2790;1481540128;18
299;18209;1481523844;18
18865;12411;1481513983;4
22537;6924;1481532856;12
4849;7034;1481519340;2
4576;16709;1481535619;12
25060;6277;1481533045;16
7529;24651;1481543704;8
12784;17455;1481546529;8
21314;686;1481539803;8
26098;1689;1481533161;6
25171;22961;1481517921;14
5909;20399;1481524306;8
6142;19869;1481534377;10
9713;16377;1481514556;16
19819;9647;1481541712;10
15216;1115;1481536707;14
4167;4266;1481523010;12
240;1765;1481544060;14
2415;11611;1481550212;4
16858;27085;1481534186;4
3743;6311;1481529785;8
9647;6320;1481537303;6
26084;27282;1481544121;4
5738;8282;1481535198;8
24180;5971;1481509989;14
6332;2646;1481525716;4
6007;16141;1481515648;18
1458;18806;1481517998;8
4841;13876;1481543329;18
5654;4004;1481518477;10
1737;49;1481525861;12
3252;4763;1481530768;18
3537;27333;1481540897;8
9530;24562;1481520196;18
8029;10892;1481548270;14
14982;8905;1481540443;4
1226;3412;1481533095;8
23520;23050;1481515365;4
3420;27544;1481547180;4
6381;23748;1481545586;2
23623;25068;1481538268;16
6784;8545;1481513147;2
6200;4883;1481549540;14
22469;19536;1481515487;6
18836;8470;1481524988;6
7493;11102;1481518607;12
6993;7607;1481532813;12
19936;6485;1481510741;12
10114;4357;1481539095;2
11607;3395;1481546095;2
14932;17414;1481540781;12
2797;15074;1481520033;16
9880;2376;1481526215;16
5904;23548;1481545903;18
23082;10181;1481516252;16
14640;22444;1481523608;4
23669;14497;1481524912;10
9;4212;1481521828;18
15098;20015;1481514006;14
8520;13344;1481529342;16
3619;17386;1481513648;2
9767;10906;1481522118;10
6210;8231;1481522461;18
23357;15103;1481518506;18
2612;1716;1481515577;8
20962;9182;1481540229;6
12019;14707;1481543669;18
13822;8703;1481511853;12
17036;65;1481534372;10
9994;1408;1481549699;8
21484;15348;1481532951;18
1094;10826;1481528597;16
283;290;1481536137;16
1213;8827;1481518660;4
27376;4786;1481523441;4
6192;3854;1481518090;14
19918;9406;1481533151;12
6677;16199;1481533049;6
3161;3592;1481549607;6
22252;1407;1481513604;8
27553;16134;1481538326;12
15131;20598;1481513029;16
22931;13880;1481548064;8
22313;11248;1481518326;10
12153;9904;1481541477;12
1069;25250;1481545637;14
5602;8160;1481546400;10
6105;17378;1481545130;18
17616;1700;1481526939;12
6268;11577;1481537468;10
23009;345;1481519348;8
1459;22626;1481544452;6
19867;9847;1481512821;2
4352;9395;1481524147;12
3063;26474;1481523544;12
299;27039;1481525479;14
13184;10986;1481511661;6
11123;15028;1481530806;16
4481;293;1481536267;4
1979;8321;1481547642;12
8501;6405;1481516243;10
8955;7687;1481541809;6
21486;19813;1481524273;10
5243;24180;1481516870;14
12404;19989;1481519809;10
8025;19070;1481533505;12
6278;25056;1481550141;16
10317;12408;1481545943;6
8451;25086;1481514027;18
6184;20353;1481550709;10
1312;11954;1481514682;16
3953;15319;1481522185;10
6440;1858;1481514831;6
7390;7955;1481530564;8
12521;6443;1481518875;18
5122;14197;1481535823;16
20038;19898;1481518707;2
4911;1384;1481533865;8
1766;15354;1481514706;6
17788;13426;1481542787;18
7594;19220;1481536809;4
1275;5881;1481518638;2
18107;20194;1481515105;14
12871;6239;1481539125;10
18072;20888;1481538158;16
13261;18328;1481513457;6
3008;1049;1481527000;16
15748;18198;1481512924;16
20290;1084;1481528273;14
9522;11087;1481533332;10
2367;2794;1481512797;10
19068;4484;1481510384;14
5282;10112;1481543595;18
25449;21316;1481517562;2
3911;5517;1481519193;6
3714;3256;1481531176;8
1115;9985;1481536082;10
2418;5262;1481533069;14
4771;20606;1481511514;18
15762;7696;1481512410;14
10638;4022;1481513503;14
23366;2333;1481542371;6
1923;10774;1481520538;8
1178;2351;1481543246;16
23877;6606;1481533954;16
3546;14698;1481527737;2
6591;7420;1481533064;14
6815;4007;1481514287;18
3469;10289;1481541115;16
22536;1360;1481526093;8
159;24359;1481520593;10
7065;12380;1481531557;4
6818;1749;1481534462;14
3992;14151;1481540796;2
4508;20326;1481515982;2
12580;11803;1481547278;16
5647;27329;1481544415;16
9113;7592;1481544302;4
10124;1968;1481519541;6
24481;11897;1481524639;16
23445;19817;1481535687;10
10524;10003;1481535646;10
19067;15749;1481538550;16
7299;14782;1481531442;10
622;1075;1481541331;16
9435;5991;1481524070;18
4595;5849;1481550920;12
20599;25073;1481539380;4
10107;1386;1481534806;2
10245;6652;1481548786;18
11105;7966;1481550186;10
1096;7944;1481532423;10
11153;8291;1481548029;8
23453;1346;1481544349;14
1354;3078;1481533729;14
9025;18438;1481516819;2
5862;15749;1481538461;16
17027;5817;1481539781;12
7299;5501;1481544642;4
336;27086;1481545548;6
20981;4577;1481516753;14
3269;4878;1481526949;10
23852;987;1481543792;6
435;5647;1481540801;8
20069;10930;1481518197;8
3287;18838;1481512809;18
2271;21212;1481514530;6
7956;7909;1481545378;8
5930;11215;1481548887;10
14663;11699;1481511616;10
3330;26038;1481536471;8
11135;3467;1481528208;14
25051;1792;1481512300;2
3962;11601;1481514026;6
17266;8183;1481509588;18
17301;1699;1481515024;2
6329;19221;1481519509;4
1699;10879;1481518164;8
24449;1007;1481545245;8
15737;11031;1481548035;16
27432;14894;1481546661;18
19308;5741;1481544400;14
10207;12601;1481527147;16
1009;1160;1481515842;18
15736;2606;1481544143;8
25196;6457;1481529712;10
2401;24969;1481537625;12
6815;21838;1481530157;8
19300;6554;1481530556;16
5389;6253;1481547170;18
17308;11392;1481515440;4
24585;17785;1481516853;16
14444;1512;1481548993;12
5712;9652;1481540259;8
1664;13981;1481527829;4
10727;6841;1481540586;8
6891;65;1481536140;16
18263;312;1481519023;4
4881;5772;1481511969;8
2877;17135;1481514484;14
4697;23299;1481512355;16
24931;25184;1481522907;2
8519;22159;1481537559;6
3694;20591;1481540850;4
13080;11413;1481547490;16
2013;4901;1481517937;4
8647;3007;1481535380;14
11799;27478;1481538904;8
15305;14859;1481543713;18
9755;21293;1481521798;8
11086;7575;1481511139;10
6686;24142;1481514609;14
2727;1619;1481548152;14
4873;11613;1481541887;6
13126;11991;1481512215;14
3284;5779;1481537802;12
10242;7594;1481550625;12
11238;19779;1481516978;14
2962;2165;1481528574;12
5993;1767;1481519184;2
8806;185;1481517404;18
20975;1663;1481523695;10
15738;19061;1481523686;12
25045;9315;1481540715;16
19878;6395;1481531405;10
10781;17464;1481541922;8
6371;8927;1481550034;12
2781;10910;1481520147;8
3927;6802;1481520341;12
4012;14116;1481549446;4
1739;6821;1481547543;8
971;141;1481538427;16
11747;27195;1481512455;14
1108;10104;1481530451;2
13945;6701;1481514243;10
7084;27410;1481525555;6
9059;9820;1481538908;12
2757;2275;1481521630;2
6814;5850;1481550667;4
9059;6869;1481514947;8
11746;8577;1481519357;10
17149;12647;1481539035;10
8744;19089;1481548899;10
3684;8023;1481537472;4
7822;18859;1481520727;4
5863;7865;1481542316;2
8482;12921;1481522291;2
9488;1085;1481529358;4
6003;23166;1481534822;4
10331;15002;1481531512;8
11598;19989;1481541346;2
12656;2988;1481531801;10
24352;13080;1481518974;16
27434;4011;1481546800;10
77;16200;1481532893;6
19625;5925;1481542017;8
10031;5919;1481531423;18
409;142;1481538943;18
19835;1689;1481530622;4
8276;1952;1481520689;12
6121;11668;1481542157;18
1387;993;1481536376;4
11233;9868;1481515876;4
8181;22933;1481536982;12
14556;4301;1481539840;2
10308;20012;1481528772;10
8555;12237;1481536537;14
9560;4965;1481509573;18
10906;16295;1481536541;2
7363;10716;1481522638;2
8447;21385;1481512905;12
27280;15767;1481523726;2
23048;9246;1481543313;10
9197;3953;1481509742;16
11238;12235;1481537483;8
2166;14635;1481512124;8
9345;19992;1481512337;6
2776;15089;1481529435;12
10409;1746;1481527136;12
9562;8529;1481542499;14
10921;5399;1481518042;18
22161;15736;1481520861;12
19775;7907;1481516052;12
5730;6995;1481527848;16
4624;1779;1481529340;4
17485;12374;1481523830;14
6616;12643;1481545548;12
12742;16023;1481542677;8
26165;16120;1481521987;2
4481;2405;1481524790;16
10509;22530;1481526882;4
13913;9534;1481547381;4
11703;6717;1481514091;6
5602;11730;1481514798;12
21225;22641;1481540873;14
16651;21091;1481531587;12
8950;4771;1481532660;8
8005;27024;1481530101;4
27323;9672;1481519146;18
5920;17038;1481513329;8
136;7891;1481544850;8
19091;11029;1481544908;12
3915;2145;1481517077;6
6506;10202;1481547221;18
23173;14952;1481545486;12
98;6380;1481523935;6
986;4527;1481535512;8
18166;20244;1481510854;2
7405;7163;1481539578;2
22444;6366;1481524123;4
1003;5637;1481537787;14
12721;1160;1481537042;14
9215;7686;1481542159;6
7089;6306;1481516689;14
4249;10486;1481550976;6
27276;1312;1481520745;4
4175;93;1481514331;2
13940;5488;1481512999;2
3413;20327;1481526046;10
24428;20086;1481541160;12
6832;16014;1481532940;12
9369;4689;1481528956;4
19508;19823;1481511592;12
24689;9415;1481539041;18
4622;8571;1481547683;6
3070;9461;1481530044;12
1813;13341;1481526829;4
13188;6554;1481531760;12
9010;12117;1481542308;2
20997;1442;1481518376;6
21376;27379;1481527461;14
3469;8802;1481526566;8
7648;5532;1481509688;6
19880;3944;1481528317;4
25193;6401;1481514717;10
14777;4256;1481513521;16
11054;20354;1481532371;6
1081;9185;1481517173;2
26073;5629;1481535829;10
4321;8701;1481547387;6
6498;22795;1481513757;2
9898;3922;1481539651;14
929;5607;1481548744;10
17473;11728;1481521369;2
8058;1428;1481537297;2
1965;16852;1481544015;8
132;10075;1481527493;14
1491;15346;1481532144;4
10524;1058;1481542855;18
12057;8897;1481540133;14
3403;27196;1481531982;4
5697;9414;1481518425;16
1252;10886;1481520468;14
8248;17790;1481523574;6
8195;10561;1481510658;10
18213;17607;1481525413;6
7771;14272;1481522585;8
12322;3725;1481529612;14
9638;9548;1481548708;8
22967;16891;1481526015;2
12352;7540;1481528556;14
8490;14130;1481515192;8
4622;5930;1481518050;2
16142;12142;1481535143;18
8137;8456;1481548107;6
8557;15703;1481538164;16
22969;12580;1481536917;16
2315;13288;1481550243;2
1247;13852;1481546363;16
19233;3295;1481546280;4
5400;18260;1481544425;16
3072;10822;1481522279;10
15078;8191;1481511968;16
5936;19215;1481545323;16
7077;26149;1481533042;4
6922;1903;1481548380;8
10634;2153;1481527114;2
19587;10163;1481549321;18
6716;12144;1481546899;12
11795;5736;1481531135;2
8382;22996;1481527631;12
6553;9054;1481540196;10
15321;8339;1481516614;12
3017;233;1481511513;6
10648;564;1481523928;18
24955;18175;1481519538;4
24842;12117;1481549649;10
5935;15231;1481522713;16
4852;8864;1481550550;18
7330;27383;1481516108;8
4560;8091;1481546930;12
6553;6833;1481521797;8
9313;1318;1481516888;6
23102;3932;1481550021;18
25246;24563;1481546620;4
7287;12651;1481546655;16
9241;26073;1481531325;4
13196;12380;1481537844;18
23053;2824;1481528415;4
14115;23525;1481520747;4
5475;20148;1481536377;6
8173;9476;1481549267;8
24663;19489;1481511830;16
3752;1712;1481523526;14
6701;5827;1481550366;12
7675;1309;1481514094;6
16017;3463;1481550009;16
9783;19532;1481544421;18
22506;25067;1481525411;14
4626;3570;1481510606;18
5248;378;1481524460;12
999;20931;1481515945;18
23549;5941;1481542464;14
5073;1112;1481540928;12
1076;5426;1481516131;8
20122;17036;1481542798;6
1512;1381;1481519680;14
10352;11704;1481519891;18
97;212;1481543741;16
15329;5972;1481516549;12
20039;203;1481534329;2
12305;27333;1481541628;4
18112;8934;1481548854;6
20529;12813;1481516641;18
12220;6435;1481540526;18
21795;6227;1481515869;14
6470;1180;1481547459;16
14905;14620;1481513952;16
20754;64;1481549540;10
16137;5386;1481549829;8
27200;9960;1481521089;4
1373;15306;1481512147;18
9564;19078;1481525854;10
12412;20522;1481542992;6
23347;8297;1481533241;4
12559;16317;1481515578;12
66;14273;1481523384;10
22930;24571;1481526441;18
18310;4033;1481545015;12
16320;27534;1481512481;4
20022;13803;1481541710;14
20328;7586;1481532079;16
12211;561;1481515100;10
24511;14884;1481515466;12
12288;6557;1481532688;2
6935;16187;1481511939;14
6633;23541;1481512032;2
1260;1721;1481538562;6
13677;1333;1481518675;18
15238;15231;1481547251;12
13679;5627;1481514944;12
10176;11692;1481550828;18
17873;963;1481534138;4
9345;24655;1481509588;12
15078;5936;1481522538;16
15484;11022;1481512398;14
7940;19216;1481529261;12
6161;150;1481544241;18
11229;13183;1481524245;10
22451;2823;1481520814;4
3018;5298;1481509783;4
10363;10069;1481524004;4
9556;23063;1481517116;12
20460;4702;1481533129;16
21803;6977;1481545370;8
15077;82;1481516620;18
23038;12034;1481524981;8
63;19762;1481531484;8
15321;1348;1481519480;10
24667;7562;1481550563;8
17387;1023;1481538321;12
7451;7414;1481540360;10
9955;14910;1481538376;14
22496;6570;1481529100;2
19417;8145;1481520447;18
18113;8387;1481549901;8
23616;6872;1481527513;18
10004;13869;1481542176;16
4318;17043;1481533522;14
22431;24132;1481543688;6
10103;23849;1481542396;6
21489;9328;1481515889;12
19544;11725;1481546719;4
17480;7324;1481547962;2
20656;27009;1481517234;8
14544;15287;1481546485;6
7332;10764;1481516573;16
18323;20627;1481515110;2
10222;12160;1481531802;18
20072;15097;1481550496;4
10466;14443;1481540691;6
3856;8121;1481518567;6
12389;6325;1481525267;2
12314;3018;1481547918;16
15319;10431;1481524551;18
11957;2744;1481530791;2
22939;10418;1481517743;2
5706;17420;1481529873;16
8236;1125;1481551068;16
7082;17297;1481523352;4
7175;7102;1481515777;4
1007;1369;1481514195;2
2611;19547;1481526443;18
3684;14432;1481510895;12
17529;1885;1481528340;2
6260;23047;1481548146;6
2811;5277;1481513641;16
3981;15026;1481538740;16
17;3409;1481532923;12
11898;20575;1481537875;14
7843;9785;1481531989;2
4578;20782;1481525461;14
14699;23446;1481524677;12
12091;16651;1481520503;2
1554;8335;1481511541;8
10249;3905;1481547415;18
4665;17424;1481548058;12
25043;23104;1481518303;2
6617;14263;1481525703;12
6124;6898;1481520894;16
9363;9668;1481538892;2
1863;12031;1481543973;8
8489;9535;1481518520;16
12284;6460;1481543748;14
11097;26500;1481517477;12
5731;21217;1481514003;4
13079;26083;1481536934;16
23863;24281;1481544746;12
7413;10702;1481542129;12
6630;12325;1481543884;10
3257;7420;1481529563;16
10395;12711;1481511846;4
24446;11134;1481529546;4
17133;5738;1481539766;18
6119;9513;1481535648;4
8484;6349;1481527051;4
18416;1422;1481524568;6
10823;10672;1481518580;10
11141;23350;1481524146;16
21097;10044;1481527467;2
25;9745;1481524487;8
1814;1256;1481525179;10
24479;3028;1481521530;14
4222;23469;1481520605;2
7547;7854;1481511173;2
10911;909;1481547211;10
27432;3264;1481529199;16
2135;302;1481519451;4
13870;24565;1481535516;16
8126;14443;1481512383;16
215;20989;1481534020;14
3624;11705;1481523854;14
8896;2169;1481522300;14
27090;17032;1481529100;6
16935;382;1481551097;12
9209;10526;1481528291;10
23468;12027;1481528769;18
7557;1207;1481538077;12
7242;2320;1481511695;16
392;2752;1481520628;6
1154;22451;1481548860;12
10647;3275;1481545627;6
9573;4924;1481540944;18
15223;18821;1481538145;10
8304;14132;1481545526;8
6766;9870;1481521129;8
1660;4822;1481512023;2
1975;7589;1481537762;16
5939;112;1481546418;8
10184;20910;1481539814;18
21227;5025;1481514584;10
19791;978;1481510740;16
237;7865;1481550366;18
17431;5377;1481523109;2
12245;4334;1481529533;2
4312;11760;1481516002;14
17301;9819;1481518372;4
20392;7442;1481529670;4
9296;10683;1481532884;14
19526;2980;1481551033;18
23116;1342;1481550291;16
4980;1077;1481512361;12
109;1254;1481516620;4
14903;12620;1481542907;12
17146;17176;1481525356;4
17160;11100;1481545351;4
19071;7591;1481544394;4
19560;1978;1481545863;12
5747;7330;1481535875;18
20932;4243;1481525548;2
4551;20919;1481543922;14
21845;25377;1481523480;2
11387;6718;1481543925;8
21723;1277;1481548902;8
11089;3016;1481528322;10
4823;19911;1481510205;18
5487;11084;1481516888;10
51;15016;1481539011;12
6889;19199;1481514992;4
19548;2783;1481514872;16
1734;7783;1481521985;10
12653;9862;1481534885;16
19969;20077;1481543250;18
5261;20794;1481522264;14
8051;6977;1481519312;10
1577;26040;1481550275;4
22929;17290;1481512336;14
15992;15011;1481529002;16
25049;99;1481528012;8
23619;8376;1481515796;18
3988;18876;1481539443;14
26184;8987;1481510975;16
5864;23861;1481527690;10
3712;16040;1481549488;2
8421;8016;1481523120;2
5278;21720;1481511088;14
12921;4334;1481513932;18
7772;3790;1481550336;18
2334;8563;1481526010;10
6860;12046;1481522711;10
4176;22571;1481514163;12
15305;14625;1481539293;12
8360;9169;1481520620;8
12064;8525;1481527793;12
1082;12228;1481526398;4
5806;9297;1481530416;4
20337;3949;1481538310;4
9534;18048;1481539867;16
7954;16039;1481519974;4
14701;8743;1481551045;18
5010;8357;1481536238;14
7531;130;1481545444;12
20689;16811;1481520262;10
15306;4759;1481513116;8
16843;10835;1481544927;16
11397;1765;1481530733;16
8005;18845;1481526598;16
23887;8349;1481525904;12
13903;12033;1481524981;12
20983;5416;1481510353;18
22146;103;1481511552;10
7390;11897;1481546511;12
279;8120;1481539010;2
6701;1583;1481540583;18
21259;15019;1481525597;18
12328;10033;1481548695;18
12094;20317;1481546443;6
263;1192;1481537973;18
6940;881;1481519656;8
4627;14575;1481512140;6
9425;17258;1481522380;12
8146;22921;1481517682;4
9201;11780;1481519723;14
18180;3449;1481525862;14
11744;225;1481541200;12
20361;6459;1481511714;4
15747;8346;1481544795;14
1192;5770;1481524053;10
10680;5999;1481513306;10
9995;7564;1481539042;18
356;15988;1481519805;12
20528;2748;1481542591;4
3013;6429;1481529373;10
26034;24141;1481516974;8
10611;4025;1481538027;8
8163;252;1481527909;12
27522;21298;1481514488;6
11401;2879;1481532620;18
5333;13807;1481547063;6
7963;297;1481544730;14
24;20297;1481526314;16
1110;1629;1481546189;10
13343;6235;1481539431;2
20878;21802;1481516711;2
7070;7299;1481549730;16
21214;16201;1481525837;16
8321;7888;1481528415;8
17475;3025;1481522604;2
11785;9805;1481527708;16
11961;17162;1481537989;12
21716;11692;1481544421;4
10197;909;1481519503;12
4294;20041;1481535674;12
24457;981;1481517889;10
9207;10183;1481527184;12
11618;10094;1481513751;16
14697;13203;1481540551;2
17213;4306;1481529716;16
4691;25517;1481524235;14
12797;6241;1481548952;4
19297;1979;1481522593;18
1696;1153;1481540539;14
1704;1667;1481527512;16
6199;6681;1481541834;10
6353;10159;1481527749;14
8911;10985;1481540634;2
24742;881;1481540836;16
25328;3057;1481546562;4
7640;295;1481550867;16
10525;27174;1481550979;8
22317;90;1481551084;8
8764;14631;1481546288;14
5406;923;1481549831;14
1483;6368;1481533868;16
10246;12025;1481528874;4
9006;16856;1481539035;18
1346;22994;1481541466;10
18159;2866;1481542640;6
9467;11002;1481532467;16
16351;18048;1481510194;10
17607;18820;1481548385;8
20413;3687;1481510560;18
6455;10545;1481537773;16
17273;4579;1481523953;18
421;14158;1481524015;10
976;8366;1481511026;10
10222;5391;1481513897;16
20908;2417;1481530498;10
3459;27294;1481511219;4
1958;8649;1481543090;8
7642;8939;1481540173;14
7859;8422;1481546849;14
11217;3568;1481536404;10
9988;7453;1481540116;2
9491;10413;1481523597;2
18071;5293;1481511325;18
8889;3020;1481535862;6
8148;3585;1481518648;10
20887;7886;1481522418;18
26104;2370;1481524235;10
1552;24711;1481516377;14
3935;14905;1481544504;10
5500;8108;1481528449;14
26147;16334;1481531036;12
9883;2805;1481532567;4
9064;19505;1481538536;10
1115;9162;1481515394;2
15154;5632;1481524635;8
7161;7435;1481548760;2
10651;20111;1481524535;2
23621;15302;1481514611;8
12073;11955;1481510119;14
385;5715;1481519051;10
10413;7252;1481512780;14
7569;13314;1481549885;12
185;21490;1481550730;18
25440;5107;1481523530;12
7877;19828;1481545028;18
20587;15125;1481523988;16
22932;4756;1481537228;2
5503;3026;1481535028;8
1849;21091;1481542276;8
2274;1734;1481514956;10
4520;4580;1481540617;12
2845;5962;1481544354;16
11909;16911;1481517325;6
1281;25346;1481514682;10
21504;16852;1481518942;16
7034;3468;1481532841;10
20118;12232;1481517772;12
1770;3506;1481517715;2
5955;6304;1481536401;12
20785;13822;1481545991;12
10698;20967;1481517836;10
12674;7021;1481512723;12
6709;11238;1481537103;14
10609;12177;1481524973;2
3287;3698;1481524601;18
23741;18508;1481525633;4
7962;6579;1481522277;2
27201;11860;1481536073;4
10634;5645;1481525366;8
9752;27403;1481538165;12
18841;20412;1481535321;18
165;13984;1481540078;14
8896;3605;1481531271;2
13771;8633;1481549200;14
27124;27095;1481532718;16
10923;20336;1481544526;2
25384;6641;1481512153;4
1908;9645;1481550484;14
19593;11128;1481531736;10
6717;18912;1481550102;12
1460;24708;1481529463;4
6456;26070;1481511039;6
10659;1372;1481526393;16
6488;16295;1481525111;4
8191;8151;1481536834;16
11250;2749;1481514913;4
3085;27318;1481535644;16
3936;4955;1481527799;4
18319;2791;1481510993;12
8873;27014;1481518642;4
5294;14587;1481542966;8
18860;6338;1481536382;4
10775;1908;1481536680;14
1292;7336;1481536824;18
10878;10212;1481531855;10
9676;3370;1481519238;18
13979;19497;1481537933;16
8532;10914;1481526840;10
1024;8369;1481525730;12
24689;7075;1481520846;14
5585;907;1481522165;14
12421;24564;1481521817;10
17308;8641;1481525052;14
6645;6765;1481512443;16
2329;23353;1481531980;6
4594;6308;1481530136;10
2362;6420;1481530019;18
6474;1236;1481532977;18
23115;6279;1481517079;6
7632;8051;1481520784;2
317;8572;1481535328;18
19883;331;1481529139;12
10267;16533;1481512581;16
27463;17460;1481514012;4
27460;6613;1481532685;12
27422;19209;1481546562;2
6145;6466;1481524293;2
10611;27404;1481520871;4
9489;16800;1481542781;18
5907;18097;1481518996;18
20293;14569;1481524990;12
6346;8997;1481510242;18
16016;18048;1481544665;6
12698;6284;1481537377;14
11172;11824;1481539703;8
18192;148;1481547609;18
58;15479;1481549340;2
11144;13979;1481515692;4
8107;17501;1481522666;4
22576;16804;1481521137;6
3374;27405;1481513115;18
3017;3271;1481539562;10
17268;11475;1481551004;8
21410;25284;1481512782;14
15513;5478;1481533678;8
27008;7485;1481520130;2
21270;7584;1481529702;14
14152;6239;1481550305;12
14075;2328;1481550376;18
1261;9969;1481545223;10
10905;7261;1481515724;2
3462;10620;1481519486;14
565;20606;1481536050;10
4701;8298;1481513572;12
9367;8509;1481534292;6
16314;11593;1481533330;16
27411;8755;1481523855;6
11255;2343;1481525657;6
7793;2160;1481511936;2
3902;6575;1481519604;16
10719;12797;1481529272;6
1716;20082;1481511125;4
6251;9788;1481521801;4
17458;14123;1481545934;16
14191;6024;1481545895;14
9228;6671;1481521788;4
1045;2789;1481510583;6
1931;22179;1481519399;6
1504;4045;1481546078;14
15298;5982;1481513227;8
2167;11821;1481546833;16
7083;18264;1481514801;10
20130;23162;1481528611;2
11691;7013;1481540758;18
4533;379;1481543202;6
15243;6007;1481542739;6
17032;27106;1481526078;6
9174;23811;1481528687;6
11147;10081;1481511925;6
1304;16016;1481517955;2
14863;4507;1481548680;10
14928;4658;1481520726;12
14697;4180;1481533296;8
15249;9750;1481520595;8
25547;8191;1481550306;14
17168;4559;1481536467;6
1863;7361;1481512449;16
2010;6873;1481516417;4
14537;7251;1481525977;18
19833;20913;1481518944;18
4575;22991;1481521450;4
17844;165;1481517299;6
7049;6803;1481519411;10
9753;2362;1481517822;14
12775;4486;1481547020;18
4566;5841;1481516253;10
9151;20985;1481513352;6
8557;10501;1481541993;2
1534;334;1481535269;8
373;18149;1481516122;6
9814;10071;1481532843;2
24706;6654;1481520147;6
17848;12417;1481510749;14
19726;21485;1481547144;6
17877;3905;1481535173;10
6712;11101;1481534044;18
11767;5521;1481512600;6
20626;7483;1481515061;14
8579;7503;1481540681;6
21296;9888;1481518305;18
24394;24691;1481535430;6
23317;3772;1481514212;10
25185;7540;1481520647;4
50;6519;1481511699;4
23347;4263;1481542444;8
1209;5867;1481524646;8
429;12145;1481538924;8
22431;23110;1481539454;14
17887;7901;1481520073;16
16132;14713;1481543451;4
20082;19887;1481549147;4
5776;9280;1481525644;6
19;6552;1481511162;16
4329;23751;1481536058;10
23748;7794;1481525151;18
1496;406;1481539464;2
7433;27313;1481548762;6
6826;22539;1481514700;2
5744;3405;1481509764;8
11389;10044;1481522775;8
1131;10027;1481509817;16
11748;14255;1481542447;16
5276;256;1481517449;16
4691;14630;1481541755;14
27059;2964;1481528911;12
8826;13213;1481529189;12
426;6780;1481513980;12
12292;7039;1481545891;10
276;5935;1481528835;12
121;12311;1481529837;8
92;9814;1481550180;8
9867;27059;1481519320;2
9863;14439;1481546689;16
9416;6016;1481529570;6
17463;7835;1481533216;6
5386;9661;1481517565;12
9460;2452;1481533603;4
7700;8317;1481527139;6
9685;13882;1481548608;12
18303;2829;1481533761;4
151;9951;1481538183;16
22602;10247;1481545938;16
11003;17578;1481533623;16
19374;1409;1481547963;4
8496;4565;1481520695;4
7372;13802;1481528271;6
10200;21402;1481538004;2
27466;6626;1481516259;10
7619;8089;1481545883;6
10513;9419;1481514261;4
8338;1298;1481528354;18
27537;8748;1481535407;18
6120;2522;1481544151;12
19533;13776;1481514795;8
4858;23634;1481538491;18
13879;7542;1481514029;6
1361;7872;1481545296;10
13180;25283;1481537650;8
18321;12321;1481532248;16
19959;1815;1481514231;18
8388;3541;1481543840;12
22536;8742;1481519695;4
18891;25056;1481534552;14
9768;7029;1481531303;12
4606;9526;1481541785;6
4288;8640;1481536310;16
26280;1217;1481545786;8
25140;24357;1481525206;2
11814;11612;1481537717;6
17516;1420;1481543803;10
7007;2846;1481544331;12
6970;4627;1481510004;6
14780;14164;1481548873;16
1185;5040;1481540083;16
10874;8016;1481538667;16
14040;5100;1481538357;2
42;2035;1481523683;10
16894;27313;1481519848;10
24658;2842;1481546251;8
8392;4738;1481544663;14
20010;13203;1481520875;14
16810;3954;1481540405;6
26301;18350;1481512696;10
15021;7629;1481531063;8
6433;10092;1481522392;4
20091;5825;1481515714;16
18840;25165;1481545599;8
18154;6630;1481519105;16
4893;14246;1481534897;18
404;6684;1481515702;2
1431;6993;1481519114;4
5989;8546;1481535188;8
8876;17239;1481548292;8
10564;14929;1481517643;6
8324;20298;1481525513;8
10424;8916;1481522758;2
16186;1171;1481526580;16
311;6825;1481542001;16
27309;284;1481526018;18
24927;15116;1481512723;12
12151;5637;1481530075;6
6780;12309;1481544246;14
18861;6530;1481514208;16
20598;6799;1481548745;12
27448;12310;1481531239;6
6571;14443;1481548963;10
8385;3134;1481510210;14
1255;14625;1481511621;6
22452;13495;1481549860;8
7875;24726;1481519376;10
10007;26471;1481537297;14
9359;9105;1481531605;2
877;8362;1481541882;12
20425;23892;1481545852;16
5049;17291;1481524249;10
3615;5645;1481524613;4
4167;2780;1481515027;12
23333;1523;1481540767;10
9631;7001;1481546912;6
6183;25036;1481510529;2
3410;19066;1481515886;4
6137;19303;1481516560;16
5824;20917;1481551085;2
3278;26049;1481513097;4
21483;2840;1481517913;18
9843;16801;1481514197;6
1005;9058;1481519790;16
24931;418;1481518049;14
8519;8848;1481514824;6
19040;20089;1481511543;10
11955;17031;1481523002;2
7018;10930;1481516723;4
1285;19050;1481519720;18
10495;4676;1481543646;8
6565;2781;1481542856;10
27012;6278;1481513839;12
5518;27333;1481512664;16
19741;8888;1481514069;10
2419;8354;1481528364;8
6210;9680;1481528246;6
10319;5831;1481522236;2
13185;22248;1481531342;4
10027;4234;1481522087;2
6638;18183;1481522943;16
19281;2374;1481512316;6
23730;6664;1481548432;6
8634;8451;1481550003;8
1645;903;1481520586;18
133;27439;1481539413;16
11620;1246;1481527325;14
4983;1496;1481509571;4
13901;8750;1481523797;4
20958;6528;1481530787;12
16804;25323;1481522125;12
6783;6473;1481522883;16
23187;109;1481527571;18
6886;15253;1481513207;12
17172;19799;1481520180;10
2398;19060;1481536139;10
9894;11642;1481528008;4
6671;15162;1481511480;16
25269;4750;1481547479;12
25163;1158;1481532394;2
8492;21795;1481512846;2
2388;5010;1481523967;8
22487;6797;1481528310;12
14579;4746;1481540482;2
24533;13131;1481525961;6
2154;6467;1481516044;14
18895;24708;1481511649;2
7778;4579;1481536818;18
5951;16909;1481524500;6
4737;4701;1481529736;16
24664;11270;1481518454;8
6875;5356;1481520902;12
19075;2463;1481549557;16
4567;78;1481524971;18
1928;2830;1481531086;2
5029;205;1481534884;6
9313;422;1481528082;2
11373;8728;1481525903;4
17797;16828;1481542614;14
19985;3047;1481531624;12
13914;6519;1481550426;4
1087;326;1481543440;16
17154;9529;1481512509;10
6573;5915;1481519851;2
19753;1410;1481529168;16
7433;7529;1481527289;4
6593;6354;1481518719;16
6928;23486;1481546611;16
13213;16318;1481543465;8
8745;5278;1481512449;16
12645;26207;1481520836;18
7333;25067;1481544377;18
3712;25177;1481529981;4
2424;1257;1481518116;12
19800;17291;1481530989;4
20006;12749;1481538287;14
3262;6820;1481517172;18
5654;8808;1481512923;6
1925;9810;1481547881;12
14697;27270;1481538153;6
14655;20193;1481543208;18
23187;3118;1481531974;6
7038;8495;1481539089;10
203;6997;1481525463;16
27269;27283;1481511089;12
366;1882;1481525268;10
20050;881;1481524129;12
4528;10710;1481536575;8
3073;1798;1481536277;16
16011;129;1481547129;6
9844;9528;1481546617;16
24431;9196;1481531189;16
20921;25164;1481547844;4
19840;15229;1481524300;14
8301;4562;1481529005;12
23543;388;1481520347;8
442;4221;1481530931;12
10717;6826;1481515566;4
6499;7481;1481531510;12
23177;14562;1481528213;2
10611;13909;1481545393;16
23012;7403;1481524867;2
12035;12721;1481523477;14
2747;151;1481536972;2
25389;6434;1481509570;16
3147;3270;1481538195;12
10354;15738;1481541588;14
13222;14947;1481539976;10
17534;4183;1481517782;4
12374;24430;1481522415;12
3067;3856;1481523677;6
135;2453;1481517413;8
261;9996;1481522711;10
4508;2018;1481538200;4
6580;17301;1481550593;14
7600;14538;1481514776;14
19310;1327;1481538912;2
4236;7565;1481533339;12
15980;12767;1481516473;8
4918;11798;1481535312;14
362;26085;1481548953;14
27005;27448;1481519245;8
21030;7391;1481548838;10
10927;27385;1481545178;10
23357;25391;1481548858;12
1147;11950;1481547436;6
1531;7066;1481514518;8
3693;9573;1481527142;2
11395;1677;1481538633;2
256;21845;1481549459;18
28;22531;1481509646;12
10544;13779;1481527996;8
5081;27552;1481543946;10
347;8240;1481528943;18
8538;22133;1481550430;14
1369;10094;1481528540;6
17471;3574;1481548218;4
12156;11624;1481542953;16
6401;8931;1481511166;6
15308;1702;1481514915;12
15732;3615;1481511797;8
4807;20127;1481541634;16
3247;994;1481543417;18
5816;7764;1481527054;10
8828;12374;1481518170;4
24747;18860;1481520115;18
6311;6718;1481536522;2
8667;14659;1481530665;16
8391;4027;1481511074;14
11129;4775;1481535800;12
9411;2293;1481524823;14
5947;8996;1481520994;10
24568;1151;1481510186;14
17470;10323;1481516507;16
21004;21387;1481550575;8
11377;12314;1481511526;14
21922;14964;1481538596;14
22493;957;1481529267;18
18112;7924;1481551052;14
19505;6216;1481517087;18
3919;4028;1481533489;14
10081;5852;1481519339;12
5947;11031;1481545249;14
2967;6675;1481514511;16
19278;229;1481542795;10
6615;19219;1481546384;12
7391;5685;1481530283;18
21226;2177;1481541240;10
25061;21297;1481536790;14
2384;7609;1481515751;2
17148;25058;1481542057;18
6400;14548;1481548128;18
15470;10983;1481520168;2
14496;9955;1481525163;6
16888;11212;1481510551;8
11684;7978;1481515040;18
23893;9529;1481541938;10
7319;16037;1481531139;2
16036;3988;1481511479;14
16333;27181;1481549867;4
12695;18078;1481510285;6
7398;5277;1481524274;8
7574;3977;1481542360;16
16117;21719;1481547570;14
17174;1377;1481550314;6
4198;14442;1481544601;10
23334;3261;1481516273;12
11720;17231;1481540519;16
2362;9054;1481522275;16
14184;6992;1481516166;2
12162;11961;1481531241;12
14981;5907;1481538936;8
12746;4038;1481543942;10
10562;10415;1481522571;10
22678;18816;1481541157;8
25492;5703;1481521776;14
11782;1557;1481512757;2
21254;3852;1481524134;2
11032;26262;1481542860;2
21404;2609;1481534723;14
4823;19528;1481531000;10
9510;11955;1481549779;8
286;10518;1481524987;2
240;10252;1481512971;14
10163;19056;1481538565;10
5375;11054;1481532573;6
10318;5880;1481539874;10
23789;16909;1481551061;4
963;12307;1481539324;14
1215;13930;1481526424;4
24584;982;1481550162;4
16647;8647;1481540093;18
19062;4915;1481532443;18
24968;13215;1481540793;18
16017;23894;1481514472;14
4865;9550;1481516223;6
1212;223;1481532285;4
2380;4811;1481523205;12
17473;2405;1481527611;2
17169;5891;1481540630;12
5528;8279;1481519688;4
10221;6115;1481523852;18
14692;6331;1481516068;10
23618;2640;1481535322;2
27395;10750;1481534568;16
3975;4054;1481533108;10
384;1594;1481525793;12
11911;6197;1481529810;8
8235;6816;1481537173;4
23531;26051;1481527369;14
7052;124;1481543374;18
10781;10002;1481544795;10
24259;1354;1481538755;16
5977;11085;1481512515;6
6762;7490;1481509933;12
3561;3712;1481525806;2
8636;9856;1481548360;12
1575;69;1481535530;4
7692;19311;1481531578;14
11910;23625;1481515605;8
5914;6797;1481509965;8
24357;9563;1481531052;6
4968;26280;1481510437;8
7098;7794;1481541269;16
6553;1002;1481513873;2
17274;22467;1481541692;4
10990;22588;1481533007;6
1301;24685;1481521059;14
6705;243;1481524228;16
6151;6560;1481540779;14
16142;3464;1481515069;6
2375;27056;1481529833;2
5033;5259;1481526983;16
17502;7786;1481543611;14
9523;12756;1481520124;8
15034;5875;1481537948;6
27057;24172;1481540599;4
24392;1534;1481541324;14
14988;11986;1481536720;18
27379;6622;1481542904;10
17458;27447;1481520126;12
11221;2763;1481535832;14
27553;1279;1481529531;8
15231;24714;1481522388;16
25342;9757;1481528399;2
23173;7956;1481542084;8
7785;10329;1481528972;10
6395;220;1481543632;4
6645;1176;1481540924;8
18085;8031;1481537937;8
25177;14699;1481520143;12
20012;2322;1481522535;16
20862;1203;1481549439;6
18963;13346;1481511795;14
15092;10725;1481547228;6
6573;5650;1481532202;4
25258;7887;1481538942;8
7071;5001;1481539839;10
1631;27464;1481530673;14
8887;14707;1481511593;18
2395;6937;1481534240;12
9307;12742;1481532836;2
15117;1427;1481510199;18
12038;6966;1481541263;4
27131;7908;1481537844;14
5609;10551;1481530180;10
19286;20759;1481524755;16
143;9989;1481542472;12
12812;5862;1481525758;8
2910;10803;1481518331;8
11969;9200;1481548587;12
21295;7901;1481536122;2
20093;6805;1481550657;12
11020;10329;1481548013;18
27309;5818;1481527475;10
240;7366;1481525589;16
15077;6219;1481536087;8
3750;13213;1481542406;4
9974;10700;1481539392;18
1367;18512;1481515771;16
26266;24521;1481520627;2
1607;11104;1481545352;14
23533;4944;1481548003;6
2752;5487;1481512924;8
6769;12058;1481550754;16
23640;17844;1481522995;6
6919;344;1481545685;2
24471;16291;1481535907;6
5888;20361;1481514757;16
6175;21002;1481543069;14
10598;2344;1481540018;14
22627;12643;1481519179;16
8650;22182;1481541134;14
1776;1126;1481546289;14
11615;258;1481510373;10
2786;2166;1481517273;2
27177;3493;1481517030;16
274;18245;1481540178;12
14641;9061;1481527406;2
25373;7048;1481550497;12
27176;9409;1481527644;4
8498;9152;1481519335;8
4968;5929;1481528526;14
9974;11060;1481536765;4
1159;14195;1481543241;16
22968;7169;1481528258;16
4990;11476;1481511511;14
2758;1547;1481517408;8
11780;6663;1481536269;6
8036;8506;1481531153;14
10606;8350;1481513599;14
15087;10469;1481543736;8
21319;9847;1481509754;16
27137;20398;1481536085;10
2743;6169;1481544835;2
19575;9956;1481547802;12
18891;3253;1481518101;6
355;7455;1481524503;12
4903;20128;1481542947;12
20919;10532;1481515741;16
20240;3600;1481548046;18
3978;3756;1481525686;2
4041;8638;1481516918;16
17580;26478;1481511936;12
20310;27482;1481542278;8
19582;7078;1481551111;8
10498;9021;1481525377;16
1499;7258;1481533564;18
1724;12162;1481521397;10
6797;26148;1481545081;4
9789;8583;1481522456;12
14983;4903;1481541529;6
6212;5284;1481534434;12
565;3260;1481541868;14
6705;10161;1481541246;4
27425;23507;1481545764;8
4723;10905;1481523698;2
25085;160;1481531825;8
3401;10046;1481517911;14
8017;4936;1481517129;14
8863;9776;1481525215;4
6450;14961;1481529822;2
15744;7029;1481526858;10
1571;12228;1481516666;18
1016;18179;1481543461;6
18887;10876;1481524031;6
5043;1640;1481538149;2
1126;1932;1481524688;6
19556;7594;1481550381;4
9462;24707;1481533107;18
12571;16836;1481516730;12
8495;10913;1481545939;2
12770;8278;1481525855;6
1059;18960;1481527691;16
3295;275;1481534551;8
19063;14580;1481513589;16
4300;12232;1481550104;4
14872;22267;1481548737;4
1932;21406;1481533960;14
10761;8899;1481513872;14
9430;11155;1481521598;18
11792;22316;1481512657;8
1981;1055;1481519157;6
17305;14573;1481518956;4
3386;11794;1481530253;16
21472;21402;1481549170;8
5855;8004;1481528340;8
9159;6924;1481511805;6
19990;6012;1481546276;4
2999;16848;1481518645;4
16011;11800;1481520396;8
1265;21385;1481533548;8
22145;2848;1481512761;18
16119;5530;1481534175;14
14446;9609;1481550817;14
12240;3910;1481521883;12
6818;11390;1481517281;8
10622;4691;1481528261;6
21490;9740;1481537168;12
7110;13220;1481549295;2
17481;14272;1481518857;18
13879;4780;1481530461;6
5809;24457;1481510709;4
4734;20330;1481515267;16
20288;7644;1481532760;8
20024;25003;1481515574;14
973;11220;1481531741;4
20114;4187;1481519824;12
2777;4158;1481533930;10
25012;20104;1481543403;8
5090;3495;1481549882;4
1036;18182;1481542189;6
9511;21834;1481514602;8
9026;20685;1481514718;14
10597;9556;1481546183;14
10621;15326;1481510870;12
4274;14921;1481518317;6
16848;3933;1481545982;14
9206;2783;1481515255;14
24413;21837;1481548613;16
226;12572;1481534075;14
17871;14706;1481545183;18
3016;1290;1481540830;18
8906;10020;1481548533;8
5604;20445;1481516491;4
17030;4266;1481534002;16
9568;421;1481540797;2
7835;12093;1481532805;16
25083;19993;1481539079;10
27060;24470;1481539439;4
6294;23886;1481550188;6
7293;11805;1481540242;14
5363;27473;1481530657;4
5979;11592;1481542213;14
5440;8221;1481523277;12
10279;19571;1481522741;14
7282;3384;1481540461;16
22161;27420;1481547817;2
2384;5730;1481535320;14
3620;1133;1481517648;8
7420;11117;1481538762;2
12074;18436;1481520652;14
190;18886;1481540873;12
23164;26102;1481548500;10
20010;12226;1481541971;16
14184;9491;1481519346;16
10324;1266;1481544652;2
19078;27553;1481523382;16
1815;7908;1481524419;18
9012;11057;1481515904;12
1285;8318;1481550323;12
209;4245;1481529465;2
16873;26500;1481515335;12
8393;10799;1481514306;18
15752;26211;1481530878;12
21799;1000;1481535527;16
18080;14909;1481550065;18
25192;11217;1481525631;16
7319;7698;1481532690;6
10268;8749;1481538532;18
13890;5975;1481510492;12
4734;5915;1481513324;10
693;22992;1481525325;14
6967;140;1481525959;2
5775;6814;1481539401;12
9952;8537;1481531054;2
8419;3999;1481524482;16
10412;15154;1481530022;12
9287;17285;1481523998;6
5399;9518;1481528749;2
8499;2136;1481545274;12
1558;12358;1481543528;12
1773;12095;1481545449;6
8139;16852;1481514413;14
16852;1204;1481530776;14
3598;12731;1481522145;10
8920;20786;1481529770;14
2014;4677;1481541475;12
4733;12368;1481536096;18
15306;10235;1481537501;10
20288;7418;1481549795;18
8634;117;1481543526;12
6453;8141;1481544533;8
6922;22268;1481530640;2
17902;15108;1481536288;10
5784;19804;1481516727;10
24249;24955;1481538451;4
5101;25053;1481547343;14
9981;20997;1481516418;18
22641;16826;1481531075;8
5650;7175;1481518658;8
18343;7978;1481545399;2
8746;6293;1481512805;10
27538;23524;1481509613;8
7189;27039;1481534706;6
937;2452;1481517589;18
7597;8332;1481521343;4
13928;6151;1481525187;2
7444;17586;1481513299;18
11636;6866;1481534024;18
3907;23365;1481537927;16
8433;24423;1481537720;10
14972;10541;1481537441;8
6588;19834;1481546891;8
12161;6680;1481513812;14
8685;10461;1481532960;16
12780;5911;1481516254;18
1851;8030;1481544182;4
4955;15159;1481527343;10
25048;2169;1481518390;14
21808;6562;1481527343;6
27015;6534;1481536469;12
11851;1391;1481532501;6
22461;14912;1481516042;18
20100;4362;1481511634;10
25073;6715;1481532240;14
7091;9305;1481510761;2
929;4918;1481544426;6
9435;174;1481523719;2
4667;15296;1481545294;18
9829;1174;1481550663;6
16635;1315;1481511084;12
13286;7769;1481520879;8
5487;19993;1481542643;12
11029;1327;1481543504;18
17360;1795;1481523125;14
17039;8477;1481523664;14
11036;12562;1481549038;14
5703;15092;1481538519;16
23041;2786;1481521718;6
7603;1694;1481549809;18
17870;2846;1481510884;16
24996;10711;1481519715;14
3900;9203;1481525656;18
19590;17148;1481526946;4
20769;1733;1481530702;6
10124;40;1481544158;12
7182;5827;1481542585;6
24934;2621;1481512844;2
20471;11208;1481550295;18
6530;1453;1481518580;10
7302;18194;1481510523;12
4517;2635;1481543566;10
18423;22942;1481540249;14
990;23333;1481551039;16
19080;20846;1481516310;16
23763;14930;1481543801;14
5250;6951;1481520860;10
3375;8165;1481533541;4
1284;11694;1481531000;16
23452;5954;1481517360;14
5418;3425;1481519957;18
20137;8890;1481548661;6
8124;5772;1481519925;14
11264;17300;1481520007;16
1185;11615;1481522414;8
26031;20361;1481522355;6
15125;17384;1481525638;6
5758;26163;1481518642;14
46;4594;1481547333;18
9841;24471;1481521901;2
18343;9158;1481534483;14
11243;6488;1481541608;4
2814;20576;1481519579;18
8285;26192;1481529137;10
9357;20491;1481517136;12
35;12039;1481548909;12
21369;5833;1481529947;10
19088;20328;1481533253;16
1089;9502;1481516941;14
7496;4915;1481522997;12
3962;18069;1481521615;16
17794;20300;1481532791;14
15419;12132;1481538951;6
4222;9241;1481514996;4
19559;12148;1481520087;6
17048;4190;1481527166;12
1493;20791;1481520759;8
25177;14193;1481543648;14
1085;9952;1481548273;4
21716;8964;1481522012;10
27025;299;1481544690;16
10612;9566;1481532535;8
23166;4927;1481531041;14
14202;19075;1481541039;10
22430;18199;1481545003;4
390;1068;1481541386;8
9680;3728;1481529812;4
10066;27378;1481518216;8
13241;4290;1481520943;2
11035;14926;1481535270;6
7938;45;1481519928;8
11227;1114;1481526175;8
7317;9059;1481543839;4
7540;26091;1481524463;12
11729;6599;1481522250;2
27007;2786;1481532118;2
25070;15212;1481535988;8
5016;21005;1481516601;4
9540;1393;1481525539;16
3575;2294;1481528117;10
19551;20519;1481551078;6
26211;17168;1481547525;12
2753;19089;1481521127;4
10186;25513;1481523059;4
13906;23628;1481513426;8
27016;17771;1481528010;6
1322;6889;1481514263;6
4707;19531;1481545988;12
27199;27230;1481527501;12
23833;4838;1481546209;4
10499;20317;1481526770;10
9838;4270;1481512413;4
1278;4270;1481530794;4
10983;4860;1481548912;6
11910;6612;1481529330;12
389;5626;1481550647;10
6791;245;1481532231;2
20528;9421;1481547862;18
5388;8412;1481540934;4
23336;26187;1481528630;2
4664;4624;1481537521;2
7168;1125;1481531325;14
16862;27465;1481525173;8
18103;9470;1481524046;6
2177;11250;1481535138;16
14695;10046;1481526008;4
4916;11177;1481526636;2
110;23066;1481542718;6
13940;18262;1481543918;2
16141;18905;1481526283;18
5922;5388;1481550416;18
2831;9476;1481518529;12
25070;4038;1481511035;8
11615;24416;1481526160;4
1222;8515;1481541713;16
14717;27285;1481547974;6
9011;22492;1481534082;6
14435;10892;1481541815;2
3992;1583;1481528698;12
15349;11903;1481521402;12
9456;2747;1481535362;12
13981;1037;1481526088;6
6613;23055;1481544205;10
15998;27393;1481525530;4
14981;20744;1481516363;18
12943;5639;1481517447;18
2319;3415;1481519600;4
22925;3936;1481545455;18
6512;1015;1481535329;4
1885;13005;1481528683;8
6933;24664;1481550580;16
6233;25358;1481528657;2
6941;3532;1481516491;4
24662;21711;1481516134;2
12421;2377;1481524892;14
6634;21080;1481533079;14
6247;19919;1481524476;4
6306;5982;1481539028;12
11405;10192;1481529325;4
20599;8497;1481512099;14
7372;27002;1481522854;12
354;8801;1481538881;18
23730;14496;1481533265;6
11827;1432;1481510106;4
9019;19052;1481532801;10
18946;10511;1481517648;12
24472;16847;1481520732;4
7042;8339;1481543745;2
18183;12045;1481534045;2
6264;14264;1481548509;4
7441;6718;1481516165;2
1164;10292;1481543300;2
25232;5477;1481522628;18
5995;16656;1481512100;16
1253;4658;1481550278;4
23020;1384;1481517565;8
18215;6819;1481547447;4
992;10217;1481538246;8
9155;3935;1481544011;12
10623;17299;1481534259;18
1485;1132;1481545855;4
6126;6402;1481537346;6
6650;6607;1481547945;12
14780;27403;1481527113;6
12178;12380;1481539485;12
1391;26032;1481534775;6
24417;2132;1481515878;16
6820;19721;1481517631;8
6308;8035;1481518452;2
4977;4666;1481525146;12
5923;3700;1481544419;10
9241;8803;1481510233;2
20591;4666;1481522463;14
23329;4875;1481534579;6
5732;9429;1481527596;14
19788;1043;1481532426;18
12101;24063;1481546256;14
14155;5250;1481547814;2
11141;17207;1481514047;10
2640;8165;1481543874;16
6853;12297;1481511573;10
23009;22510;1481521033;12
24564;5050;1481513493;18
17875;14442;1481539541;18
1027;23791;1481536674;10
3728;3463;1481518739;16
20369;1497;1481543234;14
7104;6401;1481535993;10
7978;6119;1481542396;14
7689;11027;1481516414;6
5775;8026;1481519062;10
5721;27467;1481541740;2
7097;8378;1481544514;8
8425;21722;1481534372;6
7078;3990;1481538662;16
1335;4591;1481546898;16
6161;4014;1481550985;12
5782;9477;1481529035;14
11017;8453;1481522421;14
23327;2138;1481550285;14
4748;6512;1481513223;6
22624;8119;1481530486;12
332;14166;1481533209;8
14797;24989;1481520665;16
12426;114;1481525069;2
3707;3122;1481551003;2
26310;27023;1481519541;4
24410;6681;1481528787;8
1052;9440;1481535026;18
13887;2942;1481522892;16
7776;26311;1481532280;2
10420;3075;1481547938;6
10781;11766;1481512192;2
5742;13180;1481523192;16
22542;1406;1481551118;18
7394;8943;1481535741;6
7973;5711;1481548939;10
12012;12134;1481535763;14
12758;1012;1481535177;14
3349;10250;1481534544;2
9862;9554;1481537363;4
4841;12314;1481531535;12
8901;1324;1481532959;16
5877;20713;1481545653;14
11154;12134;1481549125;4
20108;23786;1481519270;2
7081;6396;1481539770;14
2335;3069;1481550639;6
5891;4852;1481524766;18
23152;27448;1481543190;4
25001;6486;1481516409;16
11785;10192;1481526116;8
23157;5762;1481521927;6
25186;6385;1481525171;4
6130;52;1481521891;6
11776;1457;1481526115;10
4579;18334;1481534382;6
22134;4928;1481524130;14
6999;1776;1481539219;6
12413;4316;1481517661;12
5044;12731;1481532105;12
11158;27012;1481539993;6
1429;6500;1481510228;10
10733;17233;1481537717;8
2881;1878;1481530382;4
5028;5962;1481512561;4
27481;24962;1481541174;8
6504;20068;1481515764;10
2758;5508;1481538867;10
8697;25176;1481542294;18
8896;22480;1481538354;14
5922;11090;1481523655;6
3511;20629;1481544034;14
24648;19805;1481519653;8
8951;6155;1481523732;8
7174;1178;1481523823;16
17537;22268;1481529312;8
2405;4756;1481549821;12
17401;17258;1481526609;8
10604;6295;1481532598;10
18178;19917;1481509661;4
121;12095;1481533973;8
14127;4194;1481535365;10
9000;7938;1481535193;6
11602;27166;1481535683;8
8277;9313;1481538794;14
5881;6614;1481531649;6
6665;1877;1481535936;18
14546;5907;1481531382;14
15463;6634;1481546652;4
6918;5391;1481518048;10
8533;15995;1481539999;12
6385;17043;1481541281;2
19952;19588;1481542506;6
10595;21223;1481517320;6
1587;3000;1481549911;4
19595;6360;1481519610;16
27474;19278;1481542967;8
20528;16848;1481516116;4
13811;2989;1481549619;2
7977;6218;1481538647;12
6641;22490;1481531241;12
8494;1301;1481550089;10
1401;7791;1481535975;14
23069;1589;1481536849;12
16864;4272;1481545591;14
4978;11576;1481531718;2
25190;26098;1481532156;10
9915;8297;1481517386;8
16532;8883;1481514085;2
3285;1836;1481540068;16
4998;20524;1481513907;14
1196;11723;1481549933;4
5100;12040;1481545346;10
20970;11141;1481520557;2
17415;24687;1481546554;8
18886;16136;1481524663;6
20420;23339;1481530993;2
13971;11170;1481546782;6
134;13774;1481540828;10
15212;1461;1481534414;4
14626;18264;1481514555;10
11209;10796;1481541878;18
2280;6638;1481537162;4
7042;13085;1481549936;10
10560;11101;1481547753;6
8490;3027;1481535443;14
12230;23884;1481526706;10
20121;12372;1481535824;8
13803;4694;1481541625;18
5604;18886;1481537205;18
12226;19797;1481509500;6
2167;27333;1481529658;2
27476;3025;1481540255;14
9682;8008;1481543421;14
17007;4859;1481521158;4
25163;4698;1481514153;14
10531;221;1481530630;4
2340;15752;1481541077;10
10835;16038;1481541179;10
6875;10223;1481517529;2
10880;11485;1481521372;6
5390;17375;1481513507;8
8640;6950;1481525924;16
20037;3282;1481538571;14
7043;19816;1481519862;10
10613;2796;1481532681;8
143;27462;1481513255;18
22923;25085;1481546545;8
27465;6442;1481522640;14
1915;3617;1481549370;2
20744;9242;1481520231;10
13903;22930;1481516978;12
23695;10033;1481528239;16
9835;25359;1481534719;14
26157;7002;1481518231;4
19859;17211;1481535901;4
22988;26169;1481540499;12
9266;4351;1481514009;8
19830;1483;1481545518;14
1195;693;1481537035;16
13780;3028;1481523685;2
12887;9005;1481531139;18
6714;16649;1481550073;6
4776;5827;1481525247;4
19756;9841;1481513817;10
24446;11141;1481510283;10
4208;23855;1481524632;6
23625;9411;1481510193;10
9845;21218;1481511165;2
12229;16192;1481543418;12
6314;10782;1481521390;4
2408;26039;1481535985;12
1729;8869;1481523688;16
8650;22983;1481538445;4
17163;2792;1481522088;8
7180;6201;1481534716;14
12095;7452;1481522481;18
1362;8585;1481538960;2
3252;7871;1481531398;6
2336;15932;1481541306;10
21814;9783;1481531164;14
18264;27393;1481522652;12
18195;5267;1481530523;8
17758;25364;1481525746;6
23340;6001;1481544029;4
3623;5760;1481548834;14
2133;263;1481530199;4
5627;3693;1481549031;6
20994;2127;1481521138;18
16187;14247;1481513645;2
8886;10568;1481529218;6
8134;71;1481519909;8
25067;21374;1481518038;8
10247;4591;1481524370;18
7568;18442;1481547364;6
5704;25434;1481513503;18
24981;22993;1481515131;2
1952;23302;1481527620;2
11104;11789;1481536464;8
10221;2336;1481519875;2
27173;3013;1481512768;2
15013;6915;1481536720;6
2808;12289;1481519094;14
8171;23517;1481537879;6
22653;7137;1481537926;8
13861;18444;1481544012;12
12144;3405;1481544335;4
310;12045;1481536261;10
24701;15999;1481546895;16
22492;23327;1481546192;8
9952;5352;1481512006;4
11115;25174;1481542005;16
17284;7680;1481537114;12
304;15083;1481546489;2
1982;23344;1481544022;4
1875;18261;1481545563;6
6185;3271;1481539436;18
24782;1531;1481540809;4
5472;12869;1481543628;4
24701;4825;1481525774;12
8233;6266;1481528549;10
20326;6688;1481538680;2
4849;1875;1481520926;2
24965;4989;1481515359;12
4035;10601;1481551074;6
8046;3505;1481539797;4
19780;7251;1481513343;4
23634;9523;1481547542;14
8636;6676;1481533909;14
5096;27558;1481531285;16
5859;1014;1481523028;10
6604;22454;1481545087;12
2964;1393;1481532674;2
1447;26476;1481515027;14
10107;5101;1481542302;12
4336;398;1481519996;2
19060;11597;1481541368;12
16193;5113;1481521014;14
27389;27229;1481535830;12
22606;12096;1481525457;10
6383;19066;1481520799;18
10500;321;1481522207;12
23887;10710;1481549679;4
10318;20536;1481525989;14
7820;8052;1481520196;10
3953;17580;1481534726;6
12285;2465;1481545117;4
14934;14448;1481537476;4
17262;7797;1481529056;2
4303;10495;1481528475;14
4311;6241;1481513518;6
6892;2365;1481524909;10
25518;7259;1481514127;8
10497;3081;1481519965;4
14132;16891;1481541028;14
21480;7536;1481521961;12
26184;15473;1481533033;4
1897;3629;1481535622;18
7621;18911;1481509916;8
24666;12920;1481523019;16
7569;20787;1481512305;2
7940;8691;1481537080;4
20398;12150;1481525499;4
10909;5829;1481513985;16
21719;4752;1481511946;14
3968;21386;1481521248;14
17881;22492;1481533287;10
939;26373;1481526814;16
10018;9952;1481540577;8
7476;6538;1481513475;8
1174;7541;1481530938;2
2635;63;1481527276;14
8446;201;1481536300;2
27460;7541;1481512735;4
1190;10679;1481532870;16
11057;11061;1481545294;10
15122;17352;1481512152;12
7052;20284;1481516097;14
10736;7854;1481534400;8
374;18444;1481534022;18
1562;8464;1481526741;16
9915;6856;1481519426;2
14803;11141;1481527361;8
2844;8240;1481518496;16
7879;1255;1481536127;12
1456;6670;1481544503;16
12782;12234;1481549877;8
15475;10704;1481543483;16
11175;20157;1481547469;10
19781;14198;1481509718;16
19060;27048;1481544866;4
10289;2612;1481542404;12
14131;5753;1481532400;16
5889;18079;1481512534;14
23616;14574;1481520969;8
4413;1273;1481511976;18
14209;19306;1481523497;8
27162;5762;1481515247;18
10519;17572;1481546413;10
17312;1675;1481519553;8
4036;19044;1481549804;10
14075;111;1481525775;4
7270;25528;1481538730;16
4520;25003;1481546232;6
1551;12646;1481529474;12
22627;8697;1481550543;14
12240;1590;1481543405;2
3008;11601;1481532235;18
22968;20867;1481549248;16
27201;10518;1481535760;12
6001;8164;1481516189;8
21313;12045;1481541347;12
4585;7899;1481513923;14
19046;1157;1481522533;10
12184;5378;1481523598;8
1848;6024;1481543882;10
2134;27443;1481546678;8
6704;1418;1481518225;18
5505;25431;1481548790;10
17887;6421;1481541746;12
20846;27188;1481544539;14
3955;84;1481544299;2
7777;7298;1481521703;10
5280;24392;1481513992;8
3251;1397;1481524093;6
974;7319;1481550166;16
27000;6995;1481528094;14
6663;13296;1481549742;18
4577;2142;1481543508;12
14075;7467;1481544069;6
5346;11139;1481519742;12
3054;23023;1481527282;10
4897;172;1481536426;14
6458;1575;1481539312;14
5673;17256;1481531094;2
24989;14554;1481539246;8
11233;1882;1481522396;16
13262;9150;1481545349;2
6816;5858;1481513590;4
18105;10822;1481510477;6
20531;8691;1481541711;16
11760;13870;1481543671;8
8492;2792;1481531805;18
11701;23173;1481518370;4
6808;1520;1481521969;14
25533;22134;1481527220;16
6125;21216;1481523911;14
9737;9917;1481528652;12
8410;21713;1481526282;16
10516;25434;1481527197;2
1659;7625;1481521096;4
5267;20022;1481532858;8
10178;10385;1481536057;18
27443;3781;1481510835;8
10386;4205;1481516740;10
1260;23166;1481534157;6
7251;7895;1481513680;12
2121;15374;1481524181;4
22271;10177;1481526319;16
20444;19759;1481541357;2
1226;395;1481541922;12
12164;1446;1481548168;2
5251;6524;1481535465;2
11857;5472;1481524473;14
25066;6704;1481511082;2
16099;13863;1481521672;10
21720;21504;1481527474;14
24449;23853;1481521907;6
1671;15750;1481527214;6
1560;12216;1481523222;16
20336;9058;1481546466;18
1684;14570;1481547476;4
6584;25440;1481541587;10
3570;5908;1481533107;10
26303;14878;1481526293;10
6971;10193;1481535198;12
7012;12121;1481527652;18
130;23179;1481548301;10
7088;27452;1481523587;10
10527;9868;1481546682;2
14441;8126;1481524965;8
15137;4158;1481535325;10
27467;3970;1481533338;8
4747;2775;1481550419;6
11214;10026;1481549331;4
5960;6374;1481523120;14
3057;24692;1481528157;4
15372;24087;1481526419;12
22576;18105;1481543027;10
16905;622;1481525010;18
14654;8523;1481542461;10
18157;27420;1481512486;4
14125;23536;1481521904;14
8414;4571;1481538036;14
23318;6934;1481524462;2
14660;9685;1481519393;4
1913;14866;1481544633;6
3638;7825;1481542985;18
10891;6722;1481510567;14
11029;18330;1481550112;16
6238;5759;1481551120;6
9997;4783;1481517259;6
8495;11020;1481531009;6
27469;7887;1481550601;14
21713;6605;1481530873;4
21071;2395;1481513978;10
27163;19951;1481544000;16
17364;17305;1481515551;12
24956;23191;1481539659;12
22301;1662;1481550071;4
3905;12574;1481529905;4
19867;8576;1481548093;18
17593;14514;1481512086;12
17330;8782;1481531130;16
1374;17474;1481530522;8
2331;7190;1481548872;14
6764;11795;1481540124;10
19027;6526;1481511436;2
4543;22621;1481541196;4
9240;1733;1481518420;14
2374;9670;1481544519;8
9869;8946;1481541350;6
6174;3777;1481519400;12
27336;4895;1481522405;8
8356;17413;1481532376;16
10556;10210;1481514862;14
3508;8025;1481544354;8
12013;434;1481518077;8
7791;7426;1481523974;18
3015;12921;1481551015;16
8111;10593;1481535651;14
24685;6820;1481517882;2
19311;9481;1481549560;14
13911;8317;1481546209;16
8983;19223;1481541059;2
24971;12228;1481550177;16
10259;11949;1481534835;12
26307;27475;1481543715;16
4965;8945;1481518038;10
3687;21446;1481525024;12
14899;3752;1481526327;10
8594;26479;1481538307;10
6016;19959;1481550429;4
27089;4855;1481531230;10
4837;17423;1481540046;16
23162;20923;1481537676;18
9668;9413;1481521372;16
16038;14191;1481537721;6
17474;7934;1481520527;6
7878;1038;1481535781;6
24281;8893;1481524348;4
365;19064;1481533965;8
1856;8349;1481532781;16
13877;8385;1481524957;4
7364;23346;1481542067;2
994;4746;1481521742;16
19833;193;1481532923;6
7334;2173;1481529710;10
7625;24692;1481521809;18
20039;2138;1481523091;14
11763;268;1481520911;10
8504;24257;1481517874;12
24428;373;1481530137;8
27463;2996;1481548065;14
24706;10778;1481536560;14
23049;17294;1481521744;10
1868;16318;1481511192;2
10665;4675;1481535786;12
11692;11862;1481541466;16
8582;6969;1481526529;14
14002;8484;1481532335;2
7982;11017;1481524043;16
20461;6289;1481535667;8
19851;15161;1481520916;6
1532;9516;1481528595;4
6552;22624;1481512478;8
20769;19911;1481511645;4
13855;396;1481529504;10
18097;21398;1481545953;14
9271;14628;1481538828;4
23520;1570;1481532194;6
4946;19910;1481536187;10
25266;4839;1481531484;18
17568;2465;1481541059;18
1219;2831;1481537745;2
14811;4262;1481533657;16
21501;6290;1481513400;12
15031;16302;1481520287;16
7962;2336;1481520065;4
6456;27383;1481514104;2
27445;12060;1481542597;8
5770;19549;1481509775;2
7602;6596;1481546430;2
7063;18334;1481545573;8
292;20070;1481532645;6
7542;7000;1481512311;16
5374;4929;1481530861;8
7254;11788;1481536540;18
4026;5502;1481512570;10
17922;9969;1481543590;4
18836;8477;1481533864;2
23166;16800;1481541440;16
5983;9109;1481520741;6
20108;6723;1481537090;14
19510;27478;1481516608;10
21597;9306;1481516973;10
6574;10069;1481514089;18
8473;9473;1481547114;16
960;12818;1481513022;4
7187;12211;1481513245;2
5122;4822;1481542088;16
11897;6195;1481525459;16
6875;204;1481524870;16
24279;12215;1481523958;18
4016;18862;1481532165;14
27004;21222;1481514102;16
13724;1667;1481545543;16
4670;17171;1481542101;8
23439;27550;1481543852;10
26392;25489;1481537676;14
6296;18899;1481538339;12
9768;10503;1481509894;12
27029;1484;1481541703;2
6984;17845;1481538006;16
1726;6255;1481544019;14
27182;1991;1481516503;10
16200;8120;1481533714;10
4286;18349;1481547083;14
15519;6640;1481540803;18
18442;10639;1481543797;18
16133;6315;1481534741;10
14576;183;1481512547;18
13185;8577;1481529432;6
11576;9464;1481510717;18
24650;2875;1481515391;4
3285;18081;1481531115;8
1245;3777;1481517261;14
7074;1961;1481528046;12
8221;24172;1481520768;10
122;20110;1481538941;18
2274;4220;1481538127;8
13856;19059;1481520075;18
3615;1384;1481534945;18
27415;1213;1481521519;16
2376;7998;1481527117;12
14981;4822;1481534138;18
14151;10821;1481536005;18
16934;25368;1481511013;8
12288;23057;1481533715;18
4056;26211;1481517712;12
19951;6155;1481511058;8
433;1387;1481516848;8
8585;8434;1481519913;6
17258;6941;1481540903;8
4294;19038;1481519432;6
17441;7976;1481541913;6
1364;2154;1481529736;8
17193;225;1481548267;4
6538;23650;1481511462;8
22312;6440;1481512824;4
8758;8322;1481511809;6
5739;252;1481536247;6
3575;15484;1481550980;2
23175;27178;1481539968;16
5739;7481;1481546361;2
21311;24425;1481537592;14
233;23159;1481510630;6
6963;20318;1481541215;2
4276;6107;1481529512;8
17168;10582;1481547636;4
8493;7404;1481539772;6
4349;5391;1481545463;2
6409;24397;1481512542;4
17211;318;1481546084;8
8514;1192;1481538459;8
26163;10185;1481542689;16
1447;24282;1481548098;2
6136;7891;1481547083;14
7600;1906;1481526842;16
10984;6336;1481548841;10
22267;7406;1481539212;6
9951;22961;1481522469;16
5891;1398;1481540536;12
12419;16016;1481549305;10
1204;20977;1481522235;2
25034;20573;1481527032;16
9767;17847;1481517383;6
9464;5742;1481513961;14
1744;11387;1481543783;4
27446;12580;1481547647;16
9440;3976;1481544539;16
11075;3897;1481525788;12
6139;1793;1481550606;10
16873;5469;1481540618;8
1886;6126;1481538587;16
23010;8635;1481518688;10
6874;20900;1481550243;8
4771;20023;1481548137;4
6237;20288;1481532720;6
14195;1512;1481544333;14
6407;6389;1481533112;12
11208;8868;1481539889;16
8281;9201;1481542826;12
5731;5815;1481525262;8
7493;11698;1481513143;12
13800;5938;1481522651;6
14654;963;1481532956;2
8574;13807;1481528147;4
6671;14907;1481528695;6
4238;5029;1481527726;6
7674;20409;1481545393;14
7064;284;1481524040;14
14626;18865;1481517898;2
5821;20607;1481522694;8
6631;7389;1481544763;14
15012;14551;1481536061;10
22296;3272;1481511180;4
4292;10282;1481521267;2
7619;3541;1481514173;2
21809;2022;1481525119;8
1701;6110;1481531385;6
11037;20773;1481542517;8
2999;23754;1481519655;12
20303;10164;1481548612;2
7367;8441;1481534437;14
7565;20429;1481528094;14
41;19581;1481545902;8
3012;12132;1481536757;16
22483;13979;1481524102;16
12212;4195;1481532414;6
7293;931;1481535017;18
10240;24971;1481542249;18
9502;5266;1481533540;6
15754;10193;1481533454;14
12761;4215;1481548300;18
12764;9757;1481509823;18
25068;20244;1481526124;10
8139;6506;1481515020;8
6195;201;1481513422;18
1082;12186;1481513305;2
6647;1256;1481539468;4
22651;23052;1481531780;10
9516;1549;1481535456;4
2148;2827;1481550710;6
51;1608;1481533643;18
4259;27551;1481537660;18
9803;22578;1481525075;16
25012;11811;1481530062;6
393;2763;1481550305;4
23787;5120;1481529367;6
15762;8240;1481512225;6
10031;9993;1481509869;10
10016;20868;1481533412;4
8586;1720;1481536568;10
1017;11902;1481543258;2
22456;17266;1481536530;16
68;50;1481545711;2
9685;27015;1481528592;4
19558;6919;1481515137;8
20789;1115;1481526973;10
7433;8338;1481510370;6
8972;10875;1481526418;8
17351;1137;1481530464;18
173;21004;1481536426;10
14264;27175;1481529923;8
8329;18200;1481536894;6
2764;5975;1481525062;6
3693;5742;1481529385;14
15097;6519;1481520978;2
8328;20133;1481521698;12
22964;7794;1481518590;16
3684;1647;1481534557;6
17193;25440;1481536242;10
7552;2166;1481519258;8
3688;18864;1481530787;18
16780;23085;1481543670;16
104;23750;1481549431;6
18864;14229;1481523999;12
8687;4960;1481529276;14
12745;8449;1481524462;16
8906;1794;1481530561;18
10014;17797;1481516607;2
5293;6286;1481515397;10
2825;6315;1481540477;8
9262;1993;1481521751;8
3716;392;1481534484;16
5743;12713;1481522170;8
11131;25054;1481514659;10
19578;6273;1481520517;6
67;7505;1481530634;12
18858;21088;1481514012;10
13079;12327;1481524586;4
27052;17429;1481525552;10
11090;9152;1481513805;16
11237;18105;1481538344;10
6649;234;1481514480;18
25166;20963;1481549035;2
15478;18438;1481539322;18
4046;22456;1481515108;14
8419;4258;1481527924;8
6027;20297;1481518162;4
3262;1768;1481511961;6
14659;13181;1481527722;12
6653;1272;1481518057;6
19866;25547;1481535728;10
25187;8496;1481530607;10
7623;6595;1481519526;8
24281;5804;1481518236;18
7975;16819;1481518709;4
10246;18339;1481514372;16
4778;6965;1481510735;4
27276;947;1481539563;4
3738;15464;1481529347;8
13763;425;1481539164;2
26395;8637;1481516230;8
1038;9437;1481515671;12
8916;20976;1481549824;4
5924;12289;1481541512;8
9990;1593;1481535406;12
12746;16878;1481548161;8
18866;1539;1481513682;16
25331;6690;1481521203;10
25360;20083;1481534840;12
25358;10498;1481540042;10
24670;16014;1481523122;14
10291;18884;1481525919;12
4862;14949;1481528097;12
4826;6775;1481541061;2
1517;11027;1481510432;14
9416;3290;1481540101;6
1170;19082;1481543914;4
22267;13820;1481527196;4
2396;10044;1481531158;8
18807;27002;1481529525;14
13221;1267;1481513411;8
20050;9790;1481520707;2
10544;17503;1481519819;8
15131;2609;1481523915;10
10489;8870;1481534431;6
20674;321;1481526918;8
25502;23507;1481527619;18
15997;927;1481542878;10
7360;8249;1481517127;16
15084;3584;1481519262;2
5010;9463;1481525426;14
20864;8920;1481546069;12
8929;7894;1481539552;8
3054;12120;1481509890;16
25549;6812;1481511408;2
5983;20528;1481542318;12
18299;23851;1481514502;4
9328;7916;1481512522;8
20195;27399;1481516413;14
11623;6943;1481529090;4
12318;4679;1481538411;2
10518;14237;1481513876;4
19832;10193;1481515584;4
2868;27104;1481526360;10
27556;10179;1481527750;10
16800;10008;1481542776;12
15250;271;1481521164;16
3161;3753;1481537203;8
3705;7768;1481540760;4
6185;25063;1481539203;14
6613;20048;1481526181;8
27427;1230;1481533548;2
27182;17421;1481523718;2
24360;17886;1481527607;4
10066;14811;1481510650;10
8122;14584;1481529523;12
20713;382;1481545345;8
1570;3554;1481525846;16
18512;27027;1481518587;12
3057;3755;1481537332;8
5109;4326;1481533875;14
25367;22653;1481540496;18
9964;18179;1481509501;18
10101;16142;1481520416;8
2964;6283;1481513143;6
4527;267;1481521142;14
131;6654;1481514155;16
23620;27559;1481540779;8
11393;3853;1481509977;12
27017;10985;1481538482;16
20411;5409;1481521076;14
9803;20108;1481549436;12
8123;1309;1481518317;2
9420;14190;1481535572;4
3022;19556;1481524933;2
3616;7072;1481517065;10
15746;21452;1481532220;16
8564;2803;1481531969;8
22143;3583;1481532632;8
267;2829;1481515206;12
1347;5262;1481510823;12
7598;21071;1481546164;10
8863;22306;1481529340;8
174;1366;1481539286;8
5611;1267;1481535355;6
8755;8233;1481528025;8
3428;6252;1481526616;16
11916;9060;1481512074;10
12560;6246;1481530627;8
7872;20404;1481541562;2
9008;27174;1481510199;12
15161;20926;1481538698;6
25547;1388;1481543084;14
8414;368;1481510706;16
21492;10443;1481517823;16
1036;11834;1481535766;6
1740;8757;1481512738;16
11027;18881;1481548454;18
19199;1629;1481520947;16
14812;10878;1481527966;2
1277;1622;1481528467;10
2831;9652;1481535220;10
23466;11991;1481547492;8
16781;3695;1481513945;4
14498;4774;1481509934;16
3978;25195;1481545083;14
15346;10927;1481531098;18
4045;7271;1481528667;18
22161;1002;1481544202;6
27129;20025;1481526454;16
9685;2998;1481540523;2
4186;14926;1481513114;8
23052;6785;1481534501;10
6304;22527;1481519333;6
27402;22462;1481524303;14
6372;6153;1481514171;16
15324;3626;1481521816;14
9900;27232;1481512394;10
17242;14711;1481510545;16
11603;3901;1481530175;4
5995;14631;1481511313;18
25069;19080;1481520064;2
9518;11601;1481546400;4
27011;21281;1481542450;6
10666;22453;1481526650;6
16837;12758;1481535920;6
6382;14799;1481523298;2
1453;6224;1481517163;12
7032;1443;1481514862;10
21071;3723;1481529285;18
11699;24090;1481546565;18
11989;11246;1481520456;18
21076;20479;1481526352;14
16837;4263;1481516059;12
6643;7853;1481516975;4
4292;2023;1481547503;10
8297;1308;1481539502;14
23536;22177;1481512454;8
4686;15307;1481543803;4
21004;16931;1481544340;4
22613;14950;1481533882;6
31;13821;1481525976;18
10838;16982;1481525759;16
25286;11916;1481549094;12
17585;21003;1481524513;6
20548;8872;1481537407;8
15461;11391;1481526044;8
10459;5033;1481535060;10
5592;8909;1481550033;18
27289;13678;1481533331;4
14932;7639;1481522154;4
4222;27101;1481509978;14
9062;4306;1481522984;18
16132;6806;1481541336;16
14715;14705;1481541544;8
204;17422;1481546115;18
25072;2389;1481525473;10
7441;24356;1481533704;16
18180;5644;1481525059;18
4004;5639;1481528102;10
4737;18881;1481550454;10
4856;5651;1481526441;6
8750;11179;1481544258;10
3915;15703;1481527659;2
17293;2404;1481532650;8
6937;16320;1481518904;14
18814;16034;1481515193;8
20243;19723;1481525208;12
18782;2792;1481527789;16
4682;10906;1481520561;16
20124;7510;1481526063;2
19888;8602;1481514584;4
7030;26307;1481539487;6
1719;17275;1481537292;10
9976;1361;1481547891;10
10359;1854;1481542291;12
6252;9533;1481546566;16
5430;4665;1481513759;12
7147;6820;1481518957;10
17847;8303;1481544909;8
4481;1981;1481519435;18
2806;1990;1481545478;6
18262;6149;1481528429;4
16008;20674;1481528479;4
163;1093;1481512128;12
10715;1063;1481538175;12
21718;6709;1481523719;2
9016;15236;1481544730;18
20419;9757;1481520011;2
2346;22959;1481526034;18
19082;20948;1481519203;16
7852;7941;1481533392;12
10655;17386;1481550803;6
9025;897;1481536042;14
20352;1062;1481513870;10
8668;4560;1481519986;14
2840;16178;1481523364;4
5260;8635;1481511201;8
9440;1737;1481538340;6
3352;15002;1481519288;8
25183;7281;1481516498;14
3287;20052;1481549025;8
22988;12559;1481514274;12
1537;17360;1481538102;16
23832;23350;1481547481;4
25386;6703;1481526153;8
15721;8111;1481523585;18
362;3561;1481522552;6
10874;2016;1481520158;8
10520;3065;1481548679;10
7044;27464;1481531018;12
19222;4848;1481533261;14
3019;1141;1481516771;2
21801;6414;1481543311;6
11146;10437;1481523507;18
23665;9878;1481531916;2
9828;19234;1481538927;2
1772;7903;1481543929;2
10363;13811;1481545305;8
9194;2012;1481533076;14
8816;10641;1481525217;6
15481;27469;1481521301;4
4325;6193;1481523649;10
9067;15980;1481520201;2
20831;2118;1481535555;2
17024;15348;1481531837;2
1743;14168;1481547693;6
21798;9960;1481535333;8
16016;19821;1481542126;14
14545;9333;1481541837;14
14260;20074;1481533739;6
6149;19963;1481523595;12
19800;11052;1481546031;16
18866;19080;1481544551;2
14158;964;1481540701;4
3942;19498;1481549994;18
4042;23544;1481547801;18
19088;20100;1481518999;4
24585;6883;1481540359;12
8650;15368;1481530442;16
10987;1629;1481546456;14
21509;4236;1481542770;16
10684;13855;1481544422;12
8413;5678;1481512918;18
120;2176;1481512886;12
12282;4544;1481532902;16
18960;4194;1481541534;18
14561;7984;1481514370;6
7280;7783;1481545072;2
12232;9756;1481540280;10
4237;18321;1481548247;6
13030;20523;1481530860;2
8595;19763;1481545572;6
23155;11147;1481519855;2
7567;13216;1481522298;14
6010;3779;1481521457;18
12058;622;1481512710;2
26280;7270;1481526670;14
3641;21411;1481518943;8
5763;19053;1481536090;18
7451;11575;1481515156;8
3948;10780;1481549517;12
24279;6440;1481534101;16
27195;11066;1481548388;6
6008;3752;1481534939;12
8489;14963;1481545098;18
8021;19889;1481550206;18
14199;12183;1481545853;12
4857;5924;1481550613;8
6522;1015;1481537394;6
3772;435;1481536436;18
20627;1221;1481534932;16
4622;3374;1481536089;2
6863;102;1481540408;6
17547;26204;1481532041;6
22649;25246;1481549151;4
10109;7039;1481513953;12
406;11987;1481542466;4
7354;1099;1481533486;16
2804;20967;1481518600;18
26244;7372;1481518775;8
1058;23317;1481531452;4
6979;6464;1481526483;10
20628;2154;1481545912;16
295;6786;1481516822;6
1878;7866;1481534843;12
12288;6298;1481526461;10
15407;17280;1481521508;10
3072;13972;1481529232;8
16873;1225;1481525029;4
4676;6646;1481528690;4
4848;25073;1481514368;4
2294;7368;1481539458;8
19200;24143;1481511068;10
25520;3072;1481515758;8
9833;4902;1481538292;18
27184;8053;1481516758;6
20100;16650;1481519225;10
3026;2979;1481535279;18
27201;11956;1481514255;8
1671;18048;1481526510;6
14914;12869;1481518238;8
14543;3260;1481510423;4
15746;7366;1481532753;12
1456;22626;1481527058;10
5674;27207;1481541555;10
4338;17297;1481516283;2
26157;6793;1481534942;16
11054;189;1481543115;10
9660;2794;1481541593;4
1931;4882;1481550441;16
27459;21233;1481539963;6
5837;5731;1481551035;2
6159;10778;1481536233;8
17172;6253;1481532438;18
15484;27133;1481544720;16
25043;27459;1481524293;18
1800;20881;1481535223;4
13183;25366;1481526208;2
10020;4542;1481515134;10
1668;10771;1481510671;10
1932;1941;1481525180;4
7394;9481;1481521616;6
15746;7420;1481512662;16
4287;14153;1481516956;10
20136;14488;1481544001;18
6437;4943;1481517457;18
21412;18963;1481524662;18
11617;11376;1481522683;18
11597;18247;1481544404;18
17169;19777;1481514107;18
25467;16044;1481546995;14
17053;23114;1481514473;4
7692;1267;1481548043;16
7596;2643;1481517553;2
6681;10719;1481542848;10
13975;21436;1481509853;16
21484;27313;1481511147;18
24648;9836;1481543284;18
17388;7592;1481529238;6
23151;24479;1481525915;14
9297;5991;1481529569;18
3912;10261;1481543278;14
11105;1881;1481528127;4
10780;9996;1481512760;16
19222;13904;1481525650;14
7361;20629;1481527120;2
11842;9055;1481513948;4
12353;3945;1481544382;6
1605;23116;1481539304;6
10775;11911;1481534181;6
7848;9676;1481546424;10
7451;12037;1481549960;10
5093;8994;1481539535;6
1445;23867;1481548776;2
20353;14857;1481524296;4
18305;8419;1481521674;18
14874;10834;1481510070;12
19868;1412;1481521290;6
11055;7086;1481549345;10
12068;25067;1481522967;6
1584;246;1481533185;14
18424;24691;1481537657;2
7423;24272;1481522361;14
22966;981;1481520134;6
6415;9395;1481539639;4
21722;281;1481531711;4
16931;418;1481534448;4
11834;5614;1481529534;6
1567;22537;1481542792;10
2286;5035;1481511755;10
16796;19990;1481518990;6
9255;25085;1481532017;16
10984;14451;1481514869;16
5677;23447;1481529011;8
22503;5715;1481523504;6
6411;5709;1481548765;4
3406;20330;1481520706;14
8569;27088;1481538418;4
1547;1252;1481549261;18
3944;19834;1481524088;2
9299;2962;1481546365;2
1532;23049;1481535527;12
20366;9799;1481528036;8
20124;15016;1481522466;12
17256;18201;1481519808;8
12088;20946;1481531268;12
2287;4673;1481511068;10
2768;20411;1481513778;12
12951;256;1481516731;10
14553;10207;1481541500;16
2381;1642;1481511143;2
7972;9896;1481524143;8
6001;10986;1481544212;18
15787;10381;1481532404;10
19952;389;1481517380;10
8410;24682;1481536770;2
19213;1261;1481516702;14
9359;8802;1481511981;18
919;9223;1481531547;4
6611;1567;1481536828;16
9883;18804;1481514122;16
23337;6255;1481537012;8
14996;8589;1481546437;4
8997;7771;1481523375;2
19815;11856;1481519720;12
22144;6363;1481514635;8
19284;27164;1481515885;14
9961;20986;1481544375;16
3599;11393;1481509811;12
17363;24659;1481549774;12
19986;20744;1481520242;18
260;18199;1481543594;10
4628;3930;1481527292;10
17152;62;1481540031;4
4895;12311;1481512826;14
16321;8022;1481526527;2
8238;24446;1481514955;18
1106;4600;1481529237;12
1429;19065;1481550831;10
5732;15224;1481540634;4
24931;24952;1481532732;6
20330;20519;1481546680;8
9994;27520;1481531377;18
14950;18069;1481545559;6
15764;12374;1481535195;12
92;10617;1481522392;2
14185;6693;1481528275;4
2339;4296;1481526099;12
4610;2822;1481513685;8
8035;10928;1481519165;12
11767;218;1481511971;10
1441;3588;1481540979;12
377;1367;1481542324;16
23347;8938;1481542385;16
27004;23447;1481511063;16
23082;5929;1481510711;8
10649;25426;1481522762;6
7423;16192;1481516132;12
14936;19824;1481511356;10
5910;20868;1481549030;2
19797;26049;1481538575;10
6605;26071;1481520917;6
9570;25089;1481529873;12
7995;27141;1481523475;16
6962;11133;1481546535;18
9982;10308;1481543249;8
15298;6159;1481548648;12
16878;8868;1481518945;16
5408;3956;1481512587;8
16307;1699;1481542319;12
18847;1120;1481541719;12
24673;2024;1481550993;12
1681;27054;1481518590;10
8089;12760;1481533594;16
5098;27143;1481509855;16
8050;8381;1481510094;18
19804;218;1481550959;8
9962;19737;1481549816;12
7496;3620;1481513144;14
7858;9810;1481519771;14
20521;10017;1481513901;18
4921;6822;1481520994;18
1951;415;1481547385;2
10427;10004;1481522362;10
4745;17794;1481541088;16
4568;4710;1481534553;8
6651;17274;1481548800;6
27031;10540;1481520210;10
19837;21320;1481526895;4
3546;3590;1481547362;16
17396;5023;1481532396;4
21232;3942;1481510644;10
3011;4967;1481537499;8
7180;7873;1481522107;16
2817;7414;1481517135;12
14900;6411;1481526857;8
9475;7319;1481518416;12
18112;10566;1481534908;18
11826;9391;1481512905;18
9415;6441;1481542086;8
10015;8522;1481547628;14
10494;1201;1481523641;14
1392;11956;1481518552;6
22454;11857;1481550401;8
15244;9438;1481526584;2
16143;27449;1481523393;12
5049;20645;1481532202;14
8046;3539;1481539388;2
53;27557;1481525284;12
22535;15017;1481522865;12
27461;12707;1481519460;6
17265;1513;1481537424;2
20055;14862;1481538355;12
10213;17459;1481512774;4
6647;6586;1481540066;12
3715;7356;1481524020;4
23450;8686;1481538753;16
8544;17190;1481511700;12
8117;21715;1481535787;12
9805;6116;1481546509;8
21500;8956;1481537991;6
10852;1598;1481531598;12
63;5761;1481547034;14
7550;4942;1481534050;12
3961;5418;1481526506;10
11002;7427;1481513586;6
21410;1223;1481526524;14
8872;23893;1481532573;8
5756;11720;1481546856;16
2868;5734;1481544395;2
10262;9509;1481527105;6
1016;247;1481533074;2
4583;7066;1481548814;12
10717;1108;1481514134;6
7984;8088;1481540129;12
875;15024;1481543962;8
3962;18807;1481512455;6
18046;6526;1481540519;14
10417;8468;1481509693;8
9999;17517;1481509744;2
15533;10702;1481513209;18
12786;8595;1481546146;16
7334;4905;1481532392;16
370;335;1481540724;14
24410;3280;1481511476;14
1962;5745;1481533379;10
9457;8644;1481536027;16
18048;10506;1481545100;10
8678;90;1481516366;4
8494;7834;1481548789;14
26262;15354;1481514562;14
4905;12797;1481516911;8
15932;11642;1481533138;6
14863;10712;1481522144;6
10616;24140;1481513297;12
23115;5004;1481521478;4
22270;10904;1481519431;2
10027;9521;1481518705;6
4922;1553;1481542938;12
19900;23354;1481530115;8
27131;15014;1481522365;12
3945;7012;1481546253;18
17564;7793;1481519177;18
5426;27103;1481544176;12
8398;3017;1481510881;12
364;12262;1481546969;10
6822;3287;1481519671;2
18338;12869;1481519114;2
18245;9318;1481548183;18
19819;9228;1481514858;6
7109;5975;1481534003;6
2017;20261;1481545930;2
17373;25402;1481538436;12
10698;26084;1481527518;8
6670;8333;1481548876;8
5260;51;1481545562;6
27457;13943;1481540267;12
13780;24283;1481550646;10
8828;23517;1481528755;4
25056;6585;1481510534;10
11374;8825;1481511321;8
14182;4257;1481527428;12
27426;9285;1481523933;10
13256;3403;1481523702;10
9253;5478;1481522849;6
358;9815;1481545182;18
257;11416;1481514895;18
4533;5849;1481545958;14
1007;5107;1481516878;2
20357;13862;1481529691;14
967;8982;1481542050;4
27421;17456;1481533074;12
11475;6391;1481536041;6
23628;6379;1481521473;10
13560;1179;1481544754;2
16517;26301;1481550291;12
4228;8728;1481546842;14
25388;18040;1481517151;10
14438;9306;1481517834;2
26031;24058;1481536093;2
9256;278;1481518935;10
3977;3609;1481535957;12
6599;2424;1481535697;18
5277;8775;1481531741;16
22995;5019;1481526886;8
14115;19531;1481520475;14
20453;10366;1481521223;12
24565;14183;1481513620;4
1432;7158;1481521768;2
6795;5248;1481522069;6
27299;20521;1481543702;10
14165;13075;1481547709;10
7632;13724;1481521159;8
19530;5515;1481550288;14
11121;10105;1481517305;8
20193;6618;1481548298;18
6402;16042;1481519272;2
6953;17593;1481550636;14
25339;7815;1481542036;10
14913;11960;1481547176;16
7109;25503;1481531909;10
7319;26211;1481537258;8
17169;6825;1481523518;2
14289;8358;1481550299;4
8970;3466;1481526744;14
117;19281;1481550820;2
2367;4516;1481548457;10
9324;8511;1481516063;4
12178;4010;1481546316;8
7420;8965;1481548207;2
23640;23046;1481527336;8
1611;8553;1481536338;12
2843;1628;1481547617;6
7833;4026;1481549336;2
12764;6943;1481538676;10
27445;17359;1481515100;4
15734;6013;1481545313;6
10395;11599;1481546862;10
3714;1625;1481529227;10
14986;25011;1481534626;12
24239;5700;1481548818;18
7260;7559;1481514290;14
2819;20674;1481534002;4
19593;19252;1481541821;16
23621;20466;1481520749;6
17570;5772;1481526376;2
9648;14621;1481512351;6
5765;8816;1481550905;16
11050;18865;1481515139;10
24664;16035;1481530849;10
11797;14137;1481549717;6
9257;5240;1481544493;14
5894;18864;1481531806;10
7889;2142;1481527874;6
5052;8976;1481518343;2
19076;10213;1481526351;14
18114;5678;1481517594;8
1247;26266;1481535500;6
15013;15225;1481523179;14
4215;19883;1481512610;14
15010;4797;1481549380;4
25706;6305;1481523373;14
17509;27326;1481535071;12
20372;1032;1481522811;10
26148;6551;1481513937;4
14811;12518;1481514657;8
10675;12370;1481550730;4
21003;10324;1481530190;4
10638;21096;1481544019;14
10386;20013;1481528393;16
21296;7890;1481520899;10
7575;20529;1481512331;18
8543;12407;1481511972;12
20927;3076;1481541106;16
15777;20769;1481546395;12
1859;17577;1481524795;8
9546;7680;1481527810;12
4660;5734;1481529922;10
6777;5941;1481520921;12
6209;20352;1481541806;12
20144;9408;1481546509;4
14436;17038;1481530055;16
8634;8919;1481510194;18
6620;21071;1481544795;8
6268;6406;1481523144;6
8869;19937;1481549292;14
8885;127;1481513627;16
11363;9561;1481545898;2
5358;6389;1481532365;10
1920;4258;1481529900;18
7418;4294;1481550533;10
10244;27546;1481525375;14
17270;4199;1481535074;16
3027;3018;1481513508;8
1772;422;1481510581;14
8397;11214;1481535779;2
1764;14632;1481511747;4
17379;17399;1481515365;8
903;15326;1481511860;18
13878;2826;1481548685;4
10493;2840;1481548591;2
10698;2942;1481522828;4
1357;6797;1481540411;12
14252;8892;1481538624;16
23338;17231;1481520432;2
20299;19965;1481519906;4
25325;20413;1481512841;14
4588;18914;1481516743;2
8310;16043;1481540077;14
8166;949;1481520256;6
13781;19310;1481527919;14
14113;8931;1481513908;18
25346;7850;1481535025;2
19530;24931;1481529789;14
23625;11476;1481511019;12
1314;8921;1481545895;2
21442;10989;1481539189;16
1405;5257;1481528473;2
13887;16120;1481531102;8
21224;351;1481528951;4
13975;3934;1481517246;2
15319;23106;1481535661;16
16295;9962;1481533096;4
14004;5034;1481514262;4
20769;23650;1481513792;18
14699;19778;1481534377;14
1395;6595;1481546220;16
7820;15777;1481514581;2
9460;21294;1481515424;16
1856;157;1481535727;2
1586;13779;1481531344;4
6541;16813;1481540935;12
9;6711;1481538317;4
2127;5364;1481521533;4
9307;9185;1481532718;10
1316;1931;1481519151;2
1496;22934;1481517240;14
17607;18861;1481546681;8
10177;10514;1481530883;16
6343;4779;1481534337;2
8476;14584;1481524702;2
15996;20410;1481520607;16
11744;17923;1481510354;6
219;1918;1481547285;2
13726;11757;1481514242;2
8434;26;1481526634;8
10737;1741;1481544874;14
7326;2893;1481547589;16
10263;4669;1481540703;18
9207;5850;1481542502;2
5990;9553;1481527691;2
20022;6372;1481537541;18
10780;9669;1481514807;18
19764;8489;1481517846;2
13814;5933;1481509776;4
10597;1483;1481539495;14
24256;3459;1481540338;18
12070;18464;1481518223;8
12396;22648;1481527104;12
18534;26195;1481510341;18
7072;3427;1481510499;10
4997;12064;1481519480;10
1068;20146;1481516731;2
6003;24136;1481534973;8
1485;10109;1481530188;10
4679;20740;1481536192;14
3589;15744;1481534960;12
26244;17386;1481509978;14
1690;4315;1481530162;8
6653;14625;1481527582;2
1483;14124;1481518660;6
19847;5519;1481550961;2
9535;27038;1481537468;8
20708;945;1481528848;14
1745;12417;1481526237;8
7142;1589;1481512768;8
287;1245;1481548165;2
18399;21806;1481531495;6
6965;23533;1481538385;4
27412;25371;1481542273;12
27314;13859;1481517258;16
3510;11683;1481531965;10
8472;10180;1481540676;2
3696;127;1481525337;6
7098;7912;1481535437;6
13930;24326;1481511376;16
19548;14515;1481532359;12
4896;6982;1481536725;12
8668;4277;1481535343;16
8754;21004;1481514566;10
8306;10012;1481525745;12
4182;11793;1481521147;10
9671;1361;1481536756;8
9365;9569;1481529673;8
4337;5386;1481544688;6
8970;20758;1481520175;4
1666;18904;1481541734;16
4297;18890;1481519842;12
17393;20479;1481526224;14
7583;9188;1481543711;18
10029;17579;1481511839;8
3685;4922;1481544320;10
23328;9828;1481528756;16
25;3060;1481548201;10
5654;7552;1481534450;4
26318;5354;1481540884;4
1703;14981;1481534017;16
949;23786;1481530556;18
7532;11956;1481526294;8
18850;4531;1481510925;6
18903;16198;1481538677;12
3574;12057;1481541304;14
8320;20431;1481522579;10
17413;1858;1481538155;18
20831;7326;1481522845;12
4661;20900;1481541091;16
16838;27389;1481532654;10
6463;20048;1481548058;8
1905;26502;1481533907;6
8438;93;1481516658;10
20443;20327;1481515541;18
6661;23110;1481548356;14
17863;9628;1481541088;10
20445;4004;1481536630;4
24374;1598;1481528221;18
18310;8528;1481542047;10
11622;1586;1481522490;14
12177;6164;1481524989;18
3701;10571;1481541140;8
1977;1663;1481550588;16
14258;6354;1481547105;14
20144;3164;1481537066;8
14182;18152;1481512033;6
20951;14982;1481518103;16
27103;9645;1481514111;4
22929;260;1481536209;6
14982;6950;1481525252;8
3507;3382;1481534052;12
5260;12240;1481546233;14
1538;378;1481516203;4
22;20471;1481514806;6
8576;6315;1481532489;8
112;11742;1481550071;18
9436;15433;1481519326;12
27374;16094;1481520480;18
16848;9991;1481518198;10
20980;3757;1481536545;4
17233;7643;1481518105;18
12144;693;1481529198;2
20471;20110;1481546493;6
8028;8148;1481538065;8
18909;5998;1481550126;2
84;7573;1481526736;10
7536;4917;1481524745;8
15351;8183;1481519831;16
13078;4212;1481545495;12
3639;10354;1481550626;16
19952;3388;1481538474;8
14243;27205;1481548387;10
14194;8634;1481525451;14
7444;9951;1481523955;14
24669;20974;1481529244;10
20607;441;1481524158;14
23347;7461;1481524998;16
19581;5240;1481544269;14
1256;6196;1481522816;18
12240;10619;1481538229;12
4824;9163;1481516162;6
35;10616;1481536181;12
11563;9065;1481530316;6
3133;6856;1481514026;8
6003;11269;1481543349;6
16124;4212;1481510704;10
1345;4333;1481525076;6
13856;7819;1481539082;8
6299;11131;1481511668;18
1932;20785;1481536652;6
1179;5389;1481535829;2
9536;10560;1481527359;8
24955;9006;1481515043;6
10612;7085;1481549474;4
7402;4226;1481545247;16
3295;1956;1481527951;14
24564;26150;1481539737;6
1678;17231;1481550987;6
14876;4990;1481548244;4
13874;1294;1481523830;16
23020;27547;1481516622;14
27003;20634;1481525105;16
1768;1790;1481530132;12
1420;9064;1481511631;12
4700;1342;1481519119;14
1204;7877;1481519967;16
10388;11110;1481531255;12
9814;10530;1481520729;12
5701;13214;1481536685;18
24984;4243;1481548349;16
10109;9953;1481523775;18
6840;21452;1481516898;18
20327;10567;1481531872;2
10221;6234;1481527545;12
23466;4768;1481532817;12
5936;19077;1481548635;18
10383;12068;1481537529;8
22991;13901;1481522822;4
12416;24173;1481535112;12
1620;19252;1481528695;10
3930;7818;1481518774;14
6212;8248;1481550186;14
14962;4669;1481510587;16
97;1789;1481540110;4
6497;5685;1481539005;12
18071;12020;1481532074;18
4055;10045;1481536722;18
10415;7271;1481518618;6
15519;23521;1481526883;10
9807;6515;1481546392;14
8572;4586;1481543568;6
7495;15306;1481539718;14
8432;7277;1481526977;14
19054;7030;1481510636;10
17151;9288;1481536793;12
9980;14906;1481518371;2
17428;17611;1481543613;8
23467;6210;1481531598;14
8808;4697;1481517689;12
1379;14159;1481515850;10
4565;27142;1481542524;6
10214;2284;1481533831;18
20189;6539;1481528981;8
1719;22923;1481523298;6
1068;17396;1481550173;16
7044;14125;1481542424;12
10073;1379;1481514382;12
10179;18082;1481513078;8
17252;11723;1481538253;14
9489;6436;1481537166;2
20949;12788;1481544020;12
12121;9184;1481536598;14
9345;2409;1481528801;10
12577;6997;1481531038;2
7822;12157;1481548665;2
17785;23338;1481528929;8
17422;19712;1481525619;18
7063;50;1481530266;12
4799;1283;1481546123;8
27031;8434;1481526293;4
3013;11057;1481523611;2
7040;17417;1481523245;10
2035;1006;1481546312;10
8044;365;1481526134;2
18838;26165;1481531936;2
1328;15022;1481509876;4
17534;22627;1481511649;12
3016;6207;1481547821;10
6346;9569;1481514994;2
9793;27130;1481537394;2
15990;11729;1481546570;16
9946;10489;1481519749;4
8321;20123;1481540668;12
20713;14048;1481534535;12
27100;372;1481536542;18
17428;129;1481531558;6
15761;5813;1481518062;4
4566;10739;1481511416;12
20414;6253;1481536283;10
73;17792;1481514739;2
1373;8302;1481527215;4
11891;4932;1481516591;2
7911;6386;1481548795;4
5412;18813;1481547393;12
15131;11093;1481517097;16
2391;27087;1481529599;10
22928;23026;1481536756;4
9745;11769;1481521484;14
9451;2169;1481511305;10
4277;22962;1481512025;10
27008;22483;1481515716;10
16127;6295;1481527569;12
6600;937;1481548994;4
10803;2866;1481545000;10
7335;18424;1481516393;12
8515;4277;1481546022;10
24742;8014;1481517428;10
7782;19954;1481546541;18
2463;27290;1481550063;2
2291;11240;1481533385;18
8363;20045;1481528904;16
25066;12121;1481511511;10
1195;21504;1481540626;4
19776;1517;1481538857;14
13901;8537;1481526084;4
16798;17902;1481529546;10
7911;11851;1481532201;10
5363;3382;1481528411;16
17414;14259;1481517525;6
14651;23038;1481546145;12
19760;9301;1481544837;14
2154;1918;1481516964;16
15080;11563;1481529631;6
22268;10488;1481540516;4
21840;3975;1481540141;10
10825;1777;1481540923;4
8540;6891;1481512897;10
8745;1227;1481532214;14
1373;8756;1481512649;8
23318;2336;1481543431;4
14538;23352;1481532884;2
16291;9216;1481516944;18
21814;13678;1481513886;6
17241;19288;1481522679;2
26164;6922;1481534294;16
3088;7017;1481512429;10
20347;8253;1481549910;10
2803;2766;1481538876;18
2367;20023;1481537414;14
12746;6503;1481511762;14
5824;8407;1481525019;2
22651;5399;1481518599;4
20527;1717;1481522222;4
3397;5717;1481548133;10
4223;247;1481522416;12
11371;12398;1481519649;8
7788;23173;1481528457;4
8878;23833;1481542500;2
24700;6362;1481526192;4
8195;17282;1481544653;8
7442;17429;1481522777;10
7830;17121;1481545921;12
23546;8585;1481538816;2
6553;1168;1481528260;2
23516;6387;1481537158;16
4569;26184;1481545378;4
9751;10119;1481523283;16
921;8977;1481523588;4
15448;21;1481520400;10
4336;4349;1481534428;18
10288;24726;1481532549;4
6278;22163;1481531453;4
6569;9748;1481547455;14
26108;3941;1481536803;10
10027;2122;1481536986;10
22957;2020;1481546669;8
16800;23805;1481524667;4
2333;4672;1481512974;2
8340;7347;1481550580;12
7173;19208;1481547001;16
24665;12407;1481522031;8
6709;3371;1481539359;16
20094;6480;1481513197;6
23319;7564;1481523392;2
1325;20911;1481542809;8
17274;133;1481523597;12
1599;25161;1481516448;12
5920;7303;1481523109;18
12183;4539;1481543224;12
7846;14980;1481512863;8
20153;18876;1481514822;10
9556;1797;1481521343;16
16132;108;1481517979;2
1598;23538;1481518100;2
7415;2607;1481526955;2
2393;13238;1481518180;4
9210;8765;1481511102;10
23002;6632;1481535098;14
10425;7867;1481511883;14
12581;7819;1481545488;14
7356;19024;1481542186;6
6306;5037;1481544110;4
10198;3020;1481530942;6
18099;4677;1481522825;12
415;13112;1481509942;12
2377;20984;1481531140;2
8003;10772;1481547984;18
19772;17403;1481545619;12
19908;1720;1481523618;6
27266;12033;1481528182;10
23164;13314;1481546635;18
256;11476;1481529198;4
17568;11147;1481546143;10
286;1685;1481548043;6
27294;14896;1481539810;18
2788;6136;1481550089;4
7520;3133;1481515112;4
9474;7043;1481537018;8
11705;18332;1481525888;16
20919;23866;1481532880;4
3607;27458;1481531335;8
11858;9648;1481540450;2
1327;14560;1481541962;14
14427;12420;1481520957;14
7909;15097;1481544747;12
24176;9967;1481509877;4
2758;3352;1481526967;6
20012;22506;1481534019;18
4175;12232;1481511227;10
1220;12366;1481540906;10
20045;396;1481528233;18
15991;10326;1481536748;10
27553;11719;1481534957;12
12222;17037;1481512279;16
7786;5920;1481548104;6
134;307;1481550368;6
15356;22303;1481510549;18
6412;2954;1481510612;6
21076;2159;1481549189;16
8975;27015;1481547249;14
10779;23469;1481511280;6
11021;23038;1481510111;2
7906;8882;1481535497;4
10651;8995;1481526256;6
16295;4526;1481547182;10
3600;20643;1481511878;4
4571;1372;1481537906;10
8809;9304;1481544827;12
26148;19213;1481540575;16
2329;9564;1481530860;2
12773;25168;1481544415;2
12020;7885;1481515027;6
9414;1633;1481549024;12
6157;7713;1481518178;6
8990;26470;1481519457;12
11391;6976;1481548040;14
10930;20085;1481529375;6
8754;5607;1481533495;16
6403;16828;1481509658;8
22931;350;1481548372;18
12026;19200;1481530212;4
5080;19296;1481523259;8
4284;2765;1481514552;12
6638;10011;1481541516;8
4004;5283;1481550809;4
1270;3422;1481548805;8
20357;6406;1481528221;16
16635;12027;1481532229;4
4563;2841;1481514698;2
3957;18049;1481529355;2
10499;12058;1481510072;8
21406;14247;1481546317;2
5097;11255;1481530391;18
1488;15099;1481530013;10
3743;12374;1481543494;12
17271;4359;1481527807;12
7841;11177;1481546293;4
3586;2980;1481534968;14
11911;8483;1481550198;2
25062;951;1481545351;14
20239;11397;1481515912;16
7482;16131;1481527389;10
173;13496;1481544937;12
13314;9994;1481541985;12
15763;11030;1481529153;10
9241;6500;1481528748;8
8688;3275;1481522557;16
15533;69;1481535672;10
7849;12519;1481528758;12
15225;7575;1481522605;12
20240;5650;1481528819;12
24416;6777;1481540764;18
6489;4316;1481536220;2
14711;11119;1481547273;2
14982;19873;1481550268;8
7841;10125;1481512424;2
1983;3078;1481534969;8
8513;2983;1481537804;16
27404;3590;1481541391;2
14879;5782;1481523715;8
6283;8695;1481534535;2
3753;4786;1481512681;6
17334;9484;1481512455;18
26477;986;1481520983;14
1180;23003;1481538575;2
6271;10327;1481542918;12
14899;9187;1481516005;10
1987;17156;1481521458;10
14137;10206;1481525816;12
66;1459;1481530950;8
18880;10105;1481549808;14
15763;3079;1481515138;18
3707;23449;1481536900;16
8502;10069;1481528469;2
27477;20948;1481522150;18
4729;18533;1481518789;10
5585;27210;1481543765;6
9221;10421;1481545552;8
12017;8472;1481529899;8
78;11798;1481543530;2
5852;8747;1481513022;18
27541;12013;1481530865;2
10264;1236;1481538327;6
15189;3683;1481524410;14
16856;3697;1481546120;10
4481;12360;1481525607;14
6799;9538;1481521737;10
7085;4545;1481537539;8
21313;6456;1481531147;4
23116;16006;1481537711;14
4022;2427;1481550909;6
6282;10875;1481543127;8
18305;25346;1481517079;6
27277;5913;1481550814;14
27285;16179;1481530410;18
2757;20151;1481520997;8
13851;8366;1481540514;12
10829;14692;1481534661;10
24963;9963;1481518460;18
7146;6900;1481521209;6
301;6935;1481544514;4
11946;1320;1481550002;14
20039;10252;1481548038;12
11212;6364;1481510812;14
7504;1684;1481541249;10
7625;12568;1481521143;12
11949;24692;1481549692;6
4219;5771;1481526609;14
16789;14170;1481526166;12
13910;14136;1481529901;10
7838;1175;1481550112;14
1624;8909;1481525565;8
3289;1357;1481530046;12
27200;7161;1481516241;12
8825;2834;1481522394;14
7567;4217;1481510697;16
10009;11155;1481513904;18
22931;7298;1481534453;16
7272;3272;1481546346;4
22644;6991;1481529902;2
23334;14925;1481513700;12
1931;5678;1481548317;14
20429;21071;1481542207;2
16042;4626;1481530808;2
13028;14793;1481510334;14
7102;2383;1481517110;2
6472;6976;1481543321;4
23488;20138;1481532267;4
27343;11616;1481521808;18
9253;7389;1481509767;12
6480;23327;1481533330;4
4686;22506;1481538528;18
5752;20400;1481535953;2
4158;7157;1481535389;2
6670;13909;1481535798;2
4594;4215;1481545050;14
7057;1956;1481515956;18
7859;23669;1481519080;14
7572;27022;1481526821;16
10720;1708;1481548021;10
11050;27335;1481546061;16
12310;19779;1481520933;6
990;1858;1481513290;6
13196;1229;1481533454;14
1119;3537;1481518167;8
1628;16925;1481529483;16
10803;5695;1481511268;10
2408;18338;1481537412;12
4287;3073;1481548261;10
25379;22510;1481533150;18
6193;19274;1481526720;14
357;19836;1481543268;4
4350;5346;1481549567;8
24562;9158;1481537389;10
994;16126;1481513625;18
6866;1257;1481528225;10
7503;19066;1481548139;14
11821;48;1481544789;8
5050;3428;1481510088;8
1263;2819;1481535867;14
8552;23355;1481510591;6
16864;396;1481515531;6
6866;7935;1481525708;2
1432;11636;1481526193;18
23625;1003;1481519544;14
14920;4196;1481549700;8
2948;15078;1481544249;2
24742;4734;1481546825;4
9550;5427;1481545392;6
15346;23171;1481516061;12
19878;5982;1481523617;18
6504;13773;1481528287;2
4571;22306;1481543111;6
962;24378;1481529474;2
8527;5119;1481521452;12
7783;4360;1481538633;4
27386;24688;1481521427;14
6215;6304;1481532000;14
1913;18346;1481546535;18
6674;12354;1481510200;10
20525;11891;1481542931;10
13195;19209;1481546881;14
5842;5758;1481540284;18
25083;1236;1481517566;6
12162;14899;1481518610;2
9444;1117;1481532117;16
6685;5724;1481549641;2
7831;6538;1481534490;4
14982;12571;1481527771;16
5516;11156;1481527061;2
12085;14717;1481513432;18
2339;11905;1481526518;18
13878;8486;1481547160;8
14889;19538;1481515248;8
27471;20920;1481511539;10
12646;15005;1481528550;2
5006;7599;1481546242;14
18964;6690;1481511895;12
8900;4691;1481533519;2
5390;12144;1481524236;18
11029;9421;1481542983;14
9223;21400;1481516836;18
7916;25385;1481545049;8
7646;27266;1481510178;16
6765;7642;1481545472;6
23970;1131;1481517283;16
9570;5261;1481534581;18
21212;11850;1481531492;2
9307;14131;1481538664;8
17458;4296;1481542171;18
8995;23058;1481516041;14
21416;14123;1481526486;2
324;390;1481544788;16
21360;22270;1481523336;16
21728;15788;1481516666;6
4036;8557;1481550605;14
2731;12292;1481516743;14
9860;14576;1481532346;2
1347;24140;1481519002;18
8519;7543;1481512904;18
25041;6351;1481518401;2
8997;8233;1481515026;2
20862;5393;1481544479;6
9569;6960;1481521096;18
199;9413;1481546725;8
1531;9567;1481550400;8
19969;7296;1481542235;18
24134;4804;1481519862;18
1352;20997;1481538053;6
3592;11714;1481551037;2
7975;17511;1481549033;8
3788;12022;1481542528;12
3985;23001;1481534141;10
11243;7042;1481533487;8
11007;17412;1481528616;8
5784;20466;1481546409;12
22535;25373;1481522790;6
16192;16804;1481520602;10
9285;10635;1481516849;8
26163;26195;1481546232;18
11401;17183;1481523715;6
11005;11959;1481519694;12
8986;16935;1481515314;2
9003;8143;1481514912;14
8496;7994;1481528690;2
1272;14712;1481534250;18
2331;9813;1481546944;14
21268;11959;1481529684;14
3006;15785;1481549627;18
10002;4292;1481538736;10
8393;1843;1481540064;4
15492;19064;1481536089;18
7560;9769;1481539973;16
17846;4557;1481541625;8
6840;1554;1481545835;4
8164;13796;1481517845;8
25532;21486;1481526670;18
1333;8925;1481526775;6
18073;21000;1481512125;18
12153;27328;1481523296;2
8187;377;1481550190;18
6555;11239;1481540068;6
3263;4227;1481536486;12
14123;7504;1481509818;4
7081;24521;1481532164;14
12160;1498;1481527366;8
7972;14122;1481545962;2
3601;14636;1481534828;2
3260;6602;1481528363;18
1852;25516;1481512967;12
1978;12048;1481522892;6
1630;3586;1481513866;14
17475;20297;1481527459;8
402;10218;1481540149;16
16006;3984;1481534603;6
1742;17582;1481543871;6
8298;2369;1481523716;8
17150;10313;1481547611;14
19993;16186;1481522854;2
8588;9651;1481517318;6
2290;8467;1481529095;10
23865;20471;1481543897;6
9994;2035;1481543204;14
8367;13970;1481517433;4
17518;26085;1481525970;18
7998;7510;1481531205;10
1055;20527;1481527248;12
5652;27413;1481513157;6
11692;1425;1481523111;2
1891;6701;1481549250;8
13678;6359;1481515504;4
25370;3124;1481513465;10
19038;4303;1481519666;8
7303;24658;1481528787;6
8826;19419;1481539603;12
8044;7023;1481518120;2
8419;23320;1481515968;16
1444;6120;1481537025;14
6893;8328;1481545675;12
14115;4549;1481540000;14
6924;10573;1481541006;8
5724;3595;1481540135;4
9829;25036;1481524209;2
17879;1558;1481519355;18
25384;1074;1481537695;10
6854;6251;1481544894;16
11563;7063;1481535464;6
6565;2987;1481520081;6
9429;5488;1481531259;14
10982;20354;1481533220;16
26476;7963;1481523900;14
6964;9000;1481550252;8
13984;14805;1481515360;16
1882;8931;1481547579;6
8052;3702;1481537540;14
25369;98;1481516737;2
2838;261;1481514629;8
5962;4644;1481515293;16
18880;26112;1481534456;18
10246;14933;1481514732;8
11227;24279;1481525189;4
4242;19923;1481538176;6
8035;156;1481524718;6
3393;11241;1481546375;8
5510;12787;1481525275;4
26149;13944;1481550925;12
9478;137;1481512753;6
8826;7090;1481537603;2
27463;1367;1481531066;10
7560;8508;1481536572;14
27542;3705;1481543239;18
10647;2149;1481543828;4
12713;1869;1481509639;10
1171;17464;1481535283;10
13772;8412;1481512768;14
12022;15013;1481514678;18
8582;27536;1481527772;16
23;2788;1481531724;4
21374;9819;1481521854;12
9839;18192;1481536278;6
6293;22621;1481543756;6
3649;27488;1481517412;12
10927;7343;1481526777;12
27196;24714;1481549045;8
22293;1888;1481546749;14
19070;1004;1481514859;6
10110;10163;1481526988;2
17465;4551;1481525924;18
9015;10603;1481529809;14
22606;7072;1481547894;4
143;19920;1481514372;14
15749;1977;1481538218;14
7714;8308;1481542910;10
20463;19842;1481524533;10
1544;10104;1481522719;4
1660;14538;1481537732;2
1214;6498;1481538553;18
14445;4018;1481519454;18
12557;4968;1481525568;2
4181;9794;1481545989;18
226;23853;1481546804;2
4517;27413;1481521138;14
27310;5607;1481536997;8
25140;6863;1481512151;4
10694;11989;1481521908;2
1958;20131;1481528542;14
17844;19971;1481529179;12
24178;1088;1481519369;4
6366;4281;1481514094;2
301;6000;1481541821;6
19269;1289;1481540720;6
22504;20917;1481545013;14
11614;6704;1481526952;8
8409;4927;1481548640;8
15215;14638;1481539203;2
8647;6127;1481522666;6
27178;330;1481542335;8
18814;6874;1481551128;14
8109;14558;1481519380;18
21718;6684;1481537803;4
23123;13241;1481520328;14
27118;4505;1481512254;12
9947;5678;1481534119;18
17190;19091;1481520763;4
13804;9967;1481514323;4
7040;6935;1481547112;10
5937;6570;1481524549;16
2126;4012;1481527283;8
8058;22506;1481536645;16
8301;23155;1481551018;4
7453;7697;1481550425;8
21398;5895;1481527957;6
5392;8398;1481525851;12
27103;13785;1481522200;12
2320;18213;1481524074;18
6869;3532;1481527317;10
17349;15997;1481546484;18
10037;21485;1481533183;10
4655;24357;1481543610;2
14253;23856;1481550499;10
10212;3948;1481547486;16
17516;13879;1481524978;16
22992;6764;1481521758;6
1880;12762;1481525327;10
11906;6105;1481524348;2
5638;13973;1481550128;8
6544;1263;1481531394;12
4624;21086;1481539482;6
2985;1544;1481534467;14
26041;9056;1481547050;6
20977;10184;1481541853;14
11176;8337;1481521242;8
11717;13314;1481513270;8
21842;11094;1481537979;10
4747;6825;1481529397;10
20239;1685;1481537124;2
12870;20971;1481542517;6
2385;1441;1481513205;8
75;2012;1481532577;18
5827;18196;1481541020;8
8983;21451;1481527338;10
17148;11070;1481542600;2
27398;21480;1481512219;14
14900;13973;1481547487;6
15091;27267;1481514448;16
5012;1419;1481525945;4
1400;7781;1481526030;6
21490;7553;1481512255;6
7417;7572;1481540073;10
11245;3385;1481532185;10
5357;19598;1481546796;16
16053;4186;1481530268;4
21718;17573;1481527333;18
23302;10352;1481537400;16
5476;12580;1481535797;10
7772;6405;1481543920;2
5930;9411;1481519440;16
21492;3537;1481517367;8
27430;7464;1481522534;4
18051;27131;1481545594;2
21074;5642;1481526610;12
12029;9513;1481539402;10
7071;14925;1481527502;10
8691;22449;1481518467;8
19071;5628;1481521425;8
17901;19789;1481549259;18
14893;12419;1481514868;10
9977;9309;1481531315;16
8442;5939;1481529767;12
15750;7790;1481514872;6
25077;17878;1481526569;12
4021;10367;1481521695;14
20548;11037;1481532471;12
4539;5085;1481538023;2
9155;19054;1481542998;6
12089;18909;1481526786;8
11961;23161;1481538344;8
6021;1692;1481541141;2
6821;10216;1481545004;4
19805;6112;1481539365;10
8417;4954;1481536011;4
26999;27554;1481515309;14
10360;20419;1481549859;8
3972;6988;1481510392;10
8172;5596;1481528505;2
19598;8092;1481541740;2
10045;24282;1481536464;12
6977;27294;1481549750;8
15476;1844;1481543475;6
6732;18438;1481543554;16
1045;9889;1481518774;12
12770;16894;1481547575;8
6410;14048;1481510741;18
20970;9347;1481539133;16
9185;8519;1481523774;2
10348;19454;1481516091;12
17253;10064;1481543163;4
7574;8582;1481540423;14
9668;25358;1481537487;12
6803;6572;1481529491;8
13892;9744;1481523538;10
14127;6420;1481547109;6
10600;18341;1481543012;14
1029;3541;1481535598;14
913;956;1481545799;18
7190;24162;1481524319;4
11804;10217;1481539349;2
17;6787;1481517156;6
6151;17846;1481532361;6
14050;8984;1481529878;2
4311;25323;1481525412;16
9474;1262;1481529355;2
20301;15781;1481516245;12
5424;11034;1481537915;18
1714;2017;1481521200;16
22134;1129;1481527684;8
9026;5128;1481541625;14
20100;7042;1481531843;14
2524;3898;1481527511;12
17547;17500;1481533764;14
17332;6416;1481549303;4
27208;26082;1481545931;2
1070;10425;1481540128;10
9742;10289;1481536855;16
6537;16911;1481528347;6
3971;17873;1481510372;2
16128;9508;1481518312;2
893;9240;1481524840;14
17435;1791;1481541430;16
1443;6922;1481522027;14
9192;7767;1481513792;16
11792;4989;1481516583;16
12699;23329;1481536376;16
19712;9394;1481523994;18
1396;1742;1481518088;10
20455;24650;1481522759;4
7911;20153;1481533464;10
11620;18155;1481530454;10
1889;21318;1481529367;16
1289;20111;1481527400;6
11989;6522;1481530197;16
19079;8919;1481509559;10
6236;12241;1481539980;8
26395;18178;1481528135;8
21311;23140;1481544099;6
4880;5745;1481514606;12
9775;12336;1481512155;12
1493;20908;1481531020;8
26280;1023;1481528496;12
3947;16912;1481531606;8
8520;20290;1481531178;10
15478;6116;1481539124;16
9454;6266;1481516511;14
10889;2769;1481510639;14
6014;27491;1481518810;12
16656;27059;1481511511;2
11390;14445;1481519330;18
17019;24731;1481514367;12
10807;9451;1481518495;16
11364;4758;1481511874;6
8695;7924;1481543771;12
18823;7873;1481547648;18
6925;1385;1481543407;12
5437;8942;1481523018;18
8440;7561;1481515449;4
1322;17507;1481537484;6
4559;7422;1481531349;4
8135;5913;1481547550;14
219;19027;1481542003;14
10635;6254;1481510740;4
1678;2386;1481509651;4
6894;13873;1481528184;18
5744;9441;1481540847;14
8026;8839;1481518354;6
16311;19581;1481542115;18
18338;4958;1481540000;16
14556;23054;1481525095;18
5073;6317;1481519970;16
20900;5029;1481522496;2
15989;12232;1481512204;8
2331;14189;1481545782;6
20062;5846;1481511433;10
903;9475;1481511260;8
15763;17510;1481550373;14
14438;11814;1481546852;12
1150;19581;1481535519;10
4662;1844;1481518705;16
3004;1000;1481515684;16
25390;7514;1481535640;10
16892;1495;1481541618;18
21270;361;1481528784;8
20529;14451;1481539069;14
19821;17526;1481510459;12
110;25533;1481548633;6
10489;11748;1481534435;16
20038;5243;1481523645;18
12786;16046;1481526962;2
15135;27029;1481512320;4
18898;10721;1481516135;4
24748;6716;1481518650;8
23891;9645;1481516438;8
25246;14253;1481549201;18
14219;311;1481515425;14
9544;10420;1481526188;12
102;9062;1481548138;14
1842;7311;1481530698;12
8164;7352;1481526797;18
25397;13287;1481528188;8
21833;381;1481514206;10
10596;23365;1481545785;10
6697;27552;1481528861;14
23155;1623;1481544558;12
14434;7242;1481525838;2
19044;8947;1481533676;2
23030;21807;1481546145;12
10373;9061;1481513050;18
14933;5403;1481528147;2
8046;1145;1481534970;2
1847;3689;1481543441;10
6804;4820;1481548262;14
20116;10802;1481538994;16
6996;21387;1481536820;14
9560;12293;1481533807;6
6641;21300;1481533376;12
22969;7361;1481516004;10
265;9774;1481548637;18
14625;4741;1481528602;12
21799;1059;1481513278;10
3719;7361;1481550639;6
8036;25012;1481536074;14
1896;3054;1481529042;12
14904;7644;1481512301;12
5758;13780;1481549001;12
11400;8965;1481532364;14
18046;3979;1481545650;12
14443;6443;1481540628;16
5945;3054;1481525673;4
1490;10721;1481540037;4
9737;8931;1481519777;12
7519;5247;1481534029;12
16121;3417;1481544281;14
11143;7264;1481526558;6
1588;14552;1481536525;10
8144;617;1481537044;6
15788;15995;1481518542;2
10011;3459;1481518545;2
20990;5023;1481528629;6
27210;4245;1481542864;12
23191;19220;1481544303;10
7072;18198;1481520803;10
14620;27311;1481523805;16
11043;4786;1481517593;10
12745;22297;1481517889;2
13862;3047;1481546957;4
8477;19306;1481541332;12
7903;19798;1481530414;12
6948;3164;1481530636;10
3087;17480;1481536046;10
7043;1801;1481537138;12
998;320;1481520391;14
23106;23450;1481530438;18
8516;17403;1481536857;6
1211;14195;1481549461;2
17878;16039;1481524914;2
10845;13215;1481518527;8
8462;17274;1481533104;2
1185;386;1481524689;12
21253;19726;1481515451;18
4524;20973;1481523618;10
9406;11891;1481512473;16
7594;20337;1481524761;6
9458;16796;1481540928;16
2893;9848;1481540521;16
11941;14905;1481539618;4
16912;17279;1481545427;4
22508;2404;1481528202;4
11245;23155;1481550389;8
17455;10518;1481517137;18
2747;8251;1481530266;10
25021;19935;1481511041;8
25468;5989;1481509678;16
8282;8547;1481516459;12
5633;1547;1481528002;16
4928;6418;1481521406;16
2781;6504;1481514423;10
15761;7165;1481540927;8
9214;22311;1481532577;2
21232;20099;1481526669;12
6803;19527;1481546317;12
1388;1777;1481530675;12
5726;5041;1481527961;18
27;19529;1481523586;6
8994;6346;1481549862;18
23662;4851;1481539720;16
12943;10804;1481512890;18
3746;4232;1481535790;2
16043;21800;1481517658;6
18898;8187;1481536318;16
1317;2021;1481522004;12
5735;15236;1481542708;2
23050;8804;1481513011;18
19588;23451;1481540242;12
4663;9278;1481538257;12
8449;18805;1481523135;12
6407;14631;1481524609;18
20712;8949;1481532438;16
8966;19599;1481534672;14
8816;4827;1481520276;6
423;13882;1481528504;10
6645;10420;1481522489;4
1149;2753;1481519244;14
19520;13995;1481533670;6
17791;9623;1481529942;2
27381;7180;1481546669;16
22480;9756;1481519449;16
17462;22461;1481546296;12
8445;11211;1481531861;6
20575;12287;1481517002;12
26051;6948;1481520611;6
11822;1214;1481528718;10
11226;17303;1481529107;6
19526;8649;1481540668;10
5822;1430;1481536504;6
27091;11100;1481544857;2
949;10925;1481542965;6
6762;8520;1481524941;16
5752;2146;1481511619;14
1638;2424;1481546993;6
20481;106;1481525238;8
17255;18841;1481544868;8
8394;1712;1481510319;8
7052;7540;1481537345;10
9218;1228;1481519416;8
116;15994;1481533156;10
11115;3628;1481511575;2
1;14568;1481511796;16
10226;14629;1481539379;14
12022;310;1481520308;6
18885;2798;1481524151;10
12294;10619;1481531897;2
3120;8760;1481542412;18
4502;6853;1481543174;2
4873;9000;1481516082;8
16905;11969;1481528623;14
8044;17042;1481544001;18
25384;14141;1481536628;16
11398;2131;1481545974;16
13811;4919;1481534524;18
14556;25319;1481523198;6
22459;320;1481522665;12
4859;2889;1481519225;12
4707;229;1481524621;10
25468;20491;1481545294;8
6376;2291;1481527078;2
7525;18533;1481514125;18
5828;6368;1481540209;18
27419;21363;1481544568;2
5750;11377;1481533584;4
18900;1899;1481537184;6
27549;20049;1481529981;12
11905;25084;1481523797;10
7414;7837;1481509910;16
7513;12087;1481548828;10
13180;5678;1481523867;16
25400;6528;1481537145;6
7646;5874;1481526200;12
17547;8006;1481537341;12
3627;180;1481530199;2
7973;27131;1481540901;18
9439;11612;1481544399;4
3533;5826;1481544704;12
27491;8893;1481529536;8
2644;1666;1481523870;12
17298;11609;1481514087;16
15909;6383;1481517539;2
10310;8334;1481550979;2
13188;25188;1481530592;16
3465;4777;1481518563;6
15479;7246;1481520171;6
10327;17384;1481537236;16
1675;3547;1481533730;2
20517;6332;1481537515;2
1205;8365;1481520750;14
4552;17174;1481511250;2
27019;5430;1481523643;6
7622;11242;1481539653;18
1854;20410;1481518453;12
12153;7341;1481548581;6
6583;26085;1481520175;10
7573;7302;1481545690;8
9297;20983;1481511508;18
3917;27311;1481533479;2
25052;17891;1481524697;14
18050;11043;1481522844;10
14105;25531;1481533464;18
23730;10025;1481533525;2
4937;21213;1481544709;18
401;25283;1481539010;6
17386;4932;1481511765;10
8493;1638;1481540995;2
4773;1328;1481525587;12
7247;3719;1481536754;10
4666;18079;1481541602;4
4758;16317;1481510015;18
35;20245;1481547579;10
9420;11408;1481512625;12
9100;20944;1481528034;16
7870;3002;1481518729;4
3285;16100;1481539089;14
11602;27420;1481541823;18
17360;17482;1481541325;8
12748;23112;1481537415;4
268;15077;1481513371;4
5028;14261;1481542986;16
9209;23490;1481521179;10
6183;14156;1481511294;4
4334;20480;1481522963;18
9027;7777;1481540769;10
10695;4275;1481511345;18
6320;23647;1481514202;16
6599;27185;1481536600;4
2362;27134;1481540524;6
14050;166;1481533282;12
19801;5760;1481517041;4
1457;10638;1481515896;8
27127;4014;1481518650;2
17231;11101;1481525718;4
8412;327;1481547660;6
14495;617;1481513509;14
27472;12780;1481518387;2
20339;6688;1481530961;14
5114;5118;1481544123;6
3340;23622;1481538205;16
16810;25543;1481541027;18
18344;16051;1481540757;2
2635;1601;1481527680;6
19920;27269;1481529786;8
6972;12945;1481530317;18
23347;7554;1481550353;2
24963;13975;1481534430;4
13495;20014;1481546214;18
8283;22431;1481539515;12
1896;12334;1481538829;12
19762;12558;1481527245;14
10094;9215;1481511001;14
16127;20901;1481521269;2
26244;11175;1481532862;10
5936;22649;1481530101;12
15409;1850;1481539975;2
11620;9100;1481533627;4
5487;10639;1481542579;4
20147;11827;1481549230;6
6772;6815;1481529746;12
12760;3009;1481526706;12
20994;1547;1481529793;16
11989;7187;1481517449;12
1339;14996;1481526540;18
1321;8304;1481538268;10
22263;20075;1481527414;10
1604;15461;1481541921;14
4564;11760;1481538827;16
9609;5906;1481517329;4
4220;6020;1481541446;16
17309;21318;1481519082;2
3922;23099;1481524080;12
10180;19590;1481543951;14
5404;3245;1481550761;2
27118;2148;1481538492;14
3415;7168;1481522416;14
255;18823;1481544665;6
10237;6386;1481544564;10
23041;27099;1481522957;18
316;8381;1481540188;18
14800;3508;1481514890;6
1639;5998;1481516947;16
9463;27328;1481544063;16
14245;20125;1481542249;10
25507;6309;1481523659;6
4783;4566;1481540447;2
1891;3934;1481518035;4
1770;1677;1481520159;4
7248;8584;1481542309;2
12648;27141;1481516532;14
22315;195;1481540133;16
9446;11484;1481514559;2
8497;19040;1481548065;6
21400;205;1481517672;8
25179;10184;1481535252;16
21842;3001;1481510195;18
17417;7572;1481532222;8
15390;16317;1481527335;10
970;17530;1481511601;16
1232;7975;1481519798;12
7260;20935;1481546942;4
12286;7870;1481525296;2
1884;1620;1481524592;16
14782;17335;1481550372;14
6379;9805;1481527785;14
303;19955;1481518759;10
1961;20460;1481535279;8
11642;4781;1481529236;4
11092;6730;1481534170;16
9949;16008;1481520496;6
9769;11911;1481513720;2
12873;8394;1481510974;8
23299;16905;1481525314;8
1454;6479;1481536414;4
10813;8906;1481547621;4
14488;27187;1481536408;6
19908;20114;1481514045;18
20062;3880;1481531814;8
9830;14149;1481533533;14
10421;17169;1481510225;6
7550;1049;1481524410;6
27099;14568;1481540219;16
9473;15024;1481512760;4
11834;9970;1481549367;18
9001;2953;1481542011;4
5003;3899;1481529174;6
22938;3791;1481524500;16
17001;19856;1481533968;8
19212;6331;1481542601;8
23647;1158;1481522838;18
7883;21092;1481525594;2
5614;27510;1481526312;8
27536;12698;1481522999;4
9970;26169;1481523624;6
9415;25048;1481550015;8
20336;25172;1481538048;4
13822;23524;1481548071;6
7520;6247;1481537740;16
12156;16045;1481537227;16
17673;17239;1481519432;14
13;5649;1481549202;16
10880;5635;1481523285;6
9463;5743;1481547797;12
6819;6148;1481517053;6
21294;20124;1481523696;2
5975;6831;1481532820;4
6886;1548;1481523768;10
23851;19219;1481523985;14
18846;10702;1481545274;18
9668;11765;1481523933;2
5017;7420;1481509615;14
8237;355;1481532861;4
5081;12085;1481548940;16
14167;10997;1481511920;18
12614;2284;1481547493;18
14803;3771;1481525501;12
10507;25426;1481542534;16
4242;1491;1481545970;6
13195;7408;1481514725;4
4784;3219;1481520708;16
23832;20980;1481517605;14
10488;8597;1481521086;8
5713;20069;1481534049;4
8485;5817;1481534836;6
1485;7846;1481531414;6
163;5692;1481519690;10
14811;5636;1481533547;4
23971;5354;1481513956;14
9869;8686;1481539674;18
26166;4180;1481531006;18
8240;321;1481528722;6
325;16034;1481519262;14
8324;27132;1481532795;16
20050;1730;1481546173;6
8509;14578;1481534182;12
20021;5359;1481515794;10
10982;14586;1481512224;16
20945;10257;1481526680;14
3257;17884;1481529842;10
19082;20775;1481532980;14
3541;12238;1481539194;10
5889;10357;1481529368;8
9645;5408;1481550442;14
12408;5985;1481523819;2
13883;8108;1481521642;6
3738;7406;1481526065;18
9511;6604;1481524868;2
6289;11808;1481550004;2
390;9248;1481530894;16
5672;11480;1481514334;12
16141;1149;1481547221;2
10636;7942;1481550842;14
118;23541;1481521255;14
1287;20011;1481530517;6
24752;15131;1481534125;16
8892;11127;1481526565;12
2275;22577;1481510562;14
15522;10163;1481545413;10
13212;23813;1481517056;2
3258;16891;1481542081;12
16189;5783;1481515058;12
17261;6019;1481525389;16
5721;9967;1481517488;4
11621;9472;1481548869;10
1397;14247;1481516814;18
4413;23349;1481518049;12
8581;19552;1481550751;16
4524;10357;1481525366;8
3091;14498;1481513469;14
17041;24017;1481511341;10
15082;20782;1481528226;8
6430;3586;1481523706;16
2525;17308;1481515482;2
14199;14151;1481541412;8
21758;7803;1481512173;2
24966;27462;1481513317;18
6637;20948;1481522626;2
12060;24475;1481515647;16
12091;6610;1481515093;8
25341;2423;1481515944;14
5771;11069;1481520696;14
6931;7046;1481517681;16
2287;5435;1481537212;18
11959;19304;1481542057;8
2150;984;1481528067;4
10305;12583;1481548285;2
18909;4322;1481515071;18
3086;4281;1481525110;12
5641;23337;1481536006;4
1203;24462;1481524202;18
27039;1570;1481537097;8
6166;10845;1481526246;16
4349;2787;1481549769;4
12601;14124;1481534766;6
1494;6915;1481510761;8
14657;12185;1481529906;2
140;19283;1481546240;16
16806;16826;1481523723;2
7833;17848;1481521339;12
8896;22265;1481529861;10
9007;385;1481515277;16
17039;4838;1481545412;14
8357;9844;1481545497;10
6346;4605;1481541049;16
6704;6123;1481512729;10
20123;8524;1481544448;16
7816;25069;1481525040;18
12287;23831;1481515404;6
7062;8494;1481544936;10
17163;11416;1481525214;6
11772;4746;1481547676;8
9865;9686;1481513824;2
27342;8781;1481546241;12
2761;10600;1481524662;10
368;9013;1481530570;2
12039;6985;1481546525;8
7844;20901;1481547146;12
17536;11130;1481518729;16
20140;17850;1481532489;14
27400;1321;1481535515;18
19869;7477;1481534197;8
5025;22177;1481538562;14
23646;19835;1481526198;2
12246;11746;1481529059;12
6856;6664;1481543967;10
2453;9267;1481521743;10
1643;7818;1481522471;12
8173;11052;1481511714;12
23728;4528;1481548453;4
7467;4208;1481527160;10
14634;3349;1481536511;10
10911;15106;1481512759;16
13905;27331;1481514194;6
6589;13882;1481537101;16
27205;1455;1481542482;10
16894;12092;1481517750;6
7859;4048;1481531794;18
9561;7164;1481511310;18
4529;26145;1481541150;12
11611;8781;1481519867;16
17363;9973;1481510127;2
1388;6853;1481516031;6
146;10312;1481541586;16
4244;7408;1481540419;18
25113;12650;1481517054;4
5329;3556;1481540339;12
1024;11802;1481518601;14
17288;13078;1481547864;14
14696;4834;1481546252;2
26482;19868;1481535706;6
4666;7160;1481525003;2
24986;13995;1481523453;16
11714;14661;1481510599;18
17271;1374;1481522398;14
14925;7036;1481546202;12
5097;19063;1481533905;16
20974;9455;1481538436;2
14122;24283;1481526519;6
6201;25810;1481541860;2
1797;23099;1481525175;10
24923;22132;1481548926;8
8303;6298;1481515967;12
5085;20756;1481532925;18
12097;27385;1481543513;4
6874;1156;1481538005;10
25189;17028;1481523975;10
5260;18840;1481528585;14
15107;14560;1481530472;14
231;9982;1481522167;8
20868;10214;1481537684;6
3781;6149;1481544109;12
24996;4031;1481540328;4
24747;7620;1481511141;4
9005;24017;1481513187;6
1636;4994;1481514009;4
7774;3264;1481541267;2
5969;9123;1481527625;4
12278;7161;1481540853;4
19285;22613;1481532575;14
8588;12161;1481544103;4
6360;9314;1481515730;10
26500;8485;1481529906;4
14119;2404;1481546661;14
17923;8430;1481523803;6
6654;1192;1481537696;18
9677;10636;1481535937;8
22273;7867;1481516741;16
13181;25468;1481543177;18
2378;7569;1481548517;6
6218;19088;1481522948;10
8175;5088;1481550955;4
2174;1550;1481542141;16
3025;3694;1481539204;14
260;11806;1481526397;2
9317;9669;1481524661;16
6681;11958;1481538219;16
14879;17331;1481543603;2
14903;7477;1481527446;10
8511;23466;1481522655;12
3686;17019;1481522886;6
6226;21410;1481547937;6
6241;11692;1481547003;8
17048;9464;1481520852;6
6941;13761;1481518852;2
25034;10511;1481534210;10
2277;12145;1481522119;14
12013;4903;1481513306;8
6787;10100;1481533035;4
10501;1901;1481523055;4
5262;7585;1481516015;8
4730;12043;1481547315;8
13782;10547;1481540988;4
2351;27389;1481524625;16
26315;14434;1481532650;2
6006;15499;1481521237;12
10330;17241;1481536821;2
21293;23891;1481517768;14
17405;319;1481529432;18
17866;5750;1481536136;14
10116;5865;1481518767;10
20119;4258;1481550137;18
4267;25528;1481514749;2
11069;7675;1481543598;16
11009;6314;1481526259;2
5884;21797;1481549872;14
8552;11021;1481509724;12
2821;6567;1481538869;12
1458;15748;1481548492;16
1446;27202;1481522862;16
16804;15073;1481513505;10
5810;10405;1481535006;2
5948;3932;1481545409;2
10640;17286;1481525943;2
27450;1459;1481530874;18
26474;17417;1481547875;16
249;1404;1481525682;4
20402;16142;1481512828;18
12921;8914;1481546718;10
7052;3604;1481537217;4
20310;23532;1481549387;16
6391;11800;1481510529;4
337;11480;1481517989;2
1569;15351;1481546297;2
8297;1914;1481534843;6
2339;22182;1481533782;14
1715;11621;1481512018;6
1369;15028;1481520628;16
9204;10706;1481539092;16
9790;11100;1481531398;6
24986;7774;1481547194;8
27034;5746;1481546415;6
159;6982;1481542658;14
16797;2012;1481542265;8
8499;12043;1481509622;10
25042;1364;1481517491;8
24691;27505;1481536044;18
18180;6703;1481512221;8
12871;12245;1481550956;8
6195;23486;1481543740;4
9027;1025;1481542229;8
8904;10107;1481537904;14
7021;19275;1481545206;4
1203;6435;1481518709;12
9983;11758;1481513448;8
5718;10213;1481524631;6
25012;1954;1481510106;4
24711;17157;1481517439;4
7783;11855;1481531745;18
17419;10649;1481510733;8
2732;4481;1481542475;18
15985;8795;1481512447;6
4977;3031;1481542912;14
24565;16651;1481547772;10
20439;2323;1481534619;16
10910;21504;1481550698;6
244;148;1481518069;16
4054;5531;1481529496;16
18813;11264;1481543925;6
4936;24984;1481519827;12
27541;9342;1481520314;2
18336;12708;1481514686;8
7567;17757;1481523979;8
11375;157;1481542268;8
10255;18207;1481542020;16
14860;1049;1481510990;2
19992;17421;1481548163;16
4783;26107;1481517219;10
12583;2393;1481509795;18
1935;4848;1481520568;12
13341;4277;1481522204;12
26333;123;1481527140;18
11049;27126;1481533850;16
15733;10096;1481528387;16
6560;1983;1481519274;8
6992;17288;1481519371;8
1790;9103;1481519905;8
8360;7937;1481516254;14
16130;20472;1481537188;8
12244;10251;1481519486;10
27380;9815;1481515313;4
27536;10562;1481533926;6
9674;6512;1481536334;14
8300;8004;1481538414;18
17043;237;1481510838;12
12152;12744;1481510796;18
1290;9443;1481523817;12
408;8466;1481550799;14
8574;21093;1481542232;12
20688;13187;1481517165;6
21080;9314;1481522382;10
11071;16105;1481544524;2
17607;3752;1481517852;14
9810;16362;1481514992;12
11720;12427;1481542173;8
5021;9015;1481540714;8
10315;277;1481548307;12
1037;12069;1481529320;6
3047;10930;1481528274;4
19252;15253;1481533240;2
15452;5346;1481550840;2
26138;27407;1481511019;8
3420;22215;1481510524;12
9435;9425;1481539709;14
5736;5681;1481512038;18
4740;11106;1481531370;14
6543;8929;1481511994;14
21840;13298;1481529228;2
23883;21282;1481514829;6
11009;9243;1481536595;2
10398;7369;1481531886;16
16128;12337;1481521321;2
9964;27157;1481521078;2
20093;16864;1481548326;4
19321;24277;1481533188;6
5975;24430;1481509545;16
23833;10017;1481510499;8
2378;1035;1481549207;8
6929;24657;1481539220;4
13114;5730;1481541545;18
25502;5613;1481531561;16
266;6669;1481548654;2
27552;15783;1481543591;12
15026;5352;1481541933;16
4605;11904;1481538044;16
16307;9442;1481526590;6
20455;24430;1481531114;18
12155;15378;1481519645;6
10767;19806;1481543971;6
24142;2396;1481532223;18
4531;3627;1481535346;16
7983;9008;1481516991;4
5395;14120;1481549999;16
3994;2170;1481542402;6
20128;23520;1481538986;12
7396;20341;1481548615;12
27322;17001;1481546274;2
11146;2170;1481543004;6
324;45;1481520529;8
410;4701;1481536830;14
7771;10547;1481537322;18
7887;2842;1481530778;14
27156;6934;1481531213;18
10288;3507;1481512856;10
11093;7465;1481546860;8
9408;8891;1481520422;8
10724;1576;1481548058;14
11126;11235;1481538938;2
12102;8372;1481535908;14
10119;11150;1481522121;10
26145;1395;1481538179;4
22577;18328;1481543968;14
27472;9540;1481525674;16
945;6370;1481535916;14
15356;23857;1481511776;16
3610;11119;1481512999;18
11748;3072;1481530699;10
5475;22934;1481527617;14
6455;8877;1481524724;8
27232;4585;1481543939;16
10325;15508;1481544371;18
27510;10982;1481536908;18
11139;8474;1481541407;18
6664;17152;1481512177;6
19074;10828;1481518283;8
1360;4015;1481514125;16
20287;20694;1481510992;8
6567;15010;1481520952;14
6404;10436;1481532142;8
25164;7774;1481541944;8
166;18866;1481549776;4
15479;11177;1481545497;4
21504;20404;1481549168;14
2889;17243;1481544466;8
7836;2164;1481547609;18
6134;19233;1481532839;4
8508;21307;1481514461;8
9368;6503;1481530022;12
20133;6282;1481517460;6
5934;4181;1481511389;6
20062;18173;1481534063;8
20827;23160;1481519980;8
4932;9995;1481520463;16
246;27537;1481520749;16
1084;1053;1481521080;8
10890;2840;1481530531;4
26128;7148;1481515400;18
9272;18843;1481520609;2
404;23327;1481539370;12
3510;13788;1481523696;14
7298;11398;1481510580;6
20443;16858;1481543616;2
3466;25513;1481545722;12
19772;2967;1481544303;6
27105;6462;1481539205;6
19225;6327;1481535288;4
2424;18185;1481519229;14
2980;23695;1481541946;8
8507;18867;1481548742;6
10712;27230;1481518944;18
8393;12730;1481516275;14
12328;14983;1481511457;12
5104;4193;1481549560;2
10494;20947;1481542393;10
23083;17794;1481511552;16
27475;8990;1481528606;2
20534;2848;1481544308;16
9904;1844;1481518251;16
19560;3279;1481540082;8
27506;16311;1481518776;10
7158;8223;1481538251;14
7481;1620;1481519413;2
17794;10464;1481550691;18
5041;11697;1481546442;8
10764;23053;1481538907;18
6935;1626;1481515461;6
7397;10262;1481546075;18
391;7100;1481528313;12
9892;12277;1481517458;10
8392;7925;1481509578;4
6298;1407;1481510850;18
9526;25197;1481514321;2
20545;441;1481540866;4
15703;3924;1481529822;6
18078;9242;1481524933;12
9765;27135;1481526365;10
18194;420;1481511926;4
4698;147;1481550339;12
8403;3258;1481534234;2
9477;6105;1481520304;4
12287;9904;1481514057;12
23;2351;1481511030;4
19570;8567;1481530743;14
26322;6439;1481539106;2
7335;18899;1481533027;14
15754;25537;1481536159;2
21212;3754;1481540866;4
19587;3707;1481511853;2
6189;12028;1481540186;2
21294;4267;1481510577;16
3393;10808;1481518844;2
6372;10926;1481528178;18
2379;7607;1481516074;4
8371;9836;1481541731;8
11788;20937;1481522936;12
1636;17509;1481531027;14
6698;1853;1481542280;10
15787;24475;1481537592;10
8552;8024;1481538096;12
7792;20756;1481529663;16
6991;21722;1481524626;4
22441;6410;1481523922;2
17310;23164;1481521144;14
9775;15755;1481513318;2
2016;1457;1481515666;12
1344;15101;1481522661;18
4896;3060;1481551127;18
9803;18301;1481525224;8
6195;10916;1481524522;14
13075;14986;1481523647;6
4723;7638;1481526871;6
7326;16022;1481538018;6
11071;1900;1481543513;2
1902;1336;1481531149;4
1766;20096;1481524982;18
1149;17242;1481547288;16
20587;3466;1481542895;6
12655;416;1481535117;16
20445;1767;1481551057;10
11799;27162;1481537710;10
5477;1019;1481524817;18
14922;2966;1481517448;4
14497;9182;1481535713;16
3512;8969;1481533181;16
4900;6865;1481541985;4
3618;4858;1481550460;8
8865;18338;1481545688;4
24451;27031;1481513789;14
26312;26091;1481536578;2
1324;11804;1481511704;8
3991;109;1481527471;8
175;25087;1481510400;12
6805;11625;1481539665;16
21076;9777;1481528582;16
7436;17444;1481551127;14
24928;10110;1481513711;4
11989;23109;1481527406;10
19046;27331;1481548806;18
6653;17580;1481515401;2
11758;153;1481528621;6
8349;11814;1481530232;18
6931;9567;1481528157;8
5399;5329;1481545624;16
3615;9511;1481550392;10
3599;84;1481522201;10
8689;11615;1481518956;14
3381;7078;1481516062;16
6854;12040;1481546274;8
3566;8872;1481517285;4
961;14568;1481525506;14
1889;26373;1481522889;4
10239;20118;1481549218;12
10909;4607;1481544696;6
10606;10460;1481550239;4
18871;9194;1481538103;2
5356;20093;1481533721;14
9465;20299;1481513397;6
22615;25285;1481539167;2
1656;25085;1481524583;6
9311;22585;1481514922;10
1236;4669;1481534754;2
9409;999;1481549224;10
11036;20681;1481522425;2
21843;10081;1481515053;16
10527;19534;1481545830;6
7785;11268;1481550572;18
1571;14143;1481532633;6
9470;6213;1481518911;2
11770;21303;1481542094;12
9017;18216;1481529765;18
3955;6694;1481543941;2
27374;20645;1481540393;2
13792;7899;1481517679;16
6442;1693;1481531012;8
26163;23046;1481510955;12
24090;260;1481513609;16
4040;8400;1481540964;4
22306;2123;1481535514;14
15243;5434;1481524264;12
7446;9677;1481533263;16
7467;11097;1481528296;2
1666;2640;1481551018;18
25169;4256;1481519832;8
10223;18314;1481538969;8
26101;15103;1481547706;18
10621;1117;1481528893;4
8137;21096;1481512612;8
8933;11907;1481524422;2
1733;12215;1481530421;16
2791;3693;1481522581;10
13882;1518;1481543813;10
4683;11763;1481529423;2
3992;3696;1481540341;2
27417;8643;1481516953;14
4579;22538;1481543693;6
254;5896;1481549742;18
17549;10329;1481516184;6
1634;7838;1481543872;12
8555;25001;1481532172;10
402;4863;1481546574;14
6921;23697;1481512266;4
11256;7088;1481545991;18
17231;10796;1481536045;18
11123;10295;1481513813;6
7407;18934;1481533352;2
25528;14159;1481530788;6
6928;2758;1481522023;16
11108;1851;1481522535;4
23118;17306;1481531267;8
10909;2335;1481527564;16
5762;10809;1481536893;14
15519;6389;1481513976;8
19587;1599;1481538013;16
1875;25;1481535890;2
43;24138;1481544600;12
7862;8106;1481524617;16
21231;2275;1481539026;16
14863;20548;1481531274;12
20094;21087;1481546922;12
1226;1107;1481539644;18
11021;24968;1481549567;18
3940;15431;1481550016;6
11788;3913;1481514477;18
1495;262;1481536924;2
15978;14153;1481514634;14
4608;11827;1481527950;6
1266;9298;1481516575;12
17471;9318;1481546379;12
13085;7033;1481534276;16
1580;9470;1481539270;8
5471;7056;1481546425;12
7043;4731;1481518825;10
7311;6766;1481534765;10
1504;14932;1481531171;16
8402;21495;1481538231;16
27407;9674;1481537162;2
21254;9770;1481512758;18
10576;5686;1481530735;12
2822;6172;1481548891;4
8952;19908;1481516243;12
25433;16886;1481533429;16
18899;18340;1481510897;18
14165;1653;1481516862;18
27057;10915;1481538718;18
5828;21498;1481518443;2
3449;5036;1481520091;14
966;3916;1481538567;16
7675;1455;1481532662;4
19527;8641;1481548675;14
3017;1223;1481517122;8
1622;21292;1481535407;12
1457;23341;1481519582;14
6990;7242;1481547432;6
15488;8118;1481545379;10
1427;1728;1481527395;12
11252;27012;1481525644;14
11225;10638;1481538997;18
8419;8576;1481550824;2
18102;25386;1481527800;10
2774;23160;1481516577;10
3977;20869;1481543741;8
9754;20066;1481534816;10
25062;18179;1481544806;14
4326;24928;1481536047;12
2367;6603;1481525222;4
10538;17255;1481541547;16
1278;22272;1481538873;16
271;24480;1481544914;12
5922;22795;1481528547;18
6721;1896;1481541611;2
4896;3728;1481537647;12
10359;6944;1481547488;10
15734;7874;1481510632;2
4921;22971;1481518790;18
11026;25433;1481536805;14
913;9871;1481518363;16
371;10123;1481511279;10
19027;27445;1481510191;8
2030;16050;1481524315;14
15433;8014;1481522397;12
7894;25504;1481543489;10
4509;9262;1481536079;8
18858;1958;1481517492;6
7300;17486;1481518540;18
22431;18197;1481525274;18
6402;1720;1481512669;6
1896;6792;1481541461;12
14629;6817;1481537392;18
12327;3022;1481519979;16
6408;8122;1481529375;8
8253;12770;1481513402;4
21307;2725;1481509870;12
3695;6636;1481530082;6
23741;25060;1481510887;8
6963;5890;1481545488;10
8541;11565;1481549498;10
7368;3773;1481523110;14
8886;20602;1481520669;6
14868;1851;1481542075;16
5933;10886;1481526554;8
7483;9318;1481513974;6
7407;1356;1481509516;16
6663;3915;1481533961;4
26084;20195;1481534575;8
11757;13562;1481530531;10
10655;2415;1481511975;2
10224;6300;1481531110;18
20532;12521;1481521979;4
3698;6785;1481510235;14
7635;5932;1481525215;10
5744;441;1481522545;10
4356;27442;1481513807;6
12161;13004;1481519642;4
11245;4216;1481535916;14
6016;27546;1481549262;6
2389;8928;1481539966;4
4802;11364;1481528040;4
8509;6219;1481532755;12
7159;25503;1481514128;12
12781;207;1481529116;16
10492;7163;1481531246;16
18763;6140;1481522655;2
5121;6310;1481512040;4
7138;10560;1481523453;10
4786;4628;1481531892;8
13820;3598;1481547252;6
24255;8929;1481522211;6
14494;25501;1481521009;6
16144;9872;1481523397;6
1271;20600;1481520293;8
5842;7635;1481535363;10
1685;20917;1481548710;12
2733;23866;1481509514;10
6211;6961;1481510519;6
21004;19578;1481528934;12
19273;14004;1481528923;14
5406;12745;1481513671;16
23521;14118;1481542184;18
20656;15499;1481523588;6
6418;4040;1481540619;8
19777;10734;1481549355;2
1633;10398;1481518592;12
24254;11096;1481530818;14
23009;20083;1481520283;8
11959;88;1481545576;10
10659;6785;1481543626;4
22642;2833;1481525265;16
17457;21922;1481523867;14
6442;373;1481541472;18
4959;8324;1481531575;16
13226;25434;1481510650;6
12002;6019;1481536514;6
11789;2981;1481518556;12
17292;20412;1481517112;8
25379;2465;1481531049;6
10701;9023;1481520267;2
20510;10469;1481536415;14
8779;16783;1481530695;2
17211;26189;1481511179;6
9996;14260;1481512530;14
17243;7675;1481528668;14
7591;10245;1481529689;2
2828;1423;1481522154;8
6956;278;1481516811;4
1333;17480;1481532110;10
25500;11760;1481529222;8
19581;4503;1481547917;16
3742;7988;1481539439;6
7533;26203;1481540909;10
24142;20968;1481523911;2
22999;23056;1481535242;10
14118;7560;1481540653;4
11834;49;1481540008;6
6116;5637;1481529561;8
8471;905;1481548824;16
12133;13183;1481520686;4
18897;1572;1481539602;16
9468;6731;1481537316;18
9833;9959;1481550582;2
20240;15450;1481510319;10
5512;4977;1481515564;10
5867;15992;1481541729;2
8569;4580;1481516224;6
26166;9770;1481539960;14
8889;12816;1481541378;10
12156;12326;1481545168;16
1684;23763;1481520379;14
27553;1151;1481518644;8
6461;7994;1481547111;16
24424;9055;1481513244;18
21076;4318;1481527869;12
19991;3280;1481509644;6
7962;1951;1481516683;2
13911;304;1481535341;16
11627;8957;1481524745;8
27269;13078;1481516341;2
1894;19080;1481539756;8
384;8047;1481510317;18
1233;1956;1481539373;14
9113;22447;1481528640;12
8591;24327;1481538680;8
10655;24782;1481514845;18
20999;4263;1481549972;6
8583;6566;1481540662;12
6659;2766;1481541688;10
4625;9367;1481522824;16
19583;8936;1481526384;18
4658;2610;1481517941;6
7458;10462;1481521792;14
356;6727;1481531148;8
5856;19882;1481511056;14
13786;4610;1481521176;14
1566;8489;1481541617;6
9424;1319;1481526549;4
4641;25169;1481528642;10
967;10878;1481514377;10
19555;1245;1481534448;14
12711;11902;1481516220;12
6894;10912;1481512280;12
18050;23859;1481518630;4
19556;19046;1481549842;6
19920;12744;1481523400;12
23823;1376;1481536158;4
8930;20365;1481542585;12
12262;24238;1481522109;10
8921;9114;1481540753;6
5743;5023;1481512746;12
6311;7634;1481521414;8
5508;11064;1481510762;10
27541;9485;1481518866;12
1352;9710;1481533987;14
23883;10771;1481546542;10
1382;5614;1481536356;16
5294;1903;1481542059;10
15508;20517;1481517407;18
10981;12040;1481546417;14
14574;9539;1481533205;16
5297;12151;1481534854;10
17284;23727;1481521538;6
22646;7627;1481535033;16
15376;25063;1481518630;12
21367;1549;1481542046;10
11058;19821;1481548040;10
4847;3964;1481529994;16
24680;13786;1481531565;16
25492;16037;1481532840;18
7878;178;1481516743;12
8649;18048;1481533282;8
9955;22678;1481529769;8
4807;10541;1481539799;10
21844;6013;1481534606;18
9342;7267;1481516267;12
6290;1552;1481549145;4
19285;23616;1481530029;16
1280;13941;1481516916;2
19207;27281;1481536627;12
1534;16303;1481520744;6
11071;9185;1481545466;18
11567;16203;1481513136;12
11614;8342;1481530723;6
14919;6149;1481550358;14
12083;10623;1481529132;4
10002;19851;1481547616;14
17923;6805;1481549641;16
19803;22963;1481532314;4
12332;4901;1481528708;16
12871;6542;1481526028;16
8419;11693;1481536571;16
1002;13823;1481549874;2
15998;4974;1481545805;8
14866;20038;1481549725;6
6238;15516;1481522307;6
6769;26035;1481546145;10
11805;14641;1481517239;2
19273;21268;1481517925;16
13890;5103;1481511802;10
17478;7846;1481550922;18
11405;7505;1481515454;4
12800;27484;1481535625;18
1263;27017;1481525053;12
5551;1495;1481529713;8
8693;7905;1481514398;14
6585;12580;1481523300;10
20629;367;1481529457;14
13075;6005;1481521184;6
9208;10475;1481513219;8
3624;15473;1481530185;8
8285;2142;1481511120;10
9266;6158;1481513478;14
16889;20066;1481544756;6
7159;13204;1481525172;16
21452;9057;1481539684;4
17176;3293;1481544797;10
18863;20157;1481510342;12
10602;6544;1481550102;16
330;9875;1481532542;12
19947;2161;1481524105;4
2407;7399;1481527268;12
137;7138;1481529886;12
14498;4562;1481538009;8
14802;20196;1481532290;12
20409;5677;1481523376;4
26479;9758;1481538897;6
1616;8758;1481529532;8
4318;25012;1481522413;4
19951;1492;1481540146;4
4692;11822;1481544753;14
26203;6895;1481535840;4
4904;6265;1481535665;14
7560;5892;1481520642;18
5596;7914;1481511478;6
5652;3999;1481525527;18
27397;3000;1481533250;10
16780;1388;1481521385;18
6974;1273;1481523552;8
14804;382;1481538669;14
22315;17903;1481513446;12
2279;8696;1481511046;6
6729;8447;1481530802;14
22794;12519;1481534913;2
9247;9516;1481535352;10
3394;1971;1481535215;14
8279;10488;1481520181;10
25176;1361;1481522445;14
20674;23113;1481528505;14
10101;23168;1481539980;18
12760;9215;1481521280;16
8533;26218;1481547144;14
26148;22136;1481530092;4
2279;17894;1481524617;12
1499;7248;1481526505;18
12799;10803;1481546920;16
4362;5856;1481529003;10
5866;22490;1481541239;12
6669;1313;1481515299;18
8889;10114;1481549826;6
5738;12699;1481542138;6
1064;10569;1481510352;10
10268;21308;1481543313;4
6565;22258;1481522464;8
2156;12748;1481538348;6
5517;5889;1481514169;8
23831;8976;1481509770;14
14794;196;1481546257;2
2731;5957;1481536398;8
8864;27011;1481548567;2
10521;7878;1481517263;12
4765;6685;1481549051;4
17593;9272;1481511182;2
185;7615;1481533084;8
23754;22138;1481520048;4
12352;6781;1481545065;12
19296;19211;1481517252;4
9652;11776;1481512075;8
9412;2335;1481527884;2
12744;21736;1481534296;4
9526;18850;1481532487;12
1722;7413;1481514514;14
25507;10096;1481548340;18
9769;6199;1481536903;14
16049;963;1481514065;16
5901;4786;1481517190;4
2794;20365;1481539866;4
17168;23665;1481549582;12
7611;18899;1481509870;12
4676;25087;1481550412;12
7400;26157;1481539011;6
15137;6782;1481536784;18
9491;17480;1481513308;8
4223;1914;1481510190;4
8444;8833;1481532824;16
4960;7575;1481535353;10
25000;1431;1481535804;10
10737;1729;1481522996;4
22532;6809;1481539571;18
16093;18160;1481513037;12
9367;25160;1481548429;16
283;5678;1481546832;2
1098;6108;1481536771;18
24285;12141;1481538446;18
14636;8952;1481532870;2
5751;3420;1481520585;8
120;7282;1481529459;10
12100;8931;1481528768;4
5930;8163;1481541050;2
8415;6723;1481522024;16
9987;11241;1481510971;6
2727;1167;1481510901;10
18052;10373;1481543405;16
11596;27466;1481540749;16
2814;2940;1481516097;10
18076;14442;1481524478;12
17023;12418;1481510876;10
1516;2876;1481519171;14
8385;4608;1481514022;12
9266;13887;1481534393;8
10697;20518;1481527451;4
6429;1020;1481534906;8
25369;8093;1481547914;6
20053;20464;1481549353;12
17548;23085;1481526006;18
2134;10845;1481540442;16
15025;15994;1481525197;2
21436;24296;1481514778;18
1861;6917;1481511863;6
9201;21416;1481533384;18
7439;9216;1481522191;4
2393;20431;1481545807;12
7354;978;1481542267;12
5614;19797;1481548320;16
11986;8513;1481533205;16
1407;5091;1481538846;14
9997;27061;1481521780;12
5924;8339;1481550046;4
14702;10010;1481543947;4
7693;15215;1481527601;18
1114;26119;1481510313;12
12650;8535;1481510700;4
6583;2280;1481543011;14
6734;7098;1481513388;4
4705;1440;1481530659;12
14159;271;1481525832;16
5469;24;1481525169;8
5424;11149;1481534635;12
4922;8976;1481539376;4
10182;5714;1481537178;12
17422;11270;1481530287;10
25378;2422;1481525258;18
10403;23665;1481523320;10
11248;1485;1481514332;10
3161;229;1481549891;2
17509;20867;1481528637;14
20545;10461;1481531678;10
4209;20935;1481539217;2
23490;11870;1481522853;18
4947;3725;1481532571;12
19871;6705;1481512996;12
21800;12308;1481526888;14
24058;8108;1481516276;2
4904;4178;1481515494;6
14805;4944;1481547636;2
12020;11997;1481546844;18
3252;11757;1481539060;16
2165;2452;1481543832;2
4570;1860;1481534423;8
3985;20744;1481534598;8
11022;1539;1481548901;18
19308;22479;1481544104;12
13241;1882;1481520277;4
4776;13780;1481528928;6
10689;23824;1481529714;8
12403;20981;1481515514;2
9058;15213;1481525179;4
7478;14777;1481532114;12
10373;27452;1481550653;4
12282;24680;1481515913;6
19506;19807;1481532834;4
20787;17505;1481539351;12
367;6429;1481525104;8
7820;20606;1481518273;10
369;20146;1481520087;16
8952;14712;1481535601;6
2274;14544;1481529738;4
5109;3016;1481536700;8
8899;1689;1481541122;6
19595;18201;1481532376;8
14948;5469;1481521931;18
14549;20293;1481523360;12
4352;1510;1481541041;8
19218;927;1481544957;14
7900;11241;1481515873;4
23531;3076;1481537032;10
375;4925;1481542857;4
17548;12713;1481525863;10
10505;2810;1481524241;14
6111;23526;1481528775;16
9483;27195;1481521882;16
10838;8344;1481534937;10
5477;9882;1481511208;18
8031;7034;1481535812;12
1451;21097;1481510742;12
16196;5283;1481539818;18
9806;47;1481511222;4
3779;21088;1481517142;14
10256;6729;1481521236;18
8024;26148;1481543430;8
2151;18763;1481515633;16
9216;4728;1481519004;10
6482;17396;1481547866;6
7687;20576;1481520904;4
14260;5919;1481533929;10
21465;351;1481514312;18
15009;27207;1481528513;12
13907;991;1481546489;4
95;8281;1481548135;6
7619;23532;1481514343;18
19535;17349;1481521718;10
7327;11909;1481541891;14
15080;19508;1481523299;16
7771;21367;1481520163;16
4798;19758;1481510513;2
15766;11595;1481534803;10
4924;1880;1481533311;16
9308;15391;1481529504;10
1217;9770;1481523921;6
15248;1717;1481519142;10
9461;7453;1481527621;16
7938;21227;1481548647;4
24285;272;1481513253;10
9794;3614;1481547493;16
25280;12710;1481518043;6
6208;8500;1481511112;14
20689;13880;1481511056;6
4956;251;1481524544;6
5923;12867;1481521816;2
3060;27208;1481535346;8
1010;17508;1481511304;6
6789;3414;1481519410;18
16914;5409;1481527109;12
1405;21801;1481511963;14
5953;25280;1481513846;2
247;12025;1481528018;16
26395;5528;1481533771;4
20674;293;1481527901;8
27545;22537;1481515449;12
2031;20367;1481527858;6
3378;5427;1481522542;12
11261;8444;1481513599;18
2730;436;1481544597;12
891;10412;1481546184;14
25400;17004;1481524858;18
2808;3609;1481536831;12
6481;1293;1481534554;14
8075;8416;1481541380;16
23756;12214;1481547562;10
10636;19954;1481518719;2
10909;3789;1481526341;4
12314;2871;1481514070;6
2784;6367;1481528614;4
261;2735;1481528682;10
3604;5636;1481544774;8
24374;10679;1481548608;8
315;14927;1481549884;8
5404;13763;1481527563;8
19826;13189;1481521637;4
10666;17405;1481537812;2
4484;20775;1481533924;12
192;9478;1481524131;16
25183;2375;1481538151;16
10851;17024;1481511708;16
12914;8754;1481518926;12
19917;10253;1481512902;14
1728;18465;1481512673;4
20704;566;1481523792;14
257;7794;1481514645;6
7529;16649;1481544898;10
8345;8349;1481548694;18
9840;12731;1481546708;16
1455;23026;1481511362;10
17423;6892;1481523634;12
21485;10417;1481519056;2
10513;1367;1481513646;18
17174;7854;1481518009;6
956;4346;1481532685;4
1342;17403;1481532746;2
18850;21759;1481531148;4
5103;17151;1481546833;18
22459;11120;1481517960;14
20857;14564;1481531721;18
4508;20548;1481511693;16
2401;6539;1481528837;18
23303;25046;1481516769;4
21737;14548;1481546927;6
11024;27032;1481525201;18
6400;12185;1481522006;18
9255;23104;1481537539;10
8972;4167;1481534318;8
19833;16320;1481523115;4
19934;13856;1481549586;18
13975;8278;1481510585;4
10999;4659;1481525184;2
16982;5859;1481519268;4
18877;20424;1481540318;6
6636;10218;1481520992;18
23669;6570;1481550005;14
21;19545;1481547984;14
19489;13786;1481549293;8
4996;5937;1481550203;4
10891;22588;1481536716;12
975;6953;1481529549;14
19555;560;1481510938;2
6691;4738;1481523799;10
11001;27440;1481516711;14
1629;14621;1481526135;2
23541;12411;1481513892;2
1985;2159;1481519605;14
16026;1816;1481525384;14
10268;17880;1481537926;12
13761;1255;1481538819;4
3062;4842;1481543132;14
14633;4557;1481529996;16
13851;3956;1481520995;10
11606;11039;1481526615;18
1883;8464;1481513722;18
7565;27405;1481538363;16
13211;7544;1481529858;2
14621;5870;1481549305;12
21717;1584;1481516945;8
5747;22647;1481520454;14
21229;4958;1481537032;6
6379;15480;1481518395;6
14561;7999;1481539410;2
21224;1000;1481523848;6
15351;20196;1481530487;14
26182;13977;1481521937;16
15317;5607;1481534779;18
27036;14203;1481546193;6
17788;7308;1481548479;16
2646;4181;1481548884;18
8763;4921;1481520414;4
15348;8848;1481548753;14
27127;6718;1481538860;6
16864;21809;1481511281;14
27464;26049;1481519134;4
11077;7806;1481511395;4
11094;7324;1481519215;16
11375;14187;1481548619;2
228;12518;1481543430;6
3261;5053;1481516124;10
7422;13201;1481544909;6
15350;1077;1481519866;18
5980;27286;1481529578;8
9194;2610;1481536357;2
17009;412;1481521529;8
9801;7852;1481526816;6
6107;1666;1481517046;8
11386;25012;1481550654;4
26108;23179;1481541612;16
1585;21720;1481516934;2
7158;4936;1481513210;4
4328;25062;1481534130;12
8578;5266;1481519340;12
7814;2806;1481513676;18
6406;20910;1481546653;16
10594;25384;1481519965;10
10186;27099;1481543940;6
9652;9160;1481524343;14
10163;16122;1481520019;8
1319;23543;1481529267;18
3791;11133;1481522448;4
27430;23049;1481542089;6
10176;3769;1481520306;16
11174;16308;1481546034;2
6137;1559;1481543736;8
26303;11954;1481544762;12
6522;21798;1481550694;14
9488;6351;1481516108;16
7436;6569;1481514024;18
6875;1568;1481546005;18
16093;4759;1481519668;2
3020;10510;1481540808;6
7545;4960;1481539462;18
11386;3009;1481549091;4
3899;18815;1481529581;8
7035;14498;1481521244;10
17877;3786;1481517886;16
27426;21414;1481513285;12
290;15188;1481548024;12
6541;4504;1481510880;16
27545;6789;1481545992;8
1379;3604;1481517444;16
26314;23116;1481522633;16
21293;7406;1481514801;8
20339;8517;1481540445;6
27029;26068;1481543827;8
16915;4858;1481534531;4
10459;13;1481523087;6
7389;252;1481521680;6
5415;20356;1481550392;10
20950;16781;1481537568;18
12354;5045;1481525540;14
6595;10810;1481539024;8
22273;16832;1481539679;4
7996;15011;1481524095;4
2394;13824;1481537641;4
5917;27125;1481525660;12
4926;24431;1481514813;12
16709;5744;1481536290;6
7538;1358;1481550703;8
21213;8493;1481510574;2
2812;20156;1481514149;8
2126;17362;1481517356;16
14963;12328;1481522166;4
18839;1624;1481519428;14
3002;1426;1481526095;18
19873;13822;1481525854;6
15750;9155;1481533764;10
2375;13678;1481517871;2
2157;19869;1481523857;4
5514;21303;1481537433;2
12913;10542;1481518183;4
10533;6294;1481531252;12
5857;22967;1481539038;8
2799;10546;1481547403;16
17547;2364;1481524832;14
10199;4177;1481530290;12
13822;20372;1481514382;18
14040;19307;1481510860;8
7538;10175;1481544510;8
21221;10916;1481539796;12
3629;7102;1481534325;18
20995;6736;1481548804;10
24424;17378;1481511966;4
5818;16295;1481510911;8
7597;6199;1481550165;18
21300;5938;1481536472;14
5736;9435;1481520267;4
1729;19077;1481522566;12
200;20366;1481550710;10
7473;7618;1481545477;6
5296;14866;1481520762;4
5728;11614;1481539148;12
24137;16180;1481547188;6
6381;15018;1481543510;2
22996;17397;1481541962;4
9390;14113;1481534663;14
6109;27411;1481547746;16
27281;21414;1481514949;8
7413;883;1481546256;2
14895;21921;1481530631;10
6343;19530;1481516049;12
8636;23851;1481541641;12
5097;19313;1481533246;4
21298;20113;1481523498;8
4023;9948;1481520868;6
9809;20006;1481549263;18
8004;17359;1481526861;6
23443;3272;1481533947;4
1642;23824;1481530104;18
14537;1586;1481514550;14
2743;3402;1481517193;10
242;6670;1481549434;4
27129;19965;1481548907;12
4681;6925;1481523128;16
4767;13872;1481542047;4
15085;6277;1481519728;6
7905;3545;1481539170;8
1069;58;1481522889;6
13085;7350;1481534196;14
2792;8766;1481524798;8
14185;6985;1481538423;12
5602;9785;1481540271;12
188;17254;1481541519;18
4562;1523;1481544527;18
13217;11413;1481534287;18
11051;4504;1481538509;14
11885;6167;1481521407;8
23176;11613;1481535410;14
9296;9827;1481542719;4
11092;5961;1481522053;4
8542;17375;1481538229;16
2367;19297;1481546653;4
14557;1916;1481514440;18
27287;8571;1481521156;14
14681;27446;1481546082;8
6014;20010;1481548833;12
10516;14581;1481538756;4
6264;5409;1481538883;4
4830;3680;1481525485;4
6949;199;1481548795;4
8969;1381;1481531376;18
5378;4608;1481520874;14
9471;27545;1481512769;12
20969;12016;1481514565;14
2122;3160;1481549457;12
10541;3074;1481514753;4
11612;17903;1481514059;8
1167;1088;1481529725;4
18815;22131;1481543586;8
24925;7017;1481538539;14
12159;216;1481532250;10
12022;1918;1481526030;14
6354;15252;1481528484;12
6419;10888;1481544427;8
27482;12743;1481548447;12
8495;7004;1481515840;8
5753;1390;1481541496;8
4521;14648;1481517157;12
20909;4991;1481543573;2
24417;5414;1481527121;12
20154;19814;1481521265;14
23340;21800;1481533065;2
13212;10403;1481544339;8
11042;4259;1481540075;18
14875;7905;1481527983;16
12572;10650;1481550912;10
11728;1420;1481534307;16
396;4753;1481522508;18
12866;5346;1481536630;12
5814;5037;1481548758;16
6384;6717;1481511792;2
18102;6372;1481528382;8
12651;4700;1481536612;2
139;8325;1481540012;16
12291;16127;1481510831;6
10120;17240;1481525638;4
23448;3273;1481512205;8
1018;16851;1481531354;6
22509;19495;1481535934;8
27010;1287;1481517238;16
11880;2175;1481513211;4
3682;927;1481531538;6
10004;24691;1481528641;2
1951;14879;1481513518;14
20365;20962;1481538036;4
3071;20154;1481514641;4
187;10504;1481544429;18
5003;4346;1481526886;16
1042;10307;1481516040;10
116;5696;1481515988;16
2734;16780;1481523167;8
1260;7359;1481536738;14
23063;8991;1481525388;16
2944;6962;1481511085;8
8132;9464;1481536047;2
25165;27313;1481509786;18
9277;200;1481542618;2
21403;14914;1481526715;6
26301;3781;1481511327;4
3122;10125;1481540599;6
19935;19234;1481527157;2
6405;11668;1481510291;14
16179;20878;1481516909;16
9416;1982;1481519514;16
8058;8372;1481515582;16
13808;10246;1481544644;4
17783;14127;1481518237;18
9852;6898;1481545936;12
7246;27128;1481541472;10
9539;12160;1481520590;12
71;23753;1481530969;12
27133;25258;1481522997;16
21226;8126;1481515198;10
2419;4573;1481533642;2
20361;21500;1481539339;4
17279;17416;1481521479;10
170;25162;1481525914;10
17282;14559;1481512173;18
9820;10094;1481539687;18
7400;9811;1481548391;16
7562;1661;1481538771;16
123;5044;1481549898;16
8037;20958;1481516766;4
3706;6561;1481529046;12
11779;24562;1481519159;12
15352;9419;1481533075;4
3623;14245;1481546753;18
1384;27466;1481533619;10
9201;11397;1481534158;12
2645;6408;1481525193;6
24674;24685;1481533361;18
20007;9783;1481516585;12
1199;14514;1481549257;12
10413;20015;1481539688;4
1384;7266;1481550713;6
24428;8701;1481525185;10
9777;27548;1481512468;18
6662;8446;1481539394;12
6639;7292;1481517679;6
1294;7965;1481537346;10
27375;17536;1481544565;16
4176;5508;1481533481;8
19570;1092;1481530932;2
1570;14926;1481538373;14
18051;8295;1481545925;14
7900;10814;1481516196;6
2869;1192;1481510000;8
7402;3002;1481533207;4
4056;7608;1481529082;12
3637;12519;1481546026;10
12653;20074;1481514151;6
17921;16094;1481535113;10
7892;1848;1481527859;10
11150;24283;1481542524;8
16187;5522;1481534679;16
1600;10101;1481548214;8
13562;5880;1481515727;6
7870;2954;1481522804;10
1049;14803;1481512799;14
7583;15519;1481534098;6
11092;1266;1481548821;12
9898;17146;1481517315;6
17488;6015;1481529723;4
6464;6192;1481544400;6
19763;12178;1481518758;12
15754;8496;1481544902;6
8759;6554;1481542249;10
1942;18214;1481541997;16
6118;9741;1481515403;8
6871;6190;1481549300;2
6225;881;1481544797;10
23120;8452;1481537608;2
25537;7271;1481526213;4
22503;3380;1481544075;16
20291;9854;1481517570;10
17309;8509;1481535422;4
7615;20070;1481532380;12
3409;8667;1481548684;2
1321;18867;1481529324;10
4348;9498;1481522506;4
19752;21921;1481536205;12
4600;22540;1481544825;10
21307;1698;1481516636;16
14571;19234;1481519613;2
6571;7776;1481543513;2
1629;15735;1481529062;8
1595;26083;1481531842;18
18330;2640;1481548772;16
18808;21076;1481515837;12
2386;12921;1481511832;8
27088;5121;1481532441;8
7049;2739;1481521470;8
20831;4749;1481509594;14
6600;26205;1481538084;6
24140;12763;1481538450;8
6117;26199;1481519227;12
11631;18197;1481527804;4
6542;27134;1481544858;8
19872;1082;1481512277;8
13216;1773;1481524056;14
9197;1580;1481535750;8
4996;8658;1481547920;8
6721;16935;1481548256;2
5477;3930;1481513081;8
4866;989;1481541514;18
5488;397;1481545288;2
6253;18325;1481548805;4
4267;19593;1481526184;4
14255;20154;1481521327;14
6140;1562;1481525391;18
12781;12362;1481516793;8
1122;8936;1481512840;6
1201;17484;1481549322;16
5676;3620;1481546628;18
10022;205;1481510460;4
3744;9963;1481525627;8
23864;23645;1481518674;18
8560;83;1481523724;6
19082;17026;1481518635;14
15304;10591;1481544638;2
1916;17389;1481512602;8
13126;1779;1481514535;2
9487;5358;1481526950;18
1261;2346;1481538058;12
19822;1116;1481515970;16
13344;7984;1481540802;16
1191;6303;1481550733;2
226;27141;1481520334;4
10827;8896;1481518066;18
27428;6538;1481509972;6
6578;11621;1481545671;12
5910;9545;1481510189;2
3556;6005;1481520979;2
2779;2644;1481537691;16
25382;21481;1481549859;10
8526;271;1481537784;14
3393;11016;1481530616;6
27374;17462;1481512928;16
296;10111;1481509662;12
14576;3598;1481529783;16
22531;1730;1481534752;12
8651;19207;1481524120;10
3629;15486;1481521703;8
10007;11475;1481529689;2
8929;22646;1481550088;14
5753;2952;1481515024;16
19312;19053;1481550370;18
987;5753;1481522160;6
16916;26304;1481534041;8
4855;10908;1481537919;4
1692;981;1481514241;18
7090;19879;1481542341;2
27435;5409;1481529264;18
14428;7353;1481524161;14
8954;10176;1481527279;8
7885;1093;1481547913;4
17504;10686;1481533821;14
5919;1108;1481516525;18
2429;12072;1481523728;6
3078;7058;1481537944;18
27181;3465;1481548384;4
3160;9680;1481519155;14
350;374;1481547597;4
16647;14260;1481514769;6
4045;11916;1481510761;8
1305;4915;1481538483;2
83;8539;1481521158;8
25339;23622;1481530953;2
18463;12145;1481546464;14
4362;27377;1481513958;2
23857;6659;1481527046;16
4850;8911;1481531264;4
20792;3936;1481537211;14
25258;14972;1481532787;16
6547;24370;1481549700;6
1501;2036;1481521334;8
7253;8235;1481522604;8
419;20527;1481516447;4
11905;6967;1481533257;2
6357;1546;1481520631;16
11824;14131;1481542393;12
1196;6862;1481518999;14
6928;2315;1481548706;8
12921;14623;1481523169;16
19489;1028;1481515253;16
19922;23752;1481548901;12
129;5696;1481529728;4
1037;26147;1481548206;4
19306;22485;1481542371;12
1150;5283;1481528411;2
1745;1131;1481531997;10
9025;9669;1481517244;8
24968;4852;1481529832;18
24695;6028;1481548357;2
5701;3583;1481543683;6
1144;6176;1481528141;16
8837;10876;1481548666;14
8939;6615;1481532777;8
10311;6617;1481525288;12
24753;24742;1481527581;18
148;15085;1481531339;6
8316;353;1481528623;14
14494;8686;1481548566;2
18209;1970;1481517659;18
7007;3251;1481529142;8
9984;27328;1481550795;16
7533;6139;1481514185;12
2121;11157;1481532232;18
1136;8053;1481519959;18
1359;15452;1481517412;16
5585;1628;1481528612;8
20906;401;1481515332;2
12147;26103;1481532255;10
13794;14804;1481531356;18
8545;4570;1481538172;4
26138;2399;1481549810;4
1900;8971;1481516645;16
3070;6669;1481550868;10
4024;18072;1481547510;6
14430;18305;1481534503;6
7646;17568;1481516789;16
3421;23896;1481525758;16
4985;7617;1481534599;16
25194;6155;1481537446;16
11034;27209;1481543595;10
27409;5021;1481543373;10
3988;620;1481538012;10
25156;8388;1481535474;14
11824;24692;1481526752;2
9790;11782;1481542042;10
23850;25197;1481523918;2
24357;27262;1481523522;6
11124;15978;1481512654;2
5980;4510;1481513696;14
9894;11850;1481509565;2
12785;20462;1481542904;16
5006;11249;1481529702;6
14811;1051;1481545033;10
21317;11793;1481539556;18
20108;20117;1481516407;16
27489;6626;1481531309;6
7017;7064;1481538423;4
7438;5089;1481537419;4
11109;5627;1481550687;2
3017;3749;1481521522;8
21503;19374;1481525511;12
23550;1737;1481531496;12
8703;22316;1481515900;18
7860;19296;1481539650;2
18823;104;1481540251;18
27467;25197;1481548087;12
2167;18934;1481538786;4
7614;4268;1481533679;14
27476;19920;1481540930;18
11270;2881;1481539856;16
12427;10851;1481520494;4
8231;19302;1481535392;10
2871;7547;1481527105;12
7770;4787;1481539565;4
8231;27268;1481530268;2
3736;20900;1481527831;16
6205;3983;1481519844;4
5874;7007;1481525591;16
366;4947;1481537077;10
15103;4753;1481512988;4
27159;423;1481520488;14
14796;18192;1481543230;2
4564;7647;1481537099;16
21504;5989;1481524401;8
8181;27491;1481539094;12
4180;6792;1481524517;16
2984;197;1481513747;4
7090;19296;1481511426;10
11076;1107;1481530246;12
215;10212;1481537620;18
3277;20986;1481545600;2
18907;14903;1481539979;14
5117;5401;1481521620;2
14929;9112;1481523694;16
17870;12183;1481533918;18
22274;5688;1481532527;2
8486;15339;1481537995;18
18820;10436;1481512181;16
16132;8894;1481513933;12
13185;1679;1481527788;16
18201;4871;1481544006;4
26139;11222;1481541564;10
15311;5709;1481547144;14
3911;1102;1481528178;2
5701;241;1481545910;18
19791;7902;1481525112;18
2137;19510;1481545053;18
4569;11592;1481512463;2
9101;27476;1481521418;8
5888;24162;1481520826;8
7581;27428;1481516001;10
19041;14901;1481533414;2
9485;4222;1481530853;10
19791;4158;1481535047;18
24562;6765;1481550639;10
27449;7236;1481546767;6
23180;8640;1481527533;4
9838;8933;1481534224;6
8991;18175;1481525623;10
10244;4999;1481529931;14
5491;11075;1481520545;16
23517;8051;1481547479;16
3015;951;1481525823;16
12098;10359;1481527141;2
23058;7631;1481525354;10
18177;10568;1481528594;12
20049;8452;1481536613;12
25041;4995;1481510512;10
10016;14636;1481532582;2
17465;4733;1481509557;14
8490;994;1481536569;4
5950;12771;1481542785;10
11596;16333;1481536941;16
17150;20789;1481525474;16
4786;12277;1481535406;12
7867;19534;1481545641;12
1908;12712;1481529790;16
4796;13287;1481542971;8
5251;13197;1481545757;12
22444;3726;1481529045;6
9063;20083;1481516267;6
3540;8434;1481510011;14
11768;18865;1481514561;6
10666;15998;1481532934;14
9454;10522;1481533179;4
1259;11822;1481524967;8
7158;24431;1481522241;4
15102;11177;1481550601;4
923;5050;1481532010;10
7300;3993;1481547910;10
6977;26305;1481527424;12
4677;20055;1481538535;6
7913;14935;1481517863;4
6981;3249;1481511502;10
9150;14889;1481531626;16
1914;6918;1481537751;10
22441;27422;1481522936;16
11257;16182;1481534541;10
7142;12558;1481533984;2
7557;1102;1481510445;16
7712;12573;1481544809;10
25051;2760;1481536261;8
13184;13214;1481537900;8
1522;3769;1481524863;12
4882;12160;1481516412;4
5918;1879;1481526856;2
1776;1593;1481541825;2
5039;7070;1481517784;14
10180;8544;1481520543;8
25162;1064;1481527034;8
17333;6922;1481512886;14
1;4773;1481512054;14
19972;17392;1481531238;8
1442;3913;1481514227;4
25043;8508;1481547459;18
1690;4290;1481522439;6
19570;15373;1481520724;2
27180;6189;1481538303;10
7535;12118;1481536168;2
6489;13287;1481543908;4
1201;8306;1481515906;16
2315;13880;1481550145;2
5287;25288;1481537824;18
4751;6763;1481512513;14
20708;8704;1481530017;8
3775;6805;1481536386;14
13790;22148;1481520023;6
2030;5004;1481511625;10
2334;21403;1481521381;18
27405;17881;1481538347;2
7767;16144;1481539892;6
27173;7463;1481524031;10
11175;2806;1481533297;14
12698;18177;1481522892;10
12697;2741;1481545249;8
17862;1969;1481540568;2
18436;10224;1481535019;14
8335;5006;1481546165;18
4842;1117;1481541141;18
3630;16050;1481517426;12
10988;7236;1481515424;10
11743;12814;1481536490;10
3951;2351;1481510236;6
8126;6866;1481526721;6
22613;6602;1481517974;16
19283;14566;1481524167;16
10622;20679;1481517794;8
8894;5823;1481524852;6
20888;6361;1481547637;6
12226;2366;1481510043;2
1392;5250;1481534826;14
16834;1111;1481530506;14
15372;11392;1481549526;6
268;7856;1481524805;2
7099;2748;1481524249;18
10572;5244;1481528032;10
3543;8960;1481520673;4
2363;3678;1481520374;18
20284;23335;1481528633;12
17250;2890;1481547876;6
20416;141;1481549629;12
1550;11777;1481549625;14
2155;9609;1481531468;10
12404;11269;1481548690;12
9856;27020;1481539843;10
20079;7943;1481541608;6
23170;7456;1481521731;16
25397;22662;1481524167;10
8470;5479;1481524244;12
1086;3690;1481541110;6
19625;10174;1481538832;8
27377;12650;1481510018;8
6811;4826;1481545487;18
5509;6692;1481528923;18
19526;2779;1481530034;4
14514;14909;1481517471;14
22444;8866;1481550807;16
16100;3075;1481520488;4
20769;11264;1481542297;6
27025;9288;1481524575;6
8912;200;1481531450;4
4859;1983;1481550143;12
18807;4731;1481513143;8
315;3630;1481512566;16
14928;14190;1481550300;14
4927;17862;1481548042;18
2791;4175;1481541875;16
1702;325;1481548268;12
1656;17266;1481511389;14
11051;4752;1481550715;10
3586;11697;1481546775;14
3054;1408;1481542142;4
20431;5394;1481530092;14
27206;10517;1481518705;18
15085;14889;1481545981;14
6360;1337;1481524351;10
27177;3424;1481538871;6
10045;9685;1481526851;18
27452;7347;1481514900;2
18809;22276;1481540719;8
21097;20148;1481547668;14
25412;7567;1481532401;10
1727;20691;1481549847;6
14514;6717;1481541803;18
2135;17258;1481525809;4
3696;6196;1481530336;12
4707;8144;1481547251;16
14428;12869;1481550276;4
5529;15239;1481520557;4
11130;9767;1481536508;14
13777;39;1481512964;16
939;5053;1481536924;12
3422;11850;1481516773;10
7935;21472;1481511142;12
12046;5522;1481531152;2
7868;8387;1481525590;12
5741;26;1481546839;4
11227;10026;1481546716;14
1308;3395;1481550768;16
5859;13782;1481543649;10
17866;27418;1481537983;8
15298;3682;1481536647;2
4891;27132;1481538614;12
4839;8160;1481510149;8
2844;6284;1481542626;8
19527;216;1481515287;12
1708;20534;1481523095;16
11789;1429;1481524886;2
12211;8466;1481518029;6
5104;19454;1481512737;6
6413;10250;1481543187;8
19942;10982;1481550970;2
14693;9986;1481522016;12
3386;7489;1481530423;14
6855;1770;1481511266;14
2157;20287;1481518008;4
11209;6993;1481551125;16
2340;19916;1481525371;10
4607;9713;1481510663;10
21797;2841;1481537311;12
3146;10510;1481516356;16
2341;4214;1481550865;6
20545;7319;1481532546;18
2348;6198;1481525777;18
8599;2160;1481535687;8
11261;8869;1481534749;14
27051;1942;1481542582;4
21221;13984;1481542128;18
15766;9319;1481510710;2
20588;18209;1481529283;8
12151;14914;1481533460;14
1077;389;1481547946;16
6432;24180;1481527760;14
23861;26166;1481549346;14
27422;15473;1481539988;2
6470;24062;1481544093;2
19943;8754;1481511799;18
17513;20523;1481512212;6
2748;11841;1481516219;2
21233;1841;1481511088;8
17024;9549;1481540382;14
17529;7632;1481542014;8
17160;10989;1481550013;16
434;25179;1481547796;2
6655;25173;1481517473;14
3264;8470;1481542741;8
9105;14514;1481524222;10
5708;6150;1481536451;8
2808;20446;1481519685;16
10905;26307;1481519816;18
6296;13851;1481510801;8
20997;11056;1481522693;18
14625;49;1481527192;16
11080;1272;1481542924;12
25370;8743;1481546059;6
22270;9310;1481533714;6
10118;27294;1481517506;2
1605;972;1481536815;2
11384;10272;1481514556;16
20631;21509;1481519621;10
2140;12059;1481517158;8
9004;18052;1481535598;16
8836;8446;1481514736;12
6981;27035;1481528558;2
6632;6439;1481537506;14
155;20787;1481532707;18
6383;18815;1481518623;4
1174;6264;1481525938;12
1905;5974;1481541611;16
7840;25197;1481513488;2
2415;6893;1481539673;10
6137;7052;1481525763;12
4524;15478;1481529364;18
8473;20655;1481540461;4
26159;11810;1481521712;6
6840;20773;1481520135;2
3547;2154;1481545302;16
22577;4206;1481513109;6
9511;24284;1481538940;6
17488;201;1481541809;12
25533;9174;1481540606;18
12215;22315;1481537152;4
2728;1520;1481548909;16
2813;17431;1481511565;10
17785;1845;1481516801;6
25060;1074;1481545704;10
3415;24479;1481543923;12
19833;23651;1481530068;2
18105;15135;1481530545;16
8886;27540;1481543197;4
1559;24749;1481511368;18
22640;8345;1481546712;10
343;7332;1481518387;4
1384;7391;1481535625;8
11803;7073;1481511213;6
173;17274;1481537134;10
4691;10253;1481523711;2
12712;6338;1481533433;8
17472;3266;1481536678;18
18823;25173;1481550642;12
5862;381;1481525134;2
9059;23971;1481512942;12
17244;7565;1481511469;16
13461;1342;1481536406;16
1839;13238;1481549253;14
19867;3397;1481512435;8
13790;8095;1481542424;18
8411;5000;1481513851;12
23102;3638;1481530229;10
1701;361;1481513077;16
8280;20683;1481540254;4
2889;6986;1481527351;12
19040;23116;1481543986;10
19422;9877;1481539886;12
6598;24424;1481526650;10
9278;3575;1481549544;8
17867;9844;1481530525;8
4847;8958;1481538959;12
12186;6732;1481522886;12
22271;18464;1481523089;16
24472;15020;1481514976;10
5474;4358;1481541941;4
6578;3888;1481519490;18
20536;12074;1481516517;2
1228;5996;1481518485;4
1611;21078;1481528444;12
12246;7900;1481528286;12
16834;10023;1481523988;12
21078;9892;1481520149;2
7060;4665;1481545294;14
3292;5892;1481546752;14
4680;20335;1481530516;10
10117;19062;1481524937;10
17309;24128;1481512122;10
9212;905;1481526104;6
9468;17373;1481535879;12
21411;8585;1481512466;14
6921;18466;1481517697;14
14549;7955;1481528106;6
6206;16534;1481547687;4
2413;27161;1481529829;8
10159;23023;1481545452;2
9672;11216;1481549663;6
1723;20110;1481513598;12
6404;6187;1481535927;16
1091;5756;1481546871;18
9815;4702;1481516138;14
10220;6780;1481549327;6
4528;20878;1481533596;8
5728;8295;1481537577;18
10912;11795;1481544881;18
19777;11056;1481512044;2
16098;7573;1481545428;18
23164;7324;1481528272;14
5388;16640;1481530504;6
1341;5108;1481525898;4
9180;6979;1481518760;4
352;16308;1481520319;4
1445;6965;1481518237;10
2369;19945;1481533041;6
9494;6600;1481521145;10
4184;18173;1481520361;16
897;5628;1481520791;14
6153;8143;1481543525;14
12089;32;1481511628;18
23971;24657;1481531609;4
7035;7882;1481529790;16
7071;309;1481550231;2
8195;1593;1481510562;16
26073;6830;1481548597;4
10797;17584;1481543599;6
16298;15460;1481525922;12
9568;18848;1481528725;16
7778;7188;1481527206;12
5892;10761;1481539143;8
6584;6821;1481544276;4
6463;9432;1481514063;16
3493;14163;1481534085;18
21678;9391;1481516326;4
7287;23789;1481546403;18
8274;5012;1481533238;14
6175;14135;1481540772;6
14640;12162;1481526377;10
3559;27163;1481519621;8
14159;13863;1481541522;4
27545;5046;1481511124;8
25370;3068;1481544989;10
15934;5034;1481510122;14
11269;3249;1481542524;8
13495;10551;1481534731;2
6360;1388;1481532594;10
11886;11143;1481532884;10
7689;21747;1481549414;10
20459;7809;1481547183;8
10354;23549;1481543801;8
13560;7083;1481536290;10
18878;7073;1481530958;10
5073;6387;1481540621;18
7002;8249;1481529099;18
16311;18314;1481550574;8
6193;10519;1481512872;14
4580;18934;1481529430;12
21496;19321;1481534917;2
9217;7999;1481510215;2
15735;25394;1481517757;6
9426;19759;1481534971;18
11588;6997;1481550303;2
6282;11402;1481544751;2
6611;8129;1481533401;10
1000;11375;1481515413;12
23518;19833;1481537425;4
2997;9746;1481547251;10
4840;6117;1481530327;6
11595;23171;1481512152;8
230;14635;1481514524;6
7282;24749;1481546745;4
11013;19953;1481538172;14
104;10835;1481526404;16
25052;1663;1481518950;18
8638;4529;1481512282;10
10724;21805;1481520937;18
11821;9494;1481539935;18
14983;17135;1481535900;14
2020;11954;1481538587;14
23490;19777;1481518287;12
2908;21720;1481537793;14
8589;27463;1481543831;18
11969;2765;1481539800;10
25363;15108;1481532960;4
23334;10825;1481532854;8
6723;6608;1481527524;18
25547;27029;1481525745;4
2344;69;1481539279;10
16861;1644;1481522039;18
23177;22640;1481527248;2
9463;17240;1481529488;4
17417;12221;1481550818;2
6840;4985;1481549955;4
11694;8683;1481533030;4
8949;19547;1481547854;10
2890;3495;1481542897;6
8321;6920;1481513840;10
8438;11097;1481543365;6
20759;8561;1481548986;2
16650;1622;1481528247;14
12090;1857;1481546198;2
1764;11065;1481547668;12
8449;11245;1481534742;14
8111;10235;1481541484;12
10795;26259;1481532580;2
160;25191;1481541256;14
4348;15777;1481515227;16
10326;4502;1481526811;10
25070;7283;1481541034;14
10929;3888;1481527154;4
1653;25493;1481533523;14
26219;15108;1481549559;12
7605;4193;1481538968;10
3411;4208;1481549282;8
10162;1462;1481542205;14
7874;1712;1481536190;8
10181;23542;1481545024;8
8405;1932;1481533230;16
14702;25375;1481547957;14
20297;12212;1481509767;10
4657;9679;1481511625;12
27388;18263;1481532040;8
17517;11950;1481520621;6
20049;11993;1481542426;18
1293;8954;1481535096;2
1960;11404;1481536830;18
6497;2404;1481511107;18
13187;26330;1481516991;8
8436;4187;1481530766;14
18213;19790;1481517316;10
12797;1984;1481529976;14
6159;4590;1481534776;2
17026;21834;1481547663;18
20007;4929;1481533828;10
27284;24986;1481538078;14
25431;44;1481520314;14
8351;6526;1481535720;12
10354;1724;1481533100;12
6460;8873;1481524172;6
15231;22451;1481545272;8
11777;20546;1481512993;6
1229;23061;1481545622;4
7567;21296;1481530641;2
15391;10683;1481528205;6
3979;5025;1481548675;2
17381;2611;1481536773;6
20852;16913;1481520009;18
13780;1635;1481520866;8
20936;13030;1481542780;14
2755;1185;1481522038;14
1029;5080;1481520053;4
18178;8553;1481540329;14
8444;7155;1481529516;12
5811;18195;1481527090;16
14122;25344;1481546231;16
9182;9750;1481544516;14
2782;6781;1481540535;4
9479;2419;1481524324;2
18884;9488;1481535192;18
5394;14950;1481517300;18
22640;25067;1481517773;8
16809;8278;1481530128;8
2339;19922;1481544312;2
146;3513;1481532024;4
13123;18812;1481519999;14
10261;12067;1481533155;14
12034;13912;1481532786;6
21363;19547;1481536258;6
4233;14238;1481545262;16
27342;7547;1481531336;16
622;17429;1481527647;12
6024;7349;1481522318;6
21800;2908;1481524872;18
4565;8646;1481521085;18
12372;18080;1481511944;14
1726;8948;1481512905;8
11136;11605;1481530356;2
18963;21729;1481536580;14
13773;4900;1481512153;8
4741;14907;1481528594;10
5128;2026;1481515263;14
933;7043;1481545798;10
1082;3497;1481544332;2
201;2525;1481548255;12
1703;18185;1481541668;10
11238;3264;1481543387;14
25441;359;1481523944;10
7561;27482;1481550610;8
5614;2283;1481533604;4
23031;13878;1481546509;4
5696;16050;1481519013;8
4577;9515;1481543269;14
22939;4978;1481534082;2
18319;4985;1481537678;12
2986;8328;1481530450;10
5729;14642;1481548151;10
22795;14230;1481540381;12
2177;27278;1481512368;14
2315;23865;1481524740;8
6963;21504;1481550886;10
19781;10326;1481515944;2
22625;20126;1481512885;10
9739;9428;1481521650;4
21840;15216;1481536876;12
155;3261;1481535645;18
24249;2756;1481549258;14
10597;15761;1481546529;2
8443;1599;1481545390;10
15031;1134;1481512730;8
7504;13888;1481520470;6
23172;957;1481550827;8
16143;16982;1481527788;18
22135;7107;1481517873;6
8532;1116;1481533311;2
1516;9751;1481513677;8
1047;11791;1481537695;14
4023;8143;1481537010;2
18883;2426;1481547012;8
9917;7958;1481515973;8
7348;27413;1481522533;18
949;3704;1481529725;2
173;26293;1481529604;16
10906;15763;1481513856;14
10230;4180;1481542642;16
8106;14863;1481538720;14
2821;1024;1481515572;18
4798;2126;1481530558;14
25518;23086;1481538360;6
10003;4210;1481510040;12
7888;8454;1481525914;10
1398;6661;1481516653;10
11176;20917;1481520124;4
11210;1403;1481535379;16
11600;27471;1481541669;6
16886;12240;1481530211;14
2155;20403;1481528156;4
5548;6997;1481546473;16
3063;17174;1481533983;6
434;4864;1481545649;2
7483;1836;1481538620;14
7955;19236;1481544446;10
20869;14624;1481522367;6
9163;25402;1481532163;16
14906;14691;1481525034;12
5614;1005;1481542251;14
10026;10123;1481529677;2
11371;3249;1481509774;4
2953;22298;1481521598;6
7247;11001;1481533070;14
12098;961;1481539270;10
2293;17552;1481535851;12
27158;7914;1481522294;16
20352;11201;1481539638;2
2890;24969;1481541590;18
8531;10488;1481545567;4
11146;5874;1481541112;10
25165;2035;1481510667;6
19529;6149;1481545754;6
6004;12183;1481524115;8
25283;19916;1481516879;6
14874;9971;1481542261;8
6362;6950;1481528699;14
6192;8986;1481532746;14
5247;25066;1481522733;4
10984;7183;1481537315;2
22146;17287;1481537522;8
2987;622;1481510353;4
18077;15019;1481540578;10
6122;12230;1481518897;14
20921;19042;1481518681;14
5957;1265;1481528133;10
7493;19054;1481550050;8
20406;14239;1481547424;14
9562;4230;1481532673;8
3541;9027;1481551135;18
8550;5870;1481535077;2
4699;8356;1481542801;4
1899;1327;1481526205;2
1453;7425;1481549631;10
17156;9458;1481543061;12
2031;8761;1481529744;6
2417;1166;1481548526;14
6235;1337;1481534072;16
27132;21509;1481513767;8
2848;2963;1481522731;18
19985;3628;1481544058;16
6522;11138;1481523414;14
9003;17902;1481515086;10
14660;1874;1481522554;18
8144;9515;1481527310;14
10183;22535;1481513317;8
7441;8911;1481525476;2
14515;11130;1481539746;16
9457;27088;1481529597;6
18092;2369;1481532792;12
19851;7059;1481520388;18
17515;9313;1481526403;18
15732;1392;1481547650;16
1106;9547;1481546048;10
24284;18340;1481543712;2
4294;22460;1481539449;6
11609;1073;1481544255;16
4185;3962;1481542441;14
19840;11856;1481547238;10
1504;15703;1481520001;16
1925;434;1481528590;2
8688;8137;1481546629;8
21363;43;1481510660;16
4516;18508;1481520724;18
3611;11717;1481513537;6
306;1623;1481529359;10
5294;17509;1481546264;4
6783;12784;1481520056;18
7414;3727;1481517723;2
5416;21376;1481523947;16
7082;7425;1481519325;18
20023;25381;1481519657;2
7063;14079;1481512147;8
8340;11907;1481550183;12
20990;12211;1481525996;2
4230;12380;1481518810;18
17377;7602;1481529085;14
11247;10906;1481531977;6
17019;5244;1481538544;8
27200;23516;1481537099;18
3914;13981;1481548760;12
20928;5919;1481509817;10
3590;5260;1481514690;6
6730;1908;1481520540;10
16142;5122;1481514057;14
5991;3253;1481534787;2
21093;11044;1481548486;8
8927;12694;1481518026;8
27028;1137;1481550124;16
21402;12335;1481531954;14
3747;5393;1481529192;6
15521;8334;1481529663;12
8566;11056;1481536614;2
14554;10686;1481529984;16
5673;4224;1481523242;18
13678;10216;1481545859;10
24654;20491;1481521258;12
3738;10268;1481522673;16
13218;341;1481515948;6
5750;6678;1481510706;2
17152;11909;1481548765;16
19772;27466;1481541010;2
23642;19872;1481513676;18
150;6965;1481547704;8
6501;22502;1481520394;12
27546;22148;1481534009;6
5248;5372;1481542630;18
8502;25387;1481511102;14
21922;4210;1481526564;12
10829;27047;1481524359;10
1013;22493;1481517140;18
19983;5857;1481513204;18
5876;12233;1481518318;18
4937;24249;1481523343;10
25172;27017;1481516210;14
21385;1790;1481544852;14
8379;4195;1481531016;2
19760;14433;1481510616;2
19833;4685;1481512276;18
3781;20417;1481531831;8
6562;7800;1481545010;14
11049;2123;1481540255;18
14563;23162;1481528815;14
9776;20045;1481519346;18
18894;17573;1481519940;4
5854;5909;1481514647;16
23696;1921;1481522364;12
6536;1791;1481531628;18
6889;9649;1481525690;8
27381;23060;1481514581;8
10357;9461;1481542884;14
10180;13560;1481542337;14
22462;8253;1481544875;10
25360;17879;1481546593;12
4255;9347;1481537038;18
5531;7514;1481528538;12
9975;19229;1481518468;4
1801;15421;1481513099;6
3029;4778;1481532765;2
7642;25431;1481549723;18
15082;24457;1481514923;4
17019;8995;1481532302;10
25162;25319;1481519933;18
27395;6295;1481532590;8
10075;18325;1481538918;12
25384;22929;1481525675;4
20589;25169;1481551126;18
6979;243;1481530227;6
23620;9174;1481540325;6
1334;10276;1481548926;2
984;20679;1481541134;4
3984;11227;1481526467;4
5486;1844;1481537063;10
10806;10727;1481533840;12
2147;5440;1481526370;14
2790;9194;1481544698;6
7436;3499;1481550135;18
11749;19552;1481541309;8
8289;16098;1481520280;18
4587;39;1481548589;16
10603;1031;1481519412;10
7469;14006;1481515572;18
11028;15309;1481526448;16
11251;27164;1481544978;18
1904;4786;1481526485;6
1599;9180;1481517765;18
21797;26127;1481511958;6
1723;5440;1481549241;8
8300;1955;1481536777;18
2399;3726;1481521606;12
6787;6701;1481526224;12
7561;3725;1481545163;14
16007;4574;1481517416;4
7901;5864;1481525936;16
1971;370;1481515351;10
6586;4680;1481521284;4
11993;17284;1481528848;16
3066;20589;1481515643;12
18097;1898;1481527899;18
8839;23161;1481519881;12
8766;1079;1481526658;6
1335;8050;1481538156;4
27057;4959;1481509996;4
426;960;1481542319;4
1582;27102;1481545174;10
1536;3574;1481528357;4
8910;9834;1481524683;12
1115;25011;1481548583;12
10611;5642;1481513225;2
2280;994;1481528668;12
25543;234;1481546972;2
9470;10711;1481538539;2
6500;7838;1481510673;8
15414;7941;1481536358;4
10203;23852;1481537716;4
4558;3267;1481549203;14
7848;12619;1481545909;14
10238;11603;1481535769;2
24957;27415;1481510368;10
27130;23729;1481545255;2
19716;6545;1481540486;18
311;21321;1481545657;16
8849;895;1481511647;10
14403;8927;1481543205;8
9477;17457;1481546296;10
7262;22495;1481520648;4
405;9799;1481525210;8
27268;15909;1481523737;4
14780;10066;1481514227;16
8282;301;1481542984;14
8238;9774;1481535435;8
20627;5970;1481510170;16
20984;27230;1481510137;12
14702;14892;1481515928;6
7903;7999;1481533650;10
2288;19538;1481516594;12
20076;6436;1481527974;16
16826;266;1481530537;8
7103;2734;1481515802;18
11223;23753;1481522567;2
6797;8868;1481526610;14
16805;27554;1481528812;14
2791;193;1481533618;2
8145;15311;1481522626;2
27164;13112;1481534701;14
27395;10734;1481511328;12
7684;12138;1481534972;18
6779;6225;1481520071;10
7052;19752;1481544374;16
7503;6320;1481527921;6
8422;17256;1481532648;16
9456;7715;1481518797;2
4574;13199;1481542133;2
17032;27488;1481533781;14
20868;19764;1481537125;10
5882;12120;1481535429;16
3792;8919;1481514807;18
19053;7983;1481536572;2
16045;3916;1481534453;14
1987;22469;1481528402;16
8026;22550;1481549148;12
24521;8961;1481523254;2
12797;20022;1481525157;10
14270;12070;1481511982;6
21269;13971;1481520284;4
6713;3416;1481519817;6
17418;24425;1481526680;18
19069;21369;1481532591;16
63;1639;1481527433;4
8346;6873;1481511367;12
3743;11895;1481530076;12
4268;24132;1481548029;10
27385;5262;1481547477;14
11630;5423;1481529359;18
3402;7946;1481518614;2
14634;8798;1481542540;18
7441;7910;1481535050;18
414;6435;1481529539;14
14935;6313;1481512975;14
15480;7022;1481543900;14
4626;4995;1481510356;2
6153;5240;1481512400;6
9243;6499;1481538683;18
10528;17611;1481522697;16
12880;3715;1481530942;6
2330;10612;1481536114;4
14198;13822;1481529476;14
1047;17297;1481549594;8
2805;27554;1481519299;14
6352;27321;1481533096;8
6712;24931;1481532167;10
14988;1350;1481549598;6
2797;22446;1481519929;2
24182;5917;1481511858;4
18901;8382;1481536298;8
17885;10845;1481539895;14
12085;157;1481512482;8
24462;10734;1481530788;8
1682;6346;1481547056;2
278;22503;1481550109;4
4224;1921;1481515303;10
3257;2986;1481515504;18
23645;18822;1481523301;2
12417;26085;1481537236;4
16885;3592;1481546885;2
2278;5081;1481533177;12
12788;4544;1481512305;2
66;21371;1481542663;16
9807;5697;1481550425;16
7803;4750;1481529466;8
20425;16050;1481530736;2
15785;2844;1481519842;12
27177;18247;1481530125;16
3069;14704;1481510998;14
6787;3747;1481510940;4
9852;22313;1481526710;10
14219;20195;1481512229;4
10800;18337;1481544410;8
7085;8434;1481541786;12
27015;16308;1481520719;10
27175;8656;1481544412;12
27430;5046;1481534736;14
19570;8025;1481544523;16
11797;18802;1481512288;18
7907;21809;1481513546;4
21489;5768;1481510728;8
9464;19948;1481530805;8
13177;5967;1481539972;6
12117;19493;1481510308;12
30;16021;1481545434;18
7099;17785;1481516176;14
18144;6376;1481539349;8
6126;16124;1481545411;6
4218;3995;1481525486;16
9952;24521;1481510226;10
23753;8698;1481523673;2
17191;20997;1481541266;8
12286;18314;1481540717;8
19880;4299;1481515181;18
7977;1039;1481533650;14
12296;1704;1481537368;6
1370;19802;1481530079;18
64;15390;1481525693;6
341;10241;1481522010;14
17847;7831;1481545726;18
4915;5649;1481537227;4
8022;12047;1481527534;10
560;14866;1481522421;10
8586;7696;1481521054;8
25176;21320;1481523015;8
2866;7000;1481538944;6
23299;7488;1481529175;18
11035;12744;1481521736;6
12116;16046;1481514781;4
6401;12063;1481545574;2
7980;6709;1481528337;6
6386;6401;1481518638;16
4177;17148;1481514245;4
4575;149;1481510100;14
19269;14106;1481525787;2
11617;6991;1481536598;16
17198;9902;1481525668;4
11247;907;1481536652;2
13011;12103;1481517932;18
6690;17375;1481516534;8
12403;27481;1481532200;14
1497;7368;1481536396;14
11948;126;1481538354;6
1395;13900;1481532343;10
11007;4509;1481534875;16
20103;20118;1481528339;16
3000;11860;1481511083;18
297;19199;1481538203;18
20074;4189;1481510890;6
16648;8750;1481512844;14
3406;17009;1481524109;8
416;20157;1481542198;2
3717;6327;1481513565;2
7073;5643;1481539319;4
11501;8985;1481549041;10
3024;5914;1481519091;12
3969;26032;1481531705;6
20083;10825;1481548608;14
20146;21716;1481516255;16
3468;6992;1481544421;2
25327;6439;1481510774;16
1256;11408;1481531430;4
1019;11693;1481521095;2
6921;6671;1481545594;6
8111;2010;1481530214;4
22928;3389;1481538571;12
17581;21809;1481550854;8
12159;9457;1481534676;10
18157;9424;1481543633;4
6926;7264;1481545144;4
26322;14699;1481540575;10
6434;27472;1481513029;8
7618;12024;1481516288;18
17030;23652;1481510284;16
14270;10359;1481539428;4
27000;9479;1481521897;2
11776;11043;1481510657;6
27285;17572;1481510040;2
15379;2818;1481514821;10
13426;25048;1481512337;18
1987;13974;1481512849;12
18857;10593;1481542425;8
17531;24951;1481544681;6
12353;22624;1481538931;8
17351;15768;1481534592;16
15306;21298;1481525580;8
20900;13256;1481525380;10
368;20978;1481522689;14
5267;5969;1481526590;4
19842;1680;1481521163;2
1051;2144;1481544164;2
3600;10551;1481519571;6
6227;9267;1481528435;12
15080;2015;1481510211;16
66;27007;1481550359;8
5917;14252;1481537798;4
8120;8577;1481530640;16
9832;6889;1481514630;12
24748;6467;1481544279;2
1954;8975;1481532301;6
12041;4844;1481538574;6
18153;22493;1481530022;16
14700;20990;1481536022;2
25383;21259;1481548138;10
3057;27384;1481546978;14
10267;5970;1481536560;16
2768;13195;1481542454;10
11595;12334;1481544322;4
1261;1084;1481536473;18
2743;17350;1481526005;4
4009;11159;1481522737;4
24953;3247;1481543769;4
15137;13879;1481518422;16
16851;22463;1481550533;4
686;5107;1481510919;12
15390;7620;1481533778;8
23518;5738;1481510226;8
6934;8758;1481534452;16
1278;8565;1481542351;14
15032;273;1481528825;12
7169;5437;1481537264;6
14124;6218;1481541870;6
1915;1087;1481526975;18
15097;2287;1481547751;12
10119;16913;1481519365;12
2784;20245;1481532483;4
9754;6876;1481517384;2
8050;20138;1481539558;10
11110;19967;1481514066;16
17400;6463;1481535710;14
27323;10700;1481517777;8
5043;8921;1481517858;2
15324;12798;1481531604;16
1306;23113;1481524510;10
9100;6362;1481533992;6
7032;4254;1481530904;14
4958;7407;1481546166;6
27429;881;1481538525;6
12228;24674;1481519809;2
24253;14635;1481535420;8
3703;273;1481533087;4
16126;14442;1481524088;18
27129;19779;1481511636;12
22955;10215;1481517742;12
9185;27405;1481535885;16
20069;7406;1481533501;12
22962;8093;1481538255;18
11803;21410;1481512447;14
20354;315;1481543366;8
1192;18349;1481517290;18
26040;6538;1481534011;4
6822;1044;1481517648;18
12032;3392;1481550303;6
1742;16118;1481519873;16
6366;5637;1481542826;4
380;20656;1481535392;6
312;9214;1481542029;10
12358;20120;1481546983;16
7008;5929;1481522661;6
17290;3394;1481523967;2
19075;2875;1481513708;2
6520;5772;1481538684;6
4850;5751;1481540912;12
101;24747;1481515905;10
21088;20356;1481548233;10
22296;14921;1481544077;6
8869;15481;1481546438;4
27143;16198;1481548742;4
4539;20116;1481537201;8
26205;20126;1481539996;16
22925;8685;1481543128;2
20531;24964;1481532804;10
20335;3073;1481531596;10
19432;23177;1481525662;16
3618;413;1481516379;18
11077;27133;1481530462;4
9959;4053;1481546231;2
6963;23304;1481515437;10
4356;12627;1481539109;6
5101;20881;1481521347;2
9663;8746;1481531350;12
7854;4673;1481515980;2
2389;26074;1481529142;4
6118;7065;1481533850;8
11777;4767;1481544016;2
11725;11055;1481523587;4
14436;7368;1481521602;10
6167;1512;1481548258;14
2453;27028;1481533379;10
23076;14289;1481526462;14
18849;2033;1481514131;14
27400;7569;1481541453;12
13814;20297;1481541474;18
4854;15476;1481545619;12
17268;2999;1481531670;14
5779;5393;1481546989;18
6246;194;1481511622;2
10516;2848;1481521684;16
20606;19432;1481513888;16
19842;15031;1481541192;6
20982;15992;1481546996;2
10495;11907;1481531694;2
5635;213;1481518346;16
4212;9284;1481511361;8
19544;15287;1481510146;6
6696;15520;1481540603;10
1349;16098;1481511955;4
12026;25175;1481520044;16
6632;5243;1481541771;18
172;21444;1481524777;16
1211;3372;1481538495;12
5434;1933;1481531340;12
21596;16133;1481536111;4
26;27132;1481536785;6
19218;22132;1481514016;8
7318;5400;1481540221;18
9533;8889;1481512124;16
23522;17291;1481543796;12
5973;10594;1481533810;4
19064;8499;1481546609;2
8471;22432;1481532258;4
11032;11780;1481518676;16
2841;12030;1481542874;12
20417;6327;1481528862;16
5974;7547;1481520520;8
3936;11603;1481537115;2
6603;7880;1481514821;4
12181;7813;1481538053;6
1766;19779;1481542035;16
21382;17269;1481511525;14
20684;6312;1481527473;12
27471;21214;1481524323;12
11723;19797;1481514690;6
7330;561;1481544385;18
23140;23031;1481538216;12
1926;6220;1481549834;10
14194;2606;1481529905;10
9062;18330;1481523894;10
27551;1589;1481530242;14
6633;2609;1481546640;10
5944;14629;1481517388;2
7006;20138;1481550321;16
25442;27039;1481541861;10
10473;22219;1481527569;8
16802;2635;1481512117;18
274;19526;1481512447;2
13296;3749;1481541557;18
11086;5527;1481517334;2
17048;4335;1481521660;16
16353;8546;1481536389;14
7473;5779;1481543140;2
7044;4572;1481517122;12
17573;1289;1481535986;2
14538;9448;1481550202;8
18332;12771;1481548736;12
6621;10446;1481521430;14
23002;1213;1481534578;18
20136;15481;1481516043;10
11772;6360;1481526187;2
370;10834;1481510181;14
10847;6555;1481515225;8
15025;3428;1481544929;14
8762;11802;1481526012;4
1789;1861;1481523228;10
8490;17863;1481510589;10
25508;2815;1481527224;10
22479;23085;1481513893;16
4180;8911;1481528948;18
8370;20424;1481539216;2
6155;7604;1481523781;6
3542;8529;1481547689;16
10700;8531;1481541312;4
25065;3777;1481539054;6
22143;5506;1481512001;4
7081;9684;1481540410;8
9025;12419;1481542437;18
3598;10188;1481533683;12
5914;17583;1481509675;12
14121;22510;1481513885;18
8501;14661;1481510364;14
8173;5914;1481525247;10
11617;10549;1481516334;18
8251;2017;1481524611;18
8195;4989;1481527974;14
4994;17034;1481522643;8
10207;21382;1481518864;14
19950;8441;1481519735;2
8900;3272;1481517659;4
5109;259;1481523800;4
21374;12571;1481520289;18
21401;22489;1481546819;12
4034;8685;1481535398;4
6123;5046;1481521752;8
17439;2140;1481544056;8
1212;6178;1481545566;16
7856;12748;1481550310;8
9899;14632;1481522916;18
8822;8883;1481526526;8
6228;10459;1481550295;2
18216;6167;1481546211;14
27292;6822;1481513299;12
20588;4520;1481550097;18
13209;27374;1481526746;16
6504;6958;1481545615;12
20195;22651;1481523613;6
6182;1487;1481546464;12
13856;13177;1481550245;4
8994;3626;1481520948;10
966;20337;1481527054;4
12083;1942;1481509851;12
4551;5267;1481528525;10
25071;6208;1481534217;10
3448;14658;1481534030;4
11224;7782;1481538537;10
10547;7938;1481512383;2
9002;15161;1481544527;4
14892;11595;1481513764;18
6971;21722;1481523336;4
1582;1232;1481528444;18
6968;9442;1481526504;10
3495;17310;1481545801;14
3740;12655;1481513924;4
989;14625;1481517446;8
10533;6417;1481543405;14
19224;1294;1481549862;16
1735;12091;1481538860;2
7481;108;1481525814;10
8469;10535;1481521702;16
10492;17330;1481533547;6
3269;23533;1481550972;12
11100;3786;1481523275;6
17306;24563;1481543449;18
26148;16293;1481513970;8
8930;9815;1481550917;4
7315;25285;1481539739;14
12771;17333;1481546289;2
7004;17511;1481515230;16
11920;3627;1481517325;4
1917;17028;1481537215;12
27196;9799;1481534053;4
16864;1851;1481545153;12
4360;13618;1481549707;12
1046;18114;1481525421;10
9737;11154;1481548861;14
26184;13724;1481548747;6
27393;1314;1481527012;2
7161;4322;1481517436;4
7628;21841;1481534939;8
4679;18905;1481514473;16
1636;24951;1481520885;16
13792;6024;1481535745;16
1402;20895;1481538866;14
8977;20627;1481545553;14
23786;24931;1481547902;10
14240;15097;1481535407;4
8093;8136;1481537349;10
2322;14875;1481533810;4
2982;10807;1481520152;4
10495;8694;1481514711;8
18348;25493;1481541538;4
27177;1203;1481536729;6
16648;15089;1481548090;14
8339;9536;1481542078;14
3012;4550;1481541005;2
17880;20129;1481543558;4
7421;7489;1481535013;6
5279;5501;1481526158;18
27408;5837;1481536764;18
108;299;1481523091;8
3165;6860;1481527161;10
11766;9416;1481540011;4
10682;14429;1481516397;2
9799;25080;1481514464;14
15379;14986;1481522381;6
2390;1344;1481517522;8
3388;1935;1481538436;2
6214;8528;1481516754;18
7408;24252;1481522985;2
1639;298;1481534646;18
21223;4736;1481544224;8
3394;3060;1481550768;8
977;5249;1481546491;8
11728;1018;1481519427;4
1163;2954;1481527781;2
5081;2354;1481525747;12
4273;8425;1481522896;12
5522;14695;1481514087;14
5821;1708;1481518614;12
13182;3532;1481529449;10
10240;20080;1481534634;14
5750;8089;1481528478;14
434;15916;1481519769;8
13808;4033;1481546267;18
24445;17;1481513140;16
10697;24277;1481521543;4
3855;3294;1481531101;12
395;15302;1481543548;6
14496;14702;1481523202;6
18323;8359;1481537530;12
10068;24731;1481536258;2
1115;11617;1481517173;8
7901;20091;1481536441;16
9065;15013;1481533727;2
6197;23354;1481535858;8
4562;6428;1481533902;18
7505;5875;1481540204;6
4005;11385;1481550947;12
69;27386;1481539309;2
23176;1888;1481541905;8
6147;1702;1481514695;2
1065;24950;1481524629;12
5385;21731;1481536113;18
23009;20420;1481532476;14
21089;8023;1481522500;10
9207;8942;1481513770;6
10808;5717;1481547499;10
18301;1973;1481533753;16
18906;10466;1481532781;4
18247;21209;1481537137;8
6215;6011;1481547443;8
9204;7168;1481541758;10
8109;5428;1481526776;2
27157;117;1481528660;14
17441;7618;1481533985;16
6545;27031;1481542419;16
13771;3008;1481546712;12
18303;22504;1481521179;8
1161;16799;1481532611;12
20980;2612;1481531399;14
22640;10722;1481511734;16
23887;10293;1481517244;18
95;19595;1481525641;14
1504;3154;1481537288;14
14576;3692;1481547505;8
289;8240;1481547454;18
1689;19278;1481519556;18
8330;88;1481518836;2
27285;2762;1481521005;8
4727;6028;1481521563;8
349;20408;1481515942;8
15016;5744;1481530007;18
5887;8348;1481520934;10
8248;4266;1481543490;6
6662;14244;1481545477;18
8973;18180;1481550829;6
20868;1086;1481533333;10
3925;9453;1481513098;12
6005;16903;1481512177;6
27048;14778;1481527186;6
4548;20049;1481524457;2
12036;1935;1481519302;14
12347;18946;1481509779;6
24281;9413;1481534092;8
7516;23621;1481542613;2
17021;6734;1481544820;8
1500;1442;1481524583;6
1920;6199;1481522232;12
1160;6811;1481527641;4
565;5488;1481527692;14
1259;1435;1481546100;8
22270;15021;1481517101;10
25084;3852;1481537847;18
4962;15090;1481547065;6
6309;2940;1481519278;10
12401;7538;1481541054;18
13796;7978;1481520820;16
7786;135;1481511952;10
10000;20600;1481524208;14
19313;18964;1481524279;2
20591;2802;1481538930;18
1867;8868;1481550015;14
4925;20944;1481515111;18
15448;6613;1481548818;12
9104;16193;1481530952;16
6669;7388;1481512267;14
4855;19200;1481527646;6
3602;27089;1481524967;16
1700;25140;1481514852;4
10542;2129;1481529356;10
7640;6663;1481538271;6
12591;2645;1481545313;12
20415;985;1481517889;16
18938;6826;1481543978;4
6658;19298;1481534383;16
26301;17471;1481513131;4
3648;14166;1481546415;14
11476;20083;1481513809;4
8927;8912;1481542388;8
4227;5401;1481541768;12
9682;27442;1481518758;12
19992;5865;1481525451;16
7552;15244;1481512808;2
7679;10892;1481535626;8
23099;4552;1481527666;4
8036;9751;1481525422;16
1683;12158;1481511344;10
8635;7173;1481550156;8
6671;26032;1481542491;14
3276;17885;1481510509;18
2017;17529;1481524874;12
11943;20146;1481545066;8
4558;27510;1481540846;8
10881;62;1481520920;10
20713;564;1481524326;10
6167;9855;1481512274;14
6626;4259;1481513153;8
9500;1930;1481543901;16
12699;7326;1481545178;16
3649;6166;1481533673;10
27182;23052;1481529519;18
20922;20831;1481532120;16
5827;19817;1481535373;12
17310;4706;1481509837;2
10328;4921;1481527139;10
13814;2016;1481512063;2
15127;19490;1481534047;8
1513;10598;1481512166;8
8452;5717;1481536757;12
17262;16903;1481529398;16
4579;27026;1481539810;6
17401;1498;1481524185;12
2364;25070;1481529195;16
11940;3788;1481522416;12
5691;3378;1481534109;18
20575;9491;1481514668;14
2875;8890;1481512914;14
13200;8478;1481515759;14
378;5046;1481533732;6
5753;15733;1481515060;8
18190;20586;1481514453;14
4522;5841;1481516294;12
156;24663;1481512173;16
17518;18336;1481530683;12
9546;7145;1481537818;12
3962;7016;1481540677;12
19527;24666;1481515313;8
19836;5398;1481547705;14
6973;14981;1481531937;16
1272;1556;1481520691;6
14797;3554;1481543252;12
25261;23761;1481518791;12
3613;4689;1481529467;16
15014;13496;1481532970;14
10320;7165;1481544283;8
4485;7356;1481546471;18
693;6454;1481545830;12
11714;561;1481513105;4
9002;14895;1481550894;2
24347;27229;1481528384;16
1959;17193;1481547022;4
1404;11563;1481513555;12
4239;15071;1481534068;18
6119;1516;1481539055;6
6260;10513;1481514773;8
7350;939;1481512714;8
434;21209;1481514661;12
3283;3384;1481525192;2
20963;4214;1481515725;10
7076;10114;1481550454;16
6917;16780;1481527712;4
14201;332;1481515786;14
14188;19847;1481537830;2
4004;19507;1481509794;4
26144;20600;1481534024;16
4244;14626;1481548799;14
23892;7622;1481516665;14
12287;6665;1481527039;14
27544;7051;1481537422;6
7707;11952;1481551018;6
17875;9505;1481543871;4
7763;6264;1481546599;4
3414;27143;1481540199;4
4978;4691;1481546920;14
4209;14192;1481536443;14
13199;14575;1481512590;18
24238;7712;1481525242;14
5854;19822;1481511096;6
20973;279;1481541280;18
27228;4023;1481541827;2
5102;23039;1481522871;14
11821;7247;1481542677;6
3398;15072;1481511690;16
15368;17515;1481520677;10
27262;27418;1481509769;16
9999;24752;1481510824;6
18908;19038;1481515030;18
972;7066;1481540547;10
6001;19807;1481536390;2
23040;3684;1481542102;12
24255;19812;1481536424;12
124;5598;1481549824;16
27011;76;1481551112;2
20131;6587;1481534960;6
8555;18194;1481525667;6
9868;6655;1481548855;18
10013;20689;1481524008;8
2362;23622;1481522156;18
143;18325;1481522624;12
24937;396;1481528062;18
8281;23525;1481543467;16
22180;23729;1481516710;16
13817;20588;1481519797;2
1654;7823;1481517694;4
10735;6649;1481523768;18
11235;12221;1481530578;18
8806;1550;1481531046;4
1485;7002;1481532527;4
1697;5718;1481524550;16
6803;18934;1481548309;8
7771;20688;1481533681;10
10000;14917;1481512634;14
24928;13215;1481536277;4
6464;6565;1481544201;4
5915;14183;1481536492;8
11693;1519;1481539849;12
4763;19775;1481524767;10
147;3284;1481510785;14
3714;4878;1481531175;16
5117;2728;1481548891;18
23170;7865;1481543344;12
1917;3463;1481528830;8
4330;14434;1481542575;6
1859;14947;1481523147;8
7525;27424;1481515372;4
6328;2970;1481531262;2
6552;8345;1481546423;8
8684;5038;1481528769;16
10878;2424;1481511060;6
8827;20930;1481549770;12
11083;7961;1481515347;2
17267;3649;1481531496;4
21282;14437;1481532413;10
27402;27230;1481549893;6
1381;14190;1481544108;8
11953;4974;1481521021;16
1898;10470;1481547798;12
22480;24562;1481550016;2
13807;8958;1481515537;4
6851;13914;1481527453;18
5742;12710;1481511707;10
2428;20083;1481511122;14
5878;15754;1481548555;8
7895;15350;1481523080;16
14549;11064;1481515079;8
19527;5388;1481528235;18
25167;2326;1481535712;18
1182;24738;1481542624;6
12214;1073;1481524512;14
11085;20922;1481543342;12
16034;13824;1481541769;12
22996;27453;1481511257;16
3272;20024;1481545660;12
4234;23628;1481524389;10
6396;15393;1481541471;10
20704;27521;1481548527;8
21229;977;1481528884;18
6965;7173;1481511496;4
5516;6693;1481543300;6
21845;8251;1481543285;4
15107;23728;1481539860;16
1749;7359;1481550719;2
9154;6385;1481539857;2
12136;8437;1481523859;6
15346;4745;1481545119;6
19543;11039;1481548140;12
2369;13785;1481510592;8
5815;1600;1481541076;14
27289;1042;1481518408;8
16890;15303;1481535707;18
10674;10720;1481534505;6
6512;6006;1481523408;2
6117;12872;1481528983;10
27553;4577;1481541659;18
10461;15988;1481542861;12
933;9847;1481540424;6
10807;5505;1481513610;4
10238;4570;1481546733;8
9983;6204;1481534799;4
8401;20524;1481511342;8
25180;18075;1481513747;12
27058;24688;1481522859;2
8415;2801;1481525142;10
8289;17300;1481509691;14
20479;22467;1481515919;10
15016;21217;1481518475;4
5649;15997;1481542086;16
6319;3147;1481532688;4
19832;8972;1481537826;10
12038;12591;1481541273;8
3379;12045;1481510485;6
7261;7098;1481518624;10
5930;8995;1481517254;12
15745;12749;1481519563;6
121;8930;1481517106;14
13005;1124;1481529591;6
19064;27286;1481530191;14
15393;4827;1481542394;6
6261;6149;1481513630;14
20104;27462;1481534180;2
18873;20846;1481548768;2
25381;2742;1481537655;14
7544;9324;1481541285;14
2798;23063;1481526209;18
5900;6348;1481528399;4
27228;20526;1481533227;10
5774;7795;1481544753;10
1609;6498;1481528479;2
5737;8033;1481536656;10
6159;20527;1481521128;4
14933;10847;1481534092;10
17485;14876;1481545402;18
25042;6387;1481531006;10
12239;2848;1481518810;4
16913;6803;1481513532;10
7159;14657;1481545427;6
3146;9963;1481541414;8
14872;8295;1481512494;4
2644;9534;1481523104;12
8160;7871;1481530299;16
4987;2031;1481544894;6
20689;4505;1481519878;12
8490;27021;1481516426;16
239;9684;1481528133;10
9290;24424;1481511435;4
5408;8290;1481531640;12
1341;9546;1481541799;6
6573;365;1481533730;4
8781;8108;1481524131;12
9552;23452;1481550819;18
27327;16200;1481535619;6
6534;8502;1481551031;6
7712;9279;1481518122;14
1620;2908;1481536734;2
20655;2986;1481548933;8
14648;19908;1481528017;10
4644;3371;1481542314;6
25441;4966;1481536961;16
10568;29;1481514063;12
19821;3770;1481538545;14
23519;12157;1481526802;14
14929;19550;1481546213;18
18112;6170;1481541239;6
27400;2320;1481535418;16
12333;6470;1481515925;12
23830;18166;1481536597;12
241;5635;1481535831;2
8929;1263;1481548565;6
5875;975;1481526842;16
1636;211;1481524762;4
2738;4242;1481546903;10
6363;2984;1481511880;2
17800;1791;1481511164;10
17007;8338;1481510805;2
20431;21489;1481549833;8
7167;23101;1481536154;10
1396;12069;1481516791;10
8289;21412;1481517860;14
1881;15474;1481515135;10
5355;21399;1481516075;6
26204;7767;1481540229;8
5889;20037;1481514523;14
8746;10090;1481522390;8
8417;15750;1481521662;8
2163;15753;1481525214;14
112;16302;1481549113;14
14565;27013;1481537759;8
13221;22273;1481514424;6
1510;9862;1481536326;4
20600;20909;1481513913;12
4259;23469;1481544650;16
14514;16094;1481509629;14
27395;9262;1481528028;2
123;2989;1481548520;2
11986;23763;1481538873;14
23191;6478;1481539603;2
7421;4928;1481541667;2
15473;15997;1481530528;14
10888;7368;1481547705;16
4919;11105;1481523747;18
7978;3163;1481514054;10
10984;26313;1481545987;8
10093;2735;1481538657;18
14699;8833;1481533793;6
1391;2273;1481514258;14
24133;27165;1481518495;18
2170;3683;1481524197;4
22582;16841;1481529335;4
8935;6830;1481547793;12
14442;6888;1481547536;18
620;27131;1481537585;10
4355;25384;1481526778;12
5891;18334;1481539665;2
9395;5440;1481520451;18
22921;8950;1481522609;6
27091;22493;1481516543;12
5892;5823;1481543827;8
9785;3996;1481531316;10
11377;4947;1481532098;4
24939;14981;1481510623;6
9149;8512;1481536255;14
4921;6301;1481512409;6
4056;8494;1481513680;4
4208;5889;1481544046;2
19756;1736;1481545432;2
2828;11415;1481542038;4
7419;20520;1481535967;12
27475;3589;1481549457;8
6157;7699;1481544693;18
22267;14866;1481514507;2
24;1800;1481528269;4
16184;25468;1481518862;16
18841;9472;1481514096;8
7389;10211;1481518143;8
8914;19914;1481511381;18
23823;4194;1481518989;12
6560;2785;1481522222;4
12161;13984;1481520290;10
7469;22146;1481526031;18
1499;2147;1481539288;10
22494;5693;1481515884;12
8135;10019;1481512144;2
17334;84;1481535260;14
10192;5845;1481537328;2
10488;3774;1481519518;14
19721;1332;1481534109;4
14625;6367;1481534874;4
1563;11007;1481524823;12
3682;10387;1481538621;4
104;17847;1481513532;4
9059;23037;1481534801;6
7354;5247;1481547440;2
27027;5120;1481514934;4
12867;4557;1481534229;18
23896;20943;1481530056;14
3288;4969;1481528844;2
7014;5856;1481550303;4
11630;987;1481535094;2
19417;18958;1481511833;10
1235;21269;1481549834;14
1225;3254;1481513126;10
14192;12120;1481511715;8
7452;16648;1481527184;14
15763;2848;1481518441;16
9916;21496;1481514292;6
10677;3915;1481519522;8
1703;1566;1481534475;14
4780;269;1481520235;18
14430;14050;1481519668;12
20244;5689;1481529710;16
3648;88;1481525023;8
11485;1794;1481527490;4
10109;1747;1481527515;8
16534;19791;1481520335;4
6383;14256;1481531075;14
1260;12809;1481519576;2
8523;3678;1481509700;6
14229;5401;1481530673;10
20130;21801;1481513244;14
16827;23900;1481517849;16
10105;10674;1481510622;18
18299;21376;1481517871;16
7792;9917;1481511586;10
3247;27545;1481511752;2
25531;1414;1481520276;2
18310;2889;1481542616;6
8046;4869;1481550468;2
10826;3073;1481538535;10
1678;4259;1481534589;4
19576;22134;1481518693;16
16050;3377;1481540594;6
30;3330;1481547576;16
25386;1860;1481525214;14
4977;1850;1481534267;10
23756;1182;1481512117;2
17420;18814;1481521206;18
4856;14001;1481510383;14
5805;7905;1481527326;14
12222;20129;1481512565;10
9428;8377;1481539894;12
6557;8161;1481511338;2
20925;9880;1481521587;10
10375;20037;1481516073;18
21407;599;1481517641;10
22143;1490;1481543529;14
14689;16913;1481540969;8
241;7051;1481545363;16
14713;12334;1481541545;6
27447;12039;1481529091;12
10037;20104;1481541721;16
13802;9206;1481546673;6
11478;26309;1481513447;18
9959;1331;1481540115;8
6804;14272;1481550137;10
6976;9845;1481534871;4
1007;11253;1481515806;16
27269;5602;1481528862;10
16841;7280;1481526198;14
11179;22298;1481539686;14
20036;3469;1481517806;14
5247;15131;1481529154;10
6182;11797;1481539496;18
6641;18215;1481547175;6
21802;1418;1481538126;14
15118;6916;1481544713;4
23179;7869;1481547539;2
4504;1005;1481536877;10
26029;12770;1481511975;10
25341;3898;1481541952;2
16997;22606;1481527376;18
10264;5261;1481537802;12
7995;8992;1481541312;2
3624;23165;1481510460;2
8409;1451;1481517644;8
10987;15508;1481550714;14
2751;1091;1481538636;14
2748;3561;1481509783;14
23330;12366;1481535325;2
1968;6174;1481526107;12
2772;9246;1481530141;14
7788;4600;1481536242;10
8579;10795;1481514360;4
15026;12072;1481509671;8
2171;10880;1481544502;12
3994;25192;1481542624;12
23142;12156;1481544200;10
8650;10649;1481538117;6
13815;6225;1481520671;16
7599;24928;1481509745;16
14710;7365;1481517566;12
1600;1687;1481522404;6
7162;5942;1481525848;12
11790;1597;1481525722;2
10110;8633;1481520494;14
27284;8905;1481527941;14
2838;18073;1481541839;8
26478;20193;1481522444;2
7097;12560;1481517303;16
4874;7011;1481532947;4
6600;24662;1481514960;8
27295;18338;1481514732;2
8453;18343;1481546696;4
20530;17849;1481529228;14
6589;26281;1481523407;8
1892;3004;1481541355;10
4961;20857;1481522311;14
1006;26310;1481532372;4
7905;9544;1481516047;18
4581;20545;1481515886;12
12761;6198;1481526584;8
18159;193;1481532421;18
24062;4559;1481518173;10
13822;294;1481511769;6
1732;18811;1481526575;12
392;1771;1481518392;16
6571;5379;1481516309;16
24563;10211;1481511245;4
6305;12642;1481539645;12
6967;2809;1481528174;10
14549;5395;1481525740;12
22163;15322;1481511860;4
15369;8511;1481540602;4
7940;2389;1481527780;16
14873;10251;1481534726;10
4287;21283;1481547826;12
1642;26119;1481535515;6
16915;10443;1481538951;2
1888;19716;1481525823;6
25067;4781;1481532418;10
12645;14574;1481538931;18
12016;20155;1481525289;8
20958;19052;1481533516;8
16872;12558;1481519009;12
1;32;1481511916;14
17294;7768;1481546440;16
1850;2021;1481535090;16
20865;2015;1481536244;16
9290;22930;1481542509;18
7087;7941;1481510126;14
7519;5257;1481511417;12
14872;21839;1481524390;4
8417;5943;1481536313;12
5426;25377;1481527737;2
3352;3623;1481534189;2
10415;17843;1481531808;8
20427;3119;1481548254;12
17424;24137;1481548532;2
15017;15452;1481536700;12
4319;21221;1481533075;14
8498;11172;1481519701;2
6684;14219;1481525387;8
11229;16034;1481547260;8
13910;13297;1481511214;10
25088;2429;1481540212;10
23536;17593;1481521392;16
2605;8088;1481521645;2
8798;6642;1481525299;18
218;8833;1481511284;4
3251;8517;1481531074;2
20687;4755;1481519346;2
17002;15484;1481522436;12
27412;6535;1481544292;12
1654;6213;1481536495;6
309;1376;1481526817;6
9883;14924;1481534969;2
10367;9103;1481544546;10
23176;1110;1481545428;18
7053;15484;1481527341;4
10045;2845;1481511909;12
9518;13198;1481532416;6
6150;23024;1481524240;14
413;1748;1481531138;12
25363;8685;1481511589;18
14550;9752;1481531081;14
24700;4679;1481538905;2
18891;8696;1481538035;6
3294;21833;1481527025;18
18198;4008;1481529676;10
5978;3745;1481540515;14
4989;5746;1481514603;14
10876;24928;1481531429;2
6859;16007;1481550472;6
17586;27540;1481520033;8
10524;4842;1481514255;14
6326;9811;1481530942;16
8477;3165;1481547504;2
12151;11044;1481539618;2
13199;10712;1481533273;16
15736;4814;1481543433;18
7344;1347;1481535340;18
6007;11002;1481547465;16
4878;22258;1481537696;10
4859;27056;1481517689;12
9016;4273;1481520681;18
9752;2363;1481548388;6
15301;6807;1481523287;18
384;3395;1481542419;4
19213;12247;1481513850;14
6959;21402;1481511243;16
18463;5627;1481543705;18
2147;1349;1481512175;10
24258;1935;1481543605;14
25388;8905;1481537947;14
4710;20372;1481517374;4
7335;9486;1481533696;4
25185;27299;1481510811;10
1483;16130;1481548639;8
980;11031;1481542905;14
1065;5823;1481526099;4
20111;2833;1481545198;8
7838;14040;1481542915;18
11044;16034;1481514407;2
27157;4507;1481528153;8
12098;12405;1481535065;8
14583;7883;1481515792;8
6466;8746;1481548269;10
8585;1013;1481545249;18
8053;6111;1481524006;2
6962;20708;1481526101;12
9481;25089;1481550490;12
5469;10241;1481521333;16
27179;1797;1481511310;10
98;23328;1481522675;18
5873;24370;1481550434;14
25023;24701;1481522178;4
14511;20997;1481520896;6
1009;6300;1481541423;6
905;10537;1481538685;12
3009;1967;1481533383;10
40;6005;1481549759;16
14119;326;1481523452;16
11802;23518;1481543810;6
10183;5018;1481520709;8
5933;26314;1481544571;14
4018;1379;1481545383;18
27030;21461;1481522863;4
17449;392;1481531315;2
8505;1269;1481530227;4
15931;13948;1481527681;12
7597;22146;1481545756;12
7802;4901;1481531661;2
6305;27322;1481540887;12
4736;20928;1481515423;18
1867;6568;1481527078;4
14262;2361;1481518349;10
9009;17168;1481514205;16
17581;1659;1481524284;14
6219;14999;1481527770;2
925;14665;1481518204;14
20598;19088;1481511601;2
20007;23540;1481530249;8
5109;24737;1481525373;2
5869;4965;1481548314;2
3533;4768;1481544387;6
59;6817;1481514971;16
3408;11694;1481528922;12
1048;16649;1481537690;2
18088;3939;1481510480;12
8030;9464;1481527069;4
12121;3591;1481528403;10
19040;13949;1481549126;12
11041;17550;1481549838;2
13928;10525;1481528626;2
3252;19963;1481541987;2
9391;1124;1481539866;14
6482;5276;1481532073;16
5760;24670;1481513455;10
17891;6289;1481543828;6
22441;24706;1481523601;4
3790;3349;1481529083;10
5329;14140;1481515047;10
27158;21842;1481516476;16
1545;10602;1481542293;8
12262;21727;1481530798;4
5863;14247;1481518586;6
2371;24;1481533872;4
5901;5103;1481517854;2
6310;9755;1481544241;6
5393;24172;1481545850;2
11222;24750;1481526897;14
6372;6301;1481520899;10
6354;18877;1481514104;10
22983;11798;1481528682;6
2402;1692;1481550120;16
3643;6152;1481539662;4
23516;15243;1481542405;14
27469;9740;1481536679;18
5637;19936;1481521437;16
20627;21678;1481545177;16
9391;8887;1481527850;18
11697;17332;1481510978;2
19876;20769;1481531500;12
27011;6857;1481533990;4
3792;11831;1481532021;16
1315;2878;1481535105;4
14416;1842;1481512508;2
5267;4352;1481524074;12
1133;3375;1481542492;14
23468;20408;1481530678;2
8801;6643;1481549957;4
27439;8886;1481540625;18
5527;25430;1481532449;2
337;1194;1481514703;14
15351;7182;1481544149;18
9993;20959;1481540724;4
12139;2777;1481524379;8
18196;8795;1481545653;10
5102;10195;1481524021;18
7258;17581;1481517671;8
11920;18444;1481540196;6
1173;3019;1481528630;6
3251;975;1481523622;4
10603;6654;1481525602;14
46;5923;1481513079;8
4585;4882;1481529301;8
16805;24179;1481512094;6
15328;2282;1481512414;12
24427;10108;1481545402;12
9077;1956;1481550320;10
12764;16179;1481524941;14
12328;4756;1481542487;4
6157;5047;1481515872;18
19200;12653;1481516963;12
17902;10443;1481529132;8
4773;15421;1481522853;14
22927;18149;1481521567;6
8349;9061;1481520251;18
6225;5972;1481549626;14
6137;2315;1481544053;8
4976;7595;1481516935;16
8958;10546;1481541844;12
2411;9470;1481537925;18
6885;6015;1481541503;6
8341;5;1481549887;2
11814;4834;1481525075;4
27325;14434;1481536999;2
6485;9185;1481550942;18
10649;4503;1481543520;2
18175;18261;1481526193;8
27186;17578;1481545825;12
14933;6015;1481550703;4
2379;22494;1481537429;4
18843;7482;1481528730;16
9407;12153;1481549886;12
5921;19943;1481525059;16
8540;13863;1481543152;6
8881;5874;1481514066;12
6586;4686;1481540172;8
332;9844;1481550781;14
9839;22988;1481539727;18
9678;13214;1481538423;16
10385;1191;1481517174;8
1869;1845;1481540861;18
20133;5257;1481518197;10
2609;3743;1481533833;14
21842;13909;1481519959;18
22578;428;1481523781;4
10635;20527;1481510973;2
6173;25492;1481510092;12
2765;10033;1481527823;16
5844;4040;1481546809;4
10618;1058;1481534356;10
15978;24921;1481532247;2
1384;13813;1481550719;2
15371;12247;1481518997;10
15227;19864;1481518549;14
10847;4771;1481546704;10
17580;6705;1481536744;18
17514;1886;1481549770;6
5774;5960;1481526824;10
6295;3469;1481525362;8
13343;4348;1481514083;10
25189;18350;1481550586;4
7562;9990;1481526766;10
13822;3371;1481519983;6
22177;9538;1481524915;8
4285;289;1481534711;6
11803;19064;1481530100;8
27402;13774;1481516832;10
2820;8826;1481545076;12
2757;23366;1481519190;6
4689;1193;1481530062;10
4541;4665;1481538823;16
7765;8109;1481545267;8
8432;8439;1481537787;14
13114;21463;1481531730;18
10622;12073;1481511753;12
23013;11175;1481539116;4
10044;990;1481538886;4
8972;6243;1481534342;2
10018;8303;1481513819;10
20445;5358;1481536666;18
2356;7336;1481520217;16
1851;7633;1481547466;18
109;3700;1481534857;4
21361;5952;1481509864;10
19311;10682;1481528211;2
13812;5105;1481521353;18
19471;6267;1481520671;14
2162;5993;1481527315;6
24749;25493;1481543185;8
9009;16099;1481512884;12
21397;8872;1481545265;10
5870;968;1481536433;14
4624;319;1481544903;8
217;4932;1481516727;2
11407;6222;1481538665;16
1547;10075;1481528704;2
27463;20947;1481531342;10
22933;6206;1481526447;4
10826;24731;1481531583;14
8498;12158;1481538365;16
421;10216;1481526214;10
11701;9897;1481533853;18
10045;16099;1481516054;12
24675;1724;1481542183;14
14653;3690;1481542453;2
1644;3248;1481538049;4
11759;12575;1481528440;2
1895;11910;1481532662;12
15483;3369;1481535703;6
16051;22955;1481549482;16
16812;18072;1481541310;10
10199;5629;1481516244;4
417;21462;1481539362;14
4768;8988;1481534467;8
20318;4762;1481523735;10
8132;23753;1481526554;14
15409;7005;1481543261;10
8747;6632;1481547138;18
16809;8822;1481534116;14
17172;7935;1481540611;2
10358;10983;1481526026;16
18899;21282;1481533670;18
11146;21845;1481549339;16
20106;16193;1481527433;4
959;2791;1481526479;12
976;22983;1481523024;2
18114;9814;1481551007;8
1042;2116;1481525487;2
15514;10446;1481535933;8
8237;5826;1481519864;8
6535;7317;1481511325;2
6026;18177;1481535040;14
1400;140;1481516312;2
25339;4356;1481520217;18
5432;1973;1481521476;8
10179;4285;1481525333;4
16821;8833;1481532998;18
1081;27156;1481518904;12
7244;1736;1481533122;16
4204;5978;1481548478;2
12355;3284;1481524482;16
10080;17550;1481543933;8
12293;15470;1481532391;12
14134;1602;1481549517;14
12643;6804;1481549319;4
20959;8053;1481526956;16
21376;6963;1481537772;14
17015;16044;1481530821;14
9448;5053;1481517414;10
90;10473;1481531879;8
7246;6712;1481519665;18
25380;5918;1481538663;16
1737;17001;1481518870;14
18763;6616;1481534923;16
22643;9665;1481513415;12
27489;1425;1481528758;6
284;7368;1481543527;6
10289;21809;1481539462;8
20962;5039;1481523633;18
3596;5391;1481521201;12
5647;7483;1481529235;10
7504;9367;1481529136;4
4800;3397;1481524877;2
9307;8764;1481539949;16
19965;5878;1481530106;2
8954;6481;1481546656;6
1631;6290;1481550168;14
23024;8949;1481524521;8
7902;11397;1481514050;8
9464;1855;1481544686;12
13975;6547;1481518335;8
2881;6249;1481537367;8
6626;21678;1481515076;8
9878;19555;1481517462;10
22274;26083;1481520209;8
6625;19308;1481545432;18
1045;21597;1481545813;12
20071;7638;1481509599;10
14690;13873;1481520365;16
27504;2023;1481520346;4
10467;313;1481522044;16
3982;19372;1481533512;14
10530;1723;1481548336;16
16193;24724;1481535155;10
5023;15374;1481531351;4
17044;6643;1481527234;12
6207;24378;1481520107;12
1107;19950;1481532214;6
10164;9994;1481526868;16
9512;11846;1481510504;10
10090;10539;1481544383;2
3903;9359;1481509805;10
130;15083;1481531279;4
21005;13852;1481514496;8
12519;12182;1481535051;10
9774;6380;1481540547;8
8028;23304;1481517890;18
18117;5121;1481550527;12
18960;17407;1481550449;18
412;3988;1481522921;8
11611;5093;1481511712;10
24986;7615;1481521760;8
10120;3902;1481543693;6
282;3585;1481523302;16
6172;11821;1481533132;12
22252;7901;1481525066;2
1081;19038;1481516100;14
10027;6467;1481547994;14
6368;26211;1481534749;6
4565;15086;1481529530;4
20310;8149;1481528213;2
23348;6621;1481525955;14
15995;23646;1481520293;8
2979;8439;1481529069;6
2347;8531;1481546453;16
15763;2801;1481531090;8
10673;13777;1481547263;8
25543;9167;1481517125;8
13287;25049;1481527294;4
6714;372;1481546776;12
7606;4641;1481544905;4
2334;8711;1481530282;14
19989;7182;1481527606;14
1441;17770;1481547662;16
10175;13;1481516896;2
3011;7249;1481536605;12
25405;5735;1481528619;10
22996;5097;1481539911;12
24565;22503;1481542364;18
15226;27030;1481509805;6
25062;19588;1481539087;14
17887;1461;1481522260;14
5017;1875;1481537273;8
6177;14692;1481535616;14
9904;7441;1481538227;2
1354;5491;1481541458;14
23;5029;1481537517;16
11213;19914;1481512561;18
16934;3462;1481520409;12
21718;5279;1481550135;18
22467;12133;1481509567;2
19217;13679;1481533728;4
6725;4232;1481516402;12
10593;6148;1481538476;10
16199;15231;1481533192;8
14130;14192;1481541597;6
2785;1572;1481510191;16
1103;2159;1481526701;4
12743;11858;1481547831;10
15499;23618;1481511459;2
23041;26;1481534026;18
19985;1089;1481527407;16
8144;1627;1481535586;2
7358;262;1481550573;14
4925;61;1481546077;2
5642;26102;1481548360;12
2761;12721;1481511328;6
13946;5985;1481542394;6
27434;26169;1481544726;6
18840;25056;1481530955;8
15785;4688;1481545902;6
27556;6582;1481548404;2
24354;25191;1481519037;14
8111;142;1481519199;10
5249;9899;1481542376;2
11618;10680;1481548642;12
24272;3943;1481515171;10
14515;20707;1481517735;2
17294;6989;1481536458;4
7186;1095;1481517748;6
19860;5085;1481515190;14
1640;2420;1481541943;4
18534;6164;1481518156;18
20510;20125;1481544130;10
9884;22268;1481515931;12
9819;17303;1481530748;16
27052;2962;1481512617;16
1568;6412;1481539805;18
418;15020;1481529207;4
12145;10681;1481540470;18
24413;7890;1481530975;12
4703;20463;1481522110;18
4508;5027;1481542917;16
9467;19071;1481510818;10
17039;10273;1481530453;12
11630;27141;1481520951;12
1959;14932;1481543259;6
1790;20195;1481513499;18
7525;8181;1481535656;4
11178;12290;1481520635;16
14192;2335;1481535631;4
14624;24659;1481516856;2
16797;4926;1481523307;18
3391;8533;1481543738;10
45;17253;1481517832;18
8470;19281;1481510036;2
23518;8685;1481542079;6
20063;7783;1481532362;2
10914;12521;1481522637;16
23002;12326;1481519764;8
5000;1326;1481526237;4
23112;10023;1481522603;12
10575;5250;1481547390;6
5080;11106;1481516900;6
15935;5825;1481537121;16
20143;3998;1481536677;18
23893;12782;1481519727;6
14662;7588;1481529715;18
4874;6808;1481522975;8
1078;10229;1481542989;14
1062;7776;1481510786;4
26094;10537;1481527531;16
27403;13218;1481539586;6
5681;16017;1481517036;10
13263;6909;1481539720;10
9662;8657;1481525586;2
18082;12073;1481512858;12
9106;4520;1481530237;18
27343;27332;1481530201;4
20005;14698;1481540229;14
4983;10521;1481531968;12
12089;8591;1481542153;4
9025;7559;1481543797;14
10542;1173;1481522878;18
12148;1749;1481527520;10
5983;6309;1481544658;14
1167;12071;1481541243;14
8539;18885;1481514756;4
13679;11134;1481543470;12
7293;27004;1481548670;12
19775;21368;1481544743;6
21226;2384;1481513358;10
19228;8283;1481535138;4
5928;8280;1481524270;4
14115;15326;1481512137;18
11869;13724;1481536641;18
1941;10522;1481545716;12
10811;6642;1481537839;18
7463;11021;1481529709;8
18912;16369;1481546364;18
17002;5103;1481531676;14
19828;10201;1481514716;8
3459;15287;1481514935;8
24933;12121;1481509677;14
52;18130;1481548097;16
17847;19232;1481549934;8
1181;7832;1481533862;16
17530;4290;1481514966;6
9955;14123;1481541163;14
9109;15083;1481531743;6
6189;8599;1481526532;4
7082;16302;1481541675;10
13199;1171;1481514169;8
2408;5079;1481550697;16
4930;6478;1481520060;4
17501;6221;1481525423;16
15129;14879;1481511545;2
5037;7264;1481515668;18
13618;2783;1481546364;10
3411;3252;1481537816;10
13773;5885;1481529898;8
2746;1723;1481521456;8
6929;27392;1481547063;2
3898;20869;1481515511;16
1413;14154;1481519334;10
19471;9535;1481536834;6
27399;9288;1481544367;10
10325;14164;1481513418;12
423;19860;1481516117;6
5511;25487;1481543308;12
13780;10325;1481520111;18
4927;15020;1481512371;12
24451;24952;1481526392;18
10276;6017;1481538486;2
3957;10812;1481550659;12
10736;4596;1481514573;16
27477;21403;1481529835;18
1514;1550;1481533069;8
8404;21312;1481550256;14
7762;8548;1481540868;18
20933;6011;1481520056;4
6308;1404;1481519762;6
5690;3982;1481549794;14
15995;3853;1481520466;10
9821;19832;1481526446;16
21267;22444;1481539905;8
23012;1149;1481522224;6
1701;1878;1481522619;4
376;6612;1481532448;10
7348;8526;1481531808;12
9822;5044;1481518167;2
8375;14795;1481523726;18
19888;20318;1481542270;14
6294;22317;1481525369;18
7710;3592;1481524320;8
7567;2322;1481520990;2
9671;18177;1481525966;8
3990;22298;1481530586;12
27038;3386;1481532051;2
23019;19832;1481515975;8
9885;8387;1481544705;2
19079;14663;1481532713;10
303;17465;1481519637;4
432;960;1481517785;12
24396;919;1481535054;12
15473;17183;1481537228;18
5927;13495;1481521661;12
6260;9804;1481540889;18
13853;19969;1481541307;2
6961;26187;1481522172;8
12159;3293;1481532510;14
23451;24711;1481538778;10
16008;1398;1481513874;16
1975;599;1481510141;14
19971;5783;1481538282;8
21299;3273;1481511634;18
4249;3982;1481540819;6
20106;13907;1481538840;10
1979;1037;1481516015;14
2343;1793;1481537660;6
23022;20598;1481510228;8
7013;6625;1481547415;14
21838;164;1481531480;6
14796;7073;1481539559;16
5439;7405;1481543180;4
8993;17002;1481531744;10
2274;1749;1481540524;2
17298;18114;1481549278;10
1679;8435;1481541996;6
5632;8296;1481544629;2
5760;27377;1481548966;14
4710;6408;1481518537;16
16195;14871;1481536655;14
3374;4266;1481518083;2
14905;8728;1481549698;18
1066;5052;1481527228;18
14572;7513;1481548194;16
17440;1986;1481546231;14
9821;40;1481548816;10
14577;3690;1481522192;8
10412;25399;1481547760;12
1848;6431;1481518083;8
2869;5644;1481543293;12
9820;8366;1481545197;18
18900;11827;1481528357;4
11815;6367;1481513102;12
5007;22161;1481529192;6
3609;8755;1481516464;18
5833;5692;1481544073;6
15322;19532;1481525705;2
14553;1147;1481511975;2
13859;8966;1481526202;2
1366;14271;1481517066;8
24954;19229;1481511848;12
27452;18156;1481524147;8
7098;15024;1481524320;4
8351;11614;1481529061;2
1519;5756;1481514394;14
12711;11592;1481520817;18
5265;20684;1481542275;16
21361;14891;1481521101;12
3586;27377;1481544878;10
8306;14631;1481514207;6
7800;11951;1481536441;12
1532;20445;1481516209;16
11141;1270;1481520287;2
8903;3532;1481534020;18
21399;5638;1481514325;10
16016;27104;1481545293;6
20971;4268;1481525207;16
10461;21411;1481510009;18
7788;4953;1481523420;8
6779;3680;1481540335;6
4751;20078;1481539058;16
23170;27104;1481520257;8
9499;8253;1481528680;2
430;25004;1481540178;8
128;24473;1481546973;10
11475;23076;1481543895;2
11946;6170;1481525555;18
4997;8921;1481516073;18
7792;9544;1481526201;4
9863;2379;1481519594;14
1550;9443;1481548410;2
8695;10610;1481544151;18
27553;1627;1481510396;10
17611;11027;1481512201;18
8833;6725;1481539044;14
19915;8644;1481510635;12
10670;4904;1481531819;10
6122;11120;1481547713;6
12812;10673;1481528255;14
7097;5925;1481535746;6
14184;14270;1481531380;16
7417;4351;1481538792;12
272;15347;1481516130;12
6855;8033;1481535414;6
14259;11821;1481538370;18
12069;20978;1481522218;18
19087;3620;1481510546;8
23168;8461;1481519224;18
27558;1548;1481535641;14
4565;22138;1481522528;12
8656;17398;1481526303;12
11208;23167;1481540186;6
12577;19834;1481540592;14
2931;15305;1481540090;12
24762;3020;1481533669;12
6767;11859;1481511973;16
17477;9887;1481528049;2
4874;20848;1481534682;8
239;17265;1481524562;16
25128;24410;1481518921;14
23348;1609;1481527587;16
27028;50;1481539473;12
5602;147;1481522979;18
6415;9163;1481520853;18
25158;3561;1481539295;10
13887;13861;1481522459;16
8982;14810;1481521493;6
18075;3769;1481539121;8
27418;9170;1481512388;14
8656;1841;1481532335;14
1633;10229;1481513657;14
3541;11788;1481527886;14
12157;5080;1481545630;8
23695;21452;1481520039;2
6410;3778;1481533790;2
5746;1705;1481515988;2
19897;8301;1481536858;10
16011;5101;1481533176;6
10461;14626;1481540469;6
1453;124;1481541174;12
8972;17881;1481516397;16
12028;16810;1481516626;16
12619;12744;1481520527;12
7856;147;1481546541;4
4685;9185;1481545791;14
7546;21294;1481510520;16
12064;8230;1481513709;14
24138;7834;1481512416;2
8086;6223;1481511365;4
20997;8847;1481520957;12
15533;21386;1481528323;12
5874;24933;1481537026;8
26469;8051;1481520022;4
6801;9761;1481542696;14
16709;1208;1481532290;8
25392;13314;1481531113;8
10313;20089;1481525826;8
18901;11363;1481540723;4
7870;4893;1481513036;2
15214;2158;1481510933;8
8376;7340;1481531346;6
139;15029;1481510909;2
6941;16304;1481531809;6
6719;3980;1481513951;16
19079;10981;1481535710;12
1503;4953;1481516869;6
16291;9872;1481523227;4
10317;1577;1481535067;6
17287;226;1481527108;4
16640;6950;1481529014;6
9217;8886;1481520016;16
6803;3417;1481528837;16
17797;11024;1481519420;8
2393;1661;1481511512;12
4762;11038;1481528477;18
21209;7526;1481510660;6
10330;11215;1481516528;18
25487;9267;1481534074;2
925;11703;1481532197;2
8377;62;1481533389;12
3977;356;1481531365;12
8367;1338;1481535327;8
18049;9778;1481513997;16
2609;2942;1481520885;6
17388;24663;1481545282;16
6664;27015;1481539437;2
15389;27011;1481529108;14
24692;6481;1481513936;16
12240;22447;1481535892;12
15313;2410;1481530862;18
7433;23540;1481537740;10
1664;23738;1481528408;4
1069;5102;1481535759;12
8463;7469;1481541901;16
21411;5113;1481532138;14
27089;3016;1481544625;2
10462;5700;1481540558;16
10250;7294;1481512626;18
5346;4697;1481550431;2
24753;3219;1481514333;4
22136;7894;1481543287;10
14155;19956;1481519859;16
17213;6312;1481521569;4
3922;22536;1481546569;2
6685;11058;1481536920;14
12280;22624;1481514577;10
6148;7887;1481547722;4
17285;1552;1481509578;12
4727;363;1481524868;12
23031;19826;1481534059;18
3971;11152;1481544236;12
6777;4979;1481532893;4
14255;27553;1481518544;18
10551;6672;1481523885;12
14154;6414;1481517667;14
16193;8923;1481520615;18
3626;7427;1481530942;6
4190;7830;1481519130;2
5971;1135;1481545820;6
1513;6932;1481512695;18
2979;10821;1481538023;4
25021;4795;1481534323;8
17417;4323;1481539151;12
25043;10383;1481541517;6
10682;23098;1481521768;12
10533;135;1481519847;6
6627;6346;1481527601;12
23524;9829;1481550959;16
3263;10725;1481526569;10
23760;9831;1481539809;12
4551;18188;1481518719;6
4183;959;1481540236;8
5472;5613;1481533176;8
17287;18181;1481532593;8
4859;13209;1481533400;2
12568;9187;1481548091;12
409;11249;1481547088;12
21000;25431;1481527551;4
3715;1642;1481543624;14
4683;15236;1481531757;16
288;14571;1481541388;4
26041;20427;1481528321;6
1428;7550;1481524230;14
9562;14120;1481546598;16
1698;14442;1481526405;12
7892;10192;1481526047;6
24658;12650;1481535385;18
24277;17263;1481546846;12
10913;12118;1481537401;10
2154;23041;1481548001;8
11007;1139;1481517307;2
6141;15347;1481544010;2
12087;14209;1481535800;14
8384;10182;1481545007;4
13287;26032;1481541693;12
25280;229;1481527205;18
1061;7960;1481535894;2
12058;23647;1481538125;18
2526;15517;1481529176;16
6799;4529;1481538165;18
14905;12765;1481534717;8
6983;15962;1481538577;8
11375;19590;1481511838;4
7109;1698;1481538599;2
5422;1627;1481517172;14
17611;10033;1481550131;6
14585;6309;1481518935;8
10264;19374;1481549609;6
8555;16377;1481518851;12
11805;11951;1481526581;8
13781;7588;1481514479;8
11395;19520;1481514923;8
9393;27267;1481521870;6
26211;20831;1481544675;2
1767;22574;1481510384;8
9470;25181;1481510834;12
10326;1966;1481524597;2
9395;23110;1481520072;2
12132;8703;1481533856;6
7013;2802;1481539391;10
13620;20864;1481529712;10
1672;14270;1481520201;4
1514;22141;1481538887;16
1221;14717;1481518635;18
25011;17244;1481542095;4
12055;27483;1481519761;14
5626;997;1481510993;8
15106;5376;1481543518;18
27054;17384;1481519959;14
7147;231;1481536053;8
4685;20484;1481542778;4
8492;5904;1481537334;6
3915;27486;1481523152;16
8397;2387;1481544519;12
11599;16202;1481517807;16
17850;23062;1481541800;10
19069;20679;1481548962;14
3942;6139;1481538962;16
20484;4297;1481510049;18
15127;201;1481543160;14
21296;4235;1481543462;18
17574;15226;1481539696;16
7389;2743;1481514768;18
6173;4031;1481535224;8
7444;16098;1481545312;8
4335;12415;1481547601;18
22472;7333;1481539533;6
15073;19093;1481515956;12
22450;14428;1481515756;6
14133;13297;1481539150;10
4196;13181;1481539871;18
4347;10833;1481510862;14
3369;5080;1481519827;2
19043;9169;1481517989;6
5127;19066;1481547667;16
3979;11697;1481544688;8
17263;22574;1481542756;6
5049;17150;1481515971;2
4158;6306;1481520286;18
9208;8574;1481538379;8
10912;15323;1481516404;10
20243;20245;1481523768;2
10909;8316;1481532152;4
11395;11109;1481522672;8
11225;20138;1481520751;6
15407;22456;1481544982;10
6719;243;1481516810;12
1429;6553;1481527049;6
19960;23348;1481518092;16
1587;5635;1481530483;14
1660;1246;1481521961;6
8088;1380;1481528794;2
11038;16796;1481549220;6
7891;941;1481539481;4
6706;27091;1481537280;8
8963;12921;1481511989;16
8316;10518;1481515026;2
27141;12233;1481517273;4
1006;11092;1481522223;12
9834;20419;1481510064;8
3950;6396;1481546404;14
24673;11128;1481537647;8
9148;3265;1481526561;2
6701;10124;1481532531;10
10378;27296;1481520261;14
8557;3592;1481536645;4
14555;9419;1481519212;8
1439;11054;1481524647;12
7489;13949;1481519232;4
12763;1376;1481525722;16
1733;20969;1481529406;4
343;18153;1481521280;4
14653;4531;1481520550;16
1746;5904;1481546702;14
7861;12028;1481549802;8
7247;23549;1481526174;8
1018;9059;1481537575;2
7632;4667;1481515483;16
7831;1982;1481529196;12
19799;19538;1481516561;18
8584;10804;1481527107;14
1126;5100;1481518390;14
6149;6867;1481525741;12
11041;17330;1481528257;12
12090;6731;1481542093;8
25263;19026;1481535575;16
13341;17305;1481515418;12
9467;9897;1481541840;2
1638;1745;1481510070;2
18848;2982;1481523903;4
14132;5699;1481520805;14
11798;4484;1481516243;6
23624;9444;1481536641;2
9554;2796;1481521951;2
7277;15766;1481516715;14
21719;973;1481533258;2
1460;8588;1481547156;2
12643;3398;1481512547;10
18900;1006;1481523107;10
19269;6538;1481549698;18
15403;1918;1481528824;12
17481;11406;1481531306;8
1091;22274;1481516905;16
24164;24665;1481535182;16
891;3295;1481516627;16
23889;14717;1481525905;6
9460;917;1481534672;16
8869;9434;1481509788;12
17041;9751;1481537371;6
1151;27284;1481520834;14
24981;4594;1481543177;8
2022;21841;1481520626;4
903;13817;1481523759;16
1773;20974;1481538073;18
32;8415;1481527983;10
6788;7566;1481521930;16
15229;5122;1481517971;6
12317;9568;1481526483;8
10632;17512;1481531402;12
21269;135;1481537683;4
23085;27163;1481524193;14
6011;27336;1481545969;8
9533;7262;1481516875;2
19432;22431;1481535023;12
3261;6434;1481524996;6
23445;25426;1481523561;2
8594;11134;1481543791;10
10699;8535;1481519925;6
23449;2747;1481515228;18
20335;3624;1481511707;4
5358;5845;1481528456;16
26148;198;1481516219;12
16301;18843;1481522866;12
6159;7451;1481509950;18
4959;7505;1481514163;4
3410;18880;1481514283;12
18813;17257;1481526307;16
2788;6373;1481515739;2
286;15253;1481525395;14
1630;23039;1481520597;8
10331;3953;1481530177;4
9759;3276;1481524231;4
9821;27431;1481530183;8
4503;4024;1481528363;14
6356;19825;1481532126;2
9255;7995;1481549528;10
17583;3285;1481539752;18
20096;12582;1481531741;16
4565;6276;1481540972;10
6574;1086;1481548651;14
3066;3535;1481532922;12
20083;9256;1481537717;6
7189;7594;1481512103;14
20419;18907;1481523902;2
25512;1898;1481523531;12
10030;20100;1481550590;10
19921;5779;1481548438;10
1059;17171;1481532853;2
6276;4292;1481548721;2
13929;17392;1481529996;6
11606;6265;1481534453;14
9454;24934;1481537528;12
16533;9564;1481547902;16
4581;6876;1481535371;18
11701;11743;1481513639;10
10264;24481;1481528911;12
11201;17048;1481533959;18
12030;1692;1481548501;14
1210;3412;1481527788;6
6370;19284;1481511624;12
7349;20072;1481543252;12
9013;344;1481510627;2
6351;14929;1481524323;2
17263;1179;1481541807;16
20773;8986;1481518760;4
3946;8086;1481518564;6
4573;6793;1481513930;10
4831;18907;1481533398;18
2980;17044;1481510417;8
18838;20340;1481525132;4
25426;15745;1481523773;12
4204;1138;1481513518;12
24279;8355;1481533606;14
7586;1094;1481512782;2
24133;10526;1481538062;14
4667;10255;1481526934;6
13912;27411;1481523076;18
16811;14510;1481544210;8
5642;5739;1481537028;8
22267;566;1481549842;10
19777;23162;1481539383;6
4840;23084;1481550200;8
21252;24584;1481515325;8
19986;7260;1481542392;6
22602;7040;1481512015;6
5973;14777;1481517852;6
19813;22651;1481544744;14
13287;8633;1481536821;16
10701;10553;1481524532;14
13004;26051;1481525714;8
5432;1080;1481537637;4
7877;6539;1481551052;10
18312;21399;1481518326;2
5424;3612;1481548734;8
7414;1873;1481524338;4
6610;15761;1481540926;14
1217;11403;1481514282;16
14550;10795;1481533151;18
1059;27507;1481544676;2
4662;18073;1481519572;10
24396;5516;1481516649;14
7419;2998;1481549146;4
984;5804;1481522908;16
6862;23350;1481510368;4
10108;20907;1481545767;4
6822;16189;1481528510;8
6575;9994;1481545376;12
9461;5240;1481520057;12
25066;3986;1481546572;6
9556;3781;1481538363;4
7390;16126;1481540439;14
23531;27202;1481516298;8
20986;8280;1481549376;14
4196;13945;1481544014;8
12572;24176;1481518219;16
256;11124;1481536841;2
6692;171;1481542086;16
5473;5108;1481536462;18
1372;6784;1481541360;16
310;27091;1481545732;2
1057;4667;1481542241;14
14654;8516;1481522716;10
1404;21318;1481519321;14
7948;19212;1481544729;16
17420;1616;1481543574;12
8687;6346;1481521449;8
9814;14658;1481511430;2
8873;7413;1481510025;10
5372;15421;1481530312;4
7994;200;1481513851;10
23063;14050;1481544715;10
1153;7399;1481533897;8
9123;1065;1481549151;18
10700;7760;1481517751;6
2030;17280;1481532890;12
2826;7816;1481542456;8
25522;18914;1481550238;4
7818;1585;1481549271;4
10834;13213;1481536590;10
18151;27294;1481534786;8
7074;12064;1481539177;10
5331;1028;1481543482;10
25067;3915;1481537471;16
4541;25044;1481521412;16
14451;16197;1481527802;10
2950;14780;1481512932;6
22213;6434;1481521577;14
359;12644;1481523472;18
7564;14699;1481520185;4
9198;10318;1481526752;12
16293;21397;1481515971;10
9651;19055;1481511441;2
25430;433;1481524201;2
18907;565;1481523333;8
1893;23486;1481518380;2
183;25265;1481547218;14
9878;90;1481536045;14
27004;6165;1481538501;4
1498;16781;1481544884;8
23526;17003;1481540481;16
1767;5806;1481520750;2
5429;20007;1481515815;6
27550;16194;1481546234;12
20454;12788;1481523305;8
8993;2409;1481536606;14
12654;26477;1481511551;8
7849;18158;1481509598;12
562;26083;1481545584;16
8682;10986;1481517786;4
17512;11415;1481535061;2
6355;6697;1481549545;2
3898;6655;1481531552;8
23786;23085;1481525637;14
19069;12419;1481520140;6
14106;1792;1481541174;18
20948;1352;1481550521;16
23866;7648;1481531579;8
22586;14247;1481529083;4
1700;12216;1481546247;4
10359;13975;1481545752;12
6200;21802;1481550292;18
27040;245;1481509738;6
12420;21377;1481551060;14
3060;17513;1481524753;8
7622;5748;1481547753;8
6673;331;1481543983;8
5735;19712;1481541951;10
13226;9285;1481512784;12
6781;4218;1481537982;8
6781;4955;1481522049;8
27046;7460;1481528176;6
17883;19560;1481529427;12
216;3497;1481528554;2
3124;11829;1481547030;2
9013;21452;1481547767;6
9441;16802;1481541168;6
23618;25088;1481528085;14
7013;9663;1481529659;8
19432;12088;1481539427;4
7630;266;1481535060;6
12601;19071;1481524607;6
10773;6858;1481550244;2
9287;20135;1481547127;16
13779;7084;1481517865;14
7007;4183;1481511838;12
2276;12674;1481515679;6
7523;9159;1481542392;10
10184;2808;1481525652;18
23175;5614;1481545764;16
9427;21717;1481513443;2
24360;6516;1481550278;8
10502;23120;1481538910;8
10721;6519;1481549924;18
25373;2294;1481538883;10
10270;8320;1481536508;18
26330;19963;1481531404;10
17440;20531;1481523761;18
4576;25073;1481517017;10
11702;19560;1481517322;14
4213;18423;1481549072;4
25372;10474;1481519529;10
7802;3719;1481539123;18
1329;10253;1481551092;14
6909;5764;1481544177;10
10202;6961;1481537991;18
17294;8827;1481537509;2
4356;5829;1481546340;16
4753;6025;1481534751;10
10988;7332;1481525504;18
14511;8922;1481520342;12
6884;1308;1481535893;16
8474;6476;1481540555;4
25086;23526;1481512199;4
7253;391;1481522013;4
9798;21213;1481548549;10
18114;25182;1481529467;14
9808;7815;1481521485;10
1046;903;1481518880;10
8399;23037;1481525663;18
6314;1836;1481549576;8
16186;14874;1481532566;10
6814;20535;1481537451;4
20453;8498;1481527281;6
1374;24540;1481515577;12
20067;7442;1481550807;8
19712;26500;1481528961;14
9010;14185;1481537529;12
6880;23172;1481512649;4
2824;23049;1481533978;12
2845;13187;1481529092;2
3258;8813;1481547945;16
21498;25062;1481526541;12
24762;8693;1481522780;8
9318;11616;1481517520;12
23327;4178;1481525427;18
6471;16910;1481538614;6
10852;16022;1481520798;2
12214;15100;1481516443;2
4225;5754;1481520014;12
5970;16008;1481537687;10
4680;8172;1481534468;16
5702;1767;1481520218;10
6209;6667;1481535657;10
26309;1133;1481535878;8
16808;3165;1481525853;8
21807;24061;1481510896;8
9019;23176;1481534347;4
21496;6959;1481546495;18
19779;8191;1481533708;14
2743;3897;1481536959;2
4628;15091;1481527618;16
12134;21316;1481519834;16
7897;18896;1481515880;18
27126;1935;1481536262;14
1581;27161;1481539152;6
19059;985;1481534816;12
1500;11941;1481510201;12
22499;23891;1481549176;10
4605;6673;1481547319;16
11595;19080;1481534382;16
11567;10534;1481531407;12
9680;27012;1481514422;18
4746;4995;1481544668;6
13774;16517;1481526517;18
1773;6592;1481523592;4
12656;267;1481516183;16
255;53;1481540750;18
23364;17335;1481511814;12
11588;222;1481536425;4
1372;9279;1481543879;12
5814;11594;1481551054;16
21443;1215;1481511847;6
9438;11477;1481536967;14
2985;15781;1481524604;10
8922;20962;1481529667;6
4049;917;1481516050;8
417;2960;1481513670;8
9570;9203;1481525891;2
5909;5857;1481527922;14
1099;27492;1481513923;2
9417;4841;1481537656;12
10504;1275;1481514993;6
23041;1496;1481544627;10
1010;16040;1481544250;18
3459;153;1481517692;6
13972;3077;1481528695;10
6650;19953;1481544968;8
23021;18843;1481514005;10
1986;10013;1481527745;12
17467;10259;1481526542;2
14543;11054;1481538486;10
15226;19550;1481532203;10
1354;4192;1481537785;16
7520;17532;1481524258;10
10005;16809;1481525734;10
19219;8398;1481529938;16
4336;1408;1481521514;12
10681;10162;1481547916;4
23696;15252;1481539142;8
8354;14451;1481533658;16
8175;6383;1481529934;6
12334;7145;1481541532;10
7946;12064;1481523260;8
3902;1927;1481541301;14
6245;7861;1481522534;6
5548;7166;1481525115;4
13914;1677;1481524041;6
14629;5844;1481549841;2
14916;4565;1481546268;2
11026;7709;1481514756;14
18865;1035;1481515850;6
14923;6703;1481523045;10
5261;11862;1481549078;2
9573;11091;1481530540;16
7070;176;1481532185;14
6365;5356;1481521745;2
6648;6568;1481528933;2
9522;21000;1481545798;4
18130;20484;1481540638;2
10749;6121;1481527279;10
1162;24183;1481515420;2
9738;5722;1481521253;4
6384;4958;1481531616;8
15350;5124;1481535925;10
12095;4983;1481539548;4
8893;6823;1481512898;2
24842;16127;1481536212;6
6828;23515;1481510996;14
273;1311;1481514206;16
22460;1049;1481527696;4
20129;4239;1481528033;2
4752;19279;1481519813;10
9862;10030;1481547335;2
318;12088;1481540153;6
11481;20129;1481521179;16
15431;7689;1481512815;12
4926;5263;1481519066;18
4696;1071;1481532810;10
8560;2271;1481545880;6
6696;3619;1481525090;6
6346;6111;1481514635;6
11409;25549;1481548591;2
5297;21722;1481527189;10
10907;11244;1481517687;6
13910;18902;1481529357;4
20864;5902;1481536841;12
23014;8836;1481533029;12
7954;16188;1481550065;10
6429;21076;1481545156;6
17309;11037;1481520342;6
2610;25045;1481534850;8
20906;9526;1481545468;12
8398;5953;1481528753;10
18214;7811;1481550088;4
4011;27399;1481537894;8
7436;6326;1481513672;8
27095;1449;1481529843;6
8230;21714;1481532336;8
26139;7822;1481540148;10
2142;10560;1481546444;10
11060;7504;1481516059;10
22443;10613;1481515264;18
17176;4985;1481521362;8
20136;6195;1481523007;6
23517;23850;1481530840;8
21401;7916;1481522506;2
22972;3726;1481543105;10
5508;4832;1481531099;12
7998;4747;1481530589;16
17464;12230;1481519487;10
7022;1430;1481526238;16
6795;5093;1481539473;6
8550;20694;1481530267;6
3725;21802;1481549582;8
8745;20543;1481550719;8
11565;14874;1481543791;10
1696;11117;1481531915;8
14693;8949;1481539562;10
22962;5824;1481524947;16
3133;16532;1481539031;12
3411;11413;1481539289;10
12285;13819;1481515887;4
2769;5972;1481520590;2
6929;1673;1481514614;2
19749;26309;1481520313;16
22586;13344;1481531279;10
20024;9280;1481534381;16
19876;3640;1481533815;6
4774;3766;1481526381;8
380;6726;1481516386;10
6691;9535;1481515301;8
1130;21840;1481522513;2
27037;11036;1481540170;6
22464;9882;1481530501;4
24392;27056;1481520092;6
27052;3269;1481544581;10
414;6379;1481511933;10
13724;7007;1481533821;14
17513;39;1481519338;4
8847;4760;1481509813;2
3125;7454;1481550288;10
8172;17881;1481550030;2
10681;22254;1481523430;18
1116;8058;1481517150;16
17254;2282;1481549578;4
5598;7408;1481524575;16
5260;1170;1481546461;16
12244;12029;1481547376;12
5243;20298;1481518795;12
8354;24355;1481514117;2
11592;24521;1481513721;14
21030;1397;1481546499;16
12816;20402;1481532970;4
5611;27261;1481530045;8
301;23354;1481517311;16
24481;10773;1481516189;4
19486;8275;1481510818;16
11575;14580;1481516497;16
126;10503;1481531657;4
6274;3017;1481526037;2
8527;3379;1481544800;16
6823;14553;1481518111;2
21383;21798;1481531950;6
2322;1376;1481545410;8
27027;4744;1481511045;18
11921;17253;1481527233;16
9058;25053;1481542974;12
18424;4590;1481536662;4
10027;10075;1481516339;4
1106;11959;1481518972;8
4989;9300;1481532250;18
3123;15024;1481544996;6
17536;23356;1481547738;8
2952;21303;1481518066;14
5118;10220;1481509514;4
10887;9813;1481542089;10
2409;22316;1481521185;10
10670;3019;1481527485;18
10357;14260;1481525366;16
20968;11959;1481546868;12
1749;4850;1481541415;6
6929;19236;1481538495;8
1799;1601;1481514465;6
1310;6566;1481520091;14
2156;16182;1481547905;2
18860;9519;1481528847;4
12162;16016;1481513085;6
8945;2354;1481509937;4
8514;18156;1481524755;10
4508;17391;1481526883;6
21071;19583;1481515599;18
18472;8561;1481544482;16
22588;1121;1481520240;4
17028;10814;1481538376;2
20140;17515;1481522889;2
17849;10650;1481511910;4
7884;8352;1481531718;16
19233;2828;1481515397;4
21;14908;1481533659;12
25176;23646;1481517072;10
10293;11136;1481514504;10
14907;5441;1481526485;4
20973;2150;1481520245;12
3076;23014;1481518478;16
7960;9626;1481520228;18
19454;8873;1481518827;4
8502;21323;1481525879;10
4916;9253;1481547124;18
24963;12585;1481525098;16
4267;4869;1481521592;16
17783;9505;1481531369;6
7561;13811;1481539022;16
249;7408;1481524473;6
249;11705;1481510387;8
18904;5904;1481526015;16
4358;1801;1481543338;18
26203;5393;1481536993;14
6470;12647;1481538326;8
5632;25046;1481539203;4
19828;17376;1481525826;12
11120;8533;1481515587;16
4221;5770;1481518662;18
51;8746;1481543800;6
19870;11851;1481549882;18
21452;25175;1481517582;12
20636;9345;1481527303;8
9133;6588;1481511075;12
21387;25062;1481514046;4
12245;1352;1481534887;8
5592;18196;1481536141;16
13678;23118;1481528610;2
12015;17533;1481536190;6
6724;20775;1481540585;4
8401;4550;1481543091;4
11620;18337;1481538018;16
6863;19311;1481548652;8
6145;7520;1481512896;4
1865;8123;1481523632;4
8194;3601;1481525317;6
7076;8809;1481528495;6
15488;65;1481521079;6
19232;4246;1481515413;12
9917;17421;1481512179;10
1212;13905;1481529666;14
3249;1740;1481544756;14
11156;1044;1481518946;8
8912;7882;1481528404;12
19224;9422;1481535267;8
17579;12048;1481510906;10
15226;6288;1481520093;18
27101;6924;1481520005;8
19236;12518;1481521383;18
10001;6319;1481547948;14
8902;1372;1481510629;16
7147;14289;1481529450;18
6454;23172;1481535403;10
1853;18213;1481520695;2
17256;19534;1481528760;6
15393;26107;1481534864;12
9300;19549;1481525247;4
23695;4587;1481513946;14
17231;7934;1481534373;10
15127;1638;1481510934;18
20292;8519;1481511279;18
27395;14133;1481528847;16
1362;20786;1481519023;2
9874;12068;1481527988;10
937;20970;1481546053;16
7772;5124;1481534579;16
2769;11403;1481512088;12
16533;19222;1481518984;10
24164;7773;1481523673;12
4289;3010;1481546027;16
10582;272;1481545630;16
8583;1027;1481534896;8
5737;11401;1481528477;16
6366;441;1481546965;16
4524;1406;1481544898;16
18158;17782;1481515408;16
7405;24934;1481551020;16
7792;13426;1481537177;12
17396;6474;1481549170;4
3749;18821;1481515991;12
20073;9365;1481513247;16
4858;11785;1481547112;18
16184;18081;1481511483;2
11481;4300;1481533104;6
27012;7366;1481537027;14
5531;24679;1481530935;12
25193;24977;1481524431;18
9216;23019;1481534372;14
3469;19952;1481522125;14
8762;18131;1481536161;4
6143;9383;1481539519;8
27036;4551;1481549599;16
17790;4678;1481516774;10
8173;4039;1481528764;8
23540;1400;1481533799;12
5433;6499;1481540616;14
12152;23859;1481540789;6
9001;20687;1481543309;12
3934;9673;1481526252;16
10005;11158;1481532867;10
6536;27423;1481529573;10
4915;17430;1481521171;16
22962;21299;1481520591;16
7622;17792;1481548815;8
15407;7599;1481525563;6
7268;4686;1481536376;10
14183;24238;1481536174;4
9436;13813;1481549133;18
1171;10908;1481538055;8
27335;13790;1481525341;16
15326;11902;1481512003;12
11945;27034;1481527559;12
7878;4983;1481529825;18
6276;23366;1481543800;14
3155;11880;1481546543;2
7425;13820;1481545844;2
8899;10604;1481543675;18
23891;2383;1481541153;18
27098;3261;1481511513;6
15307;10015;1481546679;12
1624;5937;1481548379;12
10355;11131;1481530205;2
22490;21283;1481535226;2
1209;9318;1481530911;2
1919;1856;1481524276;8
9865;3395;1481519120;12
3485;6108;1481525390;6
12017;17611;1481511443;6
25321;10064;1481514268;4
1843;10508;1481535349;2
6969;1071;1481514044;12
10822;10498;1481546673;10
4627;7627;1481533795;4
3946;2121;1481537792;10
6407;5124;1481525481;6
8532;155;1481535346;6
3083;11234;1481525358;16
10317;14930;1481516159;10
22983;3982;1481548618;18
27378;2800;1481521021;2
13820;10704;1481543218;2
24259;320;1481512698;18
7260;25493;1481513755;18
25501;16131;1481543453;2
15735;8582;1481550345;4
12285;13197;1481530384;16
425;44;1481548356;2
1531;10271;1481514275;4
7164;24667;1481535597;14
6459;4757;1481533678;2
22461;5728;1481517529;18
1498;5353;1481525784;16
24753;16321;1481548965;16
19989;9502;1481526671;6
12674;6330;1481509687;18
25160;8382;1481550595;4
11040;7269;1481526370;8
10540;6802;1481522864;16
18310;4874;1481510475;12
11396;6207;1481526804;16
9713;8953;1481516053;14
5469;23356;1481544749;14
23786;10875;1481510954;18
4315;19953;1481531401;6
4853;376;1481523383;2
16888;4995;1481529900;14
9228;5385;1481545919;8
21481;7622;1481544105;16
27206;23544;1481530380;18
1970;16887;1481520071;2
4328;1361;1481550610;16
16982;16847;1481525826;16
2980;9740;1481513850;8
27282;7582;1481519529;4
4361;3696;1481531978;6
20948;11172;1481529182;18
4923;1568;1481526144;12
4222;22989;1481512413;16
7710;1745;1481518005;14
14928;18843;1481521159;14
21808;11921;1481535243;8
15978;4996;1481548614;12
24964;7341;1481549285;4
1620;5761;1481518661;10
20996;5477;1481543388;18
2175;6991;1481536283;10
4641;27015;1481509614;12
329;21493;1481533883;16
7054;2747;1481537069;10
15036;10832;1481533032;2
250;27042;1481530598;12
13297;14907;1481545939;2
8949;5716;1481550818;10
27101;1226;1481543304;4
11802;23167;1481535897;16
6962;10591;1481509884;6
4297;11264;1481515664;16
7031;5117;1481524003;8
10486;19534;1481518323;18
27510;15235;1481531335;18
24370;9208;1481533095;2
11068;7413;1481534274;2
12229;19587;1481522534;2
12138;1734;1481529318;6
12057;20425;1481521400;6
6264;1108;1481511562;16
3637;1010;1481550611;16
12655;10553;1481517501;8
14510;366;1481540056;16
20523;1451;1481534722;10
17363;4669;1481538441;8
21225;10717;1481531127;18
3386;14697;1481536652;8
24706;4746;1481537874;10
19235;6874;1481526369;18
9346;23894;1481542036;18
20290;22133;1481516220;4
7422;17514;1481546440;6
5412;26128;1481523805;10
16182;15375;1481547653;16
1648;13560;1481537539;8
6787;4591;1481546356;4
18908;9675;1481531896;18
410;8740;1481537506;12
23696;11213;1481548248;6
27422;10988;1481511617;2
21401;5924;1481542946;16
10571;12325;1481529553;2
20948;5973;1481523354;2
18809;25067;1481543780;14
12290;7353;1481529375;16
12372;13851;1481539435;18
8032;10738;1481518053;2
290;6932;1481541538;10
25511;249;1481529658;18
10696;23046;1481511587;4
9798;14183;1481549128;10
390;18175;1481519311;10
4520;15745;1481512302;2
15463;306;1481534302;12
16800;27471;1481514038;8
15352;10025;1481534832;4
8094;15763;1481512695;12
8410;16889;1481516555;16
3081;15299;1481518792;10
15302;12743;1481544875;8
8514;14270;1481533255;16
6369;875;1481517938;14
2411;1545;1481546355;18
20576;7799;1481526972;14
23302;957;1481519706;4
8308;17902;1481551103;10
6285;26311;1481542489;6
16826;111;1481534400;2
27425;9441;1481546041;12
4006;26127;1481534392;8
16656;11000;1481522982;16
20945;4930;1481536958;6
24257;1883;1481522314;2
22133;12012;1481548455;4
7568;19598;1481532031;8
19868;19824;1481515108;12
7474;6481;1481510987;18
23110;439;1481519427;12
11482;201;1481515481;6
6971;5037;1481530969;12
3026;6809;1481528074;10
11054;12799;1481527079;18
3907;6469;1481509765;8
3012;8133;1481524474;16
7939;12142;1481514330;6
1432;5845;1481546630;14
5857;17461;1481518272;6
19538;7573;1481527990;16
2119;17306;1481536936;6
20919;7102;1481533534;6
156;24472;1481510400;6
10188;11784;1481515334;6
8775;7797;1481514540;8
304;11780;1481539975;16
6390;25516;1481515064;18
9894;17297;1481539325;12
23652;22993;1481511812;12
1277;6981;1481525290;8
15116;20895;1481531244;14
17407;8946;1481545379;6
23104;8411;1481524513;4
6729;3396;1481546711;16
22627;25044;1481537085;8
5480;7616;1481529580;12
25250;7006;1481533270;2
11004;11782;1481520525;6
12314;45;1481528778;6
1981;17399;1481511856;6
943;21214;1481532147;16
2989;27392;1481544921;12
9556;11240;1481540280;4
8427;3057;1481510236;16
7495;18861;1481520737;4
10582;5047;1481510796;12
4296;14699;1481538235;16
4544;3961;1481522568;4
25432;1890;1481514084;12
19269;2152;1481540007;16
24918;27395;1481545511;14
10242;18195;1481525072;16
367;23651;1481547894;14
14796;6676;1481517865;12
11019;1579;1481547921;6
5763;18534;1481536576;12
1625;7439;1481528222;8
3745;14631;1481512314;16
12387;11234;1481536579;18
5516;1590;1481515104;14
22431;1125;1481550524;12
21298;6763;1481536250;6
18207;11017;1481539612;4
4029;27411;1481531692;18
17407;6692;1481525277;12
5431;1886;1481533087;14
11697;7394;1481515836;16
15414;8685;1481530460;12
27140;12419;1481516565;12
27290;10699;1481522890;2
10112;23748;1481547180;14
20934;20520;1481523356;8
9441;6112;1481521422;8
15223;620;1481538648;6
153;1905;1481541639;2
3283;7575;1481531157;18
5841;8977;1481536766;10
85;9765;1481547977;18
27537;1486;1481520918;2
9946;17582;1481527850;4
20999;10541;1481545989;2
4855;11117;1481522274;14
1624;19213;1481532674;12
340;6159;1481541231;8
27467;5121;1481550325;16
8401;20355;1481535748;18
4728;9003;1481516868;6
10313;20945;1481518757;6
3449;20693;1481513308;8
1815;4698;1481532092;14
1838;22526;1481522617;14
4680;23262;1481537218;6
2780;21719;1481538819;16
7526;7487;1481541351;8
7447;15480;1481525666;2
7924;24584;1481513763;8
9971;17395;1481529817;6
23036;2893;1481537313;6
1157;1204;1481520437;2
14635;1609;1481527093;4
14891;19827;1481513749;4
19539;8520;1481544319;8
20656;12818;1481542930;8
13872;2351;1481536695;8
19816;6216;1481519925;4
8582;2350;1481523954;6
24143;25512;1481513910;16
8378;27321;1481528608;12
22267;27089;1481546000;14
1660;7801;1481525555;2
19060;10409;1481537351;16
9436;7005;1481518427;2
19985;3855;1481513682;10
1161;26329;1481533321;18
15252;16017;1481512560;18
14905;6538;1481545549;14
17485;10260;1481536057;18
19533;9846;1481541739;14
6831;9323;1481546720;10
4226;20530;1481531238;16
5419;27405;1481550909;6
4218;10928;1481532827;10
25339;8144;1481522747;4
3393;11856;1481525735;6
14544;15023;1481545976;4
10112;3374;1481517150;8
8516;20079;1481532486;10
22533;9211;1481522415;6
17031;420;1481515951;6
15339;9789;1481528298;12
4228;10515;1481526553;16
915;12220;1481511660;16
22984;11988;1481546003;2
13875;25025;1481524172;16
389;15349;1481527728;16
6676;7389;1481517690;6
7110;10981;1481522367;14
6554;7940;1481520037;2
24373;15226;1481532063;16
891;14561;1481533060;8
3421;12083;1481528856;8
5510;16006;1481509878;8
6430;4547;1481518431;4
10929;19825;1481513176;10
8484;25369;1481518951;14
1427;21487;1481547147;14
6357;1562;1481522171;10
13562;6704;1481537732;14
1171;23653;1481517119;8
18900;6691;1481544345;14
1367;6704;1481531864;10
4785;8995;1481535281;2
314;9569;1481518230;4
7290;27334;1481523787;6
24133;24061;1481544316;16
17395;1389;1481539240;2
12412;11822;1481546774;2
8971;16049;1481542447;10
6840;6488;1481549093;12
23340;107;1481549621;6
24326;7889;1481521067;10
21596;23337;1481530166;8
24707;4204;1481551043;10
2139;21483;1481544707;8
9437;11259;1481537587;6
19588;17789;1481512846;16
1385;15522;1481530297;2
7290;26166;1481527248;8
9790;24989;1481518088;18
27091;15460;1481515567;18
6298;5627;1481521747;16
7103;7070;1481530760;8
18334;12177;1481515701;2
5267;24563;1481516276;18
7634;7523;1481544908;4
1001;10215;1481512475;18
21;19771;1481543588;12
19590;12411;1481523245;16
332;10276;1481533234;14
10388;162;1481542891;4
1456;7973;1481530848;16
22509;4336;1481538313;10
8341;4677;1481541477;10
23886;23697;1481533286;4
11119;19534;1481515192;18
23650;23623;1481543993;14
25508;156;1481541000;18
3591;11375;1481513217;16
74;24701;1481539473;16
11728;16336;1481516861;18
17043;16678;1481528238;8
9435;10241;1481536775;18
9541;3380;1481544083;16
7550;985;1481541958;6
13180;1499;1481529015;14
17849;27027;1481523188;2
6832;24359;1481516190;12
8173;3992;1481516564;10
17923;10984;1481540884;18
11483;14118;1481527248;16
20713;23149;1481531623;10
5093;9948;1481534094;12
1194;3417;1481527946;12
1560;26262;1481529037;2
2354;10354;1481532256;2
24668;9059;1481510327;12
1489;4298;1481516089;2
27019;4324;1481526903;8
16049;9659;1481532471;12
15077;223;1481536579;18
23034;256;1481546101;10
5697;6199;1481551102;10
1951;13004;1481513263;16
23329;2130;1481547591;18
13198;9284;1481544580;14
4236;8833;1481528105;16
2371;5891;1481534327;12
20074;1560;1481536104;2
1800;9056;1481524801;10
27342;22972;1481517237;8
17757;1316;1481517613;14
3506;1639;1481514277;12
5757;9819;1481520254;14
19963;9469;1481532706;12
7512;10317;1481539857;14
3554;2387;1481529647;4
6273;27128;1481518105;10
1669;4989;1481526846;2
18325;10244;1481529996;12
14823;6405;1481547760;14
11885;23857;1481529677;6
4993;21921;1481541812;2
2736;20361;1481550774;2
13976;5359;1481511876;10
905;19941;1481546945;2
8995;25060;1481545765;16
6435;6726;1481516387;18
22496;2816;1481528100;12
8892;20128;1481514265;6
8015;27538;1481538761;16
10720;1349;1481534596;16
101;4693;1481510167;8
15129;4626;1481536783;10
202;7391;1481530690;8
1346;20927;1481529349;18
8494;9159;1481512465;16
12332;13905;1481547844;14
6654;11017;1481516268;12
14928;10497;1481550340;14
6657;1342;1481550735;14
17149;17498;1481531464;8
11388;5825;1481528551;8
21727;4284;1481514979;16
14961;23548;1481534190;16
3404;3013;1481509875;10
10268;6201;1481540277;18
9998;6015;1481521253;12
3570;11076;1481538394;2
9161;3999;1481540959;2
8026;1072;1481518097;2
27310;17254;1481510069;10
11371;22621;1481546746;10
9432;5998;1481549490;16
4965;19852;1481529780;12
27014;7568;1481533583;10
18461;24257;1481535531;12
7533;20036;1481512600;12
18901;4359;1481542784;14
7543;5048;1481510593;6
1145;3324;1481544310;2
11177;6173;1481520986;14
20534;18144;1481510225;6
317;13003;1481542357;4
10279;14615;1481549746;14
11911;9763;1481546492;8
17788;8282;1481523228;12
2747;8598;1481523319;16
16132;20792;1481545501;2
8761;7814;1481527345;14
10888;7562;1481528397;18
24939;9434;1481540758;8
1682;15481;1481524316;18
91;14983;1481519242;12
14439;10810;1481550877;12
7912;9635;1481544010;10
26041;7887;1481512616;18
26203;2279;1481534623;4
25081;9423;1481519248;14
11856;17903;1481536439;8
6626;20261;1481526231;6
18196;14705;1481515697;4
9814;6550;1481543539;12
426;6672;1481546763;18
6878;1593;1481543829;6
19300;11904;1481521722;6
7458;12764;1481524968;10
17133;2152;1481521223;10
2845;16918;1481527530;10
10495;8944;1481517234;18
13113;7533;1481537678;10
19296;5716;1481510817;18
12816;6798;1481516016;2
14992;19846;1481525600;14
4319;6432;1481550795;16
20094;27310;1481533763;16
12311;24649;1481522825;2
3026;24416;1481525194;8
10309;10013;1481513849;6
4042;7604;1481533511;18
4858;21443;1481512455;16
9104;23863;1481545707;12
3630;3713;1481543484;16
20005;11056;1481513908;14
22644;6403;1481534269;16
7980;5874;1481529186;2
27508;8420;1481524225;8
17183;9391;1481519981;12
8376;3934;1481549862;10
27460;27330;1481533673;2
24665;210;1481527724;8
24449;11391;1481525353;16
8021;70;1481511867;10
1169;18178;1481515428;16
9449;115;1481529373;2
5097;17269;1481520985;4
10179;4353;1481537339;18
27545;2335;1481526322;10
6112;7938;1481532916;14
8498;20899;1481537497;8
7675;25232;1481549882;4
10016;27383;1481534286;4
6801;23062;1481539450;8
23445;121;1481541824;12
20607;23813;1481509593;14
3465;5003;1481512812;6
23889;19528;1481522948;10
7271;2332;1481532239;10
180;6475;1481535676;4
2814;6218;1481534125;4
6772;21374;1481510026;2
18900;9750;1481515986;8
24659;2772;1481545575;18
5722;18508;1481537806;2
10279;23885;1481540512;4
14632;19859;1481520239;8
9791;17403;1481547405;4
23663;11144;1481518211;16
1099;4710;1481520377;10
19062;24090;1481549311;12
12153;20012;1481511740;12
972;9148;1481537292;10
5816;11178;1481522148;10
7446;7891;1481526780;16
9281;1620;1481542016;8
3546;3969;1481546515;4
3968;281;1481523887;12
21845;25047;1481513562;2
300;6387;1481542140;12
9514;20127;1481540217;10
5281;4350;1481525150;14
8400;18113;1481528145;6
8903;19544;1481516076;12
20463;7894;1481517103;6
263;3976;1481549764;2
1896;25382;1481544205;14
7328;26260;1481532024;10
27010;10089;1481514235;10
1616;247;1481544004;4
5869;6781;1481518544;18
13219;8834;1481518508;10
9457;5860;1481509946;16
24374;12944;1481521148;18
16813;5418;1481522085;6
10681;24449;1481528270;2
25160;8785;1481511284;12
8368;7075;1481530762;2
17846;7566;1481516387;18
2123;23086;1481521325;2
23737;15084;1481524346;12
13114;9752;1481540058;16
4732;18183;1481537980;2
2952;23024;1481519240;8
6538;17526;1481541348;2
18911;11243;1481533036;14
26072;24279;1481547752;10
1406;18508;1481512210;18
18936;12866;1481522846;10
4177;3448;1481544473;8
5027;7902;1481521522;2
7423;16531;1481514934;8
9810;12774;1481538797;2
8400;6582;1481519184;2
17420;21402;1481536152;8
27059;15250;1481514731;14
3986;27005;1481536996;10
3287;23053;1481532817;2
19821;11139;1481512961;10
8419;22455;1481546704;2
10014;11;1481545517;12
14576;5693;1481518653;14
1982;16016;1481531013;2
10123;20575;1481529567;6
8939;21303;1481530429;4
4595;12187;1481518886;2
4586;27210;1481538777;2
15785;10914;1481528770;18
17470;5392;1481525307;10
6417;17121;1481549477;6
6653;8408;1481515841;16
3288;5944;1481530788;10
5037;8400;1481526141;8
7521;7675;1481516099;18
11598;9820;1481549218;16
1967;26111;1481517807;2
2022;5612;1481540588;2
8032;4811;1481541353;4
9713;16362;1481543535;4
18834;8234;1481539125;4
9103;6429;1481526245;10
17331;7082;1481526770;6
4566;3495;1481515348;4
7402;11234;1481514714;12
9664;14579;1481513177;18
14818;19534;1481528871;6
1987;8922;1481547370;12
10852;6993;1481518311;6
5840;2848;1481511394;18
17171;993;1481529645;4
6705;25532;1481547605;4
9341;4968;1481548973;12
8908;7293;1481543123;6
4294;16334;1481540726;8
599;21218;1481532895;4
5878;8759;1481516813;2
2795;4874;1481521467;8
21401;20300;1481538380;2
8578;7147;1481519034;8
16836;1059;1481547767;16
17160;14711;1481540662;8
6246;25156;1481545620;18
6984;1656;1481516703;2
1446;20352;1481548575;14
72;12947;1481548998;10
13810;10354;1481535322;2
6148;16129;1481535796;6
10312;10811;1481525252;12
6833;9469;1481536228;4
6838;1052;1481530705;18
20472;7180;1481511032;4
3269;22493;1481546917;10
7351;18906;1481531527;8
18461;21289;1481541564;10
3382;27325;1481523510;4
14641;3620;1481530838;12
6705;8643;1481522741;16
4727;21720;1481529369;10
14981;1968;1481535335;2
11149;1674;1481546406;10
9886;24283;1481534285;18
8984;24957;1481520209;8
17463;3428;1481536184;4
21737;22922;1481526394;14
8515;10315;1481533739;8
1933;7574;1481525225;8
7048;11135;1481539046;4
6111;3247;1481541363;12
15088;2416;1481539618;8
4039;1708;1481540223;10
20143;6890;1481523466;12
21922;4706;1481532856;16
14903;10269;1481542240;8
5842;7468;1481535632;12
7246;16336;1481529825;6
3421;15079;1481527238;12
84;8516;1481545768;10
20096;22133;1481529823;6
126;25001;1481513149;16
11005;5473;1481547044;6
8127;4562;1481540797;14
5982;23548;1481537551;16
27207;21004;1481515379;16
6945;7546;1481509647;12
3696;5627;1481513748;18
7894;10213;1481509939;18
17190;17548;1481543954;2
3640;10461;1481526788;12
11768;15520;1481526949;16
7176;11111;1481524316;16
3561;4663;1481514083;12
1875;8590;1481519806;10
26165;14001;1481546394;12
19865;10523;1481523751;2
4822;3934;1481542854;16
27418;118;1481522209;10
379;11269;1481515350;18
17847;1599;1481540433;8
8685;19860;1481528426;4
8517;8415;1481544662;16
20975;15081;1481545311;2
3626;8870;1481540274;12
5740;26100;1481534035;12
8047;19882;1481524217;6
25531;11212;1481550610;18
14125;6855;1481539884;14
4335;9855;1481517806;14
25545;8515;1481533960;14
24294;901;1481547198;10
27030;3590;1481537250;14
14615;5942;1481547598;2
14426;23549;1481528612;12
1584;7619;1481539383;6
6585;9009;1481521568;14
25024;19943;1481510550;4
16023;10384;1481522275;18
9104;10640;1481511317;12
5821;1204;1481548298;2
25197;4290;1481515307;16
20052;5960;1481549563;12
2018;12325;1481528688;8
14911;4523;1481533470;12
10887;11617;1481527653;14
3078;6919;1481514686;10
21383;6508;1481534663;2
23866;27028;1481547662;2
5980;8444;1481520803;16
1319;8234;1481550176;6
27161;18193;1481548649;14
8785;4283;1481545706;2
4595;1766;1481543320;8
11089;8379;1481511369;18
3372;3749;1481528713;4
6926;9664;1481519079;6
19823;11241;1481547174;4
19943;10472;1481545233;18
11941;2643;1481531987;8
19718;4319;1481540415;6
21806;1373;1481509803;16
26101;9239;1481528315;6
10281;14614;1481513823;8
17270;18156;1481550711;8
19226;7517;1481543207;10
1554;10111;1481539105;16
12712;4654;1481519787;4
3982;1533;1481526598;12
18472;20146;1481518625;8
1247;1093;1481536524;6
1148;4303;1481543632;6
3700;985;1481526122;10
17442;27201;1481532399;2
18882;6001;1481522776;18
14637;5907;1481539885;10
7645;27009;1481514662;4
26263;9426;1481527466;14
4963;12046;1481548344;6
4167;19812;1481527458;18
11140;7268;1481529947;10
7505;23066;1481548810;16
3387;17015;1481522066;18
9319;19864;1481536159;4
3219;5430;1481543338;12
5399;13826;1481543040;12
12403;4728;1481535300;2
16799;8435;1481543360;4
57;10358;1481543904;14
18103;4827;1481550678;2
2997;4353;1481518194;18
12151;12813;1481530702;8
4937;24935;1481535790;18
7896;16183;1481510075;16
276;12092;1481513828;2
20928;5982;1481515658;10
1123;19941;1481523119;4
6979;10124;1481509875;10
10739;20330;1481530984;18
12211;15325;1481528127;12
2025;6874;1481529863;10
6451;25385;1481530803;6
21090;10377;1481537561;2
22984;25383;1481519648;4
9536;6811;1481511414;10
12404;16824;1481516299;12
10328;25043;1481542727;8
5359;21504;1481521139;4
20971;10319;1481548119;14
27510;1404;1481514920;14
27449;17030;1481547948;2
13495;18839;1481526180;18
6658;6553;1481540237;14
10231;11745;1481527438;2
10258;274;1481543578;2
7095;6926;1481513819;18
21798;20330;1481523448;10
11744;9744;1481515032;6
3625;6461;1481515406;10
1789;19533;1481547281;4
17288;17266;1481539296;10
21402;262;1481537595;2
1628;85;1481510119;2
1867;311;1481513448;16
8895;4814;1481514357;2
27400;9777;1481546674;2
18884;4272;1481510499;16
14565;1093;1481533851;14
130;22993;1481521934;16
9406;7689;1481545113;4
12157;7422;1481520909;18
23813;23262;1481523266;12
24278;7602;1481539165;12
10542;8250;1481538876;12
10219;8025;1481538079;8
25046;10193;1481511562;8
22533;8535;1481514843;18
8283;23760;1481536620;14
17922;17390;1481510014;16
14622;18144;1481527791;18
2177;21311;1481540655;18
7618;27012;1481521526;2
21436;6977;1481545414;14
10499;11591;1481518488;6
13618;10472;1481547084;18
20658;22871;1481541867;12
12293;10208;1481527581;16
77;11239;1481531582;12
7296;16023;1481524218;16
6767;24932;1481534238;6
7695;25327;1481525352;6
5607;8029;1481539730;18
21499;6583;1481521289;6
8153;9532;1481545356;6
13780;27551;1481513320;18
1341;20528;1481545790;4
21081;19067;1481531807;12
254;22461;1481520973;14
19320;12097;1481521548;18
27447;1461;1481528166;14
7871;11803;1481515814;12
24423;3781;1481535284;18
9310;12644;1481516212;4
1395;6508;1481526613;14
22648;5751;1481512192;8
22540;10253;1481540034;10
27336;7596;1481522954;6
6718;19941;1481536576;4
12873;6893;1481536607;10
9364;1890;1481523937;12
4587;1864;1481510240;8
15519;6675;1481541418;2
8434;27283;1481550623;8
10409;11482;1481542702;14
23032;12238;1481548676;4
1213;25385;1481510943;10
22;13185;1481520540;14
2169;14195;1481538201;4
10211;7251;1481543120;6
27143;2790;1481529712;4
5774;20740;1481524604;2
8801;5863;1481543656;2
4363;17046;1481522544;8
7076;2799;1481544836;8
3387;12326;1481511986;2
6956;7368;1481532610;4
19052;20953;1481547148;10
1135;4318;1481549738;10
24928;12409;1481542111;18
9740;6876;1481527448;10
1376;10235;1481514960;8
10723;10782;1481511414;14
12574;6692;1481528045;6
10184;22646;1481527079;10
10246;11225;1481509601;2
3707;25177;1481520699;16
5882;27131;1481526475;8
6525;1169;1481528205;2
6153;7880;1481548099;18
7851;5505;1481512395;10
2635;282;1481531553;2
4233;7600;1481537101;16
20943;25087;1481548532;16
14863;7339;1481524496;8
12712;8029;1481519485;6
9833;389;1481530664;18
6324;10312;1481530537;14
10555;9808;1481513902;2
238;6677;1481513857;2
1598;20073;1481524619;4
14868;7570;1481533949;10
22489;18821;1481545622;12
4214;3786;1481531813;14
21401;7356;1481533430;16
9484;19059;1481519608;18
6371;4866;1481522600;18
2139;19869;1481534318;16
7600;4544;1481515967;4
7870;23162;1481530817;6
7533;10515;1481530651;10
304;1034;1481536029;6
11951;10067;1481521359;10
4104;21736;1481520727;10
3591;21003;1481543107;12
5891;11098;1481520055;18
3978;13126;1481539965;8
3774;27295;1481519090;12
21678;93;1481549552;12
1515;933;1481518000;2
23123;317;1481541235;16
9962;1310;1481539269;2
1444;3485;1481542297;8
25036;4292;1481532794;6
1148;10670;1481529961;8
7262;7829;1481536721;16
21003;6344;1481522371;14
9319;1555;1481530052;14
4543;7142;1481520382;16
1326;9770;1481548152;2
5681;893;1481511285;2
4529;25518;1481533769;4
9799;14253;1481525056;12
1688;10322;1481538284;8
3461;1347;1481510383;18
11244;11383;1481544724;2
19281;26111;1481529346;6
1581;8297;1481530322;6
20224;7038;1481513734;16
1887;3388;1481519696;8
2032;12771;1481524668;2
23304;22444;1481545207;2
3397;2970;1481531231;8
13189;1120;1481527961;4
23164;8975;1481526733;14
5417;20005;1481513500;8
6429;5360;1481548056;12
5736;6921;1481527989;16
17039;27315;1481538382;6
22966;6201;1481549326;8
13678;11005;1481514261;14
6431;14151;1481540960;2
8513;17526;1481532232;12
4851;24126;1481511191;12
15763;27541;1481533466;4
2154;21267;1481519240;8
10322;17243;1481514902;12
26040;16816;1481530748;4
8518;15448;1481520089;6
3692;27288;1481533049;4
5409;18071;1481510889;6
7688;21410;1481521330;8
4924;8594;1481550646;6
27128;6139;1481512381;16
27557;7389;1481529142;16
12656;3996;1481544352;16
5430;15072;1481514517;8
4752;7341;1481546249;14
4738;8164;1481527702;8
13824;17611;1481509874;10
1701;4866;1481524941;10
25170;1554;1481516777;12
27326;7333;1481527516;14
265;9741;1481548318;10
12707;20425;1481523092;18
296;5967;1481548994;2
9538;18456;1481538753;8
5830;9013;1481544494;16
22144;23318;1481510206;6
2025;2879;1481518852;8
3969;23669;1481541641;6
14436;1496;1481518975;6
7252;1450;1481514956;16
11201;5522;1481544910;8
10416;20989;1481516574;18
2889;11947;1481534693;10
10422;18261;1481536975;8
2964;6487;1481515652;2
15732;20782;1481524639;8
15241;4674;1481531859;14
1060;8746;1481533109;10
13876;4520;1481513390;14
2848;11395;1481514809;14
1077;4189;1481541534;10
1390;8365;1481523520;10
1903;3461;1481527776;8
5933;25392;1481550158;18
23524;2825;1481547562;8
4700;14561;1481535871;18
1127;1789;1481529088;14
2804;1015;1481525957;10
8903;9411;1481525182;18
6561;10437;1481550517;14
6990;19836;1481520357;2
11720;27376;1481527503;12
6193;5521;1481512407;14
4167;20398;1481515195;2
3119;1722;1481542065;14
9028;1550;1481516706;6
5637;12558;1481529780;14
20598;13184;1481514065;10
6197;9114;1481522573;14
4275;27004;1481513686;6
1083;13030;1481548866;16
19529;11800;1481539356;8
14956;13875;1481517952;10
22538;10094;1481530865;10
4626;975;1481539196;10
9475;7616;1481549717;18
7679;27179;1481524205;4
25379;25367;1481546120;4
16709;17470;1481528891;10
11148;22603;1481510145;12
5614;6838;1481534770;12
20945;5652;1481514472;2
3770;8404;1481547813;12
306;6127;1481549066;16
1739;24926;1481534131;10
19543;4301;1481519315;14
6508;11794;1481532512;14
7335;1685;1481515299;4
1208;8230;1481545624;6
15229;10617;1481547330;8
2271;5098;1481535744;8
15222;24745;1481539245;14
15995;2336;1481549731;4
14692;11206;1481541218;10
6869;14562;1481548792;18
9999;6807;1481519762;4
22586;10420;1481546810;2
4531;2353;1481545816;12
9015;27410;1481545014;8
3121;12771;1481525420;12
3689;7109;1481509835;12
18040;24449;1481534809;10
24956;7420;1481547043;16
3012;25526;1481545880;18
10384;16932;1481547732;12
15078;7571;1481528169;10
12305;13774;1481543419;12
15015;1285;1481529034;6
1263;26313;1481525726;8
17501;1299;1481523568;14
1153;26188;1481509795;18
17391;9167;1481512407;10
13128;6381;1481549046;16
10293;2796;1481532082;12
4916;7281;1481519266;18
4703;4526;1481537961;12
18153;8088;1481543494;8
1602;15372;1481543190;18
8323;9312;1481549735;18
21499;1058;1481512914;14
324;25180;1481543322;4
27397;4762;1481545023;10
23866;11475;1481511524;10
13287;9979;1481519559;4
6189;5374;1481522636;6
24649;17862;1481535679;18
9267;6484;1481539792;6
11131;17349;1481545383;6
11703;4294;1481546097;10
16133;16649;1481532894;6
11729;6311;1481528889;14
1713;25280;1481550753;8
20921;10101;1481529318;4
25378;26091;1481542521;12
13188;5863;1481537309;10
9363;12815;1481546576;8
8021;6306;1481526527;6
4291;7689;1481523894;14
11617;16185;1481546713;4
1848;1195;1481530465;10
27027;7628;1481547254;8
2347;4695;1481517688;12
16293;14911;1481544117;2
7455;8752;1481537015;2
19847;9180;1481540799;14
4690;1875;1481519706;8
3057;6419;1481545217;12
5857;22997;1481531457;16
21494;4766;1481518319;14
6497;20926;1481512937;18
6325;11395;1481532673;4
5410;18247;1481548051;14
21316;15252;1481541091;4
9768;9892;1481545188;6
14643;999;1481516983;10
4967;11390;1481533401;8
1445;277;1481522093;12
7601;20895;1481542394;14
13181;23446;1481512298;12
14926;5926;1481541919;14
15736;20367;1481549164;16
14807;4734;1481519304;4
27206;7173;1481519016;10
14122;16203;1481538540;6
19802;2350;1481511617;14
1292;9808;1481509692;2
19721;1448;1481514789;10
6794;15009;1481550199;12
1489;10556;1481516807;8
6657;10488;1481543254;4
8578;4020;1481536864;12
5364;33;1481529394;8
27055;10727;1481514077;6
19825;17381;1481512143;10
4354;24997;1481534795;6
9451;20310;1481511066;4
9834;16046;1481524080;12
3375;27395;1481511909;12
5751;1653;1481514350;4
2417;3021;1481541207;18
23082;19972;1481530994;14
2809;2773;1481549329;12
9628;1956;1481533418;16
18194;17263;1481529194;12
3077;8696;1481516599;10
9663;14914;1481546817;16
3727;16194;1481527737;10
18512;7269;1481529572;6
8355;5628;1481520953;10
7086;18866;1481548938;2
21281;2126;1481517390;14
23620;8999;1481532052;10
259;26149;1481535468;6
21494;7696;1481542681;8
11112;4862;1481531191;8
5530;5887;1481522420;14
11969;27087;1481537511;12
9218;6168;1481523902;14
3949;2841;1481543764;2
24239;22266;1481531580;16
13817;5763;1481537909;6
12709;9447;1481543340;2
6344;13913;1481546240;10
6312;5651;1481510620;16
7091;17243;1481509615;18
8004;19872;1481513328;16
3703;23813;1481539647;16
19229;18893;1481510479;14
10315;4510;1481520961;14
1865;15733;1481531447;4
5102;9879;1481546589;2
7470;19063;1481541667;14
8162;16181;1481549669;16
5491;1425;1481533476;4
24278;917;1481514066;6
7940;21294;1481539557;18
7187;4571;1481543026;18
2774;14207;1481534668;8
11614;10069;1481550988;4
26474;11815;1481531014;6
18117;12793;1481514694;6
25177;23486;1481541207;12
4891;8892;1481542398;6
5707;4592;1481546186;4
20900;8935;1481550709;16
19550;19200;1481527010;14
20425;11007;1481547483;2
14443;22271;1481534004;18
12076;20288;1481513012;18
11031;22641;1481533703;2
24925;6391;1481510963;6
8376;1411;1481524844;18
20427;10831;1481526365;4
7551;9651;1481509677;12
9560;16911;1481532016;10
4962;20298;1481542239;4
5944;8893;1481536652;18
7244;6408;1481548102;2
6712;3375;1481533938;18
22588;8638;1481549072;16
9626;5285;1481519027;2
16118;10045;1481539796;2
3408;14129;1481547302;18
1083;254;1481538008;6
6395;19045;1481529291;8
23317;3792;1481542435;14
17282;12651;1481547900;14
21230;23180;1481533553;4
22479;8658;1481533953;12
20099;25372;1481545372;18
7850;937;1481549648;8
22502;6429;1481522356;8
22627;3399;1481518978;16
8463;945;1481520808;12
2323;3371;1481518812;10
11719;27180;1481548388;8
6143;8895;1481544390;12
14665;921;1481526728;6
9994;6713;1481541911;12
15516;22577;1481537545;18
10185;25050;1481531871;2
27327;12241;1481517618;2
1180;18845;1481530719;14
4847;5996;1481526238;14
6665;9246;1481532709;6
125;3725;1481533607;10
7433;14283;1481525281;4
4930;9746;1481527469;10
26502;565;1481536634;8
27439;8563;1481529952;10
3995;16531;1481544166;8
4588;19234;1481550445;14
4974;8557;1481532552;8
16369;7283;1481518807;2
6538;8006;1481516108;6
6728;14717;1481545023;18
4588;9328;1481509697;8
27407;8530;1481542184;4
27058;12698;1481548470;12
361;25707;1481534308;4
6909;1858;1481509638;4
9417;2940;1481540851;4
13263;6400;1481531674;16
18893;16805;1481540068;12
8132;4011;1481545800;12
9267;24347;1481526270;2
26101;3914;1481515367;14
1352;1196;1481549413;12
7685;10892;1481523949;2
4563;19286;1481534546;12
20865;6961;1481521331;10
7994;12354;1481520409;2
6827;22651;1481526212;4
7107;8872;1481541672;18
9394;10103;1481517839;4
25162;26145;1481537864;16
23052;1903;1481517996;4
8687;14239;1481534457;2
11147;4849;1481526416;6
16036;1147;1481524132;18
12347;2822;1481528218;8
114;26322;1481545271;12
9198;4671;1481514044;8
6542;9241;1481538784;10
10738;17844;1481532909;18
4829;9671;1481518147;16
17757;1594;1481533255;12
10362;27488;1481539912;18
170;11891;1481515669;14
2026;11759;1481521054;12
27099;27344;1481548100;12
27554;19423;1481547951;14
19882;1133;1481534973;12
17893;8150;1481522785;12
234;3070;1481519485;10
6643;2169;1481524166;2
412;5685;1481532104;12
10925;1702;1481509608;16
27450;3740;1481520968;12
20460;7910;1481538225;6
3574;4010;1481547724;12
4021;24733;1481544557;18
11020;4220;1481514043;14
23865;10921;1481542221;8
112;17308;1481529863;16
8342;5951;1481550260;12
26144;1408;1481549153;16
1290;2910;1481537943;2
16880;5517;1481550958;4
8489;21369;1481536452;12
27287;20989;1481533306;10
19570;4927;1481513453;16
14192;16836;1481532325;4
22270;11407;1481522151;14
5759;6600;1481517037;16
7520;15253;1481545971;6
22469;2774;1481550931;8
7035;7299;1481515007;10
8337;7043;1481510943;16
27493;9005;1481517654;16
7891;19498;1481544385;2
5644;10162;1481521252;12
7446;6272;1481546682;4
19299;5897;1481517652;16
11391;166;1481549550;8
5921;8449;1481511694;2
11618;25372;1481509962;12
4854;16297;1481524694;6
19321;66;1481517086;18
8438;5346;1481523589;12
5422;10591;1481534300;16
22607;7379;1481518643;8
6279;17800;1481513282;8
10576;8053;1481526967;8
7319;25003;1481542463;18
23488;1725;1481523091;18
3566;6412;1481515280;18
11917;10666;1481514494;4
10713;14556;1481528905;6
6696;22527;1481540971;18
26302;25532;1481521578;6
23357;2166;1481540208;4
388;27024;1481551043;8
5358;1855;1481535779;10
23620;361;1481512385;8
3245;9159;1481511016;2
16049;14289;1481528217;8
13224;27342;1481514320;10
9248;7481;1481535200;4
11800;11781;1481522932;16
12699;14621;1481529621;2
19829;7891;1481543241;16
6462;383;1481546315;10
27431;5084;1481542844;6
15991;23448;1481534656;4
5397;6233;1481535949;12
8531;296;1481522159;10
11616;9894;1481544587;10
20931;381;1481521995;12
2809;20692;1481518854;16
7976;2387;1481518589;10
9217;15744;1481534774;14
27447;8497;1481534601;4
26308;6626;1481543133;8
15133;7573;1481512842;10
11831;7626;1481518108;10
12290;14578;1481516040;18
23864;14004;1481529155;18
26470;4026;1481537882;2
9743;18860;1481540487;18
8350;4882;1481527784;6
7783;20038;1481529830;18
4484;17265;1481542763;4
267;5846;1481544774;16
25068;18180;1481549818;12
156;4843;1481513674;10
7021;109;1481512227;10
8367;23644;1481515779;16
285;10318;1481529827;8
2811;25072;1481537580;18
23155;8687;1481513205;18
11147;27039;1481529202;12
17440;2825;1481529456;8
12601;7998;1481527246;12
15414;14648;1481550335;2
57;1069;1481538010;14
16892;5715;1481540973;4
17471;1915;1481524191;4
16678;10406;1481541881;8
4797;1603;1481518765;10
10028;16912;1481519767;16
617;23052;1481509724;12
1713;6305;1481516573;8
27472;12654;1481510769;12
11631;20404;1481550644;6
17337;58;1481543454;12
9383;6881;1481536050;10
15994;20355;1481536148;4
19971;10000;1481550775;8
20133;26185;1481515573;16
5287;13080;1481527004;6
26199;3969;1481511829;8
27431;23328;1481537270;14
25258;17515;1481538983;4
3032;10209;1481513031;16
4587;14951;1481524826;14
13256;15323;1481537276;4
17044;6945;1481514615;16
8949;8960;1481530145;4
17273;14566;1481515881;12
3383;18077;1481537567;12
4352;4959;1481527632;8
11063;21092;1481541389;2
10325;21465;1481539671;8
12013;20119;1481525606;14
3561;19549;1481532634;18
1733;14793;1481518002;8
11961;27506;1481528522;4
1302;14559;1481536022;18
7572;7478;1481514985;10
17887;9977;1481518079;2
3409;16187;1481519029;18
14003;7627;1481525540;4
13080;7955;1481519453;6
6302;6105;1481522259;14
11255;434;1481512360;14
11218;3753;1481550982;6
16118;2757;1481549940;12
9436;7998;1481531465;10
27508;4799;1481528483;12
99;5431;1481511006;8
13790;18199;1481518009;16
1700;8014;1481515570;14
7300;4663;1481514632;6
9758;1982;1481526264;14
11842;13680;1481542317;2
6654;1360;1481518596;2
27493;24679;1481514201;10
10802;4795;1481527384;14
20932;4802;1481515500;4
12757;1866;1481532945;8
1307;27097;1481525803;10
5429;27483;1481531452;18
24173;13219;1481544865;18
11093;11484;1481526512;4
5514;10262;1481515270;10
2426;14150;1481544398;4
10241;3627;1481513088;14
4213;2391;1481519008;12
1694;15025;1481550118;6
8150;27277;1481533338;4
21504;25360;1481543907;4
14875;19883;1481534523;18
4674;1589;1481515128;18
18901;2733;1481540541;8
9022;14429;1481520475;8
4552;441;1481512629;2
8233;11860;1481550305;10
19790;24374;1481550410;6
23496;20602;1481543147;12
8359;7562;1481536703;16
24061;11220;1481532700;2
5293;12308;1481511558;14
5415;23012;1481510288;2
9154;13981;1481529891;12
3597;14876;1481534995;18
7621;6814;1481536319;4
6805;16105;1481523169;12
10621;2787;1481544525;16
7612;3742;1481532754;18
19827;12766;1481534771;10
10074;19555;1481550268;8
21461;14812;1481517423;8
6118;19077;1481534362;8
23328;4590;1481514942;14
19867;22482;1481525690;14
16936;252;1481549507;10
20022;6662;1481521617;4
976;22487;1481537108;16
1180;16891;1481522027;10
11969;3682;1481526993;18
14126;23452;1481534471;12
19934;2733;1481514711;16
21076;20712;1481548451;18
24176;12376;1481521057;4
25286;7452;1481524321;4
2149;8483;1481548396;12
10226;11110;1481516736;8
24126;6142;1481545612;16
11201;27001;1481521269;16
12188;10709;1481514170;6
13999;20122;1481523096;12
18841;22274;1481531829;6
21376;5277;1481522090;10
1099;14416;1481514821;4
12047;2781;1481513813;4
2774;881;1481522026;16
19911;12239;1481535659;12
27550;20041;1481549157;6
20099;20403;1481524333;16
16296;12310;1481520745;8
17797;9193;1481533377;18
2761;9309;1481542716;2
261;14568;1481535743;12
24957;8799;1481515830;14
4176;10720;1481549709;14
12212;7283;1481521882;6
10549;3747;1481531045;4
24508;11588;1481509981;8
27425;5782;1481548749;10
10736;22446;1481510496;2
3942;26037;1481511247;8
20848;12630;1481523900;18
2940;14907;1481521101;4
11383;12770;1481514685;6
8697;5869;1481536233;2
2365;21747;1481513120;8
17211;17482;1481548901;2
6678;10892;1481529958;6
6987;2130;1481518404;14
25063;82;1481519154;16
5353;15299;1481529689;18
23014;9217;1481549629;10
7871;10443;1481534107;18
4521;6231;1481520407;8
15078;9685;1481547877;14
18068;14633;1481542730;4
4866;70;1481545210;8
14655;16891;1481527283;16
13855;1011;1481537031;12
8537;4529;1481542199;18
8276;15154;1481514367;4
566;5722;1481548137;16
15980;3047;1481535545;16
7545;2453;1481529670;6
8433;4682;1481546550;10
15304;4332;1481532640;8
17866;17795;1481523495;10
9566;1206;1481529764;18
4023;20328;1481521823;8
11691;13877;1481537058;10
5854;13941;1481520400;12
11017;11483;1481546470;10
8328;23366;1481537087;8
4988;11855;1481525291;10
9443;23159;1481528937;2
5705;2612;1481524610;6
15101;1056;1481511724;8
5980;5928;1481539967;2
20852;5124;1481517977;16
8704;27412;1481515108;6
11143;15249;1481523833;16
3324;5923;1481545181;18
10685;10774;1481509542;8
9529;8024;1481514784;6
9517;10795;1481528072;18
6542;7505;1481509674;14
2121;27182;1481529654;14
8361;1349;1481514902;4
9216;11804;1481522438;6
19064;7520;1481534254;10
27201;9427;1481525331;16
17528;20098;1481548658;10
27285;5702;1481527642;6
320;1865;1481511790;12
2810;10795;1481532219;2
17375;22501;1481545764;18
7557;8023;1481535731;12
24179;7778;1481523127;12
10528;7365;1481531790;12
4204;7056;1481525351;2
13806;10618;1481523714;12
10510;18328;1481516076;2
3691;8446;1481519130;4
6525;7073;1481544481;4
10357;6360;1481515777;4
26392;6578;1481548462;4
15985;289;1481545910;4
21259;6876;1481531091;4
2736;18200;1481543720;8
19059;10203;1481510698;18
7002;4214;1481545717;6
10886;9860;1481516521;18
9757;20144;1481513686;18
1654;18891;1481550962;16
7189;8807;1481544473;2
10367;21372;1481542135;12
19526;6314;1481543802;2
15463;5547;1481536133;12
8322;6330;1481510426;18
11907;20103;1481538612;10
5748;25373;1481515009;12
19218;22506;1481516889;2
4851;6539;1481543903;6
23669;7479;1481546275;6
20075;27174;1481522171;8
6400;18262;1481524594;4
17568;25057;1481543161;18
6021;27;1481544936;4
18807;14655;1481517657;10
16037;4689;1481544272;12
14138;9279;1481533604;6
10671;10492;1481514789;8
5999;7100;1481519005;16
23630;10701;1481510543;8
1988;12951;1481516835;14
9405;8231;1481514353;12
5471;9569;1481531915;14
3753;1563;1481549491;8
5730;11588;1481550204;8
9207;13859;1481540857;12
13855;7314;1481539230;8
1889;2871;1481546962;10
1970;13889;1481514504;14
11610;9949;1481542582;12
24742;15987;1481523467;14
11056;10520;1481548383;10
10097;423;1481545938;16
19944;21209;1481520169;8
9061;24954;1481545708;12
6726;18075;1481550982;8
4929;8892;1481540109;16
24671;8500;1481540781;10
23450;27469;1481510424;4
14982;19218;1481547834;2
6973;15373;1481541138;12
16798;27181;1481530507;10
5867;2760;1481550287;18
19211;10813;1481527886;6
24126;5971;1481547560;6
987;18834;1481519939;6
7040;11416;1481532821;16
5047;160;1481530122;2
4663;5720;1481511731;10
7086;4278;1481545839;8
6926;1872;1481519817;16
20459;5251;1481536677;12
27046;1599;1481540858;12
2846;6620;1481541474;4
1032;2811;1481543504;4
16935;19072;1481512980;2
6881;18946;1481518236;10
25003;9710;1481548381;2
14693;17793;1481522421;8
3649;12697;1481538662;18
13977;8678;1481542045;2
18860;26152;1481519326;12
1395;16883;1481537921;6
15750;15522;1481515026;6
19822;23046;1481518057;16
1929;1012;1481541053;18
20288;94;1481550081;12
12575;8995;1481545606;16
26199;23666;1481549057;12
6587;25374;1481511055;12
6402;8839;1481515181;4
14996;20244;1481510913;10
23860;18958;1481513787;8
27535;4315;1481511042;16
15135;24711;1481548157;4
11593;10276;1481516572;2
15987;11218;1481516484;14
15470;9182;1481547647;8
4696;5261;1481534714;12
25156;6466;1481545438;16
19545;27328;1481511557;10
9797;10416;1481540545;2
4249;7352;1481540096;14
16022;3125;1481541101;12
6482;4520;1481529871;16
14151;15465;1481544468;18
8239;11769;1481544133;6
3403;10183;1481516945;8
5548;8728;1481531303;16
15520;27140;1481543032;12
9065;9888;1481512085;10
10434;10258;1481521708;14
6241;4588;1481522732;16
1221;24955;1481548210;4
23535;24282;1481550542;18
10387;1495;1481540370;16
14796;2834;1481513460;12
11149;6603;1481543770;8
1148;9774;1481512898;18
1732;27479;1481515405;16
11178;5509;1481525127;4
4878;16822;1481526194;4
12228;12787;1481527092;18
20744;10219;1481548615;16
13126;10606;1481509627;16
13777;17009;1481545636;12
10250;14796;1481540357;4
7316;4345;1481519484;4
26139;14621;1481516793;4
10781;5642;1481525541;16
19762;7780;1481525411;12
8887;5019;1481544846;16
11117;3074;1481514318;2
7602;2801;1481544794;16
1675;138;1481543625;12
4927;21360;1481531936;4
19949;3074;1481527505;8
12187;313;1481537086;12
4900;27541;1481518359;14
17303;5876;1481512881;2
7273;15300;1481517845;18
22494;18212;1481521958;8
18160;8337;1481512851;2
8930;12744;1481546730;4
24137;16180;1481510864;6
7868;9425;1481538628;6
5032;23048;1481516433;8
5002;11020;1481525864;16
6694;10502;1481549053;8
9430;7811;1481530447;8
14497;22298;1481530567;18
8847;23755;1481535280;4
1026;5926;1481510407;6
17378;19432;1481536439;2
26163;3369;1481531936;18
5409;25516;1481543025;16
3996;2816;1481549702;12
2771;9309;1481534565;12
25194;19864;1481542268;12
20862;23026;1481515472;12
330;4806;1481546358;18
27004;23330;1481539683;2
6173;19943;1481532036;18
5883;9844;1481532703;12
7318;3745;1481537160;8
9893;7258;1481549551;12
1262;12809;1481540332;18
7387;20759;1481528532;8
11691;8093;1481526868;2
11374;10540;1481541838;4
11692;7074;1481527105;18
18214;2777;1481541228;8
7521;2527;1481529012;18
10029;17439;1481531170;12
20446;939;1481541306;18
27096;13879;1481519377;8
281;22928;1481513561;2
11501;1749;1481516281;10
14127;2288;1481539701;18
17207;14873;1481531012;2
1623;27374;1481538618;16
4036;27163;1481547590;6
14136;12744;1481532804;14
176;25179;1481530227;10
16911;1635;1481546730;14
27293;6974;1481551019;18
13314;14566;1481544094;14
24256;3286;1481538631;10
23449;1591;1481516590;4
6813;5414;1481530977;18
2837;15961;1481521069;6
3903;25431;1481537784;16
10024;13218;1481543397;18
26156;6718;1481516200;18
4663;297;1481547050;2
11239;15403;1481548317;12
3535;10375;1481522253;2
5715;8387;1481520650;14
15391;242;1481518098;12
10930;6698;1481526176;4
5285;14936;1481530473;6
15777;1730;1481522248;8
25113;25531;1481534686;18
5973;15240;1481516626;10
8571;10533;1481510858;16
4823;390;1481529344;14
18898;14497;1481528680;18
12146;8253;1481515067;10
18456;11969;1481529477;16
9444;5960;1481548794;8
7011;8825;1481514133;6
4257;5699;1481542429;6
24426;1522;1481516835;8
26156;11061;1481520530;18
15222;27486;1481523671;6
14255;4768;1481512725;4
8088;14660;1481515414;18
18103;6221;1481510127;4
10734;20963;1481546225;18
5776;11811;1481538167;4
14253;4841;1481531149;12
10556;25360;1481514475;8
3961;4894;1481514467;6
6699;6125;1481518829;14
11252;7261;1481526800;12
10775;23171;1481528657;16
9777;7881;1481515977;10
6417;14615;1481524978;14
17349;7925;1481550417;12
3395;21091;1481538207;14
21078;6780;1481539587;10
968;18212;1481515517;2
8330;24017;1481522511;16
18112;8338;1481517121;16
1643;9628;1481523238;8
13297;3561;1481514963;12
20950;25080;1481515126;4
3777;14238;1481516487;4
7063;8967;1481534507;4
18160;5041;1481521719;6
3617;4883;1481549279;14
5602;16045;1481541631;18
6282;20938;1481515207;12
18880;8148;1481516066;12
5489;14436;1481530339;12
11139;9680;1481540448;12
10591;6161;1481550725;16
13344;19835;1481543549;8
4895;15247;1481521546;4
7778;8655;1481537168;14
1379;15318;1481515453;6
10781;22259;1481521625;2
14446;5627;1481539939;4
1691;5750;1481532654;14
9169;2294;1481517648;2
390;6259;1481520330;2
20769;8310;1481542298;4
1972;19916;1481530369;2
22461;4660;1481511151;6
5259;14264;1481529029;16
27142;10068;1481528239;8
19957;1675;1481517234;12
119;26073;1481523429;8
6600;7560;1481528995;12
2401;10582;1481511852;6
3405;5010;1481514569;4
24143;25;1481510904;14
5631;22135;1481550638;2
1168;7504;1481545045;8
5818;12070;1481529350;6
2731;27021;1481518432;12
1170;1704;1481546561;14
26158;5944;1481529237;4
20108;9466;1481513587;2
5913;6771;1481531196;18
11231;19887;1481528551;8
3630;8285;1481512696;6
9992;14705;1481528535;8
3428;10411;1481529759;4
27174;6658;1481511986;10
11617;1283;1481518895;2
376;10659;1481524153;10
1663;24356;1481523467;12
4193;8543;1481547889;8
10619;17550;1481545527;10
3791;26119;1481544135;4
14985;12146;1481543349;18
9347;14288;1481516701;18
4746;16880;1481517660;16
1866;4302;1481547165;4
2740;4900;1481546153;14
9333;27140;1481512808;14
11249;2124;1481528276;8
1926;6600;1481529271;6
3095;3950;1481548877;4
1441;19830;1481530726;6
21482;2167;1481526625;8
4038;18416;1481511623;8
6657;14497;1481542381;12
294;12246;1481537541;10
1383;15189;1481516215;6
5996;6449;1481532833;16
16864;11394;1481525903;4
18348;10634;1481509634;12
218;10545;1481517091;10
5764;7941;1481509536;14
1072;3790;1481526541;14
4573;16132;1481535159;4
9201;5957;1481510396;8
26263;7421;1481541965;10
7600;9208;1481515879;14
8145;14868;1481537885;10
17384;1880;1481520264;6
17574;11123;1481520437;14
17923;27413;1481509738;2
20481;9883;1481517404;4
22213;13855;1481541417;6
2034;18906;1481542309;2
5475;4666;1481535819;16
2453;9776;1481523879;10
16118;9916;1481521674;12
2766;4204;1481509858;10
315;6261;1481519921;10
6483;26392;1481527865;18
25071;9901;1481514509;14
3998;1855;1481522677;18
9815;11040;1481513871;6
11961;2031;1481531359;18
17350;25399;1481542484;10
15248;6613;1481548523;6
21282;9660;1481512433;8
7612;15989;1481530359;18
9776;11799;1481538777;4
11478;6886;1481541330;14
15028;14587;1481529437;10
21442;12144;1481513084;16
4678;15078;1481537769;2
10087;11036;1481535627;4
9750;5771;1481529995;6
5422;13726;1481539309;16
20909;4703;1481548286;2
5122;5120;1481535964;6
11128;3728;1481526405;4
8998;257;1481527669;12
22934;11371;1481541572;12
27427;18214;1481521489;16
13771;10183;1481515703;14
10521;9415;1481528080;16
20189;23160;1481526252;4
18071;2790;1481537732;12
18312;16021;1481549901;6
23350;5400;1481530533;14
7800;23885;1481544523;2
8533;4856;1481516833;8
9451;13820;1481513857;10
20007;6816;1481538178;14
17257;5783;1481533865;10
12419;14636;1481526201;8
9010;3467;1481542905;8
5261;19710;1481532710;10
8094;1814;1481514871;2
961;20420;1481512572;14
11230;25063;1481520835;4
23055;19281;1481525409;6
17467;25283;1481541362;8
2794;2021;1481513892;18
12036;440;1481551050;6
1192;6239;1481539294;10
25176;1534;1481510887;6
1043;12326;1481550000;6
20070;14698;1481538310;16
23446;15737;1481550930;4
12183;8022;1481520411;14
17547;14437;1481531178;16
5392;10605;1481522278;16
14948;7795;1481509533;4
20337;10676;1481511380;8
1675;4176;1481521181;2
17904;3906;1481540565;2
5752;6229;1481513352;16
26474;15961;1481510029;10
5073;14272;1481518217;8
1305;4587;1481511163;16
15474;17457;1481550000;6
15076;1725;1481529939;4
18764;19301;1481523840;12
27023;4594;1481516401;18
12816;27137;1481534770;4
6407;26471;1481530039;12
3996;7626;1481542616;16
12055;27015;1481529461;12
27143;7967;1481536788;8
14566;24126;1481542372;8
11364;11757;1481538593;18
8815;17459;1481520135;12
14803;1337;1481533049;18
20124;4582;1481523856;4
6154;5685;1481516130;16
3095;5969;1481535592;12
6668;13817;1481520656;8
3613;10289;1481529871;6
27450;5741;1481537066;16
8595;21716;1481544300;16
1394;10000;1481532491;6
1031;23536;1481538561;18
1339;10246;1481518845;16
10274;24706;1481546502;2
23533;10785;1481518284;14
240;17032;1481534604;2
1910;8916;1481513773;10
4831;1626;1481524111;8
20754;10689;1481518327;10
25077;2767;1481512824;8
89;7831;1481524130;4
7610;193;1481534955;12
15102;7684;1481540018;8
26482;17331;1481521275;10
1120;13187;1481540205;4
27129;4810;1481542255;18
2115;14930;1481534872;12
6958;7966;1481544755;10
1514;22650;1481530545;12
1459;6936;1481515946;18
14639;9847;1481545184;8
7514;17263;1481509834;18
10709;2952;1481541900;4
2762;17004;1481528858;2
1519;9989;1481545102;14
17394;8409;1481532917;14
2942;10687;1481532900;18
8301;2341;1481546766;12
1624;5869;1481527497;14
7438;6411;1481532846;2
27179;17037;1481541655;6
27430;7188;1481524624;4
6584;30;1481537773;2
2354;19908;1481543372;12
23116;20093;1481523569;12
4273;11479;1481524602;18
10881;1210;1481541012;4
7267;53;1481548129;16
1116;7616;1481523180;14
13201;4595;1481543315;12
17403;20147;1481538207;12
3855;15351;1481515306;8
1600;11785;1481528245;6
18091;27266;1481542122;2
5612;3507;1481517731;8
4522;22606;1481524287;6
23047;3260;1481515699;14
27089;7415;1481529212;2
15082;9686;1481540377;2
17578;1037;1481538186;8
5045;4811;1481526305;8
17172;4863;1481517513;6
5282;21226;1481516921;14
1116;7586;1481518123;4
566;1072;1481522296;12
4755;405;1481515085;12
7458;4856;1481512336;4
65;7551;1481527657;4
14571;21489;1481544622;12
11021;8591;1481545240;16
25378;12756;1481519009;16
2892;5873;1481527845;18
7186;5519;1481525885;18
17267;24061;1481524789;6
9822;15485;1481548294;16
4841;20978;1481535749;8
11860;25321;1481520844;16
8775;1589;1481549072;18
15017;13907;1481510968;2
11090;24126;1481532079;12
7519;15224;1481544443;2
23815;14191;1481540687;4
8946;9215;1481512492;6
12406;9178;1481542242;18
24446;7670;1481535078;2
6988;8449;1481513654;16
15161;3325;1481528174;18
3936;12162;1481546402;2
5711;1146;1481532812;10
10795;7925;1481536325;4
9404;5390;1481517636;8
8849;5106;1481537358;8
22263;12600;1481528594;2
9509;8327;1481532909;16
8884;1776;1481513948;12
25035;4901;1481519390;18
16202;13943;1481527342;4
3122;3458;1481533365;10
14488;6017;1481526872;10
19281;17572;1481527701;18
9821;18466;1481521438;6
26165;10925;1481528675;10
13819;8325;1481538479;10
15483;9526;1481528479;6
25500;14811;1481526030;16
15452;15133;1481544047;10
26303;3946;1481527380;14
13778;26110;1481548839;16
5829;18156;1481523649;4
15013;8746;1481525412;4
9155;3945;1481513886;18
6330;4008;1481539312;8
158;2732;1481523338;6
8323;13209;1481541398;14
20462;11595;1481534867;8
23050;8892;1481534968;14
15767;7437;1481536476;16
25113;2739;1481520037;12
212;8764;1481543684;12
5883;1665;1481541382;10
4641;8419;1481514318;4
10879;18245;1481525004;14
13882;20794;1481549510;8
7605;1425;1481512391;6
16918;5036;1481534226;2
8393;11363;1481546770;8
5247;14709;1481514556;6
18952;3265;1481535121;16
25346;8515;1481519022;2
10029;17502;1481524495;4
6337;24743;1481548236;18
3921;19302;1481548661;6
19741;17505;1481525753;10
2402;7009;1481509953;16
8138;12335;1481511797;14
5884;27414;1481528615;10
27417;7208;1481510828;14
4196;3693;1481526366;14
27326;21373;1481512782;12
10982;23469;1481546584;16
12317;11156;1481549224;6
3386;22991;1481511572;10
20353;5352;1481539115;8
7;3029;1481533477;16
252;25541;1481550443;4
3900;21363;1481525354;6
6480;11253;1481519252;6
7627;13809;1481535330;4
1326;7079;1481513867;16
12087;6623;1481539024;18
3426;25064;1481526659;10
10892;9114;1481532855;12
23056;6348;1481550078;18
19236;15377;1481510177;2
21311;9938;1481516117;14
12098;18763;1481517895;8
8560;20645;1481529199;12
6649;12287;1481511934;2
21288;15733;1481536584;4
8143;2790;1481510755;10
17782;5377;1481511220;18
22501;10114;1481526128;14
7052;17275;1481537857;12
8646;16925;1481536102;18
11807;421;1481512557;16
18151;20756;1481512353;8
5993;27229;1481528735;14
1869;24986;1481524323;2
396;26138;1481524862;16
7908;10514;1481536254;6
18078;18906;1481511259;2
18177;21362;1481512237;6
25502;8636;1481519054;8
280;6552;1481516163;10
374;3373;1481541161;18
1414;1235;1481522256;10
4317;879;1481529452;16
5869;15372;1481510866;8
24748;2031;1481523252;6
1963;24570;1481533026;16
17705;23756;1481547113;16
24178;11386;1481534119;18
170;8634;1481515399;6
9671;19802;1481539087;16
7272;12239;1481510438;6
8982;6160;1481531448;14
8018;14154;1481547134;6
7768;10177;1481548427;16
14927;8595;1481510148;6
1842;10270;1481548899;10
14623;20707;1481533676;8
3386;5530;1481515050;2
21387;13346;1481525088;2
12696;2413;1481535379;16
21318;206;1481510240;16
12412;4588;1481510025;10
27471;22451;1481528170;8
6915;3855;1481548313;18
2892;8992;1481521381;12
6772;24724;1481549056;18
18050;6407;1481531658;2
7030;2370;1481509546;8
6699;2034;1481545603;10
11095;25045;1481511295;10
1419;5245;1481550998;10
19914;8989;1481541229;18
19576;11777;1481530536;14
6312;10465;1481530171;18
15074;9900;1481514636;8
10723;6375;1481529670;14
5996;4338;1481531138;4
26333;27048;1481520233;14
27296;11749;1481512387;8
235;617;1481514743;14
4582;9989;1481530439;18
5902;5718;1481529393;8
8530;11233;1481534758;16
6583;16880;1481516764;8
22578;19570;1481515796;16
3505;2405;1481510522;10
25390;18264;1481509639;12
9057;11563;1481521243;18
9463;27177;1481520382;2
25328;438;1481530893;8
21030;15484;1481540614;4
7916;14105;1481518812;12
17193;4873;1481529616;6
4785;24143;1481518422;12
3462;3028;1481549056;16
6802;1606;1481545208;2
25048;1904;1481543385;6
2781;5527;1481538106;16
11693;20943;1481534905;4
14186;11799;1481532725;18
17269;14862;1481534013;8
9441;20890;1481509926;8
16126;9770;1481520253;8
10878;5007;1481525779;8
4572;10332;1481515854;2
1742;1441;1481520643;10
15993;22626;1481518672;14
25360;5080;1481545601;10
14992;23858;1481535158;14
21845;23117;1481527508;6
22871;426;1481519990;18
7183;21486;1481510427;10
1106;22960;1481518280;4
7780;16317;1481528910;12
14426;27268;1481523180;16
8021;15994;1481522866;18
7972;3547;1481534631;14
27166;4658;1481526978;14
15996;23320;1481541977;4
23118;7208;1481547734;8
17334;7075;1481530669;14
12873;243;1481530443;12
1257;8881;1481536123;4
1588;2383;1481540564;4
17150;17290;1481520892;8
3467;17570;1481527690;10
3639;16186;1481546094;6
16293;6777;1481520572;2
6482;4728;1481534723;6
15241;267;1481513279;12
13889;5868;1481542688;6
23060;5892;1481511548;10
7800;7236;1481538916;12
24742;4317;1481518206;18
11597;4300;1481539049;10
6600;5709;1481534281;18
26307;9805;1481535582;16
4018;4270;1481535489;16
27410;9975;1481525927;18
17455;10352;1481520651;8
24701;9862;1481527143;18
6821;23172;1481520941;10
5817;17360;1481519423;16
12337;1745;1481535801;14
9872;3533;1481516213;4
8223;12601;1481527980;16
5598;11788;1481522951;4
16808;8828;1481539000;16
5825;14124;1481529048;10
5830;3593;1481511753;10
3219;2137;1481550264;6
10310;1941;1481539183;18
13560;1186;1481543622;2
5478;9189;1481509627;12
6785;9994;1481534115;2
25171;4323;1481539373;10
17240;17891;1481549574;12
12102;20066;1481523086;2
13189;9526;1481534007;12
5501;1413;1481527396;12
9106;6325;1481544483;16
1584;8543;1481520544;8
27177;12021;1481542586;14
19949;3916;1481529010;2
18884;14196;1481530118;14
395;14710;1481549549;16
15322;3402;1481524708;2
11141;13681;1481544657;4
17387;1104;1481524613;14
17258;19814;1481544546;16
7529;25178;1481534035;12
3414;11811;1481541863;14
7491;12798;1481514761;6
11018;11612;1481521047;4
11384;11940;1481517070;10
7621;10738;1481514681;8
6177;1517;1481514165;4
17458;8987;1481528164;8
13184;2816;1481528121;2
23114;15980;1481547160;4
25440;7165;1481547749;12
18861;5103;1481540401;8
6996;27333;1481541318;4
4523;7379;1481531534;12
27021;8363;1481551096;18
6610;17028;1481511944;16
27140;11405;1481541250;16
20052;9792;1481544793;6
21313;1635;1481520659;6
3262;2285;1481524523;6
14804;25426;1481540559;4
4840;1401;1481528117;6
3076;8633;1481550039;16
313;8106;1481513764;16
15109;4641;1481547262;10
121;25073;1481529778;2
10506;568;1481531732;2
2985;1864;1481519697;18
7186;6007;1481550175;4
26165;19963;1481548206;2
17386;7698;1481527199;2
14879;7387;1481547152;18
3464;8337;1481524876;4
3278;3118;1481521720;10
2116;27287;1481522256;8
16887;14911;1481518063;10
21837;16296;1481549975;8
6190;7087;1481532563;18
9968;5857;1481541449;4
14889;18424;1481520293;14
10200;14951;1481541985;12
23177;7821;1481509523;10
1623;11052;1481539585;14
10886;20656;1481545304;12
10768;19040;1481532450;12
20071;6134;1481544111;12
11810;10702;1481532743;12
13775;1350;1481541673;8
21444;12036;1481510523;6
8578;5247;1481534716;2
23076;369;1481545729;4
21503;8248;1481531222;14
7886;23805;1481513246;12
15533;10291;1481529816;2
20906;1520;1481523041;12
2165;3768;1481521527;12
5627;5438;1481534692;4
22579;2163;1481551105;2
20922;21085;1481542902;4
26373;27465;1481512651;2
8536;1310;1481550504;6
17377;8106;1481546044;6
4800;15994;1481528029;16
4526;12238;1481533627;2
16903;8477;1481531498;14
4216;12290;1481517342;8
22460;3949;1481511897;4
8375;7566;1481515855;14
24986;8144;1481550194;16
11950;14149;1481530489;18
13972;6383;1481532039;8
4543;17026;1481523677;8
7836;1625;1481517706;2
23305;27483;1481548187;12
1877;17572;1481540422;16
10219;7884;1481545546;4
18804;22315;1481529948;4
6777;18102;1481510033;16
8667;26138;1481550950;4
5728;1059;1481533154;18
8505;8399;1481526825;16
6417;10904;1481545689;6
6537;14242;1481515168;10
4605;23751;1481510880;2
6008;6970;1481529818;12
6977;7474;1481545623;18
4974;18070;1481521905;14
993;361;1481539357;18
2741;12398;1481511372;16
2015;9757;1481547359;14
14956;18883;1481515627;6
11134;3146;1481526805;12
6665;13775;1481527841;6
11797;10561;1481528169;18
7066;8357;1481539624;12
27422;1640;1481518515;4
9562;9997;1481516240;4
11032;2842;1481550002;8
7925;5704;1481548067;4
15083;19041;1481534817;10
4196;13825;1481538084;18
20527;10380;1481530196;8
2137;17174;1481542502;8
15785;22301;1481521907;6
24918;19829;1481514164;12
27309;3712;1481526441;2
12743;6633;1481518416;12
6615;5725;1481524503;10
17042;22480;1481544929;8
7350;13263;1481515424;18
27472;8574;1481544252;2
5774;1589;1481526820;10
7408;27414;1481530126;6
16141;19221;1481530345;6
6409;3781;1481529837;12
9513;14040;1481549793;18
9203;7504;1481543053;12
9848;18177;1481521958;8
19061;11684;1481526779;2
10386;1359;1481539919;2
7365;8301;1481543779;16
1730;8449;1481517608;6
8952;18158;1481537568;4
6344;8524;1481545895;14
10239;12562;1481547535;2
10768;15164;1481529744;10
2329;20122;1481525071;2
5870;7433;1481519730;2
12372;21233;1481536369;6
6920;9484;1481548476;16
20975;3596;1481537483;14
1510;11621;1481521453;12
16295;12708;1481511674;16
7781;22461;1481540145;16
19528;9991;1481533993;14
359;9777;1481521274;10
20012;12746;1481536966;12
9307;12387;1481526994;8
24429;11956;1481544092;6
3696;10407;1481520309;12
10591;25414;1481538372;6
20073;5892;1481510067;16
5612;17198;1481534508;6
14977;6487;1481536708;18
21217;14199;1481543458;8
22926;2139;1481526602;18
935;3790;1481511069;14
3687;27105;1481549667;4
20782;9809;1481537876;2
6833;17788;1481512131;6
3906;248;1481516538;16
6925;10258;1481536575;12
25374;21317;1481526002;12
1942;2420;1481509842;2
5352;1176;1481536904;12
5815;13202;1481530162;4
25385;13944;1481530723;8
937;1294;1481542337;10
9843;1373;1481529385;10
12376;1414;1481544767;18
20636;23365;1481513739;18
20081;7442;1481521398;6
11391;23019;1481549960;10
12591;24924;1481535417;6
25080;10852;1481536046;4
25502;9212;1481539690;14
9515;7458;1481533902;6
3721;11387;1481540923;14
7318;8345;1481523049;2
1585;9220;1481549148;2
6315;4566;1481542037;4
1410;398;1481513649;8
8891;216;1481521359;10
6502;14808;1481524933;12
1265;6247;1481538271;4
23628;14557;1481531428;8
6290;26203;1481522569;12
24326;919;1481527901;12
6797;1006;1481510791;18
3165;16883;1481513468;18
25394;6161;1481532317;14
1383;18860;1481548804;2
4783;2405;1481517960;14
3165;27404;1481539415;14
4560;6372;1481545183;12
1515;27547;1481531723;8
2635;23119;1481534117;16
19823;25012;1481533917;18
6728;23009;1481538385;2
25502;5643;1481549488;8
7333;20587;1481531599;14
21490;17789;1481547399;12
26152;17472;1481549490;4
8847;5921;1481527922;2
2644;16022;1481537514;6
6192;27453;1481528803;12
1663;23354;1481540256;14
3376;5873;1481525703;2
7779;4024;1481518678;16
10114;25046;1481543558;14
25449;26333;1481551100;8
27298;5625;1481528346;12
4335;13298;1481536283;2
26104;5354;1481515117;2
7911;11823;1481509999;2
7911;10214;1481527303;8
10876;12291;1481518636;8
16099;19303;1481534014;10
1385;8570;1481544978;12
3955;6595;1481520645;16
25467;5728;1481521809;6
8250;3252;1481529579;14
6267;27033;1481543959;4
10615;968;1481536459;18
24279;9813;1481514265;2
24259;9874;1481535380;10
11621;3124;1481527967;4
18885;13345;1481522802;8
11776;4683;1481531317;2
9016;1423;1481516245;6
6819;1432;1481549623;2
6002;9819;1481523158;4
5913;21085;1481549965;8
7033;19302;1481524228;18
8385;3372;1481521100;18
4181;1303;1481522819;16
96;14700;1481531730;14
6900;14868;1481521382;8
10715;20968;1481535525;4
6207;15226;1481530202;4
5945;2128;1481522996;18
14713;10650;1481546360;4
3147;4803;1481529503;18
4563;8157;1481526434;6
10436;22456;1481528986;14
2397;5883;1481513728;12
965;4253;1481533196;14
8655;8933;1481512403;4
22539;14243;1481549143;6
6647;14495;1481510165;4
8633;110;1481525729;8
3375;12118;1481542865;8
1902;8051;1481530402;10
25258;20681;1481509818;8
10474;9773;1481536823;18
25069;1042;1481520342;4
85;21724;1481548673;8
10016;53;1481517958;6
2427;12742;1481549019;8
6463;12013;1481524527;18
4345;1156;1481523846;18
14498;23100;1481540859;16
11792;9421;1481524096;14
18882;23883;1481529503;4
168;21005;1481514189;6
14777;8352;1481519572;10
19066;17143;1481531026;8
1301;8552;1481532863;16
21223;10982;1481519277;12
218;26479;1481536767;8
974;18764;1481548264;2
27101;13203;1481536535;4
11401;11623;1481529847;4
7092;13790;1481535591;6
23832;15764;1481529974;8
12013;3687;1481515229;12
8485;13781;1481545826;14
23523;8432;1481535614;12
25061;11174;1481536101;4
7258;1254;1481540268;6
27426;23546;1481532824;18
17531;6736;1481518036;18
15080;19296;1481534831;2
19549;27318;1481535882;10
10328;20945;1481515507;6
20466;18194;1481532086;14
8567;14947;1481546272;2
3016;21096;1481535620;4
6784;24584;1481546903;8
13496;1427;1481511387;4
13889;19837;1481535228;16
14934;27520;1481510687;2
6656;12873;1481549630;14
2944;4732;1481514904;12
6875;23053;1481520087;4
1067;2032;1481528692;6
27442;4043;1481529205;10
8111;18181;1481549072;12
17022;9105;1481528188;12
15226;10556;1481538158;14
27095;8883;1481545910;14
6649;11136;1481528045;18
22467;181;1481527047;14
3248;15368;1481537831;2
7778;14621;1481534373;16
22642;13852;1481549732;12
1325;4679;1481532146;4
397;8953;1481548703;14
16872;19309;1481527181;14
11044;8992;1481530546;10
2344;4287;1481545844;14
1180;2131;1481542466;10
14238;941;1481514693;18
11375;19039;1481524564;4
11377;3505;1481543925;4
13890;6431;1481524685;8
2118;5245;1481525627;18
15027;27444;1481548128;2
7856;1016;1481518251;4
10291;189;1481541309;14
7553;16053;1481523438;10
8299;9972;1481545945;14
24423;19918;1481523540;8
1890;3021;1481530563;6
8302;3120;1481513246;6
5751;10422;1481533707;10
14712;8228;1481514906;14
7890;12786;1481541948;14
1896;10002;1481521868;4
25187;6151;1481537180;16
16558;2148;1481535619;4
19082;19221;1481510541;8
5822;11907;1481550816;10
22965;22508;1481547765;4
6935;22624;1481523076;18
24672;4974;1481527731;2
4608;345;1481534714;2
11481;8543;1481550640;18
982;3542;1481522267;16
17281;1862;1481543090;10
8013;14435;1481528062;4
3687;8887;1481546470;6
9713;10246;1481509824;6
1261;5934;1481526169;10
22143;14651;1481529007;2
6700;17863;1481550189;6
16335;4501;1481523524;14
23082;9525;1481517715;6
1019;15009;1481532728;12
27466;3954;1481516838;18
6541;1414;1481549928;2
1391;14931;1481543216;16
11476;8301;1481537782;10
13924;17800;1481511784;16
16887;9811;1481527439;18
6659;6938;1481530061;4
19865;3395;1481543980;10
21678;24933;1481517227;6
1523;7093;1481513730;12
1101;192;1481519342;12
5875;10323;1481518707;16
27010;3414;1481532294;4
14129;8768;1481531806;2
8414;8408;1481525686;2
18047;14207;1481540599;18
5635;25173;1481539506;18
11558;7960;1481534163;14
24259;5849;1481510825;8
21397;18424;1481546312;4
5420;19625;1481543917;8
3955;10174;1481541576;14
7901;2802;1481535128;10
1351;1379;1481542249;4
7965;8240;1481539281;18
8521;27297;1481543721;2
3649;10539;1481521459;14
1444;27201;1481538969;14
3413;3998;1481509666;18
4236;7251;1481539520;6
10254;9845;1481532846;4
16807;1551;1481539565;12
6830;1860;1481539551;18
6714;10716;1481514955;8
8375;27289;1481530607;10
4856;27391;1481522802;8
9299;3592;1481512952;4
1174;22313;1481541784;10
18442;16879;1481535560;14
1721;6024;1481513255;8
9204;13771;1481549902;14
205;4592;1481522888;6
10927;16136;1481533232;6
1548;9170;1481512043;6
3626;26313;1481517941;16
25346;18812;1481551075;12
7493;25542;1481546082;14
12354;22536;1481531275;8
8941;23669;1481526726;14
13287;6703;1481542348;12
17152;10274;1481549618;8
6775;18885;1481549494;10
2119;1050;1481522800;6
19969;6356;1481532944;2
15980;8369;1481519747;2
4213;19932;1481513415;6
3766;7169;1481534618;14
20420;11253;1481537496;12
11144;17362;1481511545;8
5485;313;1481546405;14
14872;15962;1481548645;12
4644;1550;1481518225;14
9986;15077;1481510681;8
27485;23082;1481513687;18
6475;17043;1481516850;6
10494;27395;1481525781;6
10417;11361;1481514020;14
4278;16809;1481527164;10
12780;12650;1481521537;4
2978;14863;1481512940;10
24429;26500;1481523705;2
8345;7680;1481522690;18
4351;25356;1481531487;2
1042;23058;1481530177;6
19760;13215;1481536538;18
179;8931;1481547927;8
6792;3467;1481522424;8
11154;17378;1481524333;6
21069;12653;1481528982;8
384;7043;1481529868;8
20544;18472;1481516285;4
13903;2020;1481538191;6
27090;13945;1481519494;6
15479;8368;1481520576;6
345;3293;1481543940;10
1497;20643;1481543791;18
7333;15787;1481519799;4
16033;3154;1481509891;14
19490;11739;1481525944;14
10516;8328;1481545297;4
23354;4314;1481539108;10
5935;12404;1481515300;2
15446;8075;1481531076;2
1515;11135;1481520654;6
3488;5641;1481546452;8
5692;11087;1481526198;16
23542;3578;1481547635;12
3791;3600;1481522873;10
25399;21267;1481533971;8
19528;19752;1481535005;10
13181;5941;1481513279;14
8340;24137;1481548854;12
3687;4043;1481513244;12
306;6716;1481544547;10
20928;384;1481527094;10
17405;11096;1481529959;2
6605;6603;1481531945;16
23541;14164;1481541305;14
7101;20658;1481519763;4
171;25468;1481539624;16
1428;12620;1481514972;4
6671;6405;1481526677;16
3119;6289;1481521475;16
40;10111;1481532944;12
27324;7522;1481511353;8
6711;10722;1481539076;10
7767;17306;1481550457;14
11954;12148;1481521407;4
9971;19213;1481529377;6
5822;5985;1481521957;6
19581;11145;1481519096;4
10071;240;1481520047;10
19276;1848;1481533746;6
18247;1272;1481521788;10
3075;27202;1481516774;16
6605;13907;1481514619;6
1208;7917;1481522214;10
27277;22649;1481540551;8
10911;27046;1481535206;18
11121;10800;1481532239;16
24471;17463;1481518120;2
14134;11269;1481540682;8
20080;12102;1481518325;8
2931;24250;1481529528;16
8191;20403;1481518655;4
7189;1128;1481517052;14
2124;23115;1481513698;16
8279;24655;1481514384;14
14451;22132;1481527778;2
9791;14700;1481540831;6
7302;1278;1481540974;16
7325;14152;1481516096;8
27103;8017;1481515508;12
10633;14260;1481510018;8
18092;4227;1481538321;6
10525;8655;1481522702;14
17269;6172;1481537753;16
16046;1520;1481549481;6
7696;1982;1481546178;16
3941;5264;1481542025;6
26161;9500;1481534593;6
5930;14648;1481532631;14
10616;27461;1481519790;2
1876;13928;1481527455;16
10637;7267;1481530765;18
1916;15318;1481522748;12
13814;4686;1481529945;6
4916;8148;1481539767;2
9664;10203;1481528188;16
25532;20369;1481520073;14
13226;396;1481546171;2
20906;17303;1481527276;10
25061;12038;1481509778;14
1935;19827;1481550989;16
19950;9753;1481515411;14
9426;8143;1481518551;14
15474;23859;1481539023;16
8482;1918;1481522840;18
173;320;1481520692;14
11720;23057;1481531726;8
1453;15324;1481520340;16
5887;1347;1481512745;14
27157;16828;1481511392;16
978;7000;1481550703;14
23886;21002;1481510139;8
1130;10320;1481547368;8
411;7317;1481542211;10
15747;289;1481515126;16
7626;6321;1481535832;8
21363;5110;1481528370;18
6539;22502;1481523765;2
404;10785;1481549617;16
25083;3382;1481537669;10
23853;4595;1481542551;4
21069;1173;1481539446;12
13772;17006;1481520466;14
11563;8864;1481540784;8
10259;11591;1481526192;6
15368;9980;1481548133;16
993;3161;1481527010;4
10326;11028;1481526106;16
7063;26307;1481551115;14
5728;12031;1481545159;14
5989;9018;1481543841;6
9434;7956;1481540658;4
6574;12144;1481511638;18
1925;11094;1481520316;10
3287;19773;1481519110;18
4898;17887;1481550297;10
2809;19830;1481510491;12
15020;14555;1481549353;12
13763;5430;1481519473;12
9394;5296;1481538998;10
15327;1914;1481517453;2
6651;2340;1481531728;4
4565;6442;1481528709;12
21317;9970;1481523591;16
7933;25195;1481545241;10
16887;1714;1481515418;16
7627;9516;1481534756;8
10414;257;1481536906;4
22966;10206;1481532428;18
12025;14797;1481516703;4
20445;3080;1481523697;10
27125;20535;1481524678;6
9285;21223;1481532435;14
20534;23739;1481509710;16
18092;1976;1481532818;8
5878;11135;1481541410;18
12921;10320;1481531824;2
25076;15479;1481510446;4
6808;255;1481517767;8
9283;10553;1481547701;12
4362;8275;1481514187;16
253;1271;1481517801;14
1065;1678;1481530711;14
14930;27553;1481516511;18
6009;2876;1481531734;10
3766;26203;1481517190;4
3268;5333;1481545693;14
18511;2797;1481511306;12
11693;9308;1481536861;18
420;27442;1481524964;4
4669;11141;1481548826;16
18264;6474;1481541388;16
7351;1353;1481541593;10
20085;21758;1481537231;18
23337;4606;1481527995;2
8872;6873;1481526753;16
20484;6146;1481519499;6
12642;20996;1481529512;6
12244;6282;1481521118;4
13986;8150;1481538522;18
22921;10257;1481529640;18
4043;17505;1481542627;8
11481;3384;1481533583;16
998;3255;1481515596;8
6025;11152;1481512957;6
4762;6208;1481539845;2
9877;14698;1481544717;18
23014;8695;1481519986;2
21727;12045;1481526261;6
14545;19215;1481533654;8
7146;4300;1481534482;18
12794;8511;1481538220;16
24745;27134;1481530758;16
10522;27426;1481543742;2
93;17862;1481523474;14
4833;21921;1481519597;12
13004;16812;1481533543;14
2940;6314;1481524378;12
18809;10174;1481550302;2
5830;3904;1481544959;12
17376;6900;1481510899;18
13288;6432;1481525229;6
25076;2138;1481533801;10
9636;2737;1481535256;2
4867;3127;1481548855;4
10682;3285;1481550373;12
17422;27481;1481550543;8
25520;14238;1481528585;4
3001;4360;1481523252;8
18180;25810;1481532504;10
15225;11719;1481549478;12
16101;3292;1481531526;12
21717;12421;1481536526;14
9897;4892;1481537618;4
5637;8493;1481528213;12
19869;15139;1481529982;16
14823;1860;1481543429;8
1093;11212;1481549863;12
8327;15980;1481544115;16
15788;22994;1481541054;4
8645;130;1481517944;4
6141;1177;1481523291;18
6203;3904;1481514426;18
17337;7155;1481533942;12
23039;25265;1481511676;6
20682;5592;1481520813;16
1459;14237;1481510402;2
17191;27228;1481519588;12
19495;8473;1481528277;2
8806;21000;1481531817;10
7569;9553;1481550793;16
10292;8977;1481531614;6
21795;6822;1481530181;4
9298;5780;1481512871;4
27281;8990;1481539744;8
8931;4199;1481531816;8
949;11884;1481510612;8
7647;19212;1481535816;8
23120;17401;1481538014;18
3642;4322;1481546477;16
1512;897;1481522961;18
7325;8440;1481521912;2
2871;6484;1481527010;10
20857;24258;1481517780;16
18051;20357;1481542428;16
19546;2152;1481515554;8
12409;22451;1481535833;12
20459;23172;1481519348;16
11140;7190;1481532996;6
7454;18200;1481527474;10
7766;2167;1481515461;4
17475;9242;1481513429;4
5279;3737;1481518230;8
26502;5431;1481510813;14
11388;9174;1481521835;14
23651;26070;1481545792;12
3574;9749;1481523856;4
16035;5823;1481530689;18
14780;6891;1481511917;2
9855;6946;1481511044;18
22496;18355;1481519335;2
20317;8866;1481524957;4
15375;4208;1481541938;2
1315;5420;1481524540;8
16187;11037;1481530611;16
3154;20534;1481512705;12
24473;13825;1481514405;12
12212;14118;1481535887;12
9341;24568;1481543670;12
6605;17281;1481516654;2
6818;4841;1481529992;12
4571;16301;1481527749;12
12809;23161;1481541500;12
14497;7315;1481526068;16
26112;5882;1481542909;2
21841;14956;1481546159;16
10180;23444;1481521241;12
12277;16799;1481533085;8
1495;26102;1481518124;8
9899;23341;1481523401;12
19093;1187;1481545137;18
24690;22467;1481522862;16
24666;4785;1481531046;18
19536;9163;1481520542;2
2727;14654;1481529756;14
23338;8016;1481537509;12
2777;989;1481549629;2
10603;1029;1481542802;10
5510;14983;1481540817;16
12743;10572;1481541401;16
7455;7630;1481531154;12
23762;11054;1481524741;18
27277;11909;1481522013;8
11768;8747;1481550312;10
27270;8967;1481516776;18
16197;20958;1481510934;18
11092;17921;1481520860;10
24675;17015;1481532463;16
23830;4525;1481520285;12
21715;919;1481539800;18
14656;23486;1481539613;6
7840;5895;1481541845;10
27201;2727;1481538336;14
229;12021;1481540915;4
21382;20146;1481509932;10
27422;5961;1481543976;12
21494;8151;1481525809;10
14198;3599;1481549230;4
15238;5392;1481514999;18
15131;8463;1481513261;14
1396;14904;1481539970;8
19761;8947;1481538295;12
3725;6443;1481537776;10
9505;9819;1481516181;18
4021;1391;1481509772;12
1487;4299;1481511207;6
10215;17456;1481519289;10
2989;3539;1481517334;6
11019;16888;1481537652;6
9286;1310;1481542729;18
25433;3457;1481547685;14
17413;21303;1481536682;14
11946;8195;1481547490;6
26110;9790;1481518198;10
5082;11854;1481523542;10
14655;24977;1481547327;6
3933;4236;1481522860;18
23651;5921;1481530746;6
6111;12215;1481534712;18
6508;10573;1481519123;2
24564;7389;1481532161;6
19303;8352;1481534834;12
599;4802;1481533933;14
22646;4874;1481533855;4
19520;25062;1481518106;12
27510;27407;1481511366;14
20299;3062;1481533192;10
14201;15481;1481549675;4
27458;65;1481520656;8
15491;7555;1481516787;14
1696;7893;1481515260;14
15030;2273;1481520440;2
12278;17425;1481523687;6
18150;10670;1481531378;18
24254;9527;1481511250;2
12674;21314;1481512995;16
27128;19471;1481531286;6
27034;1880;1481512628;18
2165;17243;1481513067;14
27314;8916;1481522276;16
3408;3930;1481533599;8
7330;24;1481529167;10
23039;5742;1481537396;8
1341;1860;1481529797;16
6852;8813;1481536660;2
21729;3416;1481518249;8
26104;8118;1481522825;16
7361;439;1481521325;14
19953;19497;1481527960;8
11761;27333;1481548091;10
390;438;1481549841;4
10117;9149;1481541437;6
24359;16807;1481544173;14
10780;13824;1481516158;8
3943;6978;1481518018;4
26074;22968;1481546415;18
23168;2157;1481549438;6
8804;4898;1481512757;14
10422;8638;1481516876;12
428;15090;1481512936;12
9210;27386;1481516136;10
22999;1427;1481528226;12
6723;14184;1481521007;4
1979;16647;1481531913;18
26313;27448;1481517147;16
5051;3601;1481525733;18
8751;1776;1481544627;6
6125;6669;1481513110;12
9494;4829;1481529009;16
19825;4338;1481511818;8
2760;8410;1481526220;12
5756;3020;1481528112;8
26082;2829;1481533517;6
15073;4564;1481529277;12
4189;6644;1481542255;6
10617;2343;1481527122;8
16918;11588;1481527131;16
23805;1209;1481525918;8
2020;206;1481540454;12
7084;1955;1481516054;8
20866;14909;1481514444;4
10594;24180;1481543124;10
8531;9884;1481516580;4
23106;13238;1481537042;12
14996;6559;1481510461;6
4701;8657;1481543930;4
262;10621;1481511345;12
24183;1276;1481528203;16
27420;13219;1481529986;8
2280;23761;1481520852;8
7875;12279;1481523212;10
5880;25065;1481527836;12
13562;19559;1481542709;4
9478;20239;1481510909;2
6466;3154;1481534999;2
135;17151;1481511777;16
9996;17170;1481547335;6
11109;8498;1481509589;14
18152;4187;1481527700;6
18936;26139;1481549572;18
3589;1318;1481527453;8
17034;19761;1481549606;16
2881;14662;1481541892;2
7856;24977;1481527598;8
10800;1643;1481534857;12
7601;11234;1481535569;16
6784;3399;1481510476;18
4960;7833;1481543888;4
27132;9314;1481547815;16
14563;21809;1481511972;6
7298;9190;1481525776;10
13826;19986;1481539512;2
17611;21484;1481532626;12
1764;16802;1481544812;18
6952;18898;1481534200;10
993;8993;1481549634;6
16856;1118;1481518497;2
3068;6233;1481528157;18
8308;4773;1481512388;2
971;12002;1481525672;16
7560;20399;1481529415;6
21362;18860;1481522652;4
17449;8777;1481541123;4
17031;196;1481525487;2
6024;15476;1481526026;18
6473;13869;1481529979;12
11389;186;1481545299;10
18904;6409;1481538408;18
16136;23318;1481530786;2
19885;2839;1481549972;12
8342;8539;1481517678;12
5959;15027;1481511390;16
8106;6573;1481547866;2
23353;9367;1481531518;4
9149;5516;1481516324;14
939;26502;1481545764;14
9283;11145;1481520094;8
26315;8108;1481529960;16
25386;13819;1481514639;14
6463;16041;1481535134;12
228;16293;1481528264;8
11134;20049;1481530190;8
27475;6275;1481515256;2
9749;20588;1481510896;8
24272;4563;1481519989;10
5441;1380;1481546225;10
9248;4213;1481532134;16
6956;19949;1481527472;18
14260;10851;1481550987;16
405;8759;1481513777;6
1901;16134;1481538805;2
21069;5858;1481534998;16
22626;1629;1481517910;10
7978;11232;1481513516;14
7942;4351;1481522451;2
1255;2819;1481523689;2
1028;2164;1481529445;14
10726;1175;1481527565;8
23649;7422;1481546029;18
11259;11614;1481525663;8
19492;9262;1481515739;16
7416;5976;1481542783;16
218;17364;1481550671;12
26260;23753;1481544860;16
3927;6330;1481518965;14
9284;4352;1481548024;6
5694;6787;1481519007;12
20539;3012;1481521039;4
24743;22479;1481524835;14
25346;1706;1481516976;4
13677;12559;1481540423;6
14642;17547;1481517232;16
27209;26036;1481535740;6
11117;11154;1481512371;18
24137;19074;1481540254;8
18813;3599;1481528276;10
4759;10235;1481543914;16
17174;966;1481515894;6
11784;19802;1481543758;6
22940;8885;1481510550;4
26187;9552;1481545468;16
1769;15446;1481524273;16
9890;1581;1481527761;2
9104;27052;1481549473;8
11402;20455;1481536197;4
156;1644;1481526475;4
18836;20439;1481547482;8
1217;8121;1481550815;12
4521;5907;1481516434;10
8510;23085;1481515064;16
5938;5532;1481547249;16
21294;8826;1481522294;6
17893;6659;1481534682;10
12237;8575;1481546592;10
24562;14270;1481509959;12
14614;981;1481535706;4
11018;24256;1481550566;14
9971;7776;1481532843;14
344;9444;1481550640;14
4799;11090;1481518917;2
9549;25179;1481544314;16
11147;1554;1481512045;10
1741;5487;1481521564;4
6252;25430;1481549104;14
10925;19215;1481535716;14
5012;9448;1481514137;14
2776;20986;1481515587;2
14209;109;1481536089;2
17526;5101;1481525085;6
17006;7280;1481545022;10
14164;10007;1481535282;14
562;14891;1481542319;14
11483;6722;1481521398;4
14510;1351;1481526826;2
13677;3413;1481515679;4
19860;11822;1481514914;8
3790;11095;1481548632;14
17875;23634;1481541247;16
7341;8513;1481512637;10
18464;7379;1481523845;14
3054;18175;1481523386;4
4641;7098;1481522267;18
19923;24352;1481542085;8
19528;10486;1481530127;8
17310;8363;1481548555;12
23849;6184;1481545487;2
5830;3080;1481547189;10
4583;9833;1481526137;14
6476;7583;1481516598;18
10020;6656;1481526934;14
2167;10222;1481539577;2
6161;9979;1481546687;16
9710;7032;1481528057;12
8127;6784;1481544095;12
4318;6880;1481542144;8
1272;338;1481546670;16
18438;21713;1481512857;18
4306;11159;1481548757;6
7878;17133;1481534364;10
19071;9896;1481517641;14
23039;7778;1481529508;6
20155;13903;1481542964;12
9996;5475;1481550074;6
9842;14887;1481512138;8
363;23171;1481526997;8
14436;19534;1481536604;18
1563;27444;1481520931;16
17176;20052;1481549185;16
1451;4906;1481516170;10
5759;26473;1481539730;18
8798;17275;1481545346;10
2737;1848;1481547801;12
14628;4576;1481513558;2
18399;24254;1481531704;18
12120;14549;1481537424;14
6000;25052;1481525286;10
1625;6019;1481528775;2
23191;90;1481534592;2
4978;6147;1481512234;14
10617;5551;1481543543;18
14134;8899;1481522688;18
6557;6119;1481516783;14
4963;10312;1481548608;16
1152;11152;1481545514;4
7891;20010;1481534678;8
3063;4039;1481536500;16
9565;20071;1481547751;6
1381;27377;1481520691;8
20807;16918;1481509811;14
27290;3932;1481526391;10
998;4205;1481526697;8
27198;17474;1481547961;2
16789;21800;1481541944;10
24748;23854;1481518653;14
7023;8347;1481532011;6
17511;12115;1481547633;2
24931;9667;1481551093;10
9820;3508;1481522763;6
7627;6499;1481540291;4
19079;1533;1481537453;14
17256;20444;1481542519;14
9067;2984;1481535516;12
16120;1799;1481522805;14
3741;16647;1481538302;4
2791;4596;1481546050;6
18821;11063;1481545355;12
9971;4312;1481531596;6
5749;7782;1481550176;10
8689;27543;1481509643;12
6666;21721;1481514414;16
24970;5052;1481536358;2
6437;3462;1481547635;18
21485;7084;1481528257;14
5759;237;1481531300;14
15119;23158;1481545974;8
6765;1963;1481546511;12
5928;1771;1481530680;10
24090;24925;1481535630;16
1019;3155;1481518827;10
5746;3134;1481524735;2
22934;15226;1481509969;14
21716;7963;1481519558;14
10266;8936;1481532000;8
5893;16191;1481549692;18
8283;21398;1481516322;4
318;234;1481549879;16
3701;5052;1481532196;8
1113;9475;1481527773;6
8973;15492;1481537451;18
18958;5944;1481546015;16
25397;9300;1481521943;16
7817;3069;1481518539;14
10361;18899;1481524394;8
3536;6396;1481532107;4
11236;8355;1481537622;2
21504;12697;1481515602;18
12329;7638;1481524026;8
5418;1326;1481516779;2
10269;7622;1481545113;18
17389;6652;1481550333;2
8887;11619;1481545488;10
14973;1204;1481548680;8
5406;23521;1481516257;14
2978;8506;1481538968;18
5514;9988;1481530841;14
11071;7302;1481538867;10
3289;15784;1481522822;14
10736;1026;1481546961;6
170;5806;1481524083;18
23550;11131;1481518955;8
15307;12809;1481548198;4
6489;6172;1481525788;6
11387;5114;1481524950;16
2143;5403;1481534008;12
5849;3590;1481546365;4
2757;14113;1481549521;6
10443;17882;1481539272;16
23496;9212;1481543068;14
2384;2964;1481534744;2
17036;8809;1481549751;14
7863;27387;1481521443;16
27142;13004;1481512084;16
10697;5705;1481539093;8
10373;5913;1481517462;16
1256;7174;1481517049;18
7556;3028;1481522640;16
4312;7672;1481523613;8
13263;7406;1481521893;2
4641;21042;1481543759;16
8249;13814;1481537004;18
5093;6146;1481547170;12
16928;2372;1481545629;12
5420;21412;1481522353;4
11906;26083;1481543620;8
14927;8517;1481515353;14
21387;14203;1481515622;14
10618;9470;1481519051;16
7598;138;1481544039;10
3079;22444;1481549057;4
9813;6693;1481536274;12
4363;27298;1481543053;16
19802;7142;1481539213;12
348;23031;1481542680;6
6127;14803;1481523452;4
8308;20911;1481541090;14
4732;6390;1481519934;12
6801;4220;1481524940;14
6125;8419;1481523359;8
14434;8031;1481535841;2
8384;21308;1481534515;8
19;4969;1481549242;2
23524;1052;1481543543;4
1185;17456;1481544329;6
18245;6256;1481519203;4
5515;8564;1481547561;10
19964;8587;1481519649;18
9423;25085;1481526928;18
23649;6329;1481510010;16
5334;17418;1481540802;18
1558;27035;1481528363;8
20071;8036;1481512692;6
7778;14803;1481540262;12
2729;10617;1481543080;14
5108;1768;1481540746;14
7552;2880;1481546742;2
10026;9422;1481548393;4
280;4505;1481527463;10
1578;1569;1481517140;18
18808;7083;1481547108;18
11849;893;1481520094;6
22269;15102;1481522944;14
16127;4243;1481544067;2
10674;18046;1481529577;10
1006;9682;1481535127;6
5355;17155;1481514742;12
2746;5004;1481536390;4
7689;330;1481514771;6
344;23356;1481549201;8
10413;12144;1481511319;8
4820;27020;1481522767;12
3978;7814;1481520169;14
566;1080;1481525016;8
8568;24430;1481526781;10
2799;7848;1481542065;14
373;4896;1481542244;10
25041;21759;1481541243;8
1773;2010;1481528691;2
9880;8573;1481534663;10
8147;1665;1481519703;18
26189;21300;1481511070;4
6125;6229;1481548189;18
6000;24425;1481535399;10
8558;8566;1481547429;14
3292;22479;1481547082;12
7060;1979;1481524680;14
27298;10556;1481511919;6
11588;9847;1481540034;2
1988;9803;1481547727;6
2165;19948;1481525051;8
6978;293;1481522177;16
8881;2791;1481542662;18
17121;400;1481538043;16
18872;11907;1481513552;16
10332;13812;1481538875;2
6857;19956;1481515351;16
20986;2147;1481519285;2
9854;2426;1481530030;18
19833;4892;1481520356;12
4591;11175;1481530018;8
24446;9554;1481525320;2
4026;3546;1481514666;14
3281;11717;1481526540;14
16891;24282;1481544247;12
4786;20910;1481524114;10
16802;4593;1481535535;4
6866;6962;1481527996;16
23047;5702;1481512924;8
1680;8467;1481539208;18
12582;5263;1481538180;4
7408;7644;1481542338;16
18075;15127;1481534953;16
14515;3079;1481536488;8
24655;10424;1481510105;2
7799;8808;1481519900;14
14428;10004;1481549471;16
10799;16927;1481537064;2
21809;6815;1481522607;10
11024;16858;1481545819;16
18867;25400;1481544617;2
9199;8684;1481548949;4
4693;17283;1481522100;18
1337;20881;1481526423;2
16912;1322;1481548901;16
12873;7017;1481522687;14
10775;7855;1481521825;12
11052;25434;1481517535;12
5910;25056;1481547236;16
17240;22936;1481516505;8
6997;7819;1481526767;18
8933;10070;1481545646;12
11410;6690;1481536122;6
2794;6148;1481540806;6
4985;4020;1481542079;12
14810;2271;1481524586;14
4672;19917;1481519577;16
13678;3982;1481535619;14
1236;14121;1481515604;2
20674;22958;1481524240;6
1187;16197;1481513283;2
4004;19536;1481529071;6
9525;18838;1481538286;12
7603;13979;1481520952;4
12868;6607;1481513291;14
14691;25011;1481542497;18
1340;17844;1481522739;8
12146;18837;1481539358;6
24090;23167;1481540822;10
7311;27176;1481540661;10
9888;5101;1481547088;14
19423;25002;1481536169;10
256;3068;1481540748;4
1003;9448;1481543349;6
2153;18177;1481513733;8
8904;5717;1481550163;14
7715;6858;1481541772;4
1215;8596;1481548452;14
8711;11695;1481549214;8
27103;5051;1481533657;4
20337;22441;1481525297;2
8574;1970;1481533756;2
18842;8333;1481539135;12
14983;4565;1481534947;16
6482;20156;1481532934;4
2931;5774;1481511021;8
2161;7883;1481538137;16
4215;14891;1481544433;4
20083;8465;1481540431;8
1123;21804;1481549681;2
5114;1120;1481523387;2
17419;10159;1481511230;6
6699;1060;1481549942;6
10403;5874;1481516972;2
19532;17863;1481529991;10
1100;9660;1481525442;4
2829;14697;1481517961;8
2117;1123;1481522820;16
6329;20427;1481538735;18
1281;7605;1481532742;8
3638;8560;1481546172;8
10398;13785;1481517395;12
17475;11003;1481542342;10
17043;4979;1481517721;2
1515;11099;1481516701;6
12032;4352;1481530949;6
6499;17463;1481531874;18
5029;428;1481517589;2
17782;137;1481534704;14
7997;5502;1481548511;4
22607;238;1481519552;4
15994;1548;1481529880;2
6596;12560;1481527335;6
13800;12310;1481543804;8
3786;20080;1481546651;16
10254;20789;1481526381;10
18892;18321;1481512286;14
18191;8402;1481542013;6
1987;10185;1481526599;16
7546;11622;1481517873;8
3628;17883;1481511281;12
18323;13872;1481517901;12
16789;12796;1481522985;10
7829;8634;1481516515;14
24672;10214;1481541311;10
8763;4263;1481513144;14
20116;12055;1481546080;6
382;12286;1481525779;2
1639;19779;1481517322;4
27000;12135;1481546338;4
25084;19576;1481510322;10
27202;3263;1481514449;18
24745;1139;1481543264;10
5052;17534;1481539970;14
27003;2380;1481529811;14
10312;12286;1481510920;16
1535;1862;1481543387;12
11595;440;1481536646;12
5478;9162;1481534313;12
1015;17470;1481536046;14
10328;10197;1481536592;6
19952;290;1481545729;12
18051;6634;1481536538;8
11049;10522;1481516295;4
16883;20099;1481532114;6
8918;9184;1481548856;16
1070;11043;1481528873;2
24354;20985;1481528398;14
13883;23542;1481530268;16
27008;2798;1481523566;10
23624;8433;1481538289;6
12426;25083;1481530248;6
7366;6526;1481542407;4
7523;2115;1481542354;18
3054;1919;1481549364;14
7871;3125;1481534620;6
1125;15350;1481548309;10
8930;17892;1481542580;4
9421;21316;1481549727;12
15736;6766;1481538608;12
4965;9893;1481532092;6
14143;11266;1481532441;18
8488;5685;1481524694;14
2777;7541;1481544171;18
3907;4182;1481544620;6
9056;2782;1481521422;6
9963;12089;1481535439;4
7104;6838;1481536103;16
4524;27318;1481538419;4
9978;5490;1481533826;14
15225;6431;1481534099;16
15241;1344;1481532050;6
1087;8589;1481541582;10
23032;9833;1481537767;4
5716;23452;1481522441;8
6538;2294;1481518906;14
18952;2141;1481539899;10
1161;26040;1481528561;10
12747;10796;1481513154;16
24480;25012;1481516380;8
19989;11174;1481512392;16
11903;5375;1481548457;14
12150;18438;1481539332;12
19432;8444;1481541786;18
7621;12813;1481535323;18
27458;18820;1481533818;2
23469;11563;1481534616;16
9815;27454;1481550387;8
10293;6108;1481536538;2
17792;7672;1481546428;12
12773;6298;1481528117;14
23176;10983;1481536321;18
20360;12631;1481541175;18
9419;21221;1481529086;14
20317;13677;1481546891;10
14905;7783;1481549549;10
6879;2281;1481547774;14
23665;24370;1481547579;14
6590;10876;1481538582;8
22316;14985;1481541073;12
1372;19753;1481551078;10
7765;25068;1481525855;16
25514;7829;1481534072;16
27173;6479;1481534588;18
10749;4834;1481533810;16
3414;137;1481527940;10
1212;5895;1481523241;12
5691;4268;1481513587;14
11095;19943;1481526029;8
10702;14650;1481533843;8
7621;5301;1481511073;16
5776;16142;1481516545;16
8108;11577;1481534942;8
10095;16863;1481511897;10
24417;16137;1481539415;18
15224;13137;1481524653;14
4776;8807;1481540512;8
6243;7282;1481539740;12
1382;10230;1481533557;6
8408;3789;1481538451;18
19848;16133;1481524864;2
18080;7784;1481533031;12
4955;6418;1481529296;8
3376;7849;1481540387;8
12101;3070;1481545434;2
68;15327;1481541450;10
7454;10930;1481517370;14
11176;9413;1481523310;12
1916;14711;1481543139;14
5633;21084;1481526626;2
26108;18899;1481523410;4
4314;8903;1481528581;2
12315;12630;1481527568;8
21837;2134;1481541172;12
10605;4249;1481510332;8
7645;6330;1481547678;16
27426;15482;1481543120;6
17419;7074;1481549216;18
7911;4704;1481550358;4
26266;8413;1481529798;6
19027;1400;1481511486;14
19825;11110;1481523278;8
7998;9001;1481512403;6
19222;343;1481517273;6
19079;6133;1481510746;12
16887;12321;1481511474;12
148;24935;1481510974;4
7917;24139;1481522909;14
6536;15231;1481514986;16
16852;16834;1481547099;16
2330;24984;1481528841;4
3164;19788;1481522284;16
19272;6432;1481516181;8
5334;3162;1481509571;6
9006;21382;1481541258;8
6383;24285;1481536562;10
27414;11599;1481544291;14
12097;23525;1481517627;10
5775;10811;1481523091;12
4227;9505;1481548153;4
16883;9742;1481549602;18
23894;27463;1481545137;10
8777;22968;1481525716;6
4583;3702;1481536499;6
9881;19781;1481515292;18
10425;20401;1481516683;2
9630;20626;1481522130;2
17308;6252;1481512568;16
7462;9983;1481546110;2
5594;13296;1481513025;14
14887;2035;1481528041;8
20920;5886;1481524388;16
5428;4506;1481536024;4
8879;9891;1481520199;2
6823;22163;1481527898;14
20628;2017;1481547363;12
2752;6499;1481530400;10
8995;10363;1481517375;12
5828;16140;1481529256;14
13263;4032;1481529101;8
27204;223;1481512174;4
6004;15483;1481532646;18
27039;6112;1481521564;10
6717;5399;1481520406;14
14139;21372;1481538300;16
6385;9315;1481524913;6
6252;16812;1481547071;16
5602;4948;1481510251;4
993;27130;1481518979;18
6923;2271;1481510318;12
15014;9443;1481522463;2
11246;10837;1481513696;18
11223;20069;1481532242;14
24126;196;1481527327;18
246;15089;1481512236;4
887;25164;1481524414;18
10683;10201;1481516143;12
24750;8027;1481544767;14
4979;919;1481549508;16
13987;200;1481547423;10
1410;3007;1481543753;2
11178;12147;1481522830;14
8338;22146;1481524716;18
25364;24161;1481514750;14
24062;23176;1481547914;10
6941;19777;1481537654;8
22443;2406;1481550287;16
16912;7623;1481517992;18
24480;15348;1481513126;6
6315;6918;1481522247;16
5708;3930;1481531388;10
3400;23083;1481536289;2
7550;20049;1481541141;8
1392;14239;1481536532;10
1687;6631;1481526619;8
14932;1611;1481525431;14
6142;14863;1481513489;14
27510;9815;1481536252;16
1701;9774;1481548863;14
1606;140;1481549834;2
9974;8567;1481536351;4
7631;22550;1481522532;4
1187;8982;1481512693;14
15212;5432;1481546423;6
3692;2418;1481545193;12
1884;11252;1481520300;16
4660;5808;1481538259;10
11069;22508;1481544085;10
10605;10659;1481514113;2
8446;25161;1481515706;4
8905;13984;1481549841;8
4925;6351;1481547623;2
1404;24924;1481518991;18
10728;2407;1481511384;6
5651;16199;1481535610;6
9178;7336;1481538336;12
8956;5970;1481527058;2
7420;20857;1481518449;8
24937;7924;1481545124;4
8921;4522;1481544297;8
10472;369;1481542290;8
23439;1014;1481537047;2
6924;15106;1481524014;4
4680;3730;1481524816;6
2828;6192;1481518293;4
7272;17500;1481539574;16
19436;4843;1481546931;2
17185;3054;1481524305;4
6310;1219;1481548488;8
15990;17143;1481517116;12
18822;18456;1481522508;12
4526;9844;1481550758;6
14703;8832;1481546404;18
3458;5280;1481546141;12
1970;8364;1481523623;6
7475;6505;1481546840;6
4657;3376;1481550562;16
1226;6366;1481529419;4
12139;22937;1481520350;18
364;5741;1481535459;2
27343;4228;1481527313;10
1144;21232;1481526373;14
15249;5287;1481535869;2
7838;17154;1481549261;2
16648;4547;1481512784;18
10713;8250;1481518284;6
3574;10709;1481542982;14
10202;17240;1481540332;16
9512;21369;1481525591;4
19079;25046;1481533365;12
7890;1181;1481532500;18
17407;3715;1481547560;12
2033;22542;1481536456;2
6190;3597;1481542143;6
1013;13856;1481527532;8
18091;23866;1481518330;16
14149;8961;1481530424;16
5527;26322;1481520262;2
19226;11216;1481539730;12
9151;1917;1481524607;4
1460;27336;1481548775;14
12649;4539;1481514026;2
26304;10540;1481523116;16
8306;4031;1481525031;6
6974;12396;1481542671;10
6268;20014;1481533753;18
8143;4782;1481515875;4
25384;7620;1481521424;14
19071;10265;1481529106;8
6023;5109;1481548142;4
17300;972;1481550633;10
23119;4324;1481547055;12
15118;5770;1481513341;6
5822;7389;1481539593;18
19527;38;1481540335;10
6191;4581;1481523741;16
1730;7319;1481549010;14
7818;6566;1481540082;8
20547;5378;1481543895;8
10596;7054;1481540557;12
14700;19834;1481525143;16
9393;14801;1481521892;12
10045;1283;1481529683;10
27326;3078;1481536189;16
4847;25023;1481523793;8
4021;2420;1481523303;16
7550;14187;1481526921;10
5401;1538;1481516126;12
10270;12289;1481542281;8
7880;26155;1481525077;4
19091;5773;1481513140;16
24664;207;1481549677;8
5911;1930;1481513161;6
17771;6220;1481530730;18
1371;6262;1481514125;2
111;5715;1481536268;4
3788;19053;1481548406;18
8587;12407;1481525679;4
23805;9007;1481528467;10
27321;7008;1481533863;10
4547;19287;1481522226;12
12067;13779;1481531878;4
14983;14168;1481542882;10
25328;4413;1481511888;12
1132;9255;1481514469;16
20261;1811;1481519950;6
25414;23860;1481541905;8
11799;9792;1481524853;8
19497;9317;1481519708;18
8816;11136;1481515347;8
17705;17509;1481530525;2
3080;9994;1481543617;6
15161;5647;1481546628;18
1615;8285;1481526233;16
10119;5040;1481539788;2
11137;23652;1481533365;2
3947;12091;1481531115;6
269;4666;1481522745;8
8969;15423;1481537553;8
5531;1195;1481510778;8
15421;8941;1481514652;8
3999;25187;1481541704;6
10519;6439;1481522379;4
1154;3062;1481545666;6
1594;4568;1481524140;14
20089;5804;1481515767;16
19762;82;1481546854;14
26070;7274;1481546180;18
9626;10384;1481529710;16
25175;10702;1481536148;6
6550;27334;1481511619;14
563;7550;1481550461;10
11823;6431;1481511713;4
13950;6973;1481540958;6
11989;12290;1481548781;2
16137;15648;1481536868;4
27129;4274;1481545769;6
6827;19776;1481524042;18
13818;16094;1481527198;2
15703;26148;1481537436;6
16840;2979;1481512646;18
11019;22481;1481528953;16
19759;202;1481512930;4
1013;20655;1481511368;12
11387;4008;1481531150;14
1550;5948;1481549022;2
1517;19228;1481538595;14
9821;4900;1481541731;14
22929;1969;1481546075;12
2329;1599;1481538628;8
5003;1247;1481532908;14
23750;20955;1481521452;12
6137;10676;1481544225;18
8369;21318;1481535233;12
11222;4363;1481540230;16
18809;21362;1481513186;18
10908;4688;1481517737;4
5101;17867;1481538059;16
8818;23628;1481517596;12
1167;9359;1481548861;6
27098;19284;1481548081;6
8503;25163;1481512948;6
27021;2794;1481547915;16
4270;24665;1481516634;4
3122;22447;1481539283;2
6208;5358;1481533650;14
95;14911;1481511097;14
2337;24750;1481517739;14
11917;17531;1481528529;12
4948;17024;1481509866;12
8332;11095;1481539050;4
20888;418;1481544615;4
5286;5424;1481544049;14
7077;3630;1481546752;6
17575;4730;1481538920;6
9491;12674;1481524317;2
10462;14913;1481531742;14
4688;17293;1481536992;18
23299;27490;1481538063;6
16026;12076;1481527233;12
13677;11108;1481549081;2
10163;116;1481509843;6
15390;4585;1481530368;2
6586;1307;1481529762;12
5840;3268;1481540721;12
14576;20673;1481523661;6
19551;8527;1481532878;4
12428;10534;1481511615;2
19834;10398;1481541421;4
27262;8302;1481518260;16
1811;23348;1481516423;16
19967;14253;1481510653;18
1156;7485;1481520536;12
24479;1972;1481542324;4
7388;3933;1481533738;12
27421;14142;1481546803;8
7159;9150;1481512523;16
20359;27510;1481525830;4
6810;19297;1481547526;12
2141;17564;1481528181;18
7582;9502;1481550502;18
10988;4685;1481540356;18
5864;23448;1481544654;8
1393;6863;1481512699;18
10894;8223;1481542153;2
958;1429;1481549780;6
9333;6482;1481517758;10
23340;6142;1481523884;18
20937;7881;1481550435;12
25089;8764;1481528115;6
8837;9836;1481527619;12
5907;25325;1481522810;14
17258;9462;1481530826;12
5778;7889;1481534414;2
4546;23171;1481546057;2
3984;13924;1481525493;12
7312;4354;1481542629;16
24258;25321;1481518693;16
21004;27331;1481549110;2
1315;3716;1481548676;18
3910;23024;1481519248;4
12410;3545;1481529404;18
18260;14586;1481529948;10
9651;9411;1481540006;4
6827;20573;1481541132;12
12401;11014;1481519105;14
3;9174;1481520975;6
1841;7372;1481516859;6
3681;5262;1481548419;12
1145;2728;1481538751;2
27143;12317;1481514173;14
11067;8529;1481535603;8
14972;22642;1481539991;18
6535;2126;1481518506;12
18819;1748;1481529566;10
1255;18843;1481515355;10
22646;14580;1481528960;8
8996;6625;1481544717;2
14928;3511;1481543585;4
969;9056;1481518593;18
8369;1451;1481527993;4
11135;5730;1481540386;4
1531;11909;1481544964;12
10684;8492;1481525243;10
9299;11696;1481525421;18
20325;24394;1481538204;18
21843;18849;1481512909;14
18861;18112;1481546165;6
1256;12358;1481551021;4
1494;4690;1481546418;2
6787;15212;1481513439;14
3961;7032;1481543810;18
21407;1123;1481537145;16
26469;8366;1481523458;12
4032;7935;1481514813;8
4912;4255;1481536562;18
15122;12219;1481515091;6
1261;4867;1481540915;6
10235;4995;1481523771;16
1336;19057;1481535892;8
1391;27431;1481535049;4
5472;19813;1481548026;14
7617;19374;1481527509;6
12396;17004;1481542174;16
17335;7103;1481510215;10
9280;26240;1481540026;12
23865;9189;1481547736;12
11614;27548;1481513408;2
6412;17162;1481522827;6
12088;387;1481509816;18
1545;10499;1481543336;16
5506;14950;1481528739;18
10117;22988;1481521801;8
21378;11071;1481518455;8
17581;10566;1481539130;6
7777;25064;1481539023;18
4242;10379;1481527020;8
3300;6005;1481527204;4
11141;6791;1481523170;16
5768;25500;1481523345;2
7948;1513;1481517261;10
3377;6555;1481519760;14
3996;8275;1481542032;6
11743;1388;1481518928;16
18197;1489;1481530887;10
1361;8748;1481544952;18
21444;25055;1481526791;4
11066;3072;1481512137;18
16006;4829;1481544045;2
9368;20406;1481527934;2
4251;14912;1481542701;14
6890;4680;1481548041;10
13209;23857;1481536569;16
1273;14202;1481543052;14
2401;13782;1481534025;12
24087;7632;1481519215;4
23525;13884;1481520098;10
4674;23858;1481548661;4
1707;5089;1481545081;2
10219;4241;1481521554;6
13800;8117;1481549256;2
25411;9538;1481550065;4
5634;6241;1481524357;16
6304;5909;1481536494;8
20933;341;1481519978;2
5438;9418;1481538435;4
2319;25522;1481541820;12
5034;9248;1481518135;16
6184;10293;1481522839;12
8635;9754;1481522525;6
7799;14002;1481538640;8
18873;6711;1481535621;18
9006;23191;1481549773;4
17390;12749;1481538218;10
6651;9793;1481532241;2
17449;10212;1481547136;12
3768;11772;1481538543;10
8108;8385;1481518962;14
12065;1856;1481548485;2
6431;10673;1481546882;4
27414;16033;1481545398;6
14657;8465;1481515796;12
25077;5759;1481547975;2
7359;8044;1481523440;16
428;65;1481510350;2
8121;2726;1481512810;18
1679;10504;1481546608;6
23141;22795;1481541490;4
19226;15308;1481546672;14
14657;16840;1481524690;8
7802;2390;1481544644;8
1338;18890;1481516599;16
11902;13214;1481531503;10
5732;20070;1481524551;12
18900;6560;1481547686;2
236;7182;1481514779;4
8898;1253;1481550167;12
971;26111;1481515369;12
12118;11020;1481531097;2
8356;7913;1481540529;14
22461;26189;1481523972;16
6146;1764;1481539574;8
17428;3292;1481528265;16
11115;9794;1481520370;6
15071;24563;1481516851;12
15988;25085;1481541936;4
9287;1430;1481549573;8
23166;10736;1481548304;8
14158;3072;1481542559;14
1275;14633;1481515621;12
1721;27467;1481538960;8
7269;1594;1481517488;18
5957;13187;1481535632;16
9968;12809;1481533561;2
27443;16936;1481520752;6
11739;1192;1481521838;4
5652;5774;1481518798;12
7294;23824;1481526747;2
25343;27182;1481509594;18
6879;6201;1481516360;16
72;4748;1481538809;16
7527;20575;1481539840;2
4572;14635;1481515940;10
8436;12244;1481533046;4
2952;3957;1481551026;16
8320;13562;1481525385;8
13782;12697;1481518836;4
13724;147;1481525768;12
17377;3449;1481527292;10
19935;9997;1481534073;8
12337;1269;1481548075;16
9628;10379;1481550428;8
27003;10987;1481522667;10
6900;9002;1481543055;4
9179;17417;1481526622;4
3506;11558;1481536063;10
11253;20740;1481532504;6
9894;16185;1481519489;2
9785;903;1481511105;14
17881;12239;1481513003;8
9184;10255;1481519118;14
21451;887;1481531619;10
3352;7043;1481529401;16
21323;4702;1481535992;10
10332;17891;1481531999;8
25128;4211;1481545375;6
10717;8696;1481527050;10
4802;325;1481538415;8
17922;19496;1481509561;12
21389;270;1481524763;6
9153;6015;1481538690;10
6128;7033;1481544711;8
6216;19305;1481537489;12
6804;5981;1481514199;16
347;26315;1481521644;8
1510;2787;1481537902;16
10105;8537;1481533154;4
9154;17292;1481550235;14
6578;1175;1481526924;6
8518;9162;1481529056;6
3945;6375;1481535375;2
6622;22498;1481541656;8
22274;6915;1481541449;12
6348;3554;1481531011;8
6485;20692;1481512555;8
14283;25087;1481549051;2
27186;11748;1481536530;18
340;8435;1481531775;6
1139;24753;1481515428;4
23166;24655;1481517827;16
22292;27342;1481542186;16
10706;375;1481542224;2
4842;3771;1481512605;2
15027;7351;1481537704;8
14802;6471;1481534763;14
1492;10098;1481538659;14
21805;3293;1481523242;18
1610;16141;1481528887;14
8523;9648;1481537409;6
23619;8334;1481541026;14
19739;26480;1481514403;12
1902;22991;1481533246;4
16301;2985;1481540111;12
10605;18312;1481540173;16
21303;2950;1481546366;10
21090;10673;1481543343;4
3459;239;1481538321;4
9645;20410;1481521387;2
19726;24689;1481541982;8
5893;27263;1481544329;8
7002;14261;1481526626;2
27173;8540;1481551109;6
7564;258;1481532924;2
16903;19915;1481545373;2
8563;14643;1481513782;18
21253;10606;1481531629;6
6176;2387;1481531897;14
6435;2940;1481527053;8
9156;9898;1481548992;2
27493;17207;1481536674;16
7647;10649;1481533324;4
7934;2036;1481544050;4
4326;4967;1481527186;10
7464;23468;1481538449;14
6854;7457;1481533748;2
19042;8879;1481512695;8
27315;352;1481514972;6
10912;22506;1481541147;6
1048;307;1481522691;4
16034;29;1481532674;12
8912;14706;1481526031;4
6916;20052;1481511875;10
1418;10066;1481539738;10
415;25076;1481549814;16
27382;18465;1481538398;16
5831;8665;1481541024;2
27541;8957;1481540159;6
22145;6832;1481514773;16
7692;21444;1481510526;14
17412;18836;1481517795;16
27102;17022;1481518568;2
9408;1859;1481515469;14
4507;15785;1481522639;2
1092;8834;1481549347;12
6161;1769;1481521368;8
20367;26312;1481549302;12
15488;4683;1481516536;16
3085;7801;1481548095;12
3904;22146;1481520204;6
6791;14562;1481532316;18
4775;3349;1481530483;4
7266;6778;1481537903;14
10616;7514;1481514370;2
3736;8130;1481515295;14
15;2811;1481537262;16
13182;14543;1481542291;12
15077;6254;1481539987;12
4680;15081;1481547121;16
14702;3601;1481550172;2
7865;22994;1481542262;12
8520;17392;1481529710;6
5716;6784;1481551122;14
1107;8933;1481522462;12
5607;27285;1481517037;16
23516;23489;1481548166;8
1012;16834;1481530774;10
6572;17583;1481534595;2
24926;7840;1481528851;10
10434;11264;1481523251;8
2607;18901;1481532184;2
3593;12019;1481536073;8
344;2813;1481550121;4
16997;16826;1481534465;18
8089;1188;1481541402;18
19089;6832;1481514717;14
10518;7093;1481516719;2
25501;4744;1481512763;18
6464;5708;1481517627;14
5391;3768;1481532812;6
80;10268;1481542140;14
11801;5779;1481550568;4
14563;10541;1481520157;12
27186;21839;1481537154;18
23114;8640;1481549260;2
2817;4787;1481515838;14
1350;20529;1481510454;4
9852;4822;1481528013;12
9221;9077;1481534925;18
27385;5039;1481519542;12
11206;20867;1481535544;18
26105;6875;1481545608;4
22487;1058;1481548235;12
17292;7946;1481523830;8
17294;9511;1481550283;4
27536;13814;1481526330;12
9286;4994;1481535135;12
1070;5935;1481522026;14
27391;20952;1481525373;6
8999;2794;1481531475;8
16848;15092;1481534068;10
3751;1197;1481541729;12
19833;4486;1481542514;18
4318;14248;1481514608;10
1698;11481;1481534313;4
22131;19941;1481545542;4
1957;3121;1481545917;2
24352;256;1481533495;18
1922;14550;1481537979;2
7954;15470;1481526335;14
8153;9455;1481531445;8
19050;12284;1481525789;18
20022;9228;1481528777;16
1163;14124;1481549827;14
19822;5909;1481525861;8
9217;7948;1481521809;2
18131;9533;1481524943;14
12237;7640;1481510196;2
24665;20997;1481517928;16
8046;4207;1481532371;12
8957;8692;1481540357;4
8996;12378;1481513801;16
19487;2133;1481523961;14
2018;18860;1481540137;6
3004;27505;1481515490;16
18115;9404;1481529954;4
3018;15347;1481540855;18
16041;12065;1481549987;18
17878;14124;1481549813;12
3599;9221;1481510770;2
26474;12232;1481550131;14
4761;14006;1481548029;16
8221;18181;1481536018;10
11121;26164;1481511747;4
15106;7352;1481534582;16
25384;27489;1481534996;12
8900;27547;1481533493;18
15787;6732;1481509751;12
9371;6519;1481545777;8
9188;9751;1481521886;8
2174;12233;1481517787;8
5934;6927;1481541368;10
27444;12757;1481522286;12
5953;8562;1481513364;4
20642;11267;1481530978;4
16812;26041;1481534278;16
1968;2831;1481543399;10
19308;1836;1481542074;6
15125;2464;1481516059;10
11264;14620;1481538248;16
11148;1961;1481514808;4
19529;10203;1481538778;6
1123;20118;1481542773;18
7273;1566;1481530559;8
15390;5530;1481515098;12
10722;140;1481528569;6
3542;4221;1481519607;14
4292;20399;1481519637;10
1263;2343;1481522796;12
24565;3738;1481538412;18
6554;12135;1481509618;14
11085;10687;1481536104;12
9428;8874;1481523358;18
11157;4031;1481549164;12
9987;7632;1481546262;4
11727;13862;1481537432;8
17331;25528;1481541383;6
324;12787;1481539346;16
11481;3018;1481516310;2
4806;1375;1481523457;8
5028;10235;1481528911;4
1773;20925;1481521743;2
9253;21209;1481538416;12
6363;9199;1481550646;8
8835;7960;1481521209;12
18465;7033;1481517992;4
7335;7588;1481547490;18
8389;7527;1481525295;14
1953;2768;1481532988;12
24929;1065;1481528128;6
10982;9672;1481541379;10
17444;352;1481529111;14
4355;23738;1481539690;10
3368;21838;1481523291;4
1172;5294;1481534287;4
5674;7169;1481510569;12
6473;21090;1481518069;4
21085;8166;1481523504;12
10193;891;1481547975;4
4625;13203;1481522832;4
2323;7591;1481540570;6
4022;23439;1481511017;2
12136;9549;1481525817;10
23753;9765;1481514250;10
1885;8966;1481550520;12
8560;6417;1481549453;14
3592;27042;1481514740;12
22447;1792;1481520921;18
8775;17902;1481544195;2
909;12146;1481525910;6
5021;7612;1481513124;14
6766;19864;1481528823;4
20109;13085;1481529423;4
23830;7894;1481528788;4
567;13263;1481522462;10
7572;1581;1481531616;4
300;2986;1481543994;12
10599;21921;1481531990;10
17455;10822;1481535977;6
7551;10670;1481524564;6
16891;1333;1481516033;8
20944;10984;1481533888;6
7619;11969;1481531474;16
19963;1922;1481540080;4
24930;16026;1481510317;8
13260;27263;1481530562;4
1020;14448;1481511617;6
26333;20110;1481510108;8
19835;14704;1481540989;18
1279;12287;1481515378;4
8456;20311;1481533930;16
12591;23757;1481511600;4
4873;10749;1481517185;4
14040;8338;1481530392;4
21739;9776;1481526558;4
17903;14650;1481515335;2
7688;14282;1481540242;12
6943;4266;1481514076;4
15107;7934;1481538252;4
2366;14545;1481538048;2
8051;3777;1481549147;18
22542;7619;1481535961;12
3095;7538;1481533324;16
1712;8781;1481527281;16
10823;8309;1481539655;16
877;4559;1481537288;14
8754;965;1481527476;16
17280;6778;1481537202;4
12775;27;1481520679;8
5044;23355;1481546648;6
12235;22461;1481535353;18
4212;7878;1481522336;16
13790;19281;1481543179;12
322;20685;1481539703;18
24089;5492;1481544424;12
8534;9994;1481549043;6
427;10366;1481522567;18
7030;24921;1481519895;6
8968;6502;1481548320;12
23016;1415;1481525601;14
11790;9903;1481547377;2
4018;15765;1481528231;14
11902;18196;1481534587;12
5036;7095;1481519199;12
19770;15734;1481523364;2
17255;24472;1481541466;10
23013;5487;1481548905;10
18910;24930;1481519486;18
9488;20429;1481527890;16
10622;7033;1481522810;4
1537;9328;1481526492;16
951;20068;1481523371;12
12872;5264;1481515867;6
6024;21216;1481531291;8
4918;9602;1481530404;2
7371;14430;1481524767;18
2133;4962;1481550193;8
27463;8402;1481548438;10
14259;6524;1481532241;2
27488;11806;1481538861;16
3941;23330;1481523150;8
9286;22653;1481512400;16
7552;7555;1481528310;16
1722;5435;1481545879;16
12713;9314;1481538309;8
24283;2279;1481526840;10
6959;11208;1481538102;6
24138;19989;1481523480;10
19772;15783;1481529580;16
4336;5100;1481523240;8
8728;8928;1481513409;2
11915;935;1481519241;16
1426;2758;1481550157;18
6544;10894;1481530535;8
3998;3604;1481537368;12
25346;23121;1481526688;18
7293;5751;1481537506;10
7679;10416;1481528001;16
1161;2116;1481521270;18
10377;8803;1481527517;2
21360;14625;1481521197;6
11248;8995;1481530225;2
20901;17198;1481521483;8
242;11217;1481520577;8
11952;17534;1481530783;14
8546;14443;1481535416;8
16013;15212;1481537097;2
2844;9668;1481522969;4
7916;12156;1481526589;2
5969;12332;1481529484;6
22871;8683;1481542242;18
17455;5604;1481542431;16
3419;7032;1481528468;12
24354;7849;1481546017;16
22922;1236;1481528065;4
13195;16053;1481540793;8
25085;4323;1481522318;2
79;17504;1481546216;18
15486;27104;1481537060;14
3461;6723;1481530785;6
9678;1088;1481514752;16
1421;5810;1481516808;12
1497;25074;1481515957;8
4773;3930;1481542607;8
9422;27206;1481528815;12
8475;23522;1481536754;12
17894;7967;1481524553;14
25366;20995;1481523152;2
13137;9789;1481545658;10
4208;6628;1481511887;6
1848;9995;1481524438;12
9761;24668;1481518682;4
1221;4208;1481543084;10
23823;5810;1481528200;12
6383;23446;1481532461;4
5902;15783;1481520805;8
21843;23526;1481523545;12
10636;1504;1481521595;10
19319;23031;1481540816;4
6114;8465;1481538662;12
24931;20072;1481525284;16
15114;5960;1481529258;2
11002;24064;1481530523;14
16200;10621;1481518054;10
25071;11481;1481519510;10
4734;6668;1481541581;6
9059;4766;1481543780;8
6717;19052;1481517344;14
24738;1852;1481541564;8
6688;7767;1481547209;2
1141;18191;1481520942;16
6930;20341;1481533972;18
7081;126;1481535470;18
10904;20867;1481527812;12
24174;7856;1481548855;4
16201;1258;1481533425;8
2352;25537;1481535360;10
52;14165;1481546995;10
19283;8195;1481519563;2
2142;6600;1481547847;12
23149;9363;1481546171;4
8578;1100;1481545229;12
9008;22490;1481546250;8
16101;10305;1481528373;10
25321;27183;1481514504;16
1226;21317;1481532944;4
21080;20591;1481521676;8
5332;10502;1481515585;12
8976;14632;1481516496;8
7175;5276;1481510255;18
12089;9520;1481521257;8
20864;9461;1481533912;12
19279;5396;1481520870;10
1713;1512;1481512862;10
7161;18181;1481547198;4
24709;21803;1481538892;16
16137;1574;1481518047;4
1305;7422;1481543891;8
245;11969;1481527025;14
6622;17001;1481546437;12
19055;11069;1481524606;8
27510;19914;1481517613;18
19799;7093;1481537080;12
16678;27469;1481521417;6
5039;5507;1481522456;6
1038;12151;1481516226;16
25518;11684;1481537287;10
5941;7809;1481548748;18
4560;27060;1481550250;18
17481;9161;1481515916;4
9636;15002;1481534793;18
9550;10161;1481527124;12
17503;10673;1481545245;14
11801;3091;1481518506;14
8916;10210;1481546875;6
27432;93;1481524519;12
7818;8502;1481538177;18
10700;18112;1481545389;16
6582;2400;1481536205;6
269;13204;1481527419;16
5102;4677;1481543190;12
23900;2737;1481514588;16
9007;7311;1481531608;16
4508;10906;1481517102;16
17376;27406;1481544008;18
9974;1171;1481535446;16
15033;9855;1481532027;12
10928;10515;1481522223;6
7672;1067;1481521719;6
10069;24564;1481522480;16
20079;1741;1481509751;8
1921;17584;1481522468;10
7111;19529;1481512269;6
8954;17507;1481519674;6
13341;27048;1481542171;4
6352;3910;1481509950;16
17862;19776;1481513196;6
1260;10331;1481536518;4
11247;17037;1481517679;8
13618;4333;1481528769;16
8948;16884;1481546760;6
6139;2963;1481517848;16
9500;5110;1481533866;12
20691;17848;1481532470;10
7369;9990;1481538730;10
27024;8977;1481549712;16
12387;10773;1481524771;4
23162;17331;1481524379;4
13999;16928;1481528914;10
3990;9836;1481538070;18
13256;15516;1481532504;6
4985;6336;1481544606;14
19320;6222;1481534674;8
3627;3975;1481542763;10
19039;27053;1481537224;8
11596;19813;1481518942;6
12818;9228;1481536396;12
16192;3408;1481524893;4
23752;16008;1481527661;18
19940;14571;1481523595;16
15114;5822;1481549609;4
1605;27022;1481550887;8
6197;21482;1481532674;14
8916;7481;1481532599;14
7886;6822;1481517437;2
24457;10887;1481517801;10
8965;17570;1481524041;4
6194;1273;1481547845;8
14169;27124;1481522477;4
9743;8030;1481511579;2
17395;13138;1481525578;14
4020;19235;1481537801;14
11121;6649;1481532901;10
1096;9790;1481512185;8
22971;1304;1481543058;10
3402;4731;1481545141;8
17135;6451;1481538442;16
3945;4206;1481540407;14
2327;1093;1481515387;10
1462;1428;1481530704;14
6934;176;1481518326;18
12763;7361;1481527147;18
27412;1337;1481522585;12
19917;3292;1481548271;2
4928;11827;1481542941;18
14271;8553;1481515976;2
13784;9882;1481525284;8
15295;18843;1481527048;2
14986;12407;1481518993;4
15244;4242;1481545894;6
12186;11766;1481541752;18
10322;7047;1481527561;2
1668;6729;1481526547;6
12138;8289;1481535605;14
3601;1145;1481530780;6
23354;4974;1481513229;4
6170;14048;1481548563;2
3778;7712;1481534985;18
17878;19064;1481548757;2
14202;16809;1481527821;16
19549;8400;1481544920;12
3063;8775;1481527583;16
3263;1084;1481518289;10
14243;12647;1481542433;16
8971;12913;1481535597;4
4761;15375;1481550470;10
23302;27025;1481542761;14
10722;17170;1481545783;8
11214;9449;1481528639;8
2274;52;1481548243;2
6261;2342;1481532699;14
24744;20740;1481524040;14
20005;11085;1481539209;10
9868;140;1481512404;4
25172;12404;1481520828;2
1324;4774;1481525019;6
1347;5985;1481530580;14
27181;12037;1481519706;10
13222;5740;1481510697;18
15300;971;1481513467;16
10682;21097;1481523474;18
7843;7078;1481546989;10
6705;14709;1481522627;14
24256;1665;1481534223;10
27324;5817;1481546250;18
5711;5422;1481540332;4
10189;18889;1481545211;16
8547;1450;1481547780;16
17788;1181;1481517846;4
9423;10767;1481513721;16
8593;12230;1481548590;12
16051;17243;1481544444;14
17510;4848;1481536343;8
17873;16863;1481526498;8
11481;25194;1481536132;18
18811;12358;1481550183;6
2336;8221;1481530013;6
10702;27261;1481519716;6
18416;6688;1481524333;12
1779;25140;1481549341;12
8465;13945;1481531498;4
17334;14432;1481542566;2
10785;4691;1481512953;10
8377;7353;1481549771;16
2643;9178;1481516775;10
24352;25168;1481543105;14
14153;26091;1481541282;18
13817;7519;1481526886;10
9151;7035;1481515046;16
2983;15008;1481542739;14
26500;3742;1481540288;10
3295;15298;1481544192;10
15476;22542;1481531942;12
19781;15295;1481530498;14
18934;10017;1481523577;14
308;10081;1481534188;14
563;20948;1481535034;12
2013;23019;1481541686;14
12246;3263;1481550188;8
27396;9844;1481526266;6
3693;7889;1481536505;6
9357;5050;1481514582;4
24701;9446;1481536892;14
11053;16034;1481548667;10
10420;10098;1481515758;18
25487;20628;1481546578;14
1191;4777;1481532076;16
9872;14272;1481526393;10
5405;11042;1481538752;16
24378;7540;1481516867;14
22940;17788;1481531102;10
7869;6413;1481529016;2
9986;1113;1481528675;6
21841;6970;1481513983;12
6489;2345;1481520669;6
6638;8647;1481529934;6
9947;8345;1481539374;2
4509;4022;1481513112;14
5844;8598;1481542564;6
4210;13939;1481546278;18
21069;6326;1481515485;16
4824;19723;1481539721;10
9949;5355;1481519977;14
8960;199;1481525192;4
14873;2967;1481532653;14
4696;2754;1481530018;18
17503;15460;1481520287;6
4053;5033;1481518526;14
6274;19960;1481525226;12
9431;9801;1481513192;18
6554;23756;1481513727;8
1954;3280;1481543002;6
2343;5957;1481550339;12
6967;9180;1481528016;2
10426;18802;1481545003;12
13929;5633;1481542876;4
282;8465;1481547632;4
12184;7788;1481513202;6
20024;10263;1481519621;14
1285;8450;1481523691;10
10923;2802;1481545606;4
25431;6251;1481535779;12
6133;17534;1481543399;14
27324;11036;1481540782;2
17881;20052;1481537239;12
6137;5047;1481517679;8
5396;19217;1481522111;4
7463;10427;1481534276;4
9158;14977;1481527833;16
5876;27021;1481514100;18
350;12033;1481511837;4
9153;12222;1481516015;16
9205;7866;1481547957;4
7620;3615;1481540126;6
27277;18190;1481535802;6
6136;2142;1481540136;8
19234;2130;1481509887;16
1165;3288;1481530553;14
21279;384;1481522492;10
10672;2737;1481550682;8
14186;4607;1481543655;12
1748;3781;1481535518;8
7389;7763;1481529166;4
14549;7635;1481517971;8
7618;3597;1481538984;12
20974;3918;1481514524;6
4362;2282;1481538369;8
435;11790;1481539365;16
15393;19759;1481532349;6
12091;27401;1481523443;10
23544;15301;1481526710;8
7489;3086;1481531657;2
9802;6867;1481544321;18
10546;7514;1481529303;16
15077;3047;1481546072;2
21313;357;1481532761;10
20157;14183;1481547847;10
9514;4994;1481549886;18
1413;19864;1481530595;2
24929;18340;1481509517;6
6617;5105;1481529085;6
22988;7455;1481544733;14
6283;17454;1481521944;4
6607;25514;1481542762;14
6362;18838;1481544870;16
10161;18837;1481528857;4
1343;9184;1481536415;18
18173;1769;1481537391;8
6196;8954;1481549973;2
18837;7868;1481515397;4
2999;17267;1481550820;6
20127;6174;1481533606;16
27269;5025;1481538564;6
3065;4186;1481545828;14
2525;1284;1481517491;4
2420;10556;1481550510;8
2424;10879;1481548319;8
1133;7784;1481547398;6
17193;9285;1481538239;16
16816;16042;1481540807;2
14702;172;1481531788;14
11635;14691;1481518323;10
22146;24939;1481550043;16
27467;6391;1481519260;12
19812;1009;1481542327;10
9609;7901;1481512095;10
5073;19726;1481512691;18
4747;16856;1481512921;12
17505;4585;1481524491;10
3300;14451;1481542215;6
20038;4728;1481522931;2
5628;20100;1481516406;14
14692;13792;1481514112;14
14642;1880;1481548611;6
25088;8276;1481541295;14
27434;27492;1481550426;18
24296;27279;1481529286;6
14873;9253;1481527318;10
3721;8027;1481511150;14
10269;1984;1481509877;12
14165;10720;1481535291;6
360;6702;1481545335;10
1497;14701;1481543033;6
19594;9311;1481543060;10
4787;5930;1481512766;18
5635;8357;1481545069;14
83;4626;1481524522;10
426;4283;1481533373;4
12295;27055;1481551069;12
4899;157;1481545366;12
5872;8987;1481549468;12
23630;6316;1481511673;18
877;23877;1481536165;6
6554;12102;1481529974;14
4105;12321;1481510013;8
1197;19819;1481538575;18
4968;17457;1481541924;18
8181;4726;1481520851;2
10888;18805;1481511294;8
8925;309;1481533944;14
9840;11692;1481527209;18
5038;20431;1481542195;6
77;15317;1481519850;16
8869;17292;1481523408;10
14150;20943;1481512128;18
18901;27491;1481519831;16
8094;2406;1481545984;18
9166;12029;1481541055;18
23624;9991;1481522125;18
10698;15414;1481510204;8
6165;19763;1481535570;12
27101;6161;1481512133;16
12360;9602;1481540875;6
10599;21406;1481544890;8
10119;21442;1481541825;6
1348;8138;1481520121;12
11213;20629;1481517976;10
238;3776;1481547999;14
5486;8967;1481545141;6
3979;3703;1481540542;6
27187;16022;1481543855;18
5003;6239;1481515521;10
19946;23519;1481511644;12
11076;10894;1481520861;18
24651;15087;1481521120;10
23366;1924;1481532894;18
5506;7254;1481543219;8
6656;11801;1481509612;2
5939;25044;1481520062;16
5973;3085;1481548800;8
9027;21305;1481535828;18
18166;12711;1481526552;8
8495;5723;1481524179;14
5895;4017;1481526138;16
15073;4787;1481537582;18
25194;5532;1481523844;2
12153;5394;1481538789;8
9435;5080;1481524791;14
18303;22135;1481537366;14
12186;6470;1481519545;10
14124;1610;1481513742;8
15161;172;1481537609;16
7369;15407;1481522773;8
11131;408;1481547654;4
12714;10238;1481546106;18
10829;15745;1481549700;12
9987;8488;1481537041;2
25180;1048;1481539904;12
6288;25025;1481509823;14
11624;10894;1481520006;4
2734;6789;1481512169;12
23805;7470;1481526087;16
14953;15108;1481528514;8
12033;233;1481520041;4
10808;5385;1481536634;14
17029;11136;1481524344;6
6940;7899;1481547883;8
8044;1511;1481548065;4
21736;9426;1481530544;16
1486;9686;1481518214;6
2840;10111;1481525516;2
9972;26072;1481545451;2
10808;17867;1481551012;4
20932;4583;1481512605;8
1392;9409;1481521986;18
23885;14947;1481528116;2
8809;9889;1481510945;16
4857;25411;1481523341;4
10313;6304;1481540140;10
20932;27484;1481510848;16
25172;20156;1481544375;14
9524;7330;1481542474;6
5527;23011;1481539337;14
9814;20366;1481523015;6
1322;17535;1481545173;2
3260;9630;1481516815;14
12033;10374;1481510152;8
17172;15476;1481545609;14
23014;23022;1481545043;6
4850;1129;1481520720;18
12083;1876;1481540042;6
390;16304;1481517156;8
8399;11095;1481531995;2
24360;6191;1481548659;4
4911;4806;1481532473;8
14581;16819;1481523820;14
20409;15305;1481520912;14
1188;9868;1481520540;12
14186;2355;1481531883;8
3164;7908;1481516467;18
18879;17301;1481528614;4
11241;16656;1481515316;16
3621;9058;1481535197;4
3728;14150;1481525245;4
4735;16006;1481516627;12
8281;10504;1481522526;8
6021;12419;1481532567;12
25359;14706;1481514120;4
4033;18934;1481524571;16
11243;8475;1481550189;16
8472;3623;1481510361;4
15336;329;1481537168;8
21209;21221;1481537433;2
6572;8668;1481533068;2
6143;3693;1481531817;18
6544;9311;1481541634;14
3906;7092;1481540320;12
15739;23467;1481546564;16
23466;22497;1481534753;14
17185;8595;1481514536;6
322;8378;1481518592;12
11842;1968;1481546104;16
27184;7022;1481527954;18
8742;4012;1481527999;14
7840;5934;1481525401;2
7857;17425;1481529136;18
13726;21289;1481519007;8
4177;83;1481529716;16
1896;297;1481539927;10
24937;11157;1481518847;16
13211;19721;1481542471;12
8882;1199;1481512728;4
5260;6827;1481539497;6
7836;4942;1481510919;18
23813;22510;1481535637;16
23524;23645;1481536180;18
4732;1900;1481533711;6
9548;15108;1481542368;18
19064;18423;1481519479;2
25378;27401;1481514602;14
15518;6929;1481526395;4
22252;6576;1481544196;2
2800;19454;1481543822;4
12410;15092;1481521843;16
2831;7421;1481539090;2
22678;20080;1481546301;16
5037;1532;1481531920;10
7882;15721;1481550900;8
4013;4993;1481538968;14
11039;1579;1481516366;18
11028;1716;1481541722;18
18117;27458;1481549298;2
11850;6176;1481546240;2
1396;23330;1481548275;10
6524;18075;1481513172;6
23262;22963;1481537609;14
25467;21322;1481515188;8
17293;27280;1481521217;14
14797;8022;1481511824;16
997;13818;1481519307;10
14925;6367;1481531885;12
11406;22265;1481538304;18
2733;4539;1481525322;14
2339;11958;1481547835;6
941;6206;1481509859;12
11086;19507;1481549468;10
11216;19835;1481518226;8
27509;10494;1481516671;4
10411;14197;1481516917;6
24355;10327;1481521430;16
26999;12055;1481533877;4
19495;8356;1481516941;18
9179;9661;1481545937;8
9844;4358;1481548422;10
945;11070;1481538242;6
18812;20878;1481510045;6
15916;22680;1481550532;12
4883;6395;1481544354;14
3154;19817;1481532163;12
187;15162;1481516812;2
24087;12764;1481510019;2
175;4510;1481516387;12
1398;21312;1481533275;6
20073;7354;1481514646;6
23109;1320;1481543741;14
8529;20685;1481528426;4
15244;14642;1481533124;6
6390;11855;1481537241;6
1400;26333;1481513270;2
7849;26041;1481526514;10
4345;6285;1481510039;4
22536;22930;1481526011;6
14562;14905;1481541145;2
7005;2399;1481544596;12
12064;11961;1481519430;8
26100;9256;1481522442;4
6434;21807;1481516862;8
7172;21723;1481546389;2
20225;13880;1481533949;8
12695;9822;1481540072;4
9748;16133;1481511966;14
3623;23742;1481528582;16
9871;7271;1481538620;12
6201;14977;1481516925;10
25378;13775;1481528083;4
224;14622;1481532079;8
8832;5611;1481510311;18
7443;24281;1481517208;4
9852;19423;1481550204;14
1678;5377;1481519620;10
5284;6679;1481515734;2
26314;5285;1481534910;10
6226;21922;1481512851;14
26112;4353;1481543574;18
10697;8373;1481528041;2
3377;2277;1481548299;16
8648;4839;1481549679;16
19989;7406;1481525528;12
7538;2376;1481520248;4
1024;18836;1481539180;4
10908;4020;1481544206;10
6780;14001;1481523238;4
5636;977;1481527445;2
26373;5096;1481537791;6
24017;15303;1481518245;8
9405;14151;1481530360;4
1727;13213;1481519626;16
8163;5331;1481515299;18
5955;2411;1481513892;2
10185;8888;1481515721;14
26110;12184;1481528383;8
8511;16368;1481521832;8
22501;4951;1481526076;12
186;7016;1481530933;18
9878;5406;1481545855;10
10109;10728;1481551021;10
20972;21802;1481522808;18
8026;393;1481531973;2
13131;14240;1481515422;14
12116;24681;1481518003;16
6311;12039;1481520117;14
1812;6528;1481528083;10
6458;1003;1481515569;12
4625;19578;1481541191;12
20069;11792;1481541558;18
1721;1908;1481511320;18
22248;14707;1481509844;4
27374;2017;1481535491;18
5109;8973;1481549187;8
9428;17296;1481546643;16
7397;7905;1481540245;8
7474;20411;1481522596;12
14908;10675;1481525599;16
6943;24926;1481521018;14
13974;25513;1481539003;18
7791;6305;1481539831;6
20951;10383;1481541389;16
6373;14695;1481525211;18
13900;18839;1481509671;18
17031;4300;1481526633;18
5905;22265;1481544611;14
10177;22445;1481524750;12
8651;3381;1481549853;16
23849;2020;1481542966;8
6181;8918;1481532423;18
10202;9309;1481536904;6
12557;8575;1481536993;2
21093;9475;1481514191;12
23669;2341;1481513884;10
7480;1742;1481523706;14
10188;9796;1481534185;2
9713;13181;1481516374;18
3270;3600;1481539254;10
11043;6878;1481526861;16
27282;8960;1481516430;6
16800;6224;1481509844;2
3554;1429;1481519725;16
23056;25174;1481515759;2
27175;7813;1481524590;18
8004;6603;1481519986;12
27011;23020;1481524479;6
24442;14140;1481535727;12
7447;16320;1481530405;12
6306;17146;1481539917;2
3406;1770;1481542037;18
14241;13288;1481533522;18
19726;19832;1481510175;12
6273;7975;1481524861;14
142;242;1481544254;8
9515;8295;1481550176;16
19967;10922;1481546989;2
25369;16819;1481513365;18
5284;105;1481513787;16
10029;6157;1481546746;2
387;26070;1481526139;16
12101;12285;1481549874;10
7785;27055;1481517836;6
13890;13212;1481546338;6
8950;1122;1481519252;10
16883;6442;1481516573;2
5364;1104;1481530448;14
18347;24565;1481532776;18
2763;19535;1481509900;2
1258;8358;1481530192;18
11139;2016;1481530944;18
8574;136;1481535394;18
9200;4363;1481523285;6
17269;17287;1481516357;2
17449;14273;1481546334;6
12406;17029;1481549639;10
6006;10604;1481548532;2
4278;25431;1481537305;8
7625;24707;1481540216;10
27159;1714;1481534553;10
16016;26218;1481532909;14
24431;4673;1481549609;12
1548;20526;1481518360;18
27182;9982;1481541589;12
5742;13724;1481540919;16
7762;4209;1481530888;16
16192;25035;1481528773;4
10357;340;1481538375;14
7186;6118;1481534460;6
9573;7875;1481516082;6
11414;24090;1481515502;18
15295;4797;1481525618;16
3256;3002;1481549019;8
27473;4218;1481525487;18
18260;16819;1481546937;14
1361;6241;1481518591;12
7081;18338;1481541980;16
6482;20035;1481550198;4
27132;4784;1481511384;8
1423;10024;1481540293;8
9767;26392;1481537898;8
15446;20084;1481544378;8
6576;5831;1481537356;12
5416;4541;1481520383;16
8145;13890;1481525133;18
6338;22535;1481523202;4
13260;26040;1481542485;8
413;4937;1481516835;16
7900;8587;1481514364;12
14241;14135;1481520230;2
20137;7899;1481518884;8
15036;4004;1481528846;18
17793;12032;1481512453;6
8752;3373;1481532309;2
16803;6998;1481529870;14
20869;11395;1481518149;12
8347;25172;1481517610;2
1402;19063;1481510673;6
12815;382;1481530929;2
1415;10222;1481515773;12
6696;173;1481539842;8
6233;897;1481528145;16
20445;25359;1481545673;14
10203;6466;1481525238;18
11886;6559;1481550138;18
24478;26102;1481525186;2
397;5019;1481527144;4
1110;25192;1481521178;10
7016;6662;1481512186;12
6832;22794;1481529635;16
11050;3276;1481525415;4
7771;20589;1481548993;16
7144;4830;1481547032;12
18934;11395;1481536526;6
1391;12016;1481544430;8
5640;409;1481538513;4
14252;25250;1481510445;10
23033;7268;1481537129;10
1085;3541;1481526664;14
1679;15533;1481547598;10
411;27263;1481541617;2
7092;8414;1481534838;16
18534;10112;1481546424;18
14157;13080;1481532428;4
12140;1162;1481533840;18
988;1903;1481524387;2
18938;3682;1481510284;16
18347;26303;1481529926;18
11827;4830;1481514150;2
5354;10184;1481512638;10
27176;20909;1481518494;6
2609;20144;1481548261;2
27314;12215;1481541464;10
3077;4585;1481519510;2
4801;1414;1481532018;6
12215;11120;1481524184;10
23102;1623;1481535036;8
7290;20412;1481516502;14
11904;4857;1481547922;8
7470;24650;1481516461;14
14494;12696;1481539408;6
25443;25284;1481533979;8
11225;17416;1481533847;14
27491;20973;1481548274;16
27424;9535;1481550522;14
6960;12288;1481533863;4
10322;22317;1481531245;10
6124;8472;1481509785;8
2024;14811;1481521782;4
1853;6968;1481547947;16
6877;8562;1481515339;8
14715;15226;1481541256;18
18193;16362;1481533777;8
2645;18838;1481545319;14
1744;9312;1481519055;6
18146;21484;1481544333;8
3589;7916;1481529047;14
3286;5950;1481509855;6
5882;8092;1481532081;18
79;8993;1481517594;16
9609;1520;1481525736;6
4350;18339;1481537657;2
27163;7292;1481538557;10
7092;213;1481532993;8
4522;24659;1481519008;10
12420;23535;1481534250;8
3410;16635;1481533836;16
16121;8822;1481524485;4
11799;27229;1481510950;10
24924;13189;1481539758;4
8122;19476;1481528625;8
10639;19272;1481526260;8
5422;19200;1481528051;14
6155;15376;1481519256;16
8496;17392;1481531977;12
27060;11082;1481551002;12
2275;9902;1481514794;12
10799;5500;1481539122;4
5276;2452;1481548427;12
6288;268;1481529344;14
8832;15242;1481512719;2
2999;19321;1481535452;8
3681;8942;1481550560;10
23623;27327;1481519475;18
20895;16126;1481535685;12
4953;9476;1481533210;12
7474;27006;1481513199;12
7413;7628;1481533236;14
2757;21729;1481544430;4
6964;1361;1481520908;18
23087;93;1481533574;14
19797;5247;1481533357;8
8221;8590;1481523623;8
5817;5707;1481513087;4
20962;25379;1481514705;14
16811;1126;1481550208;10
21310;8888;1481543727;4
8586;23001;1481550338;16
25052;10768;1481525411;10
18884;4509;1481548143;16
5357;6239;1481517529;8
122;27536;1481531806;4
4041;12656;1481549977;4
3273;2326;1481524209;4
248;8589;1481522642;8
11777;19028;1481523587;6
25288;16647;1481550500;14
12134;11696;1481545669;12
9340;25158;1481545140;16
11105;18399;1481543296;10
3374;7886;1481514320;12
2131;21841;1481539059;6
5081;9435;1481526613;16
5869;5930;1481523663;4
13221;14659;1481515310;18
19804;10464;1481525072;4
19966;8430;1481511877;8
16135;25088;1481525295;2
6018;14282;1481539106;10
25503;9821;1481537918;4
26474;1308;1481512009;18
25412;5829;1481548260;6
1281;11805;1481548530;2
9662;9536;1481546774;18
17526;9998;1481531154;14
24532;6697;1481535333;8
9266;7911;1481514541;8
2837;22795;1481519167;6
14713;24658;1481538883;2
307;27343;1481534601;2
5996;2035;1481542591;2
2140;7835;1481527735;10
7002;12775;1481548266;14
27453;14884;1481530936;6
3984;22929;1481537355;8
27480;18349;1481511178;12
7709;1033;1481534909;10
25023;11601;1481527882;16
23496;18864;1481526512;14
6893;15747;1481546313;4
4809;6784;1481549517;12
21225;10016;1481535182;4
14202;20287;1481519981;18
24585;3853;1481547691;2
11739;345;1481540658;8
14269;15012;1481536629;4
11176;23033;1481522322;4
53;4332;1481548821;14
1229;14511;1481532096;18
9791;211;1481516884;10
20404;6437;1481520608;8
27314;9767;1481534525;12
1205;10904;1481511040;2
4995;17163;1481532520;6
5517;6144;1481531566;16
5530;933;1481535264;16
24017;1664;1481529941;12
11130;4684;1481511269;18
7915;12060;1481535348;14
20657;1195;1481509995;18
10582;9962;1481514370;2
3699;161;1481535307;10
4936;12814;1481534735;8
6014;20337;1481531678;18
13882;4022;1481528059;2
10314;15763;1481537745;2
15083;12557;1481548354;10
1874;23087;1481537722;18
9961;16558;1481538739;4
9998;9535;1481532382;8
6985;5281;1481528212;18
159;27091;1481533528;2
16806;14866;1481550167;12
11373;7107;1481534245;8
11239;23495;1481529311;12
23743;6227;1481521007;2
2782;4754;1481550030;14
20302;74;1481529934;16
7572;2797;1481519257;4
3575;24088;1481543279;4
25516;5872;1481531232;2
11124;21489;1481538900;4
4901;23489;1481546985;8
8354;7569;1481538179;10
4056;24932;1481548669;10
7478;22607;1481545875;18
8920;21222;1481537641;12
21360;8936;1481510585;4
2017;1500;1481523314;4
4840;5843;1481544364;8
1337;2165;1481532742;8
5853;10273;1481550562;16
5093;19533;1481521111;4
9987;7571;1481536092;6
23450;10355;1481527172;14
27504;1334;1481541207;18
6520;9948;1481514205;18
8338;5969;1481532198;10
19495;17308;1481549801;8
21842;5987;1481518502;18
21491;15310;1481525752;12
1717;2418;1481527472;18
1072;6014;1481510545;4
13999;8738;1481510626;10
2362;17534;1481545514;16
9840;25059;1481539239;14
23112;11067;1481538501;18
8479;3755;1481537991;10
3902;17458;1481514852;8
9024;253;1481524102;6
11401;4878;1481525222;12
3583;4676;1481535475;14
12519;10679;1481514442;12
15786;26476;1481529249;10
18905;2411;1481533886;8
10611;23861;1481543631;16
14629;1699;1481539339;2
8021;5048;1481544963;16
19061;24533;1481541410;18
11588;3258;1481529852;18
1930;27321;1481529274;4
8600;1329;1481538804;6
3725;8867;1481528265;6
3907;14818;1481547941;8
6279;7049;1481540287;6
25087;10571;1481543919;8
11609;6623;1481533298;2
6194;1960;1481525364;18
21415;26071;1481534269;14
266;23550;1481514480;12
8995;26085;1481525704;14
5411;13028;1481521788;6
17879;16293;1481530956;2
6191;14561;1481517720;16
18811;197;1481546614;14
20692;22493;1481534831;4
6515;19813;1481541216;10
7622;4675;1481528361;2
10224;14189;1481518252;8
8799;23751;1481521478;8
6268;20078;1481532038;14
15160;8808;1481551135;2
6935;1314;1481539609;4
4703;16884;1481511993;8
4978;4917;1481516767;4
6946;6698;1481524770;16
7437;20655;1481537439;18
1889;15105;1481546194;4
24143;5390;1481525358;12
3620;16838;1481519290;8
11719;10120;1481549806;14
2143;3616;1481532487;2
11607;6356;1481514788;2
20459;24953;1481512471;6
4303;10279;1481532242;14
27283;16202;1481512343;18
9830;9321;1481530000;6
16889;218;1481528381;10
335;8342;1481532796;14
1309;3975;1481538544;4
8874;5424;1481539192;18
10327;7837;1481545305;8
18902;7341;1481537974;2
10682;363;1481538019;18
1716;23191;1481543198;14
8920;26104;1481538686;2
10606;11398;1481523841;12
8515;25185;1481512410;18
4780;12139;1481522053;4
17301;5751;1481546492;14
10489;27435;1481546612;18
8129;7087;1481522620;12
12021;3368;1481541852;16
3605;10162;1481541908;8
10267;20454;1481511351;16
982;26102;1481538750;6
12016;9848;1481511860;12
20754;27129;1481518086;6
12561;19050;1481529754;14
19936;2998;1481519682;18
10419;3251;1481528071;12
12707;14271;1481515899;18
20062;10360;1481513600;2
967;173;1481513973;14
26204;11612;1481525586;12
26029;8908;1481550367;16
20100;9313;1481520029;18
9736;25169;1481543240;16
26309;27276;1481523294;16
3069;6642;1481525507;18
19710;3696;1481546656;18
20900;5920;1481534235;10
8646;4776;1481527897;6
22258;9101;1481521144;14
18102;20535;1481510183;6
21367;11482;1481537845;2
10356;12560;1481537745;2
16118;18908;1481511771;2
6675;20587;1481549795;14
25397;14866;1481517880;16
2294;14135;1481518331;8
27280;20041;1481544012;16
18812;6885;1481537303;16
21385;12643;1481549321;18
356;26084;1481534866;12
27457;2167;1481547243;16
7362;2329;1481509673;6
6395;986;1481524297;8
14515;12094;1481533347;10
66;18815;1481529447;6
12096;10446;1481535439;10
13680;22482;1481546477;18
1860;6164;1481524909;6
10531;6984;1481539035;12
3914;8394;1481536037;14
14202;19285;1481546004;2
13825;11593;1481536704;2
11896;3465;1481548248;6
22939;1067;1481529225;2
16997;27285;1481545027;10
1849;18465;1481540607;8
1127;21270;1481517276;16
3506;5396;1481546843;4
10709;6591;1481550189;4
4056;1855;1481549967;2
1033;22585;1481535150;14
10311;5626;1481523304;14
15002;16123;1481515013;8
2348;1837;1481511538;12
9878;18245;1481520037;4
14804;4936;1481545138;12
18202;19508;1481541148;18
1572;13821;1481514630;2
6544;20735;1481517888;6
18466;24745;1481551009;10
3493;27397;1481533929;8
15423;3124;1481545639;12
25083;14190;1481512055;2
17300;14709;1481527325;14
26329;11178;1481538755;14
24352;21233;1481511806;14
20693;5286;1481531546;12
11891;27207;1481529282;2
1484;1927;1481517406;14
22498;8587;1481543867;12
7898;1883;1481528117;2
14140;19940;1481533259;18
7843;2276;1481536565;14
2139;10417;1481542980;16
6768;27013;1481520078;16
22147;8508;1481528867;8
5037;1392;1481516692;2
8554;5897;1481525570;18
9776;16925;1481542518;8
5897;377;1481514193;10
65;1366;1481513483;18
33;7636;1481541508;16
24966;5594;1481548963;12
1373;18166;1481550627;2
19495;27476;1481518923;2
19476;11133;1481514342;10
21084;14654;1481539049;2
21834;23748;1481530644;16
4315;12097;1481536969;10
11152;1439;1481527533;8
12748;19832;1481519790;16
1064;11855;1481542589;8
13940;21221;1481543570;6
985;10215;1481521738;4
6865;5283;1481524710;12
22537;2347;1481512869;12
15450;20631;1481527369;8
7897;1725;1481537908;14
155;10219;1481545111;14
8494;8307;1481546718;4
26102;6260;1481526386;4
8581;10809;1481528210;18
19422;10309;1481539253;2
7973;11029;1481511126;8
24058;25081;1481534082;16
18102;2362;1481517049;10
7645;21288;1481547481;8
13772;3025;1481538793;18
14199;27128;1481547006;2
8942;27336;1481528691;14
9010;1193;1481511981;16
9536;25072;1481542602;16
6727;12185;1481529762;14
12580;20934;1481510323;18
6696;4957;1481539944;8
14659;12800;1481548959;8
16652;2910;1481524774;10
19822;10206;1481528389;10
21492;25044;1481525942;16
10226;13821;1481538352;4
4963;20240;1481530159;2
22976;13263;1481509503;14
1257;4877;1481529219;10
8897;6709;1481543450;12
1912;8538;1481526271;2
11594;9902;1481532289;6
1545;1115;1481520224;6
20535;23168;1481529978;6
19593;10539;1481522491;6
10270;6584;1481527415;10
27183;6724;1481527262;16
15464;22938;1481534694;16
22603;5506;1481519408;10
18099;1325;1481529970;6
23354;17024;1481523942;14
24966;6999;1481526297;16
13977;14988;1481514101;14
14553;23751;1481521697;16
25057;980;1481535192;16
10291;4270;1481528850;6
20545;7959;1481540751;2
8467;3935;1481513049;2
4831;9430;1481535723;10
12354;7963;1481520322;10
14183;18334;1481510962;14
21491;25185;1481515936;14
14922;21509;1481514421;14
22148;4812;1481547593;8
9743;3007;1481549396;6
9801;1025;1481514476;12
11691;18914;1481522677;18
2145;18097;1481538331;4
3924;18823;1481548646;6
14260;23653;1481537141;16
10808;12809;1481536329;16
22582;44;1481510780;6
5898;14450;1481516779;6
25449;3993;1481527811;6
12582;5823;1481530532;16
6523;20977;1481543069;12
9333;9439;1481545716;8
6232;17173;1481544417;12
11956;1293;1481531882;14
1912;27017;1481527699;18
25358;9393;1481515051;10
19236;14443;1481521933;2
23066;14696;1481546802;4
960;25382;1481510538;18
12158;4242;1481525374;16
3122;19935;1481523955;4
10197;27344;1481509625;12
23061;27267;1481543179;8
11212;19505;1481542797;18
2791;7594;1481530642;2
8899;9396;1481546660;12
21097;2354;1481549736;10
6238;25128;1481510104;18
1677;1091;1481523924;12
25426;2137;1481541985;2
10181;17349;1481519688;14
1430;318;1481526964;4
16531;9064;1481547905;4
11109;23179;1481533032;10
11826;19571;1481538709;4
15297;5120;1481529385;14
19882;1661;1481527567;6
980;9219;1481542299;14
4626;19278;1481526240;6
11100;5002;1481539851;12
11018;8352;1481537295;2
27336;10808;1481519947;14
7352;1903;1481522971;4
12374;17517;1481523186;16
11397;18848;1481542385;2
27423;13902;1481541035;10
7297;14416;1481524919;12
6926;1876;1481517049;8
3385;24931;1481526589;2
6946;23630;1481512131;2
11378;22306;1481536779;4
9916;8037;1481543077;18
18810;2294;1481517095;6
1667;3683;1481512812;8
7457;17845;1481547324;12
4761;6312;1481535087;10
1197;5944;1481532212;2
8305;10425;1481542545;4
9999;7077;1481543538;16
63;17362;1481519680;12
17425;20135;1481524544;18
10551;11249;1481518657;4
10719;5979;1481538156;4
23640;5281;1481517164;12
2999;2410;1481544301;10
1729;10874;1481549202;10
16139;7884;1481523432;4
20547;8952;1481523714;4
2727;394;1481521142;8
14979;24359;1481531902;8
16864;15433;1481532994;12
1106;14154;1481517139;8
1655;13680;1481521924;6
39;11718;1481519870;10
10675;12709;1481509931;8
3792;7866;1481524947;2
8573;17463;1481511765;8
1861;6456;1481528466;4
3285;13680;1481511717;2
23056;16903;1481532147;16
27095;6633;1481538509;8
26107;9008;1481525649;10
8414;6820;1481539750;2
19900;15116;1481539603;10
6126;8415;1481515073;18
7903;1644;1481536252;8
3534;17287;1481525921;16
8308;10416;1481544597;4
23320;8528;1481518465;16
1306;16819;1481528659;10
3701;20985;1481516557;14
7264;6174;1481536556;18
15160;4249;1481545413;8
7854;22464;1481526146;4
20586;17241;1481525828;18
20590;13200;1481544873;6
11798;7794;1481546573;12
20948;1112;1481526806;14
25440;14511;1481540400;8
20529;20292;1481509714;6
8658;2746;1481518116;10
14654;15295;1481514570;10
8445;24952;1481538261;8
6860;17392;1481530771;2
10672;6690;1481535444;12
3421;9669;1481543264;16
9834;17133;1481530987;6
11388;2400;1481532598;4
9061;9963;1481533406;10
10252;8910;1481524839;10
27009;1664;1481542633;12
9421;3688;1481517729;6
2760;6567;1481536350;16
18890;9807;1481550691;6
8565;1454;1481537595;16
13942;25174;1481537056;14
12771;17280;1481532276;10
14920;8886;1481533795;6
24451;9316;1481523749;2
17042;17294;1481545056;12
23856;13888;1481510202;4
92;14977;1481538882;18
7330;12023;1481523228;18
21320;9;1481511329;2
11416;4196;1481527077;14
73;9363;1481545124;8
8557;21451;1481538415;10
7265;23302;1481540260;10
23350;26301;1481511090;18
3937;77;1481525274;16
13971;1420;1481530442;16
13851;4706;1481527671;2
4297;19588;1481519449;18
7591;7886;1481533308;8
6715;24354;1481536210;6
19313;12767;1481514020;16
7959;9193;1481549898;2
12785;11270;1481516242;12
21504;3061;1481527352;2
8803;23753;1481549974;4
26330;5855;1481523423;16
3160;25002;1481517177;6
10687;14583;1481539955;2
9324;6711;1481547736;14
12120;16022;1481550385;14
9609;4966;1481521348;12
12121;9636;1481540778;2
21002;14574;1481523153;12
19313;17485;1481549011;6
11729;14155;1481538897;18
11174;18070;1481544651;8
6825;19837;1481536872;12
6407;1560;1481535789;8
6506;5478;1481519566;18
20969;3624;1481519831;8
6851;6290;1481532059;8
2361;8937;1481511268;10
17866;18934;1481545244;12
16101;1993;1481519922;12
6201;9737;1481546563;6
5104;1430;1481539411;16
6376;5863;1481534806;4
13263;5724;1481513544;10
6895;7621;1481510345;4
26161;5419;1481524452;8
19871;25075;1481536485;8
3997;3349;1481520145;12
2338;4413;1481529524;16
27470;7077;1481512193;10
7315;7271;1481520273;10
15295;17030;1481548997;14
4700;9778;1481525617;2
8815;17482;1481515622;2
16134;20021;1481522850;4
5379;10925;1481518164;4
9429;14427;1481535695;8
4767;15991;1481541811;8
8697;1416;1481533153;18
18867;12374;1481517330;18
1043;1732;1481546289;4
10914;25189;1481542430;12
4004;10671;1481510362;6
2967;10621;1481536008;10
6443;21719;1481536814;6
6806;17797;1481543798;12
6864;20609;1481549293;8
18901;385;1481525632;12
7854;10237;1481542032;6
10270;10184;1481539621;14
6931;23451;1481540132;14
5359;1217;1481514098;8
27471;9862;1481538700;8
18192;5110;1481544929;10
5763;16808;1481511608;2
19856;25080;1481540374;6
4745;21833;1481546821;10
4291;2742;1481535633;14
27480;2175;1481545064;14
5816;4879;1481543540;14
6286;22607;1481525599;12
204;7077;1481530806;12
5689;6996;1481518291;10
17484;23646;1481525806;8
1077;8316;1481521796;4
19079;13774;1481536726;8
6277;17579;1481519298;8
10093;12132;1481523319;18
16935;3998;1481526016;2
320;8878;1481533104;14
13261;7850;1481549321;16
13913;6785;1481538304;14
197;8221;1481524592;18
17470;9424;1481515903;4
3897;20330;1481511923;6
6452;10846;1481547667;8
6571;8897;1481512504;10
23364;7357;1481513683;16
11704;11082;1481545834;2
8657;17485;1481527401;4
1545;8238;1481545767;8
18885;5126;1481530416;18
9311;2124;1481513162;16
19421;20301;1481542439;6
14920;18908;1481519104;8
23748;875;1481541785;10
18073;9152;1481519555;6
14141;10434;1481543319;12
21492;8833;1481532037;6
5652;11904;1481511664;4
1923;13138;1481547979;8
27106;1628;1481524094;14
27417;5037;1481532640;6
4993;2123;1481537541;12
9064;7342;1481524966;16
5895;7788;1481530054;4
10427;3682;1481549472;2
11859;9005;1481536245;14
5880;10486;1481516128;14
17373;4964;1481550814;12
2348;10475;1481514056;10
5280;1059;1481510833;2
11898;2817;1481524525;6
4543;5761;1481523163;16
19287;24749;1481520884;8
6171;17467;1481531580;10
7333;8399;1481523182;8
25520;20409;1481547754;6
3914;2834;1481529764;10
4361;22931;1481537027;10
11989;2725;1481517548;8
6665;8802;1481515388;8
22993;20395;1481512383;6
18179;10795;1481541487;12
5831;24479;1481542044;6
232;10162;1481532999;18
17001;20316;1481516960;12
26999;2036;1481528089;6
14797;11106;1481540345;4
3927;6469;1481516276;2
16125;12707;1481518749;12
24968;10267;1481541305;4
14873;20547;1481520052;18
1497;1262;1481509821;14
14643;12305;1481529750;8
1920;6613;1481546889;2
14122;20787;1481548048;6
6809;4814;1481548631;4
24933;8148;1481535060;14
3397;2363;1481512695;16
2767;16880;1481514239;16
11021;18815;1481526126;18
5675;2364;1481525416;6
7707;23889;1481550273;10
8276;25364;1481548226;14
8646;12085;1481517600;8
3146;2942;1481533410;16
12709;7786;1481518900;18
16806;27459;1481534243;10
9796;6022;1481538650;2
18464;19911;1481529948;4
3325;83;1481540544;16
6728;9462;1481550391;8
7880;15034;1481517580;10
13196;14799;1481550496;8
20694;8510;1481540448;10
17153;11778;1481531013;8
9457;9266;1481532118;16
16186;14434;1481542891;14
5721;27403;1481549496;2
6679;11781;1481536908;14
2757;20807;1481522931;2
27008;14048;1481527050;14
5392;12403;1481537890;18
8420;10257;1481527712;4
6724;4044;1481541160;6
10095;9509;1481513522;8
2824;13680;1481544887;12
9282;5934;1481540705;8
3288;12794;1481525022;18
25380;10849;1481525077;10
5353;19058;1481521495;18
4578;15099;1481537742;8
11985;22614;1481543674;18
5915;27135;1481515483;10
9002;14548;1481512773;2
48;1090;1481544834;14
1533;6567;1481511932;12
19598;16982;1481517345;8
15932;11252;1481523639;16
3079;1424;1481549024;6
8887;21303;1481544653;2
46;22444;1481527759;6
19297;131;1481526802;18
8908;4181;1481528216;4
11059;7074;1481524494;4
7164;17263;1481515873;4
8346;16822;1481522146;4
1743;10799;1481523038;18
2728;22933;1481542395;16
27481;4026;1481518561;4
3685;1590;1481521306;16
7453;5531;1481534455;2
6857;1066;1481534160;14
2414;21415;1481519599;16
27058;22927;1481549963;6
16183;9517;1481538732;14
1767;17009;1481539878;8
6961;12630;1481522028;14
11229;22446;1481524568;12
7089;2729;1481544331;18
8438;13496;1481522759;16
8375;17240;1481524902;10
9299;4669;1481542703;18
385;3031;1481543196;10
1738;10924;1481510704;12
10161;1447;1481544127;12
2143;1582;1481541194;4
26394;2425;1481539766;8
7267;12353;1481517776;6
10564;16124;1481537648;2
20881;1041;1481540775;14
16045;24180;1481516824;2
24392;4853;1481529151;2
4865;10582;1481522256;6
1058;23142;1481532749;4
4024;8033;1481534180;12
11744;12287;1481545168;16
1084;20981;1481530320;16
14439;2908;1481544761;10
4983;20946;1481549127;2
10029;4980;1481518016;2
9003;7772;1481520684;10
6853;5672;1481522893;14
19067;1849;1481535000;6
6809;32;1481519758;4
7280;10422;1481533216;10
5709;14246;1481547923;18
11099;8694;1481518195;6
5276;2284;1481541173;12
8356;6224;1481512076;4
14891;6480;1481546500;6
6851;6441;1481534139;2
6316;5915;1481521621;12
17789;3468;1481550996;16
8398;5028;1481541077;16
6316;4778;1481540235;10
18910;25283;1481539668;14
6482;22272;1481516554;18
25034;10549;1481546301;18
6246;11390;1481516814;12
5924;11789;1481517597;10
7493;8337;1481546669;12
23466;11636;1481526798;12
1229;3262;1481549040;10
3899;8999;1481522288;16
200;1336;1481522442;14
16369;10102;1481519898;16
12181;5021;1481517159;12
27048;5259;1481513244;18
6796;21228;1481522611;4
9059;9755;1481540071;14
6266;15985;1481550358;6
15533;22926;1481525288;8
11255;11076;1481551081;6
235;16128;1481549100;14
12291;1083;1481532296;2
25517;17387;1481531818;6
8742;13970;1481521360;16
23141;8285;1481550466;8
1927;25392;1481549281;12
12571;16041;1481550681;12
6317;26207;1481550527;6
9448;5976;1481510885;10
17285;14905;1481530871;8
1189;6452;1481527736;6
19989;3124;1481517574;18
22269;10716;1481537497;16
27356;4350;1481541164;14
12074;6855;1481529857;14
8422;24132;1481541412;8
9000;10309;1481533646;12
1367;8221;1481549352;6
17297;10503;1481547542;12
1880;4802;1481521742;10
1348;9025;1481533439;16
15378;131;1481540350;14
117;3954;1481511482;8
12216;7519;1481517611;18
10681;20145;1481522924;2
1131;25392;1481519728;4
17504;1486;1481545893;4
9253;8433;1481540756;6
6178;14272;1481525941;4
19911;21717;1481546985;14
10174;27474;1481526779;12
10576;19864;1481514953;8
2997;8395;1481518817;18
6677;25321;1481522333;4
11120;3788;1481544622;14
130;15222;1481529697;10
4034;7466;1481510356;18
15370;10237;1481515185;16
1140;19712;1481547606;12
4256;25381;1481538818;10
27293;17513;1481511408;8
9651;9109;1481545890;8
430;24258;1481510691;6
24968;12233;1481531596;4
8533;1601;1481528966;10
1388;17295;1481523943;16
9395;15346;1481534568;6
8686;7110;1481525016;10
6828;1928;1481509961;18
12023;15029;1481519638;12
20311;6272;1481538370;14
3116;1397;1481545482;6
19830;17473;1481541708;10
14230;3925;1481510295;8
13677;8330;1481538983;8
6659;18845;1481519066;8
185;7933;1481549351;2
12418;2341;1481549987;4
18078;25173;1481520258;6
10255;10176;1481536689;16
23178;2166;1481533378;8
11815;26471;1481516532;8
22926;23496;1481526505;6
1023;1419;1481542296;14
19825;18424;1481545250;14
7768;9790;1481525162;6
8945;6219;1481549648;2
7584;8899;1481519378;2
11902;6657;1481524261;14
20148;264;1481533712;16
25390;12376;1481511730;6
17023;7070;1481537818;2
8136;1929;1481546778;8
20243;9356;1481532811;16
1562;20148;1481510456;6
275;104;1481535184;18
8383;4750;1481515400;12
15008;1113;1481519801;18
27158;24417;1481544585;6
3703;286;1481526406;14
4521;6953;1481513680;4
21069;12096;1481524659;6
24742;1591;1481538188;10
9371;18815;1481529984;16
6701;2396;1481520884;18
1065;6025;1481535048;12
20997;11769;1481530796;2
6860;7891;1481541308;2
9777;1679;1481530516;16
20454;11920;1481519690;6
10875;11039;1481510107;16
8253;2397;1481522688;8
4859;1376;1481525579;2
4285;21720;1481533901;6
2910;9505;1481541243;14
1513;21292;1481542182;2
5782;22177;1481518660;8
11947;6452;1481511457;8
1387;13912;1481540748;6
19937;2290;1481512910;10
8138;16640;1481530617;6
20982;18893;1481549212;12
365;16302;1481533017;18
95;7877;1481544273;6
16805;4318;1481538988;18
6178;27444;1481550611;10
8515;4276;1481540809;2
8904;7995;1481522850;10
23877;315;1481541380;8
3914;6923;1481541834;6
6384;2031;1481538910;12
7545;17162;1481524311;4
8827;21484;1481548873;6
4930;9407;1481538665;2
12116;7051;1481549870;6
17871;3378;1481532658;8
4699;2997;1481515923;4
6617;6853;1481512572;16
10697;7422;1481521355;16
25086;26259;1481517731;10
15478;8157;1481538796;10
19311;6832;1481538242;14
9894;21225;1481538000;8
20532;8405;1481540105;14
565;4358;1481527510;6
4751;26169;1481535658;14
5364;19372;1481514845;16
17296;11614;1481518691;4
21306;24141;1481538113;18
24921;6858;1481515476;12
8417;4678;1481536984;8
22132;5512;1481548493;16
14116;26107;1481545870;16
5738;2804;1481514203;16
4825;23329;1481545309;14
12220;6603;1481541108;10
12428;7995;1481520547;10
24058;10269;1481524258;8
19088;412;1481523300;12
13815;27157;1481539944;8
4545;26329;1481540902;4
16851;6315;1481519877;10
11033;13204;1481534880;6
1193;13863;1481515098;6
4837;4263;1481523082;12
11577;11175;1481543615;6
5943;11848;1481512730;6
9757;27040;1481537605;2
5128;1328;1481541216;2
1596;9789;1481519164;14
13113;27135;1481535103;4
9056;5953;1481526051;18
8440;19228;1481544439;2
4349;22649;1481538746;4
426;11958;1481545655;18
27174;17526;1481511628;10
13256;10406;1481526408;16
1847;3703;1481523885;10
24671;18842;1481511346;6
997;19530;1481524258;14
24140;204;1481536249;12
12614;7964;1481538952;14
23262;17312;1481525144;4
23049;4357;1481538795;10
17422;2413;1481525764;8
6146;5006;1481546053;14
14416;439;1481537081;18
5294;2345;1481535504;18
2735;4008;1481534062;6
26207;15739;1481550988;16
16652;10885;1481530116;6
25501;8032;1481531882;2
9526;5626;1481549960;4
9736;8332;1481523362;16
4211;1307;1481532620;10
1850;5501;1481540674;6
5996;18946;1481540242;10
9748;5434;1481549834;8
6726;19199;1481548028;16
8239;24669;1481540902;4
15034;23618;1481519099;18
9257;12945;1481543535;10
1713;6278;1481514336;10
7837;4505;1481511820;8
17302;4823;1481544909;4
7469;2394;1481509989;2
17431;28;1481519976;6
27034;236;1481529793;8
7803;14808;1481535765;6
16863;6784;1481529077;16
14403;5937;1481537920;6
7162;10982;1481527504;6
48;7847;1481542794;14
15023;20409;1481538487;18
15348;16204;1481549268;6
6233;429;1481523334;14
1656;7339;1481535502;12
17404;7493;1481541399;14
12039;4033;1481531424;4
8130;18958;1481529398;10
20932;1893;1481535326;18
7998;4265;1481536546;6
15022;2410;1481529873;14
25513;3597;1481537689;8
19889;23650;1481527459;12
4014;8391;1481551137;4
1424;9982;1481539059;14
12730;20352;1481521822;6
10295;7033;1481512205;10
4531;24689;1481525574;12
8280;277;1481542097;18
20398;5041;1481510090;4
11958;7388;1481513500;10
6548;119;1481518740;4
7455;2354;1481512376;6
24239;3368;1481535204;16
5991;15161;1481548157;2
1395;21303;1481512969;18
27187;335;1481517895;10
24250;14953;1481517105;8
21501;12022;1481543644;2
282;15313;1481520980;8
7049;23178;1481512635;18
8545;1189;1481522064;10
13939;15409;1481520559;12
4229;6383;1481518170;12
21731;7860;1481519473;18
17422;6579;1481543797;14
1639;6521;1481531744;18
14451;27009;1481539751;12
14979;10238;1481543694;16
4782;15755;1481530686;12
1500;5969;1481529220;4
18330;1763;1481513960;2
26187;14209;1481510298;10
6577;3972;1481528803;16
10675;9822;1481525962;18
9674;10332;1481517172;8
27086;26084;1481546357;6
14879;6404;1481517782;6
1628;23330;1481534477;2
16883;10276;1481530363;14
11855;14578;1481537733;14
17048;11075;1481528627;12
7517;20067;1481531434;4
27184;12161;1481549995;4
6021;10192;1481521120;16
3714;18105;1481529996;6
19547;5548;1481519602;16
430;23524;1481541829;2
13761;1578;1481535135;4
20459;12156;1481531186;18
1306;10512;1481530212;18
23815;8295;1481522240;12
20317;1253;1481532012;4
7053;1324;1481546445;6
17795;25011;1481543214;6
6948;17423;1481516356;18
11814;10329;1481547767;18
8524;4343;1481547522;6
8865;6961;1481537991;2
6011;8533;1481521581;10
19223;3286;1481534884;14
6928;8354;1481531819;12
6919;3921;1481531413;8
7527;9783;1481526756;2
6187;6884;1481524621;2
15377;15781;1481531624;14
15478;14857;1481545744;6
9877;25064;1481519542;16
21253;6357;1481523812;18
5749;8728;1481535413;2
1965;11986;1481548929;4
7259;24762;1481542786;4
12428;1677;1481531736;8
27199;11156;1481530936;6
10553;3505;1481518301;16
1257;11407;1481544199;16
5284;8547;1481547337;8
2824;11066;1481520906;10
20627;17042;1481545857;12
7475;17170;1481526003;2
7137;11805;1481543212;2
14658;19988;1481511546;4
27006;23171;1481548628;8
7994;8449;1481519615;4
3912;11268;1481536250;14
1841;17272;1481514980;16
21086;6349;1481532216;6
4820;13461;1481517710;18
11684;3465;1481510973;2
3425;25413;1481548394;4
21318;21717;1481527919;4
4928;9021;1481519338;12
23900;5626;1481532012;4
24425;1981;1481545204;4
4936;3;1481520733;12
10717;22315;1481523986;10
25173;27326;1481527937;12
27090;8522;1481548934;6
4929;12329;1481535727;6
22450;10649;1481515604;8
5;3499;1481519555;8
25426;20446;1481520554;12
242;6874;1481535257;2
4686;8837;1481538035;12
10602;12872;1481511169;12
12416;8153;1481525633;14
14928;11482;1481521498;10
1900;2278;1481546617;4
20911;22650;1481534537;8
5330;23083;1481533143;6
2340;4956;1481550430;2
16011;13198;1481515408;8
22662;5399;1481514515;6
14537;19823;1481540270;16
6181;17423;1481550596;8
1286;3689;1481526656;18
10116;21844;1481543423;16
1100;10313;1481513649;2
17507;23142;1481531404;2
1412;27105;1481535592;12
26333;14260;1481543329;8
4229;12420;1481531983;16
17785;12619;1481514373;18
20881;22936;1481542121;8
17171;18113;1481538522;12
13900;27408;1481516691;2
7844;1430;1481540277;16
10702;162;1481528688;14
10921;7892;1481536718;4
1080;5735;1481526682;10
26068;4354;1481528657;6
9792;2126;1481542413;2
9499;7627;1481550164;4
11618;6262;1481546155;18
8667;11700;1481533381;12
17892;25166;1481547098;16
7562;1397;1481517679;8
3410;2777;1481519376;14
8153;2796;1481534734;18
27132;14715;1481539602;16
5920;20359;1481533966;2
1992;12091;1481518024;10
5907;5912;1481519624;14
8422;10002;1481528180;14
12404;1338;1481539566;2
8391;8870;1481545801;6
12425;3792;1481542343;8
25053;6453;1481525918;14
4577;25051;1481524748;18
16044;24139;1481537210;18
5812;26204;1481523806;10
6443;26112;1481510774;8
23891;11154;1481524111;12
19272;6682;1481509952;16
14931;3937;1481533958;18
317;9891;1481524197;12
11374;8365;1481519550;16
14426;4572;1481525642;12
27013;21308;1481512860;4
5976;14981;1481525374;2
10348;25440;1481527067;18
1082;8690;1481511490;12
7467;2124;1481515337;10
8598;8508;1481518648;16
1908;1648;1481518212;6
1985;982;1481546888;14
23012;8396;1481523308;4
14567;10310;1481523224;16
5721;1713;1481520816;8
11476;1066;1481538489;2
6596;4980;1481550448;6
20943;7597;1481542567;18
23101;27555;1481520263;6
5409;18342;1481542409;10
5959;8378;1481511029;16
24259;23831;1481513222;2
2643;23009;1481542747;12
12142;7899;1481518405;14
8346;9815;1481538066;12
26192;7569;1481516876;16
6359;2399;1481517007;18
19856;15745;1481513149;12
4041;5942;1481510626;6
13804;11723;1481537970;6
5759;403;1481517225;10
3943;6871;1481527306;2
5051;23340;1481525147;6
15339;9429;1481514990;18
21739;7065;1481518610;6
6986;8401;1481537458;8
20118;15370;1481527471;4
20928;18463;1481526316;4
4999;9193;1481532078;12
5972;14980;1481518018;4
12426;9552;1481544222;12
10001;9310;1481525049;8
7876;8594;1481533441;8
3464;2784;1481543188;12
1360;5108;1481542241;10
7685;15380;1481516254;14
4851;25501;1481514406;6
8022;15317;1481516978;16
20459;10928;1481529432;6
25339;23896;1481542306;6
15732;1519;1481540577;4
24369;2290;1481514127;12
5888;6621;1481529749;16
20416;7315;1481539490;6
15378;3087;1481547578;12
15484;22955;1481550663;18
8302;23644;1481521470;4
16201;7594;1481520615;10
27127;6349;1481538279;4
4566;6734;1481524879;6
9448;15379;1481516245;18
1742;6018;1481530324;12
6482;19303;1481510427;6
19759;9515;1481525692;12
8963;20138;1481523255;12
15448;8953;1481534600;10
413;5701;1481511528;6
1418;11603;1481528841;18
3539;6678;1481527787;4
6969;1032;1481547127;14
3971;4980;1481516089;12
27556;13785;1481544466;2
6024;1444;1481540272;10
3993;8239;1481534514;6
2841;12071;1481522029;6
10912;7425;1481515698;14
27387;19296;1481521441;4
22984;8366;1481525932;8
6582;20999;1481510209;12
15229;23172;1481538859;2
4751;12762;1481536671;6
8444;21747;1481548314;10
17862;11266;1481511369;14
24239;21296;1481538414;4
16824;8904;1481529260;6
16803;1891;1481523710;16
3584;5297;1481528110;4
10801;4787;1481550126;14
17193;3417;1481511947;12
27286;7419;1481550111;8
11805;5830;1481514441;18
7901;3992;1481549500;12
15008;1639;1481529934;6
8353;27433;1481514359;18
22976;6525;1481523792;4
22;3616;1481545981;16
21084;18860;1481549419;6
5856;25196;1481525372;6
19505;18438;1481544425;16
4740;8381;1481525408;10
25284;11025;1481523111;6
10319;4969;1481538477;6
14614;9785;1481542711;8
5675;12222;1481518705;12
24259;16362;1481516557;12
20355;2140;1481550022;14
17480;6827;1481524247;16
17289;16023;1481548730;2
24664;9311;1481513295;18
6182;9895;1481512004;2
11801;2733;1481513916;14
5969;12784;1481521051;4
21076;5250;1481524389;6
2428;11051;1481528662;2
2890;20136;1481515728;4
982;622;1481527328;6
14562;6857;1481528933;4
12766;9467;1481536993;12
5991;8450;1481541048;16
14237;11036;1481515126;16
16017;15336;1481543874;18
24762;16041;1481536417;2
14860;5247;1481514106;8
3069;13255;1481526601;14
2031;6255;1481527677;18
9211;20485;1481527056;14
22499;25487;1481537166;14
1096;21838;1481523410;8
1931;20144;1481537589;4
1973;8367;1481547751;16
6428;15339;1481543871;10
12262;15103;1481543124;2
5723;22468;1481544360;4
20959;8175;1481512589;8
23155;9999;1481535959;18
4836;18534;1481515345;18
24253;10262;1481551115;14
957;27415;1481544262;10
7362;14243;1481546431;14
8416;42;1481536968;18
9820;12065;1481534513;4
1177;9152;1481550018;16
15768;11148;1481537093;2
22293;19911;1481545991;14
8633;2832;1481533818;4
3393;10528;1481514568;16
4502;9006;1481516218;10
10279;2286;1481511272;4
1077;12047;1481544509;10
4704;1776;1481542729;10
22462;23338;1481534120;2
18072;17875;1481519174;16
7857;7452;1481537988;2
14641;10874;1481550564;6
2409;17265;1481511484;8
975;8633;1481549465;14
317;399;1481522284;16
1503;13792;1481539242;16
16314;8392;1481518407;14
6857;6031;1481542131;12
8401;3591;1481534824;14
9366;11237;1481542223;4
2452;9815;1481519573;8
2761;11694;1481539975;2
27555;5044;1481525083;14
24584;20528;1481540949;16
5689;10268;1481547897;4
25370;13195;1481545568;8
16132;18048;1481536969;18
2284;11156;1481543808;10
15998;24690;1481510432;6
6219;18192;1481533962;4
14273;25542;1481519867;16
12186;3918;1481548259;2
2771;25434;1481539155;10
2740;5939;1481509516;2
22999;14245;1481542118;2
4329;7258;1481526233;12
14149;18166;1481548717;4
1086;5356;1481522259;8
5521;5245;1481543719;6
7465;8755;1481547179;16
6893;11142;1481550700;4
20607;22508;1481538323;16
15464;4852;1481530395;12
16915;5517;1481535252;14
11565;6662;1481547754;6
10983;17394;1481546840;18
9478;1731;1481519727;8
8800;14692;1481516574;12
14253;10075;1481521406;16
25341;12156;1481527047;16
8593;1629;1481534721;14
15088;1318;1481513381;10
6621;4780;1481510806;12
26207;27464;1481549257;6
7137;9;1481518585;16
19273;2375;1481527698;8
6691;21269;1481515290;16
1747;23624;1481529136;4
2789;5637;1481536172;12
9996;9481;1481525742;14
17287;9361;1481523093;6
13214;12921;1481511615;6
5329;12243;1481540898;4
27293;10521;1481542751;18
14651;21503;1481543066;8
13798;14931;1481522695;14
16049;17460;1481512760;16
11219;6882;1481525500;10
17295;23517;1481528784;2
22161;1844;1481525049;2
19770;204;1481546529;6
6349;10922;1481510850;10
24138;15980;1481525346;6
6021;1071;1481528179;16
10736;11024;1481512777;10
10686;27037;1481549222;4
11156;9917;1481518464;14
17275;6444;1481537644;18
23038;17420;1481543721;10
234;6164;1481511453;4
6260;16840;1481519230;8
20431;962;1481551053;10
15116;19225;1481529236;12
3080;8161;1481509679;14
16879;11807;1481535081;4
108;10467;1481516346;8
4041;4210;1481546074;14
17027;19789;1481523466;12
14699;9813;1481512945;12
11623;19510;1481538414;12
9150;20328;1481527760;2
1107;7624;1481534491;18
14894;19526;1481516176;10
24283;11743;1481541394;10
5931;10890;1481528238;14
19805;10499;1481543921;8
5867;6533;1481515836;4
3696;6110;1481547302;6
6928;5296;1481522663;14
23191;10696;1481521318;12
7544;6621;1481545888;2
9828;10640;1481529806;2
7948;10469;1481529501;10
16308;8816;1481526199;10
9892;20989;1481538232;18
26502;7613;1481519512;6
2350;7675;1481532436;4
7038;4942;1481550725;14
237;7884;1481538268;18
23750;1967;1481533285;6
6679;10983;1481530890;4
1289;14916;1481529678;10
6611;1590;1481546705;10
77;11991;1481549405;12
1734;12072;1481526978;10
1590;10828;1481536416;8
6823;8847;1481529108;12
18305;4831;1481525481;4
14263;10598;1481530622;6
27336;21084;1481538199;2
8119;7312;1481530137;18
23112;19813;1481520095;10
6550;3459;1481542459;18
1552;114;1481527462;16
9985;18845;1481526439;6
361;1899;1481519218;4
11857;3273;1481525782;8
9659;7536;1481529907;8
15353;20076;1481537023;14
27467;1404;1481537924;4
5596;11109;1481533509;4
24478;15243;1481519196;4
17526;9442;1481541061;16
8143;14879;1481522346;6
20530;10324;1481524335;8
120;18156;1481526474;12
17307;11386;1481533673;2
21798;9409;1481533366;4
104;16982;1481533186;14
23141;8325;1481537288;4
12712;20120;1481531283;6
1898;24734;1481517928;14
14925;7838;1481540903;2
396;1277;1481540565;10
5331;8280;1481543908;10
8291;10374;1481526245;4
17425;25049;1481528453;14
25323;11147;1481520133;12
22248;14711;1481532722;12
15737;9021;1481543751;14
11696;13222;1481512841;6
7998;8316;1481521383;10
9150;21500;1481544272;4
14650;6881;1481537699;18
6114;19825;1481516208;18
1029;291;1481521375;14
10781;5982;1481541435;16
10983;19825;1481544108;18
10096;3640;1481529808;8
7777;3253;1481509756;6
8644;388;1481516185;14
27422;9527;1481514483;2
17143;27475;1481535742;2
2339;11083;1481514030;16
2374;5009;1481511257;12
23650;9867;1481546510;4
10216;21003;1481525137;8
25184;16351;1481540632;14
4277;5764;1481520168;10
17026;14650;1481549630;10
16929;22254;1481525655;4
4977;9440;1481521046;8
268;13802;1481538916;2
8835;20975;1481537433;14
22607;11113;1481514802;2
6480;7190;1481538625;18
9321;11763;1481535056;6
19170;972;1481509813;6
4206;6878;1481514192;2
23319;9365;1481542786;10
188;7040;1481516486;12
6348;15324;1481549210;2
9217;145;1481539763;14
27481;14928;1481526753;8
1520;4245;1481527631;14
11575;9660;1481546159;12
11132;24937;1481545764;14
19060;120;1481512169;10
7940;12360;1481533732;4
17404;25706;1481546848;10
17534;7881;1481537311;6
22574;1019;1481523654;16
21298;12674;1481525594;18
11779;17256;1481518310;16
14709;11105;1481535150;6
1511;3736;1481549742;8
3615;14981;1481536097;18
24953;5946;1481528060;14
23003;8505;1481518486;2
20522;4659;1481511951;14
15391;7855;1481519475;18
26128;8723;1481550137;18
143;9368;1481549460;18
6161;9305;1481513059;6
19068;2839;1481521766;2
7421;13973;1481529104;6
25179;16856;1481541107;18
4688;15463;1481547092;10
22795;6013;1481531539;6
15516;4185;1481521113;16
8747;6642;1481512373;4
3507;19273;1481513010;12
24937;23107;1481529012;12
4503;24933;1481532142;8
19422;12699;1481525844;16
15108;25364;1481536712;2
11403;18808;1481533478;8
6779;10729;1481511791;18
20358;14913;1481509559;12
17901;16805;1481549161;16
10266;15494;1481551070;4
15036;7469;1481529900;18
9648;25389;1481542326;8
6548;7829;1481514973;6
16916;13004;1481524876;4
7342;9306;1481545163;12
18051;19803;1481520417;14
3270;9206;1481535717;14
368;3739;1481542753;18
10545;21303;1481514072;4
9366;25492;1481520926;12
1487;12133;1481545927;6
2964;27310;1481529958;16
6949;4911;1481519293;14
17384;22606;1481516826;18
9404;5914;1481547305;4
8540;5611;1481519747;14
170;19801;1481535895;6
3950;5439;1481542146;16
9645;108;1481521677;2
22508;16049;1481534797;8
26303;15483;1481521164;18
16133;3405;1481543919;4
15377;6519;1481538161;2
6153;18876;1481538357;16
21487;1654;1481521276;18
9018;4179;1481532687;8
25518;18076;1481542225;12
20999;10767;1481533847;8
6858;6973;1481509818;2
24563;1667;1481520277;2
11780;8529;1481543223;10
13814;6238;1481532014;18
5294;5028;1481510677;18
18512;3001;1481544577;4
25052;10358;1481536625;6
1989;11805;1481542878;6
1888;4663;1481547534;16
1693;3779;1481546272;8
19372;2130;1481532788;10
1411;11802;1481538323;14
10200;27324;1481515986;10
3934;6337;1481539606;10
13854;27029;1481520777;10
10409;21401;1481541838;14
24352;21406;1481542830;2
6780;21384;1481535979;6
24017;27052;1481510366;4
18091;5825;1481534344;6
11396;8118;1481524442;12
2398;21804;1481546805;2
19051;22317;1481548263;14
27106;26104;1481531025;8
17850;265;1481521092;16
22550;66;1481547805;6
1321;4550;1481539233;6
19812;345;1481546966;18
8181;9748;1481515172;2
4192;1303;1481540593;16
6800;16321;1481544132;4
2023;10021;1481525960;2
10782;915;1481524823;2
1233;10714;1481549434;16
17788;7145;1481540449;8
17431;20077;1481546854;14
2773;11210;1481523748;8
27505;1092;1481537998;14
9796;20444;1481527652;18
6372;11886;1481549179;10
6260;27059;1481528391;16
4932;20541;1481527663;12
17262;8533;1481517026;8
12143;3016;1481535118;10
22641;190;1481526214;12
2391;16119;1481543730;2
27558;8768;1481550450;6
14550;2325;1481547453;12
1010;19218;1481538518;2
25326;7773;1481528824;12
14907;15996;1481528784;14
12092;26051;1481546124;8
15014;11884;1481522204;10
8412;1812;1481537796;16
18247;17394;1481548209;18
17310;8983;1481542430;8
7328;23970;1481538061;14
18963;5106;1481521655;12
3726;15295;1481513235;18
3466;17151;1481531688;6
5718;6882;1481519295;18
11077;8556;1481528083;18
15980;12311;1481549870;2
15484;8415;1481548864;14
1019;11211;1481537893;16
10163;20522;1481527825;14
1610;3371;1481536779;12
7041;1189;1481528078;18
1175;9279;1481519206;8
27462;1925;1481511857;8
10082;10986;1481540141;18
9282;7277;1481527822;12
285;25185;1481514470;2
6944;24984;1481550821;18
2364;1888;1481549352;12
9748;1146;1481515812;18
17162;27036;1481525879;10
19801;25035;1481549676;8
10525;8482;1481519347;16
11004;4758;1481535285;6
4285;7369;1481541991;14
7637;17254;1481523937;10
10837;19721;1481510208;18
6992;23866;1481511779;6
25425;252;1481528834;18
4670;17576;1481538416;18
11827;2035;1481523050;10
7555;4697;1481515472;4
12237;11797;1481547191;2
11201;26185;1481531360;12
278;19053;1481538595;12
10910;20888;1481530643;18
17398;4627;1481535154;10
4509;17021;1481532023;16
7813;7820;1481549502;6
7498;26333;1481534693;14
19771;10701;1481524029;10
17266;12713;1481523266;6
1143;24649;1481520316;10
20337;3511;1481511799;4
27156;14254;1481537238;18
9281;3459;1481525077;2
8514;20443;1481518690;14
17405;9440;1481514900;2
19559;3741;1481541422;18
18946;18890;1481539293;18
10648;4811;1481531636;18
10496;8050;1481522590;4
7280;3900;1481537809;16
23522;21363;1481528084;4
10324;17290;1481514789;10
9364;17003;1481520879;2
1984;16014;1481543053;16
19092;3026;1481546775;6
215;19492;1481543942;18
126;6505;1481524037;14
23327;19074;1481538460;2
8411;17296;1481538642;8
3700;2136;1481509950;14
9408;15374;1481540062;2
12120;14255;1481533064;12
1965;1566;1481537382;16
17473;6379;1481540415;2
24930;13861;1481521462;2
26071;20520;1481527275;2
6319;6146;1481529586;2
2868;17871;1481523077;2
16296;20316;1481544584;4
4024;22537;1481541072;4
9879;6213;1481536684;12
10101;7570;1481520841;2
23521;7018;1481533574;16
15744;2798;1481527949;10
14812;3617;1481513033;4
3537;12241;1481518470;16
22494;5917;1481515934;16
6922;1086;1481531646;4
16298;8692;1481547717;12
2342;9678;1481536817;14
26158;7482;1481543439;6
3925;5967;1481531304;10
4678;10528;1481543006;8
24654;20339;1481518372;2
9670;10621;1481520014;10
12868;8491;1481539007;16
8945;3414;1481530848;8
12073;20461;1481543758;14
25069;18444;1481535703;8
1850;20926;1481531894;4
9278;5732;1481529007;14
2274;9189;1481511460;2
23341;6009;1481523648;16
1598;11841;1481516509;18
7487;20064;1481547322;2
10914;3701;1481545313;18
16851;19454;1481536409;8
27536;6676;1481549190;16
1232;949;1481535749;6
12141;4673;1481532274;12
4858;13854;1481518020;10
11762;7104;1481544257;10
1729;20857;1481532249;8
4508;4178;1481550804;6
10498;15935;1481526222;2
17400;10216;1481535360;10
4689;17377;1481520652;14
17334;10618;1481509728;2
20807;5678;1481534146;8
1667;1099;1481512217;16
8439;9959;1481531554;12
3898;22958;1481526598;8
4263;14703;1481551017;14
6808;5520;1481535064;10
12188;3976;1481537117;4
8908;6233;1481530240;14
5612;3949;1481523376;6
17037;10405;1481512719;18
24;12031;1481548053;18
10698;23330;1481528290;10
24691;24666;1481520424;18
19941;17359;1481524777;12
17173;17532;1481543011;8
19551;1972;1481528818;2
3063;10191;1481515916;2
6268;5018;1481544455;18
22936;20357;1481545408;6
13911;16041;1481522672;6
4481;7363;1481524753;10
7892;11758;1481545410;18
8898;4729;1481512168;6
3903;2151;1481518936;4
6577;1516;1481530881;18
3256;19532;1481546659;8
12139;8574;1481540843;18
3394;18264;1481526159;18
27293;27037;1481527805;8
10355;5364;1481513997;4
14426;12118;1481538016;6
7451;14654;1481512856;10
27549;17031;1481523459;2
3984;12572;1481520069;12
15721;7692;1481528178;12
17291;1725;1481516284;10
4977;20538;1481525964;4
224;27465;1481539705;6
23739;10720;1481514098;18
3508;375;1481546453;16
24396;3691;1481522770;14
8327;6675;1481540775;6
4568;17388;1481542272;12
5826;8637;1481550799;8
10001;6433;1481531663;8
1443;23624;1481523056;2
4346;7909;1481550598;16
5981;6377;1481520383;18
7916;10423;1481547764;16
3448;5719;1481537799;10
4873;15030;1481543531;18
17266;20917;1481535776;14
20888;9476;1481515116;6
18889;12630;1481550086;10
12426;24659;1481516168;16
5911;22621;1481511778;6
1902;12034;1481536066;10
17510;6401;1481518855;2
9422;10997;1481521767;16
5429;13224;1481524776;10
17284;4188;1481529050;4
15355;4779;1481520323;2
9255;7333;1481546373;6
20116;8546;1481540197;4
27209;4315;1481512376;10
7082;4689;1481528402;12
10891;5093;1481529065;6
9530;7047;1481512033;6
15160;10908;1481531356;16
7315;12032;1481522755;14
15250;6013;1481514850;10
1344;15005;1481518899;8
25325;19939;1481540154;10
5357;16834;1481521297;10
11691;22538;1481522127;16
307;12057;1481548518;16
19990;19210;1481514459;2
7545;4591;1481538931;4
19532;15302;1481525903;14
13914;15480;1481550502;14
27328;17539;1481516535;6
24142;7071;1481548983;10
20548;6840;1481545082;14
25069;25387;1481525273;4
22444;16934;1481527856;2
8986;5528;1481540064;6
9174;6105;1481510208;2
20846;5397;1481510411;8
19529;8512;1481519764;14
6352;12425;1481521168;14
25258;13126;1481543008;16
11206;18871;1481512487;16
23336;1273;1481540797;16
12419;1990;1481531213;6
10026;18130;1481525490;8
9763;71;1481535294;14
1895;1160;1481541599;4
7813;15514;1481543245;4
3604;4029;1481513387;2
26204;8584;1481536428;14
22955;4787;1481528791;18
21087;19476;1481519316;12
9247;13080;1481511375;6
1801;18355;1481527165;4
4027;8886;1481541537;8
7533;6892;1481534334;18
20013;25549;1481513390;4
14962;3639;1481511306;16
16022;1869;1481523313;14
9997;15521;1481524537;6
25387;5739;1481527946;2
1510;10250;1481511690;10
22145;11150;1481509765;6
27007;5410;1481514253;10
11698;27200;1481521903;6
27171;18340;1481547982;16
10183;5691;1481545542;14
1061;6966;1481540249;18
17461;12913;1481545419;16
14570;9305;1481536000;4
6183;19531;1481513193;6
10985;441;1481534025;16
10174;27535;1481533927;6
15933;6786;1481534332;6
14142;22258;1481521810;2
13806;6233;1481518592;12
17463;19764;1481543932;16
5413;3756;1481518712;12
13986;19093;1481522553;6
6932;382;1481510579;6
19799;6305;1481550163;6
2013;364;1481523059;4
2753;1665;1481521365;8
12775;4750;1481520331;8
2981;5391;1481516890;18
8888;5607;1481520223;4
11105;10618;1481545825;10
124;10218;1481515121;2
18442;9109;1481543879;14
6548;9961;1481528932;14
7002;11054;1481515431;16
7868;3028;1481511509;10
19068;7776;1481537941;2
5399;6860;1481511727;14
20787;8807;1481543436;4
6357;13907;1481516120;6
9880;15019;1481525320;8
10682;24352;1481540800;8
27509;17337;1481551071;6
27476;1364;1481527373;6
15317;18146;1481528392;10
957;6736;1481540920;14
8542;4874;1481515529;16
27173;1094;1481537628;18
2749;1203;1481529074;14
20913;19493;1481535145;14
4345;11623;1481537563;16
1863;1282;1481536135;2
27467;10367;1481546846;12
25081;18076;1481512457;2
8385;391;1481542655;14
9996;191;1481533213;8
14812;6237;1481511526;8
22536;10927;1481538256;6
8909;4759;1481509892;4
25516;5644;1481543845;8
11133;8595;1481531757;6
20466;7841;1481513660;16
18111;9840;1481544197;2
2729;11997;1481534267;8
4358;16910;1481550909;2
1863;8240;1481543100;14
1088;22794;1481544476;10
1793;20486;1481546240;14
10186;17533;1481541952;12
9938;5127;1481512959;4
1921;12063;1481520905;18
24709;19321;1481520338;6
1161;23640;1481527392;8
16026;2320;1481548657;10
8336;8115;1481541624;12
19027;20791;1481535154;18
8540;6617;1481519960;2
13853;23488;1481532082;10
9846;7098;1481517567;2
10308;4852;1481542229;10
24258;6136;1481512859;6
14949;438;1481540278;8
11630;9992;1481511298;8
7804;25365;1481537045;8
2846;7829;1481523222;10
23489;4176;1481518653;4
11687;10593;1481521446;12
9158;17038;1481539981;14
5760;23176;1481521526;2
3125;15431;1481546035;12
1635;6591;1481546803;2
8419;20067;1481521063;14
23337;19229;1481520017;8
51;16932;1481536449;10
18952;2413;1481538075;4
12784;17150;1481533680;12
17211;27547;1481538499;18
7280;15242;1481527790;18
7559;23036;1481513978;6
24272;7960;1481549286;18
8137;8482;1481534924;14
8251;11834;1481527134;14
13987;5904;1481520550;18
19298;5260;1481534183;4
1035;6264;1481527340;12
1703;20486;1481538952;14
19590;6839;1481535298;14
2804;27453;1481539214;8
16201;8075;1481524239;10
10703;11033;1481513153;16
4333;1724;1481522914;16
257;6539;1481517751;16
9827;20145;1481512605;12
6358;9427;1481511761;16
5978;13901;1481532195;12
1605;27042;1481530715;18
2453;12026;1481518404;6
4312;20148;1481534331;12
337;12157;1481547016;4
10204;22536;1481525308;14
3640;2610;1481525154;6
14857;9148;1481528422;8
6505;4925;1481546279;6
13774;5240;1481545896;6
8448;6547;1481519120;2
2135;7812;1481524662;16
11400;7912;1481538027;14
11793;21307;1481529473;10
20906;18099;1481516600;4
24423;14126;1481526532;14
22959;2159;1481526604;4
10877;1080;1481519253;18
7190;135;1481545306;18
19582;12914;1481515528;18
23024;19074;1481519680;18
11067;5247;1481549428;6
7251;1554;1481536484;14
1325;10320;1481542935;14
10989;6536;1481523994;10
3382;17007;1481519847;14
14566;19436;1481522174;12
4924;20415;1481518677;6
4702;4767;1481541503;18
20244;9308;1481536277;4
25187;14121;1481527642;6
19771;19057;1481520737;2
10537;27011;1481521098;2
2361;11043;1481545242;10
9438;10808;1481512953;12
23862;27179;1481514382;2
2019;9220;1481513779;8
5676;20921;1481541472;4
6186;9476;1481533151;18
971;16905;1481549057;6
22644;9361;1481517811;6
14141;2987;1481523845;18
10027;6890;1481531225;8
1338;18146;1481516565;2
960;14569;1481525577;10
21370;2350;1481547001;18
2795;10540;1481525606;4
18212;2294;1481531889;6
10545;19530;1481533364;18
21806;14961;1481538287;16
386;13792;1481531879;18
19199;13979;1481534836;10
23832;6330;1481524015;8
14229;20687;1481540461;10
19967;22924;1481531090;6
22145;4675;1481510958;14
17193;8521;1481544035;16
22431;1235;1481537681;8
20099;21462;1481511426;16
1017;18905;1481537711;4
20683;13800;1481549284;2
21030;6560;1481546843;6
226;8595;1481529522;16
7269;5040;1481509711;8
1549;24968;1481544678;2
2415;3461;1481524883;4
23023;10665;1481540852;10
3017;7645;1481533427;6
23728;7058;1481509684;10
15318;25066;1481521129;18
19213;10178;1481541027;8
20576;17797;1481516209;6
7557;11617;1481525645;6
13975;5837;1481533254;10
4862;14636;1481517308;16
11223;18339;1481532604;4
17193;24172;1481534663;2
7450;11693;1481546574;4
9491;14700;1481514742;8
7332;9165;1481549530;18
6137;6496;1481550123;6
25054;14255;1481517213;8
4936;10835;1481538085;4
5864;2828;1481537355;4
2787;14254;1481539581;14
22502;7784;1481550189;10
14895;1884;1481518280;4
3972;14797;1481550480;2
9791;5826;1481532180;6
8501;18884;1481540064;14
6407;11131;1481526144;16
100;3008;1481523844;8
24996;13726;1481513324;2
6725;14630;1481522309;2
8354;27276;1481547808;2
10614;16656;1481539128;16
5734;8576;1481551127;10
10378;10677;1481547222;12
18811;26070;1481522432;4
17392;7180;1481534243;18
3996;2385;1481519916;14
9635;10207;1481530822;4
11892;6389;1481528454;18
17441;15127;1481524343;18
11898;7408;1481546271;2
12757;21081;1481519702;18
13186;20299;1481529971;4
19812;10360;1481532425;4
9789;19284;1481548884;18
19756;4037;1481513646;6
10597;8803;1481547846;6
2346;8194;1481549646;6
1550;24396;1481517126;18
1181;292;1481515891;2
7962;7063;1481520550;14
20022;7092;1481533604;14
27102;14571;1481525614;12
6328;4244;1481521866;16
395;1318;1481517786;4
4962;1411;1481519153;18
1797;7264;1481549164;8
8417;4962;1481544063;12
1328;1115;1481530816;6
8449;6674;1481537534;12
12243;1347;1481521028;12
14654;17171;1481523175;6
2757;11907;1481533551;6
5287;17352;1481540179;4
5685;7054;1481525276;10
4840;17278;1481538386;2
11254;1152;1481528235;14
1890;10826;1481519223;12
1701;25537;1481526791;4
9882;8509;1481537988;4
21746;13296;1481546787;12
1747;10163;1481536737;10
12643;21461;1481541679;18
19040;19971;1481510584;4
13781;7875;1481521406;16
17477;16051;1481537510;16
11252;12140;1481514109;16
25359;14131;1481528138;10
10802;23622;1481546583;8
7625;10270;1481513314;8
13186;3462;1481535733;16
13945;3416;1481545371;12
14921;14192;1481530267;16
17442;5900;1481543937;2
8119;8468;1481511918;6
4745;4360;1481543290;4
22645;13773;1481512287;18
15189;15127;1481511296;4
4696;12091;1481535056;2
14947;22274;1481529244;10
12083;10194;1481512793;12
9396;10412;1481536921;6
9946;10508;1481517108;6
13221;23444;1481525856;2
3083;17847;1481518265;8
9975;9754;1481526599;4
7017;4016;1481550650;8
14431;11040;1481529784;12
19993;6144;1481543620;6
23059;6570;1481522050;2
8711;22988;1481549891;4
23262;1719;1481545990;2
10073;13901;1481529384;8
18534;3294;1481543983;16
13928;17431;1481539134;18
24416;6705;1481544817;12
4690;6330;1481532701;12
4739;15321;1481524872;4
1268;16141;1481538584;16
6415;155;1481535637;18
22148;19816;1481509719;14
5113;3086;1481547428;6
14514;25073;1481527606;14
2344;8285;1481524263;10
430;10475;1481535552;2
26072;5611;1481511520;8
12568;10221;1481522005;14
2605;1795;1481538579;14
4832;6779;1481522968;16
26195;14442;1481547663;10
25035;13680;1481520789;8
127;4043;1481526577;4
48;5770;1481532870;8
14977;6022;1481518915;8
18355;4901;1481511884;14
5004;209;1481509732;4
22577;20128;1481537766;6
17173;23971;1481522978;18
1099;3586;1481545764;2
7189;15703;1481527391;2
106;5989;1481541590;18
24726;5935;1481541389;14
24017;17242;1481514555;10
1458;6354;1481528532;10
9623;7273;1481522362;14
1236;23646;1481538431;18
10434;6480;1481524752;4
18050;23525;1481531464;4
18958;2889;1481521005;14
6164;227;1481534916;2
22939;7142;1481529082;8
9298;20518;1481514511;6
9950;20429;1481513681;4
3714;622;1481539459;18
3744;13197;1481542043;14
13853;6939;1481540652;14
6440;15749;1481528131;12
7545;8015;1481528824;14
308;20092;1481523268;6
23191;22453;1481543451;10
4363;7163;1481529065;4
9123;7208;1481538086;14
20807;10184;1481531369;18
16129;5126;1481549686;14
5393;27142;1481513532;4
23302;7572;1481519107;18
3376;10231;1481529104;2
17488;11858;1481550534;16
7016;17849;1481544596;14
14586;6669;1481524715;2
22641;10878;1481515557;12
5914;19209;1481513317;14
1226;6150;1481549286;2
4999;27032;1481531566;16
10022;17511;1481530907;16
18894;4743;1481530203;10
7082;14544;1481514589;6
7517;12871;1481542898;4
2372;7836;1481514636;18
10331;7637;1481527452;2
4006;7403;1481527196;18
152;4862;1481545381;4
7844;357;1481511670;14
21080;2999;1481524654;4
21282;10887;1481522203;10
8528;12027;1481525671;18
6883;2150;1481532969;10
23823;6484;1481524532;14
11022;20920;1481516142;14
20525;12601;1481550793;14
22992;5953;1481515610;4
16369;20038;1481533796;4
26048;3614;1481526245;8
21312;6220;1481510349;10
2731;1884;1481536960;14
8037;18936;1481550913;6
23743;21492;1481537798;4
21310;3982;1481531439;4
27125;6590;1481536726;16
11416;6107;1481531746;16
18874;7712;1481538283;18
1007;1089;1481528664;16
8495;11608;1481550601;18
6540;5995;1481519407;14
23526;23009;1481522225;14
9886;125;1481520239;4
3694;4255;1481524236;6
22316;10824;1481534548;14
7165;4553;1481532969;6
22928;2878;1481527840;4
1358;7595;1481535973;2
6766;4832;1481527295;6
11361;17292;1481538865;10
20093;1060;1481534074;4
9315;1499;1481522273;18
4541;6709;1481513792;14
7544;6367;1481518156;12
18850;10666;1481532610;14
5712;16200;1481521633;10
3259;7102;1481542928;4
27135;3275;1481543469;14
24162;11225;1481525039;14
1708;20790;1481533375;16
12023;24327;1481528487;12
16783;24955;1481550976;14
18456;21385;1481537729;12
23665;16635;1481538869;16
4591;6032;1481530288;6
9897;6418;1481517561;2
9369;24706;1481513813;18
8329;4983;1481541503;16
22501;27105;1481541469;14
16802;6983;1481547172;10
15137;24681;1481535901;6
6152;7982;1481511661;16
10031;3083;1481511893;6
1206;26999;1481520235;12
14951;4937;1481523905;2
5689;4551;1481531894;6
11220;20069;1481525644;6
9365;9773;1481527334;14
9763;12614;1481541161;6
13910;20958;1481532581;18
27125;15227;1481541083;2
16119;22924;1481528793;2
9799;14194;1481526139;16
1105;8376;1481540204;6
3394;1686;1481546089;2
9469;5954;1481533186;8
192;1873;1481516153;8
1092;8126;1481520286;12
24501;13861;1481536026;14
18307;7022;1481511472;4
10556;11777;1481511694;16
6684;24141;1481514758;2
7533;10220;1481512080;12
18160;3274;1481550541;2
17387;17475;1481549253;8
21214;982;1481516178;6
406;162;1481522727;8
25434;1322;1481520918;8
20484;23811;1481539578;12
20773;13913;1481539733;8
26158;6307;1481528502;4
13905;11138;1481529545;2
1965;1735;1481530359;12
2848;16133;1481547823;14
4003;10735;1481532371;18
10315;14259;1481516888;16
1298;12019;1481537132;16
3940;17303;1481524921;2
17887;8556;1481542345;6
7636;19925;1481520395;4
4327;22984;1481533539;14
1227;21443;1481512304;10
11404;14149;1481527341;10
15513;4528;1481514712;14
6473;3028;1481511916;12
7645;27085;1481542417;14
27331;20094;1481538815;6
8511;399;1481549361;6
8743;23849;1481546353;2
5707;6109;1481547579;12
5689;26111;1481525399;2
15241;17847;1481521998;12
11401;3264;1481514568;4
26032;5736;1481525107;14
19898;23086;1481539605;16
3267;6700;1481511623;8
9868;18804;1481526217;2
25324;9105;1481545460;6
2322;4046;1481516604;2
2361;5890;1481510720;10
16912;2394;1481540446;6
27182;1226;1481529239;4
5699;11826;1481533958;4
11033;13287;1481521131;4
21320;164;1481524409;18
20600;6396;1481544656;2
9992;9996;1481526230;10
2407;14264;1481541840;18
27091;6435;1481537118;18
12387;15473;1481514734;12
6367;27025;1481514330;2
9447;927;1481544088;16
10379;25060;1481526898;4
20243;8095;1481515578;6
3543;12709;1481529186;10
16177;1816;1481523355;18
17268;6787;1481534808;10
11691;5828;1481524667;10
11787;27184;1481549956;14
7023;12693;1481515801;14
16826;4995;1481546747;16
7768;332;1481510603;14
15189;2761;1481546982;6
4588;6222;1481519352;8
18103;9422;1481540939;10
6537;12411;1481522404;8
12798;5937;1481549349;12
24954;5981;1481543816;16
4046;7353;1481542931;18
10329;372;1481517486;4
1344;9419;1481516452;12
302;13985;1481548831;18
947;17580;1481537631;16
24478;4852;1481547466;8
1885;12028;1481548795;14
980;13256;1481540939;2
21294;20523;1481548936;8
1195;7395;1481525828;10
16034;19937;1481538092;16
10264;15231;1481531130;8
13726;21739;1481541406;14
15746;9297;1481548324;18
7292;6857;1481510257;16
7881;11385;1481511899;12
3293;10761;1481526059;16
15118;33;1481520894;14
8883;5357;1481523989;12
9464;7408;1481542816;12
6016;22530;1481542571;12
1450;22479;1481528609;14
14964;5882;1481512427;4
23333;7090;1481551138;16
245;4581;1481541593;12
12559;4508;1481542932;2
8195;10002;1481530406;8
4740;5395;1481533150;4
10539;7535;1481543072;6
6008;14908;1481523929;10
26478;2808;1481522073;18
6537;6108;1481509622;12
2612;3973;1481538629;2
1706;3640;1481528842;6
7870;12731;1481547984;2
18958;12042;1481515825;14
26103;7572;1481535445;4
4589;13804;1481516036;8
3926;3029;1481549494;2
4312;6928;1481546212;16
9456;3975;1481528326;18
160;3925;1481548545;8
13262;19970;1481547763;12
3290;12071;1481524832;6
27410;4210;1481511860;12
20949;11941;1481542365;14
4185;12947;1481524039;18
25522;11693;1481539944;18
9484;20530;1481539188;10
25283;8427;1481540927;10
25162;14999;1481511957;16
26111;11401;1481541036;12
7294;4031;1481515267;4
1151;24667;1481535934;4
19800;19772;1481515468;4
3118;20658;1481521561;16
13940;1389;1481539724;8
20301;5434;1481538944;16
1968;8303;1481548934;6
10081;8888;1481546754;2
6114;6943;1481549046;4
26392;1837;1481541114;10
967;8327;1481518763;4
11758;5991;1481514972;2
7977;4263;1481520447;8
20423;4027;1481524665;2
15764;18310;1481541708;18
13814;6949;1481519486;14
17572;16099;1481517687;10
1149;6684;1481547712;2
3274;15499;1481530837;14
10313;10814;1481541966;10
6560;15995;1481533158;18
3291;17478;1481547235;4
8596;12058;1481536565;18
11093;5824;1481544896;8
6411;23751;1481529550;14
9169;1693;1481512517;14
18199;15028;1481539013;10
5432;19945;1481535988;12
6496;10640;1481533223;16
26473;9753;1481519717;12
22135;27454;1481534902;6
17289;1124;1481518183;6
21253;6203;1481550198;4
10686;7086;1481538544;14
27477;14876;1481512094;10
19067;22500;1481527763;6
3462;15089;1481549921;18
7628;8333;1481538147;14
9487;2610;1481548641;2
21267;18456;1481550543;14
2464;15100;1481545079;14
5422;25369;1481515383;14
4796;20686;1481521800;16
4667;3898;1481539734;8
27318;24679;1481549259;18
5974;11869;1481534348;16
17923;17515;1481524116;2
6245;4521;1481527914;6
309;8701;1481523410;10
404;12017;1481532694;16
6941;3011;1481544640;18
9361;6859;1481542071;2
10282;15216;1481514839;12
20073;331;1481528966;6
3164;7601;1481545555;10
23858;1942;1481529583;4
23032;17272;1481533599;16
6031;4740;1481533380;10
21492;11746;1481515235;16
8119;6357;1481550302;18
8963;5736;1481524825;4
6959;9446;1481528021;14
4356;5718;1481528717;14
24987;23891;1481517567;4
9980;17531;1481527352;6
9819;6941;1481547843;18
1058;8132;1481542863;18
11794;23823;1481515082;16
12809;23033;1481548651;8
22248;17285;1481546897;14
13861;27507;1481516149;2
6032;17552;1481542505;8
13950;20963;1481518296;8
10716;2285;1481526760;16
27201;16810;1481518927;4
22444;8648;1481543790;6
4698;2276;1481546361;14
2829;8864;1481545594;14
14079;1978;1481546844;2
5104;3773;1481550541;18
13782;10620;1481541358;8
142;18456;1481539769;12
24089;9541;1481523531;10
5640;10109;1481545943;12
9312;4233;1481529514;16
7588;3505;1481517232;18
9526;17405;1481521297;12
20878;18160;1481521990;16
5869;13987;1481536135;8
4054;9315;1481519310;4
19737;27164;1481543436;14
6670;2319;1481516023;8
4670;17270;1481526516;16
18160;3020;1481510242;8
11148;5715;1481528780;10
11595;1137;1481513883;16
4734;16873;1481510031;18
13195;6692;1481521677;8
2738;1581;1481529061;2
19737;9556;1481521357;10
7042;6193;1481545311;8
7399;8764;1481534981;6
1170;6144;1481520009;8
11083;2126;1481511649;2
11036;6734;1481521452;10
9485;19493;1481544901;12
6223;11086;1481511864;8
11815;24478;1481531150;2
7999;22574;1481545137;18
7244;10203;1481522355;6
5829;27559;1481544659;16
19300;20401;1481512051;2
8325;1385;1481545374;10
23302;972;1481521807;4
13796;6816;1481543758;6
14808;6944;1481510350;10
10910;9101;1481532466;6
14895;1926;1481541448;4
7938;12887;1481525873;14
24662;1492;1481531996;6
4676;19848;1481513628;18
18423;8439;1481543951;8
15127;2321;1481545099;6
25501;6476;1481514609;16
1813;24253;1481547421;6
1686;6924;1481545677;4
13943;18177;1481534398;6
1538;10176;1481519502;18
5393;1579;1481527673;14
19957;12781;1481513844;2
6592;10522;1481531381;12
6807;14282;1481526497;2
27392;4937;1481514670;6
1490;8545;1481527986;14
6953;1535;1481535974;8
12119;10637;1481544006;8
22259;3081;1481548787;4
1143;176;1481541879;10
4595;25163;1481515104;12
1671;17507;1481533331;14
6279;14933;1481528041;18
12376;1892;1481540096;6
9315;13030;1481510285;12
21282;10556;1481519373;16
7685;21042;1481526881;6
425;4183;1481522314;10
6811;1496;1481528954;14
7392;2274;1481541112;18
11858;20479;1481541719;6
10311;8092;1481545493;6
6520;1512;1481549365;10
4055;6593;1481540987;8
4677;1376;1481528075;18
4288;23970;1481525185;6
15514;2149;1481532156;12
5118;11233;1481521533;2
5698;2879;1481527300;8
21803;10984;1481521470;2
11760;960;1481544105;4
10255;6362;1481549475;18
9837;10921;1481533268;6
13222;23021;1481523703;14
2796;3643;1481520049;4
24996;974;1481516607;4
17902;9174;1481525006;4
2836;8579;1481524114;18
9359;27136;1481545335;18
7956;3259;1481550299;18
14240;5417;1481537060;2
7054;9481;1481521601;18
10124;3290;1481518556;14
11111;7833;1481542408;6
7765;17026;1481530428;14
7277;2408;1481517729;14
1745;5048;1481519687;18
25069;20544;1481513359;8
5709;3637;1481514321;10
17149;3604;1481519239;6
292;7514;1481538418;10
23364;25393;1481540122;18
5833;21412;1481546661;16
19079;972;1481535419;8
2018;15491;1481523101;8
24164;14911;1481526885;4
9984;6797;1481548814;18
12216;4319;1481540672;4
8332;26395;1481549176;8
12161;5910;1481525170;6
7942;4049;1481530428;6
9954;5694;1481530114;10
6234;17863;1481544033;8
2765;22138;1481520067;2
2329;429;1481525272;6
2123;20138;1481520506;8
13862;4278;1481543013;6
6524;1274;1481547758;4
414;26204;1481515515;12
7109;20124;1481534463;12
919;15352;1481517061;10
3683;4696;1481513070;12
25426;3935;1481546746;6
1908;11960;1481511454;4
24360;10676;1481529798;16
15374;17515;1481529085;4
15235;11377;1481550451;14
11132;7788;1481548158;14
1364;14257;1481548189;12
10283;7161;1481538672;8
11377;15475;1481514532;12
25064;7767;1481527669;4
183;7485;1481543994;14
153;8521;1481521560;12
7035;5390;1481529550;6
17904;3162;1481517521;6
10681;14515;1481549078;8
185;25172;1481538494;16
203;12093;1481523879;14
1366;4741;1481541055;14
8757;1553;1481540036;4
8754;14202;1481544665;6
4657;8240;1481531697;2
22447;3387;1481527587;14
11385;978;1481513660;8
3063;5754;1481532934;10
6639;21463;1481530738;18
17193;8651;1481520185;16
1580;15106;1481539258;4
24424;7483;1481511990;12
1586;8839;1481547010;12
6437;1662;1481527750;10
19960;20413;1481526109;18
6935;26157;1481548524;6
2014;4320;1481521080;14
8800;8748;1481523490;10
2837;9013;1481541491;14
8451;7833;1481550450;14
19546;6478;1481525137;8
19869;5896;1481526157;18
17273;3272;1481525285;8
3381;22136;1481533000;6
26184;16531;1481545912;10
1427;237;1481544116;18
11906;16122;1481518821;14
27314;1981;1481542266;16
5897;1741;1481521063;10
6463;18201;1481523251;16
4233;4906;1481515533;2
17413;23020;1481528441;16
10881;15023;1481513495;16
27333;15075;1481533986;8
8749;24133;1481526355;16
5716;16183;1481515405;8
3702;19938;1481548092;18
14699;9290;1481532983;2
21736;18192;1481529819;6
19922;20119;1481524081;6
9009;15520;1481545687;18
4019;6302;1481518353;14
6592;12297;1481526216;18
24174;1203;1481549643;6
3012;12745;1481522401;16
5384;4904;1481513340;4
17418;21499;1481529854;4
19043;6686;1481534902;14
8359;22648;1481520903;8
17299;27295;1481532961;12
5651;17025;1481539671;8
4661;14488;1481532544;10
1091;5028;1481517777;12
24285;2843;1481547214;16
7144;4020;1481549263;8
11119;25023;1481530419;10
27019;7036;1481548369;16
21397;4917;1481510523;14
7103;14186;1481512259;2
19914;12030;1481530507;12
19476;9846;1481522467;8
919;4882;1481538237;6
20532;23302;1481549992;12
16678;88;1481523802;4
9407;5763;1481519900;14
8393;306;1481539186;4
9774;2764;1481535716;10
1861;226;1481518954;16
5247;4904;1481528083;2
6022;11121;1481549733;8
10675;6171;1481520555;8
349;208;1481542139;18
20090;9982;1481523903;4
7639;7365;1481516010;6
22999;8290;1481537658;12
206;4796;1481545946;14
12235;12329;1481542662;16
3535;27176;1481509665;14
12583;1491;1481550596;16
259;7;1481516973;8
14143;1294;1481525116;8
8381;12046;1481543910;10
27466;8703;1481525725;16
20521;17029;1481528631;12
9751;18958;1481546633;16
1548;20445;1481534889;14
9552;7089;1481538093;2
23062;9390;1481525890;16
3032;15026;1481520701;8
1441;20326;1481531098;6
24937;11034;1481512651;8
24178;4730;1481533922;10
9448;3618;1481511290;14
18323;5804;1481534158;2
15369;17031;1481519311;10
16041;10184;1481543779;4
10023;10016;1481510219;14
17403;17510;1481526768;14
5283;6133;1481542007;2
12405;11783;1481525438;14
9009;25810;1481526530;14
12059;8280;1481548235;4
18960;10247;1481538950;16
14549;25375;1481540937;12
6530;12041;1481510686;18
181;20950;1481549962;12
7413;6682;1481517228;12
10436;4969;1481541406;10
3273;1522;1481540976;18
25195;27342;1481546718;18
10177;17862;1481539069;18
7296;2285;1481511907;8
12030;949;1481534735;18
430;7085;1481519381;10
12247;10649;1481511765;18
14961;84;1481544558;14
2144;10807;1481519034;12
26;17428;1481520439;2
1926;5929;1481509640;6
7893;23630;1481545151;6
9003;20116;1481533427;14
1900;22624;1481537633;14
14122;379;1481525804;18
10734;11786;1481520921;16
7800;7835;1481529933;12
14125;1877;1481517085;4
11049;11693;1481546490;18
27374;20068;1481519155;18
21797;1399;1481546452;6
25707;17413;1481526533;8
11945;7954;1481529614;6
6696;10161;1481548552;4
14804;63;1481548736;2
24648;9415;1481546147;6
20460;5891;1481545484;14
10464;10267;1481517030;4
14665;8140;1481544407;14
23521;20417;1481517468;8
9490;10188;1481515533;18
13030;1854;1481510587;18
10437;276;1481535431;10
4702;25324;1481548751;12
12646;5120;1481519514;8
5435;10295;1481549496;18
4690;9341;1481541241;14
9667;11144;1481543796;10
2393;14192;1481545327;12
2761;6429;1481516058;10
16798;21042;1481534946;18
23032;9525;1481545312;2
2332;17844;1481548005;4
1664;3422;1481512077;12
8018;6946;1481531655;2
1204;14876;1481527186;10
2829;4029;1481547907;2
20416;6231;1481512490;18
8975;3713;1481544990;12
14660;9713;1481510053;16
9189;21368;1481532502;6
25064;8440;1481545345;2
9055;16295;1481536455;18
12222;21833;1481530881;12
3325;164;1481532891;2
3559;10811;1481509989;6
9199;6303;1481531871;4
4530;6332;1481512752;16
5471;2893;1481541100;14
16803;1257;1481522297;18
24450;21289;1481528157;16
14697;2294;1481535369;18
24934;9218;1481539328;12
4284;14565;1481541572;4
12228;9154;1481526623;4
1369;6630;1481526756;10
12091;5504;1481543351;10
294;11588;1481534552;16
19723;15985;1481523937;10
9883;11404;1481519384;2
10161;7254;1481551124;14
19967;6893;1481530327;6
17037;20459;1481539098;16
10831;16837;1481541510;8
8779;2387;1481531598;10
6484;10802;1481543684;2
6985;6160;1481539257;14
5676;20196;1481536132;10
14263;20895;1481531426;18
20921;1510;1481529892;4
24425;9204;1481547583;16
17185;599;1481547881;14
6718;5101;1481515126;12
21814;1813;1481546163;14
7416;1059;1481537743;8
24410;4676;1481529051;12
11101;432;1481518890;18
7343;23970;1481514308;12
1074;6687;1481512256;2
6437;14706;1481522388;4
17379;4689;1481550861;4
5938;14584;1481517020;12
20416;19938;1481545312;10
5247;17307;1481515598;14
15307;11413;1481517508;12
3776;20339;1481517343;6
12428;1338;1481541611;2
5941;8230;1481521460;8
4317;6259;1481522453;12
9284;4702;1481539365;10
5023;12391;1481514481;10
6444;8837;1481534271;10
9754;5723;1481546579;6
14048;15118;1481529467;16
15228;27335;1481510325;14
23467;6486;1481517552;12
2340;6485;1481530635;6
14552;7363;1481513781;14
19836;12287;1481525365;10
3950;4974;1481519802;10
20025;15024;1481515602;2
25085;7633;1481516400;6
4230;15230;1481517470;14
12211;1061;1481524914;6
7252;14628;1481518517;2
1424;8584;1481529976;6
23106;1902;1481513741;14
1663;4504;1481516403;6
6452;9169;1481513545;18
74;15034;1481536771;16
17213;20935;1481537411;16
13809;8119;1481512773;12
1332;11770;1481518397;12
7314;7278;1481534290;12
186;3073;1481550887;18
2419;21295;1481537439;12
9890;15305;1481513228;14
17581;27453;1481539318;4
11800;9546;1481526505;12
1280;6882;1481550008;6
16806;26152;1481545171;2
22497;8965;1481548839;18
3681;12415;1481522579;16
7867;6602;1481533040;2
11050;25370;1481537158;4
13971;7948;1481531028;6
17160;25542;1481530117;14
27089;9521;1481544082;12
3272;1051;1481516022;14
21488;2398;1481534176;2
3449;19836;1481520172;8
20575;16647;1481546011;8
26069;7337;1481523033;6
10252;10562;1481524587;14
6246;14260;1481542648;6
11407;14197;1481520178;8
18887;6584;1481550623;16
14207;4593;1481528845;4
4522;14193;1481538124;18
9746;3069;1481538755;14
5908;23100;1481532798;18
4839;6157;1481521988;6
24017;1688;1481528212;6
2817;10269;1481543652;2
6338;6974;1481549518;4
1569;9777;1481522054;10
10706;17794;1481521627;8
5907;13011;1481531902;6
3508;4255;1481530682;4
7436;11907;1481543886;10
12868;17611;1481515607;6
3990;14899;1481539554;12
17239;1364;1481510463;12
4851;8435;1481522390;16
9407;25447;1481518232;14
12411;25185;1481524605;12
22535;15471;1481542812;14
8520;8492;1481546733;14
6958;7687;1481525555;10
10182;6765;1481541170;2
8347;2388;1481548039;4
16889;7064;1481536483;18
12800;3642;1481545036;14
16179;6763;1481512683;4
5727;7903;1481538837;4
4729;23623;1481511712;14
8822;11071;1481541820;18
7456;6310;1481524606;14
17037;8380;1481530332;4
11695;19850;1481540440;12
4834;6470;1481513913;4
5942;10504;1481511666;12
19229;8433;1481512653;6
1498;3017;1481548823;12
5267;24370;1481528667;12
9536;10270;1481535276;16
5262;7698;1481530436;16
18802;6147;1481518125;14
11119;22276;1481548892;18
3264;17389;1481540920;16
8136;14928;1481545210;14
3692;4037;1481535340;8
8847;10638;1481522512;2
6190;16534;1481534045;2
17877;9738;1481517087;2
20077;4158;1481514223;4
7426;9470;1481523264;2
6135;8137;1481527086;10
69;19063;1481522797;14
11080;20975;1481512932;12
20925;17483;1481512470;12
4864;20794;1481528751;6
5104;10325;1481543007;6
4270;25431;1481520522;2
12795;26395;1481528678;10
24711;1376;1481537240;6
27203;13986;1481530182;14
4025;11017;1481530538;16
13981;23002;1481520638;10
23016;7263;1481525940;4
5928;6636;1481532355;16
21309;15988;1481547054;16
1223;10538;1481514301;14
7466;9182;1481520811;16
25025;23642;1481511973;16
4752;20151;1481513650;4
7265;12002;1481514411;16
8976;22266;1481536078;6
16294;6013;1481547003;12
1382;16535;1481550757;12
14264;7599;1481549949;18
21397;1212;1481511889;8
12032;233;1481540687;6
10328;10325;1481535981;12
13818;23448;1481531301;6
5945;9153;1481527464;8
2355;10764;1481527516;2
10724;24533;1481524399;12
8151;3706;1481532810;14
7586;12713;1481550698;6
20681;22931;1481518861;4
13880;27006;1481544994;10
5594;26317;1481536851;18
3464;8506;1481510528;18
2015;19970;1481523127;16
7084;1867;1481518968;6
3639;3987;1481534313;16
18114;16191;1481529259;12
20599;1889;1481547516;16
11037;24253;1481515488;12
25049;1227;1481515857;8
21361;427;1481548457;6
4668;2012;1481528714;16
19068;24937;1481513681;8
27510;7357;1481541350;16
6769;8747;1481539357;10
3245;27103;1481517565;6
14639;1611;1481523254;4
17424;10881;1481533698;6
10119;6691;1481523751;6
12095;1853;1481518689;18
15086;27232;1481519359;16
5294;22976;1481518372;2
27449;2612;1481525942;8
21842;2416;1481520401;2
11789;18338;1481510540;8
15368;7964;1481543479;2
9949;19284;1481548059;4
15460;22588;1481550291;14
6966;19749;1481530247;16
5697;5105;1481522693;14
13821;6541;1481532453;18
9436;7091;1481546296;4
20463;13137;1481535192;12
15962;1370;1481513515;14
5003;27016;1481532182;16
10849;14238;1481529560;2
26313;7618;1481525119;12
14552;24508;1481525087;16
11909;8498;1481513896;12
23517;23550;1481546855;18
6459;16303;1481547768;2
23886;8289;1481531012;14
12283;5249;1481546397;16
11908;6315;1481514964;16
5509;16916;1481518589;2
1209;1624;1481544575;10
8285;9737;1481540444;6
2343;6644;1481536340;10
6678;2822;1481518894;14
2141;6900;1481515115;16
19454;20908;1481531088;6
5352;12366;1481549355;6
26311;17902;1481541767;10
14048;6185;1481516955;4
1016;27018;1481513740;14
19856;261;1481528034;10
22526;12012;1481539041;6
27311;1878;1481538165;10
11703;10206;1481533789;16
7689;20337;1481549220;12
10031;6858;1481519463;6
17394;10212;1481529756;8
25173;9631;1481521108;10
10316;2281;1481526095;14
3410;12781;1481523118;18
17388;19880;1481544360;2
5358;25059;1481534601;12
19038;18814;1481510360;12
20081;8164;1481537174;16
3412;20290;1481543217;12
24349;3161;1481514264;12
20607;20547;1481519351;18
1933;21313;1481527466;12
79;21000;1481542370;4
9412;4033;1481550441;8
19490;4694;1481527084;6
17121;7308;1481517513;16
1902;7452;1481528445;6
3005;2037;1481515643;8
12244;2785;1481548682;8
5404;3414;1481541515;18
17035;20405;1481527315;2
8136;14561;1481517856;2
2792;16014;1481542485;10
11170;4560;1481530959;8
27325;4055;1481510196;4
7011;6946;1481543493;10
8046;2877;1481537660;16
3008;9713;1481544609;16
13871;22503;1481527028;2
2768;10321;1481548537;6
1447;7645;1481539394;16
21297;27554;1481512728;2
19302;14420;1481525325;18
9187;10998;1481537317;6
10772;4842;1481549649;4
19307;7838;1481522813;8
372;2996;1481535332;4
7016;7086;1481523458;14
1127;25501;1481550507;6
26265;1793;1481550791;12
7547;8813;1481543452;16
8689;4901;1481517649;14
27465;19051;1481541975;12
17462;4036;1481527797;18
18848;16128;1481512580;6
21509;6028;1481510481;16
1696;9105;1481511206;4
14416;18112;1481527610;2
6190;9150;1481525449;6
389;7458;1481543211;10
8017;4878;1481517815;14
1067;5923;1481519297;18
7873;11911;1481534191;8
11007;20291;1481550687;6
3017;17044;1481529972;6
14547;3263;1481550510;10
622;19232;1481542526;10
21370;1447;1481544645;18
16799;7967;1481527258;16
6460;5867;1481546278;10
21225;22313;1481515992;14
7081;24162;1481533367;10
27323;22454;1481537604;14
1027;12152;1481513410;18
8938;16353;1481526171;8
10281;23108;1481515109;2
12289;5488;1481547081;14
21798;1885;1481509554;16
6600;7963;1481530129;18
27037;8461;1481549898;4
6149;1085;1481514683;14
18849;6893;1481529916;12
6840;11409;1481510972;4
22132;12421;1481521067;2
1496;14106;1481526061;6
10535;434;1481514248;2
7308;1699;1481550645;10
4797;20607;1481519708;8
2354;17389;1481539561;8
2169;24689;1481549960;16
9214;10598;1481528977;10
8309;26103;1481543222;6
20417;20461;1481521020;12
18857;3685;1481527302;2
14238;10224;1481526249;10
12726;24239;1481529097;10
17536;7183;1481547632;12
14901;3120;1481534223;2
8993;18158;1481519908;12
19558;1878;1481530925;18
25374;243;1481513965;10
9530;9342;1481545525;10
16141;3068;1481550555;12
17302;6555;1481517266;14
8943;25086;1481526261;2
6356;4275;1481524508;8
19222;24089;1481523217;6
12334;27505;1481511716;16
9938;20969;1481516403;12
2015;20934;1481542653;10
13815;18901;1481543092;16
4701;24352;1481509739;6
2771;14283;1481522038;12
12161;4259;1481542424;8
16128;945;1481545852;8
19548;6638;1481511919;4
9363;9649;1481527993;6
7172;8567;1481522424;16
21004;1487;1481516247;4
410;8400;1481548435;16
23647;8602;1481526839;6
6478;5938;1481517839;6
432;8536;1481517198;8
7037;10983;1481528034;14
7469;6801;1481516379;4
2843;22266;1481514697;18
20050;2398;1481535183;4
4786;21495;1481533775;16
23082;2349;1481521036;12
11069;16304;1481517211;18
1254;3755;1481550752;10
2371;6967;1481541140;12
10179;17381;1481528350;16
7098;21509;1481509592;14
1669;3697;1481531714;4
1663;25073;1481543332;8
27504;6927;1481529123;14
9868;7760;1481538717;16
8181;2878;1481539262;18
25378;24664;1481524841;10
49;416;1481543581;4
9554;20132;1481531681;16
20193;6885;1481546275;16
2285;9488;1481535678;4
3704;1333;1481548680;6
25363;10524;1481536642;14
25246;22971;1481533170;4
6432;4285;1481522942;14
7794;7401;1481541020;4
13224;4254;1481535714;12
8806;15373;1481539308;6
18158;17375;1481540246;4
11105;10256;1481536371;2
14709;980;1481544890;18
7901;6591;1481528294;6
22303;6539;1481515528;4
1698;22921;1481531295;18
1197;25172;1481514627;8
21306;25068;1481542550;10
20989;13913;1481511753;14
1557;23365;1481522045;4
4688;10221;1481549574;18
14193;11063;1481515161;4
23791;8740;1481510295;6
61;6259;1481510296;18
21372;17863;1481520397;2
19300;2401;1481546780;18
4281;23621;1481523936;14
6263;19878;1481522784;4
4605;8597;1481532189;18
24660;7452;1481528411;2
1131;19898;1481538173;10
4313;20006;1481517303;4
8555;23191;1481526649;12
9309;2325;1481510270;4
7182;3897;1481526149;12
11596;7189;1481546447;18
1431;6768;1481548687;18
10241;8969;1481546739;16
10614;227;1481520055;2
7292;25386;1481549046;18
25035;25706;1481519583;14
24137;12866;1481509875;2
23695;6233;1481531246;18
3014;6228;1481546955;4
8440;2789;1481534534;8
20116;18336;1481537210;2
24921;6626;1481546792;6
9341;2115;1481520650;6
19222;2332;1481547435;6
3029;12093;1481529102;18
8003;6862;1481548727;2
23752;4605;1481522065;12
6583;987;1481535985;16
1334;15301;1481546553;10
2026;7608;1481527563;16
21729;24748;1481509989;14
4254;9359;1481541433;2
6512;8160;1481515175;14
3060;2137;1481525996;16
1574;2607;1481525881;12
3087;13987;1481511354;18
3413;25280;1481521268;18
25363;23061;1481529270;16
9229;16652;1481540050;16
16318;18809;1481541686;6
7596;27142;1481540386;18
18534;20443;1481549720;6
10749;13974;1481548430;16
19283;16204;1481512903;18
17292;18157;1481534090;14
20864;4506;1481550283;18
27012;8400;1481516967;14
23178;6359;1481545060;8
27475;15762;1481510430;8
335;25012;1481547347;12
15932;10984;1481527139;8
9467;5105;1481549136;8
73;18156;1481521639;12
1194;9532;1481530024;16
1816;20626;1481534358;18
27342;23614;1481518897;8
2177;1499;1481511718;4
27057;18066;1481517235;16
25513;25055;1481520319;10
20038;21316;1481510789;2
4844;16783;1481532632;18
27106;9789;1481533434;8
2382;7072;1481510302;6
6158;16045;1481536750;4
4608;18802;1481536533;18
6626;27475;1481532740;4
16293;1069;1481527750;4
10802;10324;1481549918;6
20948;1047;1481511813;4
3070;1357;1481533270;14
4776;209;1481550231;8
7848;12619;1481516410;14
9266;8809;1481530690;16
13212;6443;1481538847;18
5782;5251;1481528375;6
14651;19555;1481517256;18
18868;7001;1481525745;10
7541;23543;1481529310;18
11600;22455;1481547245;6
12222;2343;1481546670;2
22469;9439;1481527483;18
26306;1798;1481535801;14
20420;14141;1481521010;8
20769;20628;1481525352;16
24475;14514;1481516734;8
6012;16042;1481546992;16
6025;3620;1481533705;16
1891;9447;1481548614;10
9062;9223;1481549791;6
1453;6012;1481521286;12
8448;20968;1481519063;14
12314;27012;1481550407;14
3682;21400;1481545410;16
8574;14778;1481550621;10
4724;8534;1481536451;8
84;25501;1481534729;4
19505;1001;1481520891;4
23121;10405;1481518607;6
7792;7803;1481525317;8
2383;18896;1481521003;18
8380;3245;1481542464;8
7517;8535;1481541284;18
1180;21085;1481533246;6
10229;2395;1481530736;14
10030;1252;1481535946;4
13496;977;1481515366;8
13782;25368;1481543463;16
4684;22459;1481509721;16
17257;12693;1481547250;2
10161;19721;1481545328;18
23082;1454;1481515928;18
6727;10377;1481515540;16
11409;13198;1481525594;18
329;17465;1481519523;16
73;11267;1481515593;4
8175;19089;1481515635;8
24375;10504;1481526275;18
6290;4622;1481546972;8
23173;3683;1481537608;4
16304;5108;1481529005;16
12614;15317;1481524447;14
14117;7348;1481534717;6
2167;6588;1481512750;2
3279;9685;1481534103;2
5735;1253;1481514764;6
27428;907;1481522949;2
19050;18091;1481546923;10
20325;26311;1481515283;6
14558;19721;1481537675;18
6997;560;1481536037;14
6569;1332;1481510553;16
23004;18900;1481515456;18
4706;45;1481511618;16
3078;7699;1481550578;16
8561;17284;1481536616;14
5435;6593;1481540388;16
25501;24572;1481523156;8
24529;6852;1481548126;2
10316;12028;1481524811;2
21092;3293;1481548444;8
15017;23517;1481546424;16
14924;9971;1481511787;6
4730;4197;1481542045;18
5428;24681;1481522750;6
25052;19067;1481547260;10
5441;13212;1481528503;18
3985;2146;1481529680;8
7447;2950;1481538322;6
27287;12158;1481514879;10
9215;3289;1481534844;16
19741;4990;1481550770;14
15918;16014;1481532348;8
20292;6233;1481544809;10
9229;8754;1481511692;4
17533;1721;1481541838;18
15765;14624;1481518306;8
234;990;1481539860;16
1373;7915;1481512205;12
17480;17054;1481538489;6
11720;2019;1481542702;8
4967;19224;1481540770;12
4898;4185;1481550229;2
3774;7365;1481539453;18
20131;15516;1481547494;8
21737;17156;1481522812;10
16196;8914;1481530733;8
10689;6854;1481550661;8
59;8171;1481515761;8
1299;25178;1481543496;14
23856;344;1481520284;4
8168;20545;1481544289;14
4343;21226;1481535132;12
12057;20075;1481527402;2
5855;3270;1481533634;14
7603;1226;1481529680;12
3011;18820;1481515711;14
9198;27015;1481543613;8
21216;20071;1481518469;4
8688;8704;1481516336;12
3363;6327;1481550961;14
23525;5774;1481514924;10
10229;4921;1481516446;16
3491;1907;1481514232;4
2789;26111;1481531079;6
8881;13913;1481534447;6
15253;17574;1481512800;4
20419;14548;1481510786;14
7901;21092;1481519143;18
23761;5107;1481541973;16
3995;17794;1481550537;2
10653;20970;1481519382;18
14889;18328;1481519786;8
20119;12775;1481533175;6
15347;22134;1481514709;6
3387;8746;1481519694;18
12758;13297;1481549580;8
10591;18444;1481521620;16
4768;6406;1481521380;16
9982;20076;1481545289;12
18323;20099;1481546845;10
12332;24017;1481516864;16
5346;17439;1481519803;8
4641;11684;1481514348;8
3391;9790;1481536490;10
14857;3789;1481519752;8
14880;27101;1481510959;18
1986;953;1481547856;4
24688;240;1481510799;4
935;11917;1481529198;2
11898;10694;1481519006;18
15025;9166;1481538995;8
17535;14138;1481523271;6
4332;6472;1481550344;16
9814;4577;1481535632;4
8522;1310;1481545426;6
11062;9752;1481511004;14
12117;5678;1481515972;16
11214;20609;1481550806;10
20341;9480;1481543613;14
12228;315;1481546341;12
12219;20103;1481518435;12
24651;24392;1481525687;6
12059;16832;1481520001;12
15238;5128;1481543974;12
14921;15305;1481541524;16
10530;5079;1481542682;4
6602;8953;1481525507;16
6632;24533;1481542192;2
2395;9358;1481546362;12
26211;6537;1481517793;16
967;81;1481544402;2
21798;17256;1481513924;12
27507;11264;1481528104;12
9967;3026;1481549565;12
7848;17264;1481549410;12
10686;14777;1481514794;8
3261;6763;1481544950;12
7094;1981;1481532686;4
420;27376;1481521893;14
12040;9560;1481539451;16
21739;10067;1481533367;8
19209;3975;1481542979;8
25356;17923;1481518931;6
15393;7861;1481515130;18
25261;2775;1481520882;2
9536;6594;1481515517;16
2621;18902;1481515853;4
937;6130;1481532122;18
18047;437;1481534943;4
6803;15352;1481524595;6
21399;1126;1481528696;6
3704;3369;1481537172;16
27056;4485;1481540240;6
7583;12116;1481523220;16
27015;11036;1481515111;6
21729;16125;1481521672;18
3004;3281;1481535379;10
7835;1289;1481524675;18
9483;15785;1481539444;18
12016;7767;1481536783;18
27057;25399;1481535764;4
119;5974;1481541048;2
5652;1580;1481525954;2
9011;19920;1481531822;18
974;2378;1481533541;10
11986;17268;1481528857;6
24984;22501;1481519650;18
3388;20409;1481518326;18
10568;23883;1481532359;8
19284;7689;1481537329;18
6164;3932;1481544382;8
9806;6138;1481528903;8
9808;17849;1481526940;12
957;5630;1481536535;2
21096;8470;1481532479;14
12065;16144;1481510006;14
13824;6403;1481515056;4
10474;11482;1481550223;16
7407;27419;1481524137;12
9647;6787;1481534381;10
11398;4761;1481548996;6
5905;12097;1481522059;6
5981;4190;1481546006;14
7328;4349;1481518603;4
22603;4734;1481541495;4
9869;154;1481523182;12
25517;22317;1481522109;14
4331;19221;1481524865;16
17529;5924;1481524660;10
9287;1580;1481515810;14
5946;14933;1481540618;16
27228;4656;1481541102;6
1970;8573;1481509770;2
19945;15092;1481543027;2
21472;1227;1481530898;12
17848;4331;1481543172;4
17393;6140;1481511643;2
1353;4659;1481532354;16
10366;23757;1481548545;12
11779;3370;1481530191;6
18463;21841;1481550962;4
20978;2322;1481523731;6
12869;20189;1481515339;2
3752;17362;1481513102;14
418;6453;1481542378;8
2752;3903;1481538605;2
27325;7456;1481533485;6
1582;974;1481549829;8
200;12758;1481545341;2
4676;13856;1481531753;14
10694;9761;1481515041;18
1892;428;1481525504;14
14126;3955;1481520153;18
4191;7697;1481531640;16
6878;23892;1481536373;8
4841;15016;1481534331;16
3599;7813;1481514270;12
12767;79;1481516880;12
11035;21840;1481510200;8
19234;8634;1481534161;14
6361;23112;1481526623;2
20686;9149;1481510109;10
1392;9882;1481511724;14
4333;15755;1481539239;12
20524;25054;1481516901;12
1665;5073;1481531956;12
11891;5867;1481516491;10
1020;1213;1481525700;14
9842;8564;1481550058;6
13790;18877;1481530658;14
9424;1361;1481518215;12
4323;7066;1481530107;8
1737;6675;1481548194;2
21415;975;1481524693;18
6602;15105;1481550288;8
18881;2931;1481533046;10
5944;14653;1481548823;18
15354;7036;1481542982;16
11758;5028;1481528696;16
19857;1379;1481518856;18
10736;11258;1481512955;18
8127;16647;1481530458;12
10206;2290;1481529377;8
9313;4204;1481529704;6
8551;20691;1481533418;4
5330;14710;1481511436;10
12749;1876;1481546945;8
79;15101;1481547274;4
6016;11226;1481539778;12
8969;6172;1481516709;4
6701;14565;1481522055;10
19217;5278;1481516975;14
10024;13461;1481537322;2
1976;20153;1481543195;16
9666;16181;1481544578;8
1327;4659;1481510006;16
4917;11953;1481544611;16
5040;16805;1481519912;12
27458;7540;1481509672;14
15012;23046;1481550333;16
16140;323;1481512024;6
12642;16105;1481515789;2
15022;20291;1481521594;2
9750;2140;1481533150;6
14964;8461;1481535917;10
1597;6532;1481538951;12
5700;17360;1481541955;6
14187;951;1481522382;10
12069;7352;1481534592;14
1984;7463;1481526399;6
8909;3406;1481515956;14
21300;9391;1481548509;16
19919;9462;1481535524;10
7513;10722;1481512493;6
5886;26166;1481522777;8
1843;6939;1481539789;4
20398;8147;1481545403;14
15081;376;1481517944;12
19970;4268;1481521721;12
9435;8136;1481526286;4
20523;17364;1481542715;6
1226;285;1481543939;12
17292;20342;1481544291;14
19763;3418;1481525899;10
3248;5892;1481528026;10
17133;333;1481529106;8
7643;14137;1481541359;12
19232;1696;1481517572;10
4967;7030;1481543368;14
5406;19954;1481510702;12
1582;2769;1481541679;2
4031;26164;1481542165;8
22991;15328;1481530166;18
12315;198;1481513856;2
1379;14170;1481520325;14
119;12773;1481544816;8
14812;10359;1481521353;10
15431;22976;1481521260;8
22794;17023;1481523625;10
8566;14777;1481524899;16
22495;4539;1481537720;2
12327;6299;1481537978;2
12028;1063;1481550879;12
13195;5651;1481545177;8
8317;19944;1481522150;2
26207;11768;1481514307;6
20517;19965;1481529290;14
14624;6921;1481531472;8
1403;13802;1481517185;16
8221;1308;1481534158;2
9368;5992;1481526680;6
14999;8879;1481524125;12
4892;4517;1481544721;4
5119;7712;1481510300;4
6151;17503;1481514981;10
7873;17;1481518998;2
16534;3912;1481543553;14
3409;5891;1481525576;10
27096;25156;1481538310;6
9573;21411;1481517051;4
1052;22794;1481548960;14
5756;2944;1481539095;2
9808;27024;1481509840;16
4706;20048;1481513405;10
5085;9466;1481521577;12
10459;3585;1481540663;16
10406;3998;1481520173;6
10254;22937;1481540074;16
21465;22146;1481544398;4
1094;1169;1481534713;8
17386;1579;1481517935;4
7395;10414;1481542387;14
25180;17517;1481530421;4
20117;10032;1481524471;8
4804;3088;1481541086;2
9979;18113;1481541206;16
4349;19790;1481543137;16
27477;9182;1481524952;6
3120;8947;1481532081;18
4979;11841;1481526721;4
1993;6734;1481529829;6
9163;5509;1481523064;12
7576;11409;1481511289;12
12576;18896;1481538872;4
6699;17399;1481533496;12
11892;5297;1481522411;6
338;17465;1481530542;8
1420;2374;1481517332;16
3282;19828;1481515744;10
6237;5017;1481512336;12
27027;12362;1481510678;6
17388;17;1481516690;16
9347;1588;1481537917;16
11784;1483;1481529995;2
1598;14496;1481510908;16
14239;7004;1481542503;18
9992;9005;1481532908;16
4965;8960;1481523459;2
16141;26478;1481515655;18
7464;14904;1481516127;10
9065;9799;1481523459;16
23753;3448;1481550185;8
6223;9846;1481516231;16
12945;14574;1481548311;2
2151;10889;1481523916;18
13212;27201;1481550260;12
1442;1124;1481545130;4
5756;8058;1481520789;14
4012;7101;1481538856;12
8133;5028;1481546510;6
8866;7082;1481514860;12
6256;9005;1481510323;12
7866;14799;1481535964;16
13869;11124;1481521651;8
4292;18105;1481545489;6
17576;20933;1481543637;18
8419;10192;1481549277;12
6986;8945;1481545260;14
5385;10736;1481509987;18
25526;27295;1481524916;8
6968;22248;1481549804;2
10026;12314;1481523422;16
6198;13195;1481540133;4
5422;3278;1481550774;8
11821;14188;1481537379;18
1556;20293;1481527994;2
411;3614;1481520474;2
20418;18097;1481517666;12
19758;23123;1481542847;14
10407;19588;1481527305;10
231;11477;1481541024;8
15764;18085;1481538241;6
6145;24711;1481512264;14
12120;22500;1481517259;16
27132;23624;1481538626;10
80;4671;1481533606;14
9773;11803;1481531765;10
10675;1869;1481516188;8
13783;9007;1481521903;8
6974;14708;1481511774;2
9318;1729;1481537728;14
11100;7408;1481510382;10
3578;8132;1481542097;16
415;4875;1481526536;16
11607;24064;1481537548;6
8942;27205;1481546493;18
8275;21715;1481524758;16
14988;18850;1481549564;4
9277;3251;1481536360;12
9666;26069;1481520539;8
6202;8367;1481538007;12
2323;22498;1481522658;12
4672;3508;1481530123;14
10112;8668;1481533937;18
2607;5001;1481515380;2
3421;5923;1481541895;4
5614;7162;1481525728;2
3290;11761;1481518020;8
2027;7879;1481539267;16
8318;1413;1481543560;2
8478;1896;1481543567;6
347;24143;1481532660;6
20523;15390;1481536357;12
17878;3508;1481518619;8
9191;20353;1481511978;8
12041;2998;1481515431;16
9308;19840;1481535497;16
5921;15784;1481509880;12
21227;20627;1481546271;14
11254;11794;1481526449;18
3586;22938;1481547968;6
1515;17031;1481511402;14
14909;25393;1481550231;14
11787;883;1481518739;16
27032;1045;1481541781;8
7845;14925;1481540892;6
6872;9409;1481542877;8
22276;12887;1481534898;18
15025;23062;1481528545;10
12695;4022;1481536629;8
9159;7598;1481545376;6
20423;5932;1481544974;4
1262;24753;1481549809;4
20360;11028;1481520356;18
10214;25377;1481523410;16
9804;2880;1481529131;18
6319;20036;1481517033;10
2812;10434;1481522604;4
20244;18764;1481515266;14
13298;20292;1481541783;18
9453;7606;1481536834;4
204;2148;1481511420;16
21217;12920;1481510204;16
4606;7958;1481515353;8
1275;13080;1481546707;8
7433;11727;1481529746;18
20424;13942;1481530901;4
3992;27095;1481548234;2
17514;7439;1481537933;8
1512;5627;1481535091;10
8456;21318;1481519702;4
4224;11909;1481515589;14
8921;3032;1481531318;2
4608;2333;1481513823;8
27542;6956;1481526971;4
15391;27136;1481531648;18
12185;20011;1481517735;14
6114;3073;1481526254;10
1144;3996;1481543479;6
15320;1619;1481537441;8
1811;20485;1481514824;4
1100;11058;1481542772;6
10915;4266;1481542861;18
10809;23187;1481532711;12
15091;17160;1481513842;2
11251;18332;1481540700;12
10072;7514;1481524777;14
9432;10825;1481544522;18
5000;5973;1481518682;16
3956;196;1481518786;18
24989;2819;1481533466;12
7605;3511;1481517110;10
3779;439;1481517226;18
435;5104;1481510391;10
1699;27472;1481548218;2
20588;11891;1481540135;2
1743;27284;1481523411;14
3147;3387;1481525460;12
27342;17009;1481514884;8
6809;10521;1481517677;10
19918;26070;1481544819;4
15372;10682;1481533612;14
10011;14185;1481545027;14
18183;20521;1481535428;6
5411;3757;1481549871;12
8984;21314;1481538145;6
7626;6168;1481532326;16
6461;14442;1481542535;2
25500;1455;1481540444;6
4215;5828;1481516559;14
5401;12783;1481526696;2
27413;24521;1481535638;4
20794;3057;1481512473;6
27440;26302;1481523916;12
9362;6855;1481534130;12
6884;3597;1481532989;10
12869;4985;1481534800;4
6838;6168;1481540575;8
15253;14983;1481511748;10
7077;7821;1481547610;12
8004;9552;1481526870;4
9834;1013;1481539285;8
15482;4356;1481517925;8
1982;12015;1481523848;14
2777;7145;1481512300;8
15252;12016;1481514346;6
5330;21463;1481549002;2
5282;10260;1481527950;18
7324;10094;1481528905;16
3736;8683;1481520266;16
14447;17191;1481523136;2
11030;8385;1481537195;6
1280;7864;1481520746;4
14798;8685;1481532291;4
19870;25533;1481536084;6
410;23863;1481538174;18
11723;27016;1481545856;2
2805;10497;1481511164;18
1029;7029;1481522770;8
5649;9408;1481540017;6
7519;14858;1481513030;16
7317;2294;1481525314;12
11714;6654;1481523096;10
10687;7564;1481520879;8
14546;2129;1481540990;18
4290;3752;1481528224;10
3259;8482;1481550879;18
20355;11053;1481542592;12
1864;17866;1481521375;12
22993;8893;1481535601;6
17464;7767;1481525085;6
7142;12247;1481519809;6
7090;20109;1481526348;8
8050;11095;1481541305;16
21214;8359;1481531031;14
403;5867;1481522633;18
7187;6709;1481536470;12
23550;12015;1481541055;6
11235;21921;1481547424;4
11397;7465;1481520529;18
20967;21731;1481531337;18
1193;20454;1481526062;10
21005;7437;1481548268;16
10801;4762;1481527854;14
27004;13726;1481550912;2
875;9839;1481542640;14
18070;8121;1481526927;16
20888;3426;1481526084;2
6863;10164;1481535154;2
2798;20627;1481532566;12
12327;11565;1481550241;4
6150;14445;1481549910;18
23887;4486;1481516934;18
5923;4590;1481516857;8
18117;3621;1481540203;14
19520;20155;1481546207;10
8553;7447;1481530175;14
9767;22263;1481528256;6
2021;7455;1481523813;18
25058;14241;1481547894;8
11153;7688;1481531078;16
14648;7583;1481530429;18
6353;14189;1481537710;8
4734;25381;1481540262;12
16929;9214;1481511773;18
20335;22292;1481519940;4
9736;20137;1481539922;14
22141;1922;1481528243;14
14439;24259;1481524327;12
3752;1391;1481518516;8
11719;3257;1481513772;14
296;8004;1481546646;12
181;17528;1481538487;4
25501;26166;1481514848;10
25543;5998;1481540811;2
8382;6690;1481543718;2
15097;14635;1481513665;14
14219;15321;1481509521;14
17892;4211;1481529385;6
21300;15244;1481524626;16
10257;11053;1481547538;18
13794;15721;1481524213;2
12024;19493;1481546077;18
8251;9191;1481521553;12
8164;19802;1481531374;2
27416;16308;1481517363;6
5267;11687;1481546143;2
10509;8802;1481546356;10
6263;17800;1481526870;4
19490;10828;1481517095;10
4040;8584;1481532219;4
25380;35;1481523119;12
6948;16022;1481514248;2
23542;10724;1481545410;18
18092;14167;1481510581;8
3754;19824;1481527023;8
25074;9974;1481533291;10
11483;1037;1481536777;16
26112;16800;1481535778;18
25414;22625;1481549968;8
12654;19252;1481538150;12
12288;12041;1481539153;12
2465;7318;1481525092;8
6353;7800;1481527852;10
6965;21833;1481528876;12
14581;9516;1481532360;6
4315;2328;1481548972;18
6470;84;1481521637;2
1793;20979;1481529174;4
19053;2415;1481542467;8
5695;907;1481522180;10
15354;303;1481535646;16
12376;10771;1481511530;14
3602;7700;1481548404;16
13224;8602;1481518813;4
4670;17381;1481527178;8
3387;3937;1481516114;18
1231;19987;1481528670;10
25447;16192;1481510533;18
17484;10837;1481522759;10
1959;16821;1481511852;12
7247;1275;1481550802;6
15391;26147;1481537916;14
19555;20096;1481536357;16
1379;14106;1481527854;14
20073;9713;1481549308;8
27270;6277;1481533359;16
2405;9298;1481518571;6
27381;11013;1481510269;8
1047;15748;1481549249;6
7278;9422;1481545915;18
8448;5992;1481518072;8
7647;27439;1481509830;14
4481;1117;1481522350;10
11119;4576;1481526769;6
17266;27180;1481550532;14
5391;7636;1481547987;14
10639;21305;1481524781;8
27328;2130;1481513026;16
10030;5729;1481529370;16
12045;19547;1481517702;2
15329;11599;1481534120;6
1006;6583;1481519344;4
7485;6328;1481541002;10
6963;3544;1481537265;10
4049;7788;1481535708;2
12158;24521;1481516430;8
8034;3080;1481542776;6
2015;7771;1481515742;12
8583;21492;1481516559;6
7342;18131;1481550317;18
9256;14917;1481530222;2
23187;14153;1481545144;12
17305;21319;1481525423;10
13218;12747;1481526191;4
25371;24126;1481521741;4
19090;7694;1481516419;6
15319;14167;1481512504;4
11795;19079;1481541597;2
2823;18880;1481537804;4
241;11910;1481536751;6
1117;5122;1481511450;6
10989;12787;1481547947;18
8363;6552;1481539632;2
18212;14914;1481523690;8
27458;9884;1481525995;4
4529;7317;1481518156;14
19753;23886;1481523547;12
13884;9286;1481538258;16
19856;16929;1481519100;14
16802;8138;1481535811;18
9861;12868;1481544960;6
9206;7268;1481539109;14
11799;9262;1481524434;2
24249;5531;1481522104;6
1635;10826;1481526352;18
21840;7966;1481538124;18
23739;10222;1481522023;4
6995;13854;1481546385;10
8335;20146;1481509938;10
25185;8590;1481511233;10
7955;2131;1481539047;14
24688;6495;1481532159;16
21224;24969;1481542778;6
16181;9308;1481514063;10
8143;6572;1481517040;10
8557;7023;1481535889;14
8511;9137;1481510049;16
18940;19423;1481528170;10
11701;1985;1481521107;10
14270;8494;1481528554;16
17532;26480;1481542039;10
16127;8407;1481530216;14
4920;27180;1481513035;6
11124;15250;1481513880;16
6700;20416;1481536468;14
20144;1010;1481539187;6
6353;358;1481523809;18
8435;3898;1481546151;14
20464;4567;1481543996;8
20352;6998;1481519313;4
1151;11691;1481534574;14
27522;11855;1481539576;4
19225;8528;1481539873;6
24669;6117;1481549195;4
23762;9474;1481540322;8
15768;6371;1481537096;12
7048;11576;1481519217;18
26048;6685;1481535810;4
18113;8136;1481516566;8
6929;10497;1481544116;10
4349;10331;1481523075;12
13559;11178;1481523983;6
20414;2646;1481549873;4
7281;19530;1481516520;10
3726;1985;1481544980;6
13495;9510;1481546706;4
7138;7269;1481533050;10
12731;24424;1481549397;12
11096;4244;1481537211;14
21843;24969;1481529032;6
26165;15962;1481530219;18
13792;1448;1481525639;6
4873;20521;1481535751;6
12794;11098;1481524294;14
13928;14928;1481535991;10
9752;21490;1481537091;2
3982;7774;1481512182;16
26244;25324;1481519199;6
11009;18195;1481512644;4
2392;3706;1481539716;8
6873;22316;1481537733;18
1847;4301;1481541766;14
23867;3584;1481530029;12
1198;11059;1481533490;6
2288;8701;1481550088;14
6007;9545;1481542514;14
10561;11095;1481519751;16
5636;6555;1481520956;16
21719;7642;1481520979;4
21758;13986;1481548168;6
7823;9404;1481525582;18
18077;1953;1481513401;2
23540;6930;1481531687;16
17500;3768;1481512786;2
9843;27127;1481518548;2
22497;20417;1481539607;8
17887;23102;1481525917;10
23060;20412;1481522143;6
7582;6018;1481539035;2
3062;22453;1481535074;18
11892;15213;1481528007;10
3712;4731;1481512951;8
6663;15012;1481548035;18
2746;9840;1481543489;14
1268;12631;1481513187;6
3390;7848;1481545812;10
7521;7000;1481542913;16
1050;14628;1481550646;2
17465;14585;1481527423;14
10987;26216;1481539332;14
3703;11100;1481521677;6
21221;84;1481549063;10
23109;7814;1481547636;8
19038;25286;1481536480;12
7034;10911;1481539205;10
1497;10489;1481549567;4
3256;22259;1481548808;18
8536;10264;1481525713;8
8022;10729;1481548056;4
10748;26091;1481526904;14
5737;9564;1481523533;14
5780;5709;1481540502;16
18938;5244;1481513667;12
6244;3985;1481521613;6
1776;2281;1481523489;14
5612;11069;1481520384;6
13911;5093;1481546389;16
4352;6821;1481520924;14
9547;3285;1481513957;14
9647;20952;1481532796;18
10184;11610;1481548336;6
13287;16042;1481550454;18
20769;20361;1481522957;14
6841;14050;1481534588;4
22932;16311;1481525521;10
1745;18069;1481510242;18
1975;18534;1481541560;2
2846;18887;1481525205;4
27482;24279;1481512382;16
7573;233;1481510540;4
1110;20949;1481543602;2
20686;1035;1481530895;6
24346;155;1481540164;2
9819;21232;1481526280;18
26260;9477;1481530704;6
6477;13781;1481516106;8
16535;22481;1481541695;16
6372;12560;1481542448;14
27285;4352;1481511712;18
11950;23032;1481548187;10
6909;23833;1481542696;14
9323;1334;1481534331;2
22180;13726;1481536989;10
1443;12619;1481544207;2
2793;9651;1481532951;16
15114;27286;1481545610;16
14665;20952;1481536201;16
1501;19915;1481550610;14
20299;15321;1481522108;16
2282;19921;1481530300;6
24162;15998;1481527889;12
8307;17039;1481538098;6
301;9024;1481531288;6
3897;4741;1481514345;16
12380;7633;1481540654;18
10518;7514;1481530284;12
20224;23646;1481530025;4
2167;12103;1481517201;2
2752;10521;1481539659;18
26329;10182;1481548034;18
17049;11920;1481537887;8
19548;16997;1481537033;10
27261;14186;1481524007;10
6852;1065;1481539069;4
7079;27375;1481527722;16
9480;11619;1481545826;2
18195;5415;1481513237;12
23865;27130;1481539055;16
22641;19038;1481547691;16
8379;1429;1481524145;16
7670;4960;1481549952;18
1336;4695;1481518286;18
10698;11236;1481530701;16
9406;9900;1481542672;4
19789;8323;1481525715;12
25185;21486;1481519364;10
15162;11096;1481543629;2
6687;7763;1481514524;6
2336;15987;1481526334;2
14444;10437;1481519588;16
15015;19296;1481546579;12
2337;4728;1481531065;2
13889;17287;1481547058;18
6823;1918;1481545029;8
1569;21739;1481520760;2
8023;18198;1481521437;6
1339;18899;1481539815;18
9796;5630;1481522226;10
14207;3979;1481525238;18
15087;7481;1481528326;12
147;2379;1481527190;16
6018;18823;1481544875;12
21369;11109;1481524245;6
24062;20970;1481518654;2
6597;5753;1481525686;4
9167;8545;1481515741;18
13819;15519;1481519137;16
16806;6569;1481529756;16
7447;4606;1481543654;6
12073;4528;1481541828;10
20398;3540;1481513171;4
1894;25180;1481525765;12
11809;8034;1481541604;18
23140;19771;1481547167;18
15026;984;1481512286;4
20911;1485;1481511859;16
21747;1021;1481518194;16
360;14860;1481543070;8
14586;21080;1481525951;2
1422;7261;1481528846;10
17477;10525;1481543266;18
20299;6698;1481527374;16
8572;6114;1481545804;10
17431;5812;1481549505;18
4232;14113;1481547764;16
24183;3914;1481538239;8
8384;17517;1481545556;4
3004;13852;1481536535;6
10925;8518;1481528398;14
1179;12228;1481523239;4
6893;7498;1481540234;16
10497;4948;1481525947;8
25441;15378;1481541643;16
4876;19056;1481528337;4
10328;1715;1481516894;16
3559;12770;1481522056;4
23117;19876;1481524171;10
11034;8161;1481510132;18
6921;2145;1481531797;10
15024;3011;1481528726;2
4510;5814;1481520055;6
12869;9990;1481513453;4
19303;7044;1481515785;14
2286;1388;1481538431;6
18964;8086;1481550343;12
16640;9300;1481517775;4
8368;27423;1481528839;16
9827;19218;1481524067;2
3026;122;1481549431;16
23333;16185;1481544733;8
25405;74;1481526869;10
17506;2391;1481511369;8
6582;4733;1481543882;2
15372;5521;1481535030;12
7794;6602;1481545185;2
14583;14153;1481545333;8
6485;9672;1481531484;2
23037;4830;1481517933;16
7006;26304;1481525240;8
4812;15721;1481517060;2
2763;1350;1481512463;12
7302;2036;1481532169;16
17250;7700;1481550534;14
13798;8307;1481525024;8
16531;1351;1481540054;8
24667;289;1481520179;8
3613;10674;1481524777;18
13137;5711;1481513468;18
17405;1223;1481531704;2
4805;8569;1481521531;2
1453;1079;1481526026;16
14131;6584;1481541144;18
5528;184;1481525382;16
20846;25344;1481521973;6
11231;8327;1481536104;4
9829;7176;1481524472;6
4923;4807;1481541028;14
5041;17537;1481536354;12
10701;13004;1481538735;16
6792;11415;1481521672;2
3717;3057;1481532728;14
20370;4671;1481513790;6
8599;21088;1481527993;12
26165;8044;1481539998;16
25160;22588;1481517833;2
8987;18343;1481544354;10
10702;7072;1481519807;4
20983;9058;1481523173;10
3427;17173;1481550274;12
8504;6815;1481542331;4
10618;20895;1481512615;10
1377;5439;1481546509;14
26074;10670;1481541167;6
7262;3022;1481526397;14
20395;13183;1481549893;2
116;10640;1481518771;10
13882;3073;1481522168;12
2427;2948;1481535125;16
9300;10891;1481519018;18
279;6279;1481514590;16
12040;24378;1481514043;16
13197;7007;1481546069;16
5810;9448;1481538449;14
16862;3939;1481534829;8
21716;15421;1481532905;12
76;157;1481524119;4
20225;18861;1481512674;10
4531;3377;1481531686;14
17862;27137;1481515816;2
5377;10282;1481523808;4
90;27395;1481512466;6
5864;19077;1481540301;8
2986;5412;1481532934;14
5706;4731;1481520947;2
5854;7325;1481510096;14
4523;17586;1481521861;6
6941;14497;1481550625;2
27334;75;1481521798;12
22134;11084;1481520904;14
20402;14560;1481527951;14
7766;5507;1481521179;8
146;16311;1481514345;16
21445;24284;1481526754;6
7294;26184;1481544699;18
949;27295;1481524877;8
9257;23052;1481518473;10
8291;17431;1481534490;16
5585;21833;1481524393;4
7078;9862;1481534948;8
23813;3074;1481534204;14
22500;15103;1481528852;4
15349;15533;1481532962;18
8848;3078;1481527036;12
27331;1152;1481535528;8
11895;6804;1481543327;18
1062;17349;1481510290;4
25232;6006;1481523597;18
8762;17310;1481515697;8
1114;22148;1481518613;18
22963;6251;1481520085;12
19959;14656;1481531078;4
4988;4753;1481519865;10
10659;22508;1481524800;14
27408;6565;1481512324;14
6137;1290;1481529346;8
16888;24689;1481549342;2
27094;4583;1481515070;18
1091;7000;1481521766;14
10649;22504;1481540510;6
21801;10226;1481526645;16
9868;23891;1481522572;10
10017;27176;1481509860;12
3750;10647;1481545935;10
5879;5088;1481526516;4
7684;11784;1481533036;12
4304;10833;1481517107;4
15312;9428;1481526296;16
368;14896;1481513505;4
12098;9656;1481527667;2
7173;15015;1481521764;16
933;24685;1481532436;12
10410;20997;1481550312;4
6765;6578;1481534874;10
194;10180;1481547545;18
14430;19279;1481518535;2
27181;8508;1481546109;2
11781;14801;1481512156;14
1849;1269;1481529179;8
5749;9257;1481518400;10
3118;1364;1481535795;16
891;6157;1481534785;18
4240;416;1481532705;10
5504;8984;1481537081;4
8387;9530;1481511611;4
4259;9875;1481529040;14
4896;2345;1481520048;14
20408;2323;1481533521;16
11611;16094;1481515709;2
22483;1088;1481533807;12
10017;13854;1481517941;12
5411;5511;1481517112;10
8562;27550;1481550742;8
1662;3973;1481520098;16
20674;3219;1481543311;14
2833;25261;1481547214;16
5417;7625;1481543865;6
14805;27166;1481526981;4
19878;22163;1481540887;16
13909;356;1481526480;18
13078;3020;1481535964;2
21802;16781;1481524870;12
6589;7258;1481537744;12
3639;7942;1481550503;4
6156;2412;1481541362;8
18816;7092;1481528733;10
16804;12355;1481546554;14
22489;10226;1481516926;18
1882;24501;1481511009;6
11704;8584;1481514075;2
9383;3060;1481526014;2
25516;27267;1481547582;2
10267;392;1481547087;8
402;14876;1481516620;6
17430;11892;1481510546;10
22442;23014;1481544159;16
12282;7062;1481522677;8
24996;6611;1481542005;16
23022;4923;1481509687;16
17903;7101;1481515563;4
12091;23033;1481537204;4
1967;14929;1481533443;2
5813;22501;1481527557;8
3988;7314;1481517908;8
1682;4502;1481550464;12
22490;2287;1481522095;8
3561;6443;1481532831;18
5850;7648;1481520984;14
8510;9425;1481535488;2
24569;2394;1481510663;14
17891;7622;1481532649;8
24929;9961;1481518012;2
3599;10666;1481519194;8
26070;9519;1481522945;2
6249;9246;1481537906;14
21841;13124;1481516731;4
1880;26395;1481550404;16
9976;26266;1481543269;4
5842;994;1481541892;6
1350;9185;1481550334;14
9248;39;1481524460;12
9545;15961;1481543740;2
14661;8419;1481543195;14
16891;16851;1481544019;2
6831;2139;1481543101;14
370;10186;1481520209;8
10460;4830;1481520630;18
17376;3070;1481547352;14
9938;14560;1481517472;12
19859;6545;1481520144;16
14896;27476;1481540681;8
8004;27559;1481525982;14
23468;1727;1481526403;4
18842;6111;1481528910;16
1534;20545;1481525961;12
5817;3725;1481543774;14
9028;231;1481512091;18
3292;8086;1481518447;12
1340;11950;1481548549;14
24063;11687;1481548427;10
7915;6714;1481531779;18
20052;9993;1481544504;12
2757;14873;1481529244;2
27315;18155;1481550623;4
16137;20045;1481545151;18
12771;3585;1481545657;14
11723;27462;1481522764;16
7466;1124;1481548836;8
6390;20945;1481547507;12
15783;20446;1481519316;10
6594;3749;1481521417;12
3912;222;1481530923;10
6978;6159;1481532092;12
5828;8815;1481527551;16
5518;11742;1481532110;6
5277;5724;1481533835;4
3120;4710;1481509674;16
406;9802;1481547954;18
390;7954;1481532723;16
1051;19027;1481529053;12
17441;5863;1481529199;14
9161;23535;1481511900;16
4354;6878;1481511174;12
19837;14951;1481528354;10
3387;4824;1481537868;6
10547;6305;1481530344;12
8656;12796;1481542995;2
22482;16892;1481549304;16
11105;23856;1481511761;14
183;21711;1481537563;6
23053;1160;1481540083;10
1130;27453;1481522581;6
4016;6337;1481518129;12
20366;4485;1481528416;12
26329;10542;1481525886;10
1371;13883;1481532815;2
17488;10647;1481516456;12
11178;1308;1481514822;6
10291;10320;1481532792;8
27490;5968;1481545355;8
7715;5816;1481545753;6
16892;25392;1481541612;8
20341;8405;1481543319;8
7646;20901;1481533597;8
25058;82;1481535940;16
9242;1960;1481518586;2
6143;19044;1481542392;18
23161;24284;1481545937;6
1018;6933;1481531282;8
266;6353;1481544383;6
1498;14637;1481530671;8
6220;7913;1481523711;8
9104;8277;1481546923;10
22647;1915;1481540868;14
1731;391;1481524651;14
5128;8417;1481511208;2
9531;14270;1481515490;14
11108;1715;1481544130;6
5634;10409;1481534270;8
27267;3993;1481530807;16
4926;23004;1481531650;4
8798;1861;1481523437;10
1332;25055;1481536210;16
23549;24968;1481539562;18
10524;8765;1481517792;14
19296;11630;1481516946;18
3613;17923;1481541581;4
20050;14570;1481548354;14
6321;10179;1481524351;18
8747;6199;1481513256;16
10748;16105;1481544079;16
9366;20971;1481526210;16
8377;19856;1481548427;8
7961;17412;1481525209;2
16894;12329;1481510901;6
3986;6264;1481511279;16
9017;24285;1481544357;2
5115;27279;1481522666;18
2950;7973;1481539704;8
4578;22454;1481537349;14
17884;24970;1481532290;10
22306;1291;1481511292;10
966;17170;1481542714;14
17882;1403;1481521902;12
210;1153;1481519787;16
23177;6133;1481539456;10
26148;25263;1481520300;18
20602;8592;1481543964;12
9464;11172;1481520659;18
14237;1628;1481525636;6
11384;12647;1481540222;10
5652;18072;1481544747;16
2322;20130;1481538346;16
19947;6612;1481513746;6
14695;25057;1481529861;2
10073;8326;1481514647;8
2746;7774;1481534867;18
19296;4737;1481539622;10
17797;23469;1481551121;14
15990;17532;1481523692;12
1349;27295;1481533732;14
19374;9856;1481537016;8
25065;2355;1481519856;2
16293;99;1481527561;6
16933;8149;1481517219;4
8578;299;1481549052;4
25192;8446;1481518300;18
16656;5856;1481541028;2
389;1749;1481516358;18
9200;3010;1481540378;16
2031;11892;1481533303;18
5847;16189;1481516875;2
7297;9060;1481521742;8
6417;8927;1481527373;12
27200;2982;1481531032;10
298;1571;1481549996;4
14982;21283;1481548935;16
3991;18149;1481521740;14
984;7440;1481519746;18
5829;14515;1481527813;18
11036;6668;1481515859;16
17349;17515;1481523774;14
2158;10682;1481525054;4
6786;9161;1481509967;2
11396;4304;1481550123;10
4266;10473;1481510980;16
9868;6001;1481550321;16
141;20935;1481516671;2
4186;7362;1481547806;4
9443;24253;1481528896;6
1588;120;1481547018;18
11848;7909;1481518851;4
4009;14887;1481541504;4
13887;8839;1481513330;4
6958;21302;1481518792;18
917;18914;1481535672;8
19852;10779;1481512903;18
9490;13813;1481520926;14
27330;20692;1481541482;18
21442;20129;1481531923;14
12425;3915;1481526392;8
17169;5997;1481532243;8
16026;10781;1481545171;10
14583;19970;1481532676;6
6306;47;1481510243;16
6465;17046;1481509692;4
5489;4237;1481547352;14
19815;27380;1481543869;16
4930;3066;1481531433;8
7138;10716;1481535872;18
5951;2779;1481511487;2
24277;25266;1481535866;18
2823;8493;1481520409;4
19790;12700;1481513593;6
22182;1416;1481535568;18
23187;5247;1481519294;16
12693;22317;1481544916;10
8249;1498;1481531143;16
1961;12087;1481547201;8
7312;22576;1481518303;10
1315;22432;1481524528;16
27559;8480;1481545106;18
19917;17893;1481530170;14
1028;27410;1481533642;10
1546;8445;1481537241;10
25246;5374;1481509995;14
14127;21294;1481513748;6
6354;7330;1481546396;12
9838;26040;1481548632;16
8148;23446;1481523198;8
10218;14272;1481532671;12
276;20955;1481537750;18
4597;10512;1481511604;2
2805;16936;1481537519;2
13888;10686;1481520900;4
3510;24252;1481518343;4
2734;15369;1481540394;12
21403;3541;1481543873;14
10880;9835;1481532990;16
20113;7544;1481520957;14
16889;7349;1481535949;14
2420;21318;1481533632;8
14576;15516;1481533390;16
16862;7550;1481527977;6
5627;15994;1481537632;18
25495;1017;1481550905;8
3449;9193;1481524689;2
27047;17391;1481535396;12
245;21807;1481511677;6
3629;12067;1481540415;12
10219;17351;1481516392;14
9546;13971;1481524981;16
3402;17272;1481536549;4
2369;15028;1481549854;2
12567;23013;1481543662;2
24285;20082;1481526308;16
27036;3927;1481539380;4
1623;7977;1481523959;8
9961;11015;1481544653;6
27464;8668;1481524887;6
4504;1282;1481539580;2
17406;8560;1481540560;14
9216;16291;1481531750;4
7900;5888;1481519419;16
24670;11859;1481528976;18
7967;26392;1481521631;6
10492;6909;1481532719;10
5392;11032;1481548214;18
11791;27559;1481549111;4
9630;1281;1481514912;8
1272;9873;1481511277;14
14123;16007;1481531286;6
14988;7022;1481524678;4
6811;2970;1481529322;8
7882;4768;1481547023;4
18533;6824;1481550022;4
6918;21713;1481536476;12
2141;17404;1481509864;6
9891;7964;1481519197;2
20146;1221;1481544970;12
9742;6133;1481512624;18
10221;6684;1481526686;14
8250;11958;1481548600;2
20626;19944;1481520878;16
373;16051;1481533504;4
5907;20974;1481537140;8
6195;20606;1481525855;14
22648;2127;1481544867;16
2134;6479;1481542528;18
27508;9357;1481549212;2
24950;3743;1481524629;6
261;1173;1481541958;8
1671;1636;1481546632;14
10222;3628;1481534349;10
20068;17043;1481536490;16
17373;24939;1481537815;10
12177;427;1481536007;4
8914;1222;1481531026;12
17171;24842;1481530817;10
8168;18533;1481538614;14
8338;10321;1481518674;8
12561;17302;1481523140;6
6830;8960;1481541223;12
9364;24679;1481536283;18
7809;19061;1481529274;14
25514;6140;1481547543;6
23049;21498;1481545775;14
22991;6651;1481535045;2
19861;15787;1481550279;8
1079;22957;1481547240;8
24954;6926;1481538565;18
8804;12352;1481541980;18
3956;25384;1481545283;2
19921;27205;1481522537;18
15482;27386;1481514540;10
12571;22148;1481537505;16
10423;11723;1481528799;18
12065;20050;1481533224;6
3465;16050;1481525722;14
6193;6696;1481533443;4
13562;27428;1481543207;6
11730;6612;1481512755;2
6935;8738;1481523105;6
4936;8138;1481538476;14
27036;11030;1481535016;8
2728;19507;1481544066;6
14621;17902;1481521739;14
22937;5294;1481542866;6
2428;7093;1481550367;14
4502;3769;1481519701;16
10795;1933;1481510116;14
19991;9412;1481536678;10
9748;4523;1481515430;2
27208;6968;1481526554;10
3457;24087;1481537514;16
6880;21091;1481532804;2
4901;1560;1481526160;4
1599;3961;1481530774;8
18157;10184;1481517972;18
8744;4576;1481510136;18
10990;13259;1481518796;10
3964;12745;1481547348;6
1488;2841;1481523696;6
2728;1353;1481525136;14
20189;4944;1481538979;10
10045;5878;1481525355;2
20424;560;1481529787;18
2794;11413;1481509674;4
27391;7533;1481526668;16
9767;23740;1481535062;6
10098;23787;1481551111;16
27428;19955;1481533740;2
4221;10620;1481514426;6
12235;436;1481537691;14
18040;8867;1481533674;18
9163;5490;1481522450;16
13851;21834;1481520866;2
18150;20357;1481521511;14
4760;14911;1481543723;14
8026;12759;1481515811;10
1736;26144;1481525793;16
5332;23003;1481532042;14
6587;8837;1481527919;6
8355;3706;1481531636;18
4999;20293;1481543299;6
20739;5837;1481534528;6
15243;9883;1481514853;14
3957;277;1481547827;18
1876;9424;1481528053;12
8583;22444;1481537537;2
1318;16808;1481536603;4
3742;15735;1481527617;16
1258;1280;1481531361;18
3325;11944;1481534684;6
10329;27103;1481548297;6
4896;12572;1481531314;8
3792;6508;1481527158;16
19283;14420;1481541604;12
2785;3619;1481516188;12
3134;1880;1481542771;2
27480;24416;1481530124;8
3280;15318;1481512384;18
20782;13813;1481542858;12
1522;7997;1481522321;6
3681;18052;1481510791;2
4803;10514;1481534045;14
94;6608;1481521513;12
8551;27543;1481517922;2
617;5991;1481536667;12
6939;6763;1481512905;16
6145;21279;1481526876;12
27022;2989;1481531140;10
12146;24431;1481546216;2
15017;11794;1481515006;8
6497;14271;1481545964;16
11385;24685;1481550049;2
3982;10544;1481509794;8
6228;17790;1481524616;2
14908;9738;1481545617;6
27455;998;1481539043;8
4010;17299;1481533296;18
22213;4780;1481535399;2
14985;14916;1481542379;12
5686;4804;1481536913;8
4547;19828;1481534952;18
5829;438;1481529848;8
22503;24968;1481544148;10
25412;4345;1481538139;2
13818;7290;1481527931;18
16533;18858;1481524177;2
17048;25321;1481532466;16
6936;8987;1481522104;6
24925;7538;1481526980;8
16878;8544;1481515266;10
21451;2999;1481546509;16
15480;4969;1481543330;18
1589;14242;1481524631;10
1671;7635;1481538892;18
2339;6256;1481544373;16
2732;11055;1481540156;6
23761;3629;1481510335;16
8337;18156;1481516438;12
2833;6868;1481517024;4
3394;9766;1481539177;10
17376;4571;1481537414;14
11156;22454;1481512304;8
2415;6541;1481542763;6
21798;3979;1481518400;10
19026;7425;1481548939;8
16179;22480;1481522170;12
5045;9197;1481533086;4
12362;23117;1481545263;2
11997;18051;1481533948;6
10263;13813;1481528905;12
23354;11945;1481518364;14
20359;2346;1481547530;14
19062;2944;1481546781;2
7022;1790;1481527308;6
13800;3276;1481519859;16
27405;17022;1481541987;12
27285;17240;1481532976;4
21096;9415;1481521376;18
19064;20949;1481536325;14
20525;17498;1481524422;6
9113;17258;1481509915;16
1122;12211;1481542352;6
9241;6400;1481540688;12
20656;25178;1481550761;4
1000;4741;1481540213;18
11702;20225;1481540305;12
8414;7707;1481520978;10
21253;2644;1481513926;2
10242;22983;1481519455;8
7643;999;1481529623;14
2347;18845;1481531601;2
974;25413;1481544016;18
7524;6443;1481546744;2
12068;13930;1481513524;4
1986;13214;1481542676;4
17007;22989;1481533004;18
23859;6945;1481525322;2
16909;15961;1481512790;10
13796;16937;1481516099;4
10238;10725;1481537827;10
7552;9514;1481515403;2
3598;25177;1481541133;10
1383;23166;1481521949;18
19758;12644;1481546021;18
8142;20586;1481540555;14
18764;10930;1481546271;12
11748;8917;1481524498;6
19777;18878;1481528421;2
3629;8448;1481517376;2
5027;24752;1481511919;18
16807;10591;1481512666;14
1769;5283;1481530489;12
7168;6716;1481538057;10
8833;2121;1481510041;12
14797;11944;1481533678;8
11242;11244;1481519396;8
6266;12387;1481530165;14
9465;20289;1481520696;2
18899;21373;1481533134;14
26999;9830;1481514560;6
4225;11399;1481528470;2
17280;22446;1481515086;14
22932;13426;1481532576;18
10695;1287;1481514647;8
4266;23885;1481544969;2
1632;9219;1481529534;14
21298;1691;1481522569;14
9656;9991;1481511762;8
8330;10605;1481523188;10
9064;27103;1481535175;10
6561;17430;1481517774;14
6700;7870;1481509507;2
6732;19070;1481531925;4
2774;7937;1481539973;16
8921;22550;1481519534;2
9457;20100;1481534296;8
5376;8684;1481542349;18
11618;9286;1481520807;10
2147;1347;1481529989;2
15373;23187;1481520314;8
15781;21736;1481520917;6
22292;3072;1481518273;6
5839;20461;1481523515;16
9878;20299;1481540501;14
25389;14695;1481534932;10
19321;10878;1481543255;14
27131;2420;1481548679;10
21363;1960;1481528952;4
7902;5118;1481521129;14
1071;10637;1481547385;2
23328;5639;1481520004;18
20244;8409;1481530572;14
965;22271;1481546704;8
9670;9059;1481531007;14
24968;6386;1481548734;18
1072;8818;1481523598;2
2378;13902;1481542065;14
10983;1247;1481520343;4
2811;4605;1481551113;10
2162;4359;1481517767;4
396;1027;1481536374;10
7624;9472;1481517163;18
23040;24369;1481548728;16
21801;7087;1481549809;4
3265;561;1481531268;6
171;5993;1481550359;2
5939;11625;1481528384;16
9636;24965;1481524556;8
8510;23031;1481515308;4
27507;3065;1481535232;12
16128;1597;1481541337;12
6611;4800;1481544656;10
6328;20292;1481531218;10
11248;245;1481513455;18
10361;9894;1481526436;14
2996;9631;1481543190;12
14134;2868;1481527899;12
9988;7885;1481543450;4
6407;14247;1481526434;2
21452;20130;1481543935;18
23117;20973;1481540273;10
1673;12318;1481537570;4
1837;14256;1481544874;2
6468;11989;1481542991;12
1763;20907;1481517958;2
12039;21209;1481546898;14
4206;24747;1481520266;6
4190;1682;1481524198;14
6325;15460;1481528471;14
19304;4902;1481509723;18
16517;5334;1481527818;16
7519;7357;1481549238;4
20920;9475;1481522722;10
19966;5885;1481549700;8
14559;6932;1481535117;12
14662;4831;1481542720;18
17460;19423;1481529500;6
6727;13126;1481532053;14
6516;7897;1481545356;16
11850;1772;1481532037;2
2322;8738;1481530378;4
6875;11040;1481535771;2
10403;6251;1481516875;8
383;7573;1481512483;14
1025;20137;1481517098;16
8310;9900;1481519681;10
22607;10721;1481531334;8
5485;16301;1481535242;2
15327;20326;1481528157;16
20967;21399;1481548379;8
7849;19797;1481536084;16
1006;1662;1481544844;10
2742;5946;1481512147;2
5119;9783;1481538544;16
14123;15116;1481517945;4
12310;16093;1481543143;6
11133;7848;1481514680;8
24931;14273;1481530493;2
27016;25449;1481535416;18
26139;13913;1481518140;2
27455;9515;1481528073;8
17472;9367;1481534499;18
8923;9971;1481531109;4
12144;11408;1481529416;14
8275;11698;1481511224;10
20827;3752;1481535301;10
16889;18328;1481533050;2
4032;9310;1481548036;8
7850;1346;1481538455;16
11803;5974;1481544302;2
1056;9451;1481551097;8
7697;18882;1481536004;12
25707;19061;1481525804;14
6286;12418;1481532312;10
19869;24254;1481512823;18
7396;14248;1481523910;10
8746;11749;1481519016;18
12795;17386;1481541365;8
21267;7882;1481530253;16
1363;7637;1481530592;4
4301;7892;1481511648;4
4363;5776;1481513026;16
22627;21800;1481510694;10
2837;25067;1481525624;18
6599;4256;1481511370;6
8568;23548;1481536467;2
1245;3702;1481546706;4
20398;28;1481528129;6
294;2998;1481515989;2
7536;7873;1481535813;16
1120;4184;1481512873;14
11174;3270;1481535783;4
26037;3277;1481510380;2
8453;9552;1481530681;16
5776;7958;1481513982;18
2128;26152;1481535487;8
1361;9281;1481540183;16
4049;6823;1481515991;2
5046;25080;1481535002;18
8837;211;1481531792;18
24939;6923;1481547013;16
18155;1191;1481543498;6
7359;21720;1481521896;10
1429;20127;1481533597;8
8363;9872;1481531477;8
92;27507;1481544346;18
19088;8310;1481549097;12
17894;19078;1481519741;10
6548;6221;1481546293;8
1025;99;1481530167;12
8194;3029;1481525120;6
11955;4335;1481544401;4
1041;6931;1481525337;6
1636;12062;1481548258;14
1266;12120;1481543105;18
7876;4641;1481529689;14
19585;14432;1481542647;6
6866;8153;1481512791;6
7426;1890;1481550750;8
10257;10426;1481528480;18
23468;10112;1481517251;6
1413;188;1481548815;18
23862;20775;1481547340;8
5532;12280;1481536588;12
23062;3609;1481514686;8
8886;415;1481530560;10
5634;20243;1481513685;12
2278;10633;1481546142;8
21279;12002;1481522194;16
10030;9873;1481534313;10
6395;4322;1481519052;8
3459;1812;1481546609;8
6441;5594;1481546183;10
26480;3703;1481525028;8
15348;73;1481523096;10
1578;2014;1481539953;14
4850;12410;1481534504;6
27180;11267;1481545710;18
9309;25399;1481524252;4
2841;9001;1481534511;6
6683;3251;1481519100;6
3276;3087;1481540698;8
5998;4723;1481543717;18
18175;3422;1481544649;18
13862;14570;1481541218;10
19753;17034;1481523195;2
17289;22924;1481533606;16
23320;1772;1481534844;18
8130;2126;1481518313;18
4779;11895;1481547116;16
6216;21289;1481514683;10
20338;4286;1481524967;10
16129;20005;1481517342;18
4682;7144;1481523220;12
10201;27548;1481516246;2
27088;9159;1481537967;16
981;7317;1481548907;4
7900;276;1481548558;10
17514;8762;1481510213;16
3063;6934;1481544554;16
301;9123;1481510473;16
12283;10719;1481550209;4
22311;7390;1481534796;4
17264;7400;1481518047;8
9442;14641;1481515199;12
27315;14432;1481549494;8
14558;20486;1481510257;8
6942;1800;1481525610;10
17586;16021;1481529030;16
19865;6943;1481528569;14
13784;21496;1481530944;16
27477;13821;1481535281;12
1919;11027;1481510329;18
27480;3917;1481531925;2
4573;9832;1481526655;16
27393;12228;1481510988;6
5278;17881;1481525756;8
14691;12087;1481546413;4
1575;18067;1481534720;12
12656;1149;1481517825;16
15227;7315;1481523676;6
47;70;1481542190;18
4543;7173;1481519803;2
5780;4955;1481549718;6
3931;3948;1481520956;2
19932;26164;1481548783;10
25508;1489;1481517878;12
3508;9210;1481539437;10
9995;13928;1481544413;6
14129;7433;1481547535;14
8149;8134;1481517436;12
16889;22996;1481537881;16
1865;7360;1481522659;10
8448;8974;1481532758;2
4292;1129;1481538648;16
7422;10574;1481532280;6
1430;13297;1481532576;16
27425;7418;1481531011;10
8540;4755;1481530469;4
11698;17331;1481542341;16
10648;19576;1481524908;12
19551;11697;1481509827;10
9996;2121;1481547072;2
27520;10847;1481511280;6
6241;3946;1481527089;16
25324;9561;1481542970;8
8568;6648;1481533591;8
20881;3081;1481534877;12
27042;2931;1481542701;8
3595;9489;1481513282;6
8124;19279;1481516541;8
23893;14872;1481511163;8
9938;8150;1481549902;10
26310;27461;1481516159;18
3609;17418;1481523566;2
11065;8434;1481516016;16
15347;15230;1481541312;18
4158;6504;1481537692;4
1191;9203;1481532420;4
6461;5413;1481546802;4
12294;22961;1481536202;8
7546;20754;1481526372;8
27143;12574;1481550324;10
27508;15102;1481541523;16
6881;10205;1481546057;4
24457;1098;1481509758;14
7783;14494;1481541347;14
23535;27006;1481542148;10
915;9847;1481524717;14
4022;8882;1481536174;10
4752;27412;1481550470;16
5865;19304;1481536164;4
9499;5019;1481513175;4
26999;8587;1481547140;12
25511;1421;1481524810;4
16880;1137;1481539115;10
8953;22991;1481537886;10
13790;8592;1481528006;18
25171;27555;1481535497;4
1771;1312;1481548247;18
1669;4749;1481535214;10
10179;21463;1481545947;4
6702;10647;1481521285;2
1222;1077;1481530781;12
1401;6263;1481519882;16
7584;12333;1481520259;18
19915;13679;1481520964;8
9185;27289;1481533131;2
1071;9316;1481547125;12
5913;9544;1481515821;4
7039;12137;1481518966;14
15242;22442;1481516269;14
24511;20976;1481524313;18
1682;9564;1481541007;14
22445;7785;1481536151;8
2343;65;1481549910;4
15978;18464;1481516244;10
15011;4759;1481547756;18
10720;239;1481511554;10
8014;6884;1481534756;2
5091;5264;1481543851;2
7312;925;1481521289;16
5609;26150;1481517556;18
7869;15473;1481547177;18
12674;10363;1481542789;14
23646;10243;1481534983;18
1675;3398;1481533429;8
11085;9409;1481533507;8
18821;15311;1481549653;18
18812;5978;1481550929;2
5725;1060;1481512623;14
23446;5259;1481535237;16
1051;11567;1481524666;10
27543;6351;1481536789;16
4669;5614;1481515695;18
20686;27323;1481516956;4
10295;9801;1481547768;4
24356;21212;1481542459;10
7532;7873;1481537024;14
61;3607;1481528604;8
4208;20928;1481519943;14
6174;22443;1481528075;10
925;23439;1481533456;16
26314;11642;1481547010;10
16100;1170;1481537375;16
19520;20401;1481524958;12
10247;3154;1481533326;8
27097;25128;1481538523;18
182;22146;1481547231;8
182;1643;1481533328;14
24932;26041;1481539148;12
94;3268;1481547296;10
10320;19299;1481543291;4
2345;1558;1481516901;16
16336;5600;1481516020;14
19075;15082;1481511629;18
1451;27035;1481538178;16
5857;8231;1481523494;12
1111;6673;1481509595;10
8950;6950;1481546921;4
15162;1889;1481530471;6
12090;6481;1481537645;18
1935;7160;1481521414;12
7994;20926;1481514007;4
25059;4901;1481514433;6
21221;10469;1481540916;8
1440;4024;1481528902;18
6220;20846;1481542109;2
4920;11408;1481522707;2
5044;1860;1481522737;12
1363;11946;1481512672;14
6818;1990;1481523066;8
1044;8902;1481532119;2
20645;6717;1481509953;2
20986;3616;1481518915;6
218;9989;1481520930;18
6321;17518;1481532476;12
9009;7526;1481517648;18
6700;5978;1481548125;14
14258;24256;1481540360;12
2370;7695;1481531867;14
13677;999;1481544463;10
10080;4223;1481525800;4
1599;20137;1481546898;18
2801;8136;1481525662;2
22485;1153;1481546818;12
16129;18150;1481538182;14
15750;1176;1481521680;12
560;23549;1481534200;6
10037;1929;1481526696;8
1538;1321;1481547826;14
49;8032;1481513766;6
1701;1547;1481511231;4
5476;23120;1481530014;6
26110;3081;1481544125;4
2152;11170;1481522229;18
8387;24657;1481518210;8
3642;17478;1481523750;18
17172;10310;1481533540;4
8382;14874;1481539469;14
5387;10720;1481531647;14
3916;25391;1481540494;10
1253;14692;1481543946;18
2374;11037;1481538836;16
14899;23855;1481540531;2
4529;5896;1481545310;4
21499;4190;1481535025;8
11854;1640;1481543893;18
7148;2398;1481546001;14
23867;1702;1481525427;4
5827;7999;1481532547;6
9153;4008;1481522847;10
5697;10195;1481538169;14
9679;2332;1481513531;14
925;24782;1481514832;4
3705;1483;1481509904;8
5474;4180;1481514320;14
16890;3730;1481531507;4
4641;22994;1481530408;8
19303;13981;1481537399;12
22955;18958;1481525463;2
15746;10107;1481512454;2
994;42;1481518066;2
12411;2980;1481543247;12
14163;12033;1481540734;6
7766;5378;1481533486;14
21720;27101;1481514113;4
7638;11155;1481540085;18
22312;17264;1481544176;8
5334;15248;1481515660;16
18466;5717;1481536084;10
9976;27433;1481532018;18
11244;5748;1481531443;12
23625;9194;1481548833;4
27183;960;1481537653;8
15240;12325;1481535727;16
8032;26138;1481519675;4
24673;8438;1481529702;10
109;157;1481513607;10
6706;19847;1481527950;12
27059;23037;1481549354;18
15980;897;1481535863;2
27037;3962;1481512688;14
15226;18896;1481519541;2
16187;5080;1481515435;14
15784;18900;1481538059;14
12707;23302;1481539814;10
1678;5698;1481510442;2
2890;4746;1481516688;2
11110;14511;1481534978;6
11481;19969;1481550065;14
11150;23448;1481544703;10
3368;19024;1481533163;6
14191;13976;1481510935;16
3736;7414;1481516035;4
8638;7629;1481515342;10
3888;1175;1481522220;14
7176;19817;1481531701;2
1131;20084;1481514988;18
24918;11725;1481544433;10
25083;5402;1481524312;16
2996;9967;1481532943;14
4797;8599;1481527750;6
1051;26318;1481512374;6
9553;8566;1481529303;8
8357;16813;1481549464;8
14446;23866;1481541840;14
20980;176;1481534630;10
1952;6926;1481538755;2
4699;26199;1481547933;2
2978;2779;1481547642;6
2465;27335;1481526110;12
6315;11409;1481511268;16
2378;72;1481534712;4
25;21401;1481511008;12
1361;13011;1481520065;12
13298;6024;1481513497;8
1134;9214;1481523767;8
10887;6654;1481519477;18
10596;3568;1481511218;2
8046;6787;1481535305;2
24360;9206;1481520865;14
4292;6402;1481540281;4
7792;12558;1481517373;4
7390;23864;1481535042;8
14981;22626;1481514333;8
3009;16892;1481518802;18
14576;25541;1481539006;6
3401;23763;1481549942;6
8668;20094;1481520665;18
8238;2785;1481519889;6
5778;2349;1481547552;6
12368;1982;1481512994;6
11040;2321;1481526690;16
25356;7894;1481547150;14
3599;17458;1481520874;2
27186;26102;1481529794;18
25266;1374;1481513482;18
14183;78;1481527505;2
8987;1721;1481539747;2
6141;23159;1481522765;8
13261;10464;1481522267;4
17394;7966;1481526317;14
19223;14655;1481537402;10
27380;22796;1481525875;6
11016;5863;1481524875;2
10316;1342;1481534756;16
19058;5889;1481521198;4
6657;23076;1481535397;14
9218;6382;1481527382;2
5776;8409;1481527817;4
4592;26314;1481537027;16
5987;18904;1481543718;16
9423;7605;1481547649;10
20486;23451;1481547699;14
14629;8941;1481515787;14
6431;1747;1481517382;18
5108;10331;1481529323;18
1799;17163;1481529144;6
27554;24734;1481548949;14
8296;9903;1481513233;10
19937;5113;1481533519;10
17257;13189;1481547736;16
17473;6685;1481529667;10
1375;13126;1481530084;12
9529;8324;1481524773;6
25440;10786;1481515662;2
136;72;1481525279;16
12743;13131;1481545711;10
23851;1309;1481548330;14
10421;3293;1481520842;14
25188;3924;1481530640;10
9114;4831;1481517445;18
14272;8590;1481518569;12
7283;5815;1481539414;6
1582;20921;1481541233;12
8400;6344;1481538063;6
27058;18898;1481528764;16
4350;15073;1481544301;2
14246;13786;1481518938;4
1702;7263;1481530996;6
8472;27488;1481539535;14
6435;16894;1481543260;8
23165;27489;1481545538;14
10681;9978;1481538468;12
6935;12748;1481540212;6
18886;1439;1481520961;8
10122;6378;1481537170;12
7166;19775;1481539813;10
425;1560;1481513722;12
22644;23887;1481550689;16
15762;1446;1481512628;18
8359;23040;1481535148;6
5771;15474;1481536071;10
8839;24680;1481538058;6
7487;21288;1481533407;2
11057;4543;1481540179;10
15252;5654;1481529871;4
5432;3095;1481525426;16
11969;370;1481545542;18
3852;185;1481517300;12
14810;17921;1481516448;6
26166;18074;1481532531;16
9759;15223;1481541655;14
9018;3903;1481514754;4
1980;17585;1481514646;6
10547;35;1481517961;8
6268;25433;1481535608;18
23536;9103;1481543465;8
5954;11124;1481527123;6
13138;9552;1481534328;6
11956;11603;1481528885;14
7773;20789;1481519894;12
5517;11415;1481538225;14
83;7254;1481530408;2
12619;19812;1481524374;18
12694;8645;1481522136;18
9997;12277;1481520200;12
5783;6873;1481531200;6
16303;23695;1481527292;4
9154;6643;1481539297;4
6266;4956;1481512375;4
10466;1727;1481534627;18
6016;913;1481551065;4
4324;2774;1481528256;10
5934;8890;1481537309;16
1071;6521;1481516564;6
11697;25266;1481547405;12
7002;8075;1481532510;18
17574;20079;1481524002;8
25004;19812;1481545718;18
8354;4799;1481550538;14
1930;12333;1481523861;16
5386;6701;1481532622;14
15737;6988;1481541155;18
13869;6194;1481532127;6
11100;8767;1481517580;14
20297;1421;1481528421;8
1552;5967;1481533070;18
11384;3541;1481524522;4
1701;20673;1481532963;4
6383;2022;1481525133;4
1496;6890;1481517093;16
20627;4995;1481534403;10
6820;10469;1481532838;8
24471;20955;1481538200;16
6714;4873;1481548853;10
5675;17231;1481524770;16
7607;7977;1481543600;6
12746;983;1481528389;18
1019;21838;1481512414;10
8635;6206;1481550600;8
17394;3978;1481527784;18
1214;8488;1481522469;2
15648;5672;1481548733;2
7615;20963;1481533030;6
2967;4669;1481542925;2
8444;1599;1481517667;14
109;20791;1481541563;18
5968;20629;1481528977;16
9109;9490;1481524177;10
17901;1961;1481530795;16
23862;6121;1481546608;12
14164;7510;1481513367;12
4979;21218;1481547508;14
22460;23737;1481535120;4
5725;24532;1481547279;14
22576;19064;1481544344;14
14198;15991;1481525233;12
6664;6817;1481550946;18
8832;16303;1481516267;8
20408;6674;1481544774;12
25379;8587;1481527391;10
17283;6631;1481542820;14
8685;1079;1481529689;12
9665;23099;1481525515;6
241;16851;1481547368;14
1308;3931;1481525123;18
20224;3704;1481522297;14
6437;2810;1481544495;6
20115;17581;1481547760;10
24284;10004;1481545371;4
15243;12726;1481527464;14
8474;4680;1481512271;18
2967;14142;1481521027;14
11405;1321;1481516508;16
3279;10316;1481548649;4
1423;3125;1481534647;16
11767;1405;1481512955;2
9475;103;1481541490;2
7333;9340;1481537854;16
1226;5432;1481509508;4
4948;6000;1481547457;6
26103;16808;1481526285;14
11219;23488;1481537290;2
15222;3333;1481523133;6
22142;15310;1481547938;10
3251;282;1481549254;8
7792;7303;1481532449;14
3639;6378;1481515586;4
14552;9060;1481514715;4
8992;313;1481550324;4
10516;4198;1481547206;6
1878;9246;1481533505;8
157;6429;1481529413;18
8542;17783;1481543581;6
241;7473;1481513109;18
24179;9959;1481522364;8
11619;10606;1481531681;8
21375;24357;1481511591;4
7274;8157;1481545383;10
9510;8308;1481523835;6
6283;7189;1481544068;18
5967;16053;1481514287;14
4020;3950;1481516075;16
3987;3556;1481536126;4
18897;21228;1481536140;10
4626;1841;1481540489;2
10638;90;1481527773;6
10201;6618;1481535850;18
12793;3703;1481547864;12
6410;3988;1481546146;18
6878;3622;1481515343;18
11704;8519;1481547328;12
14494;9433;1481528510;12
12404;219;1481520944;4
7966;8297;1481537156;14
22272;4289;1481518370;6
11829;24748;1481527325;4
349;2890;1481540060;8
12240;19988;1481537636;8
2643;4505;1481523118;14
1694;1298;1481529189;18
6951;17415;1481527622;10
1734;10293;1481523416;14
27378;5735;1481549627;10
17498;19823;1481536177;6
18112;5519;1481531432;18
8280;2348;1481523301;16
7099;7540;1481521189;12
24172;3702;1481514857;12
4048;24431;1481536143;10
26473;3741;1481531100;10
15414;1105;1481512857;2
14189;7103;1481535151;6
19297;13901;1481518667;10
7351;7253;1481520129;16
19536;8047;1481514290;4
3584;6105;1481520991;16
6578;1603;1481525968;2
1116;27126;1481535003;4
4956;9457;1481548794;10
4216;10288;1481547492;4
3620;264;1481523413;6
7893;14807;1481520819;2
976;14821;1481509861;16
9530;15028;1481550363;14
24375;21444;1481512835;14
11243;966;1481527886;18
3499;6326;1481525434;18
5943;11615;1481539039;6
14549;7996;1481521395;2
5631;1648;1481544945;14
2282;23753;1481514424;16
7833;4963;1481541739;16
10089;17800;1481533434;12
9751;8051;1481516933;14
12059;1838;1481519586;14
2838;20466;1481529471;18
20967;1111;1481536533;18
10925;9416;1481513995;14
25526;1703;1481548131;14
7187;9407;1481528922;18
19950;4575;1481528360;8
25176;19967;1481524637;18
10415;5763;1481540864;6
2892;10159;1481540136;8
1328;11621;1481546335;2
12035;20919;1481524046;4
19802;1015;1481550824;12
3749;4040;1481531522;6
14002;9519;1481544460;12
19842;417;1481522794;6
25543;15351;1481547730;12
2328;2165;1481533608;8
4567;4607;1481513043;2
11576;4054;1481519398;6
10159;23009;1481522699;16
7837;3249;1481546505;4
9281;14430;1481524016;12
24346;8028;1481539762;10
22493;27297;1481514900;12
21362;7602;1481515890;14
1461;7252;1481547169;12
24445;19798;1481539387;6
17265;22972;1481528785;10
25160;23469;1481522488;8
9105;12139;1481542256;12
21319;20078;1481532914;16
10375;566;1481534457;14
25195;21254;1481536157;10
10046;12913;1481544358;16
1917;19595;1481544977;14
1373;18874;1481519103;6
19530;11030;1481513825;10
7262;6186;1481538119;18
11411;13198;1481523941;4
19212;21729;1481513100;10
11400;10015;1481543550;4
10257;27183;1481548493;12
13262;9977;1481520577;2
21416;23789;1481547204;16
9804;20786;1481541191;8
6933;10682;1481514406;8
7328;23082;1481509656;18
12033;7602;1481512457;18
22579;2729;1481535964;12
7155;11115;1481516332;12
19476;4600;1481531370;16
24568;4951;1481523747;16
6645;8014;1481516282;2
19091;8800;1481515043;8
17402;6630;1481542376;12
17386;21091;1481515981;18
3325;4674;1481536313;18
18880;8133;1481536693;12
3352;10412;1481532700;10
27383;20606;1481533994;8
7414;27315;1481509686;2
14587;7357;1481519549;12
1140;14820;1481519924;12
11112;10217;1481531708;8
7165;1230;1481550913;14
4989;144;1481512329;10
7541;10546;1481538583;10
18838;5363;1481518105;16
20063;7525;1481540278;14
956;6417;1481534688;6
20069;9811;1481520339;14
26163;4167;1481514609;8
12177;4627;1481509733;18
15762;7781;1481512302;2
19741;11687;1481525973;8
3534;8930;1481513080;6
20355;18836;1481512196;18
20967;5940;1481514117;4
27464;4684;1481512460;8
3121;2324;1481524708;16
27483;13784;1481539683;14
11127;17439;1481544907;16
11031;22536;1481527815;6
2621;7803;1481543461;10
7943;23521;1481512733;14
8290;14191;1481515449;4
2117;7522;1481532856;14
4595;194;1481543011;14
4932;18113;1481532482;2
25388;7693;1481549739;16
15028;5845;1481527596;12
9021;8330;1481527279;14
8748;8382;1481547287;10
6503;2526;1481536267;8
3538;9179;1481524913;12
9446;11244;1481532150;10
17800;4236;1481527847;16
8408;8809;1481544980;14
8388;9297;1481550058;14
4808;970;1481526277;2
9304;17504;1481542190;14
10032;12655;1481518621;18
14697;5735;1481539851;2
25425;2522;1481523959;10
14585;1771;1481537546;14
2890;8975;1481529258;6
8447;5703;1481550676;6
19533;14693;1481527372;18
27125;7426;1481516822;10
5642;26482;1481535019;18
27173;1795;1481519648;6
14446;18813;1481528718;10
3060;5991;1481513972;4
1380;7175;1481526015;2
9287;10632;1481533500;6
8233;11227;1481539058;4
14416;7440;1481525482;18
27089;21412;1481546594;4
1457;14151;1481527144;4
8339;3412;1481521695;8
23893;945;1481523620;10
11241;12099;1481516999;4
18191;1967;1481548832;4
8329;1922;1481514952;6
8001;53;1481546986;10
20070;11728;1481542576;4
17418;13197;1481520053;12
8949;9157;1481527885;6
3363;9148;1481543916;4
7396;7602;1481540156;12
21746;9188;1481532911;12
7670;2808;1481540667;4
19817;3736;1481525193;10
239;21412;1481514022;12
9949;24521;1481521631;10
5807;12029;1481536724;14
19918;12788;1481517902;2
2748;24352;1481544297;6
1308;11242;1481551023;8
6480;9104;1481522137;4
2420;6113;1481527033;12
287;22976;1481514731;2
27278;6532;1481537811;14
5021;11746;1481541323;10
14448;27537;1481537544;4
12235;1256;1481514880;6
17532;8470;1481513226;14
12144;13618;1481550765;8
7014;2844;1481543193;14
12092;20445;1481518313;18
10097;14538;1481527022;14
19846;8985;1481511456;6
5694;6882;1481526150;12
5003;21736;1481513057;10
14137;5108;1481511415;6
206;4486;1481511210;8
4747;1768;1481532670;10
11112;8240;1481513058;12
11841;7478;1481545732;10
3401;18069;1481545920;4
15932;14654;1481525560;8
23652;27313;1481549804;8
12216;1549;1481529472;4
4548;21597;1481525636;12
12411;25537;1481537058;6
23149;27417;1481550072;12
4585;16304;1481538842;18
7535;19960;1481544372;6
7901;25076;1481514579;16
9889;1287;1481522285;10
26187;19534;1481536919;12
1320;15300;1481539532;10
4264;10281;1481526837;14
1399;7006;1481547660;10
1646;27428;1481517945;8
12585;16014;1481527609;4
3349;4919;1481513358;12
25508;20925;1481527148;2
9955;3414;1481525332;16
8405;921;1481530448;8
7417;20460;1481522375;16
5944;6253;1481534531;16
14635;23791;1481538878;16
13784;7403;1481519919;8
20131;14909;1481547316;10
1391;6736;1481531025;6
12062;3556;1481547353;12
17046;21225;1481529967;8
1308;5424;1481525027;10
7251;12944;1481519154;2
12771;6892;1481539824;4
2162;10020;1481550767;4
1539;16014;1481517814;6
27178;23352;1481544200;6
24928;23813;1481523377;10
9329;7815;1481521805;18
10205;17034;1481523757;8
1731;6149;1481534501;16
10098;9461;1481512451;8
1386;1858;1481523651;14
7525;26216;1481542972;16
1674;12159;1481534776;10
12027;22614;1481536357;4
3424;10811;1481541764;8
11270;20083;1481538456;10
4723;8753;1481511995;2
10837;1877;1481529712;8
6314;19487;1481519185;18
1660;19556;1481521752;14
21085;12354;1481520478;2
25387;8877;1481536473;10
27007;7553;1481547275;10
10810;6995;1481539756;12
236;3076;1481551100;2
22535;20420;1481525299;18
1560;104;1481524022;8
9123;4321;1481513249;12
1270;26144;1481531157;16
19533;400;1481538668;2
4235;979;1481517989;2
19969;14951;1481526513;4
3597;9996;1481521946;16
7609;13940;1481510685;6
6791;8567;1481547646;18
4505;15492;1481523062;12
23046;4306;1481517695;6
7561;25378;1481533580;4
10553;23016;1481549262;12
3534;135;1481549602;2
15499;25449;1481528263;10
10259;14579;1481544375;6
9290;13973;1481546274;14
12368;14858;1481538149;18
27546;25433;1481522147;2
336;4730;1481531204;4
4628;254;1481533089;6
967;14245;1481533681;16
12747;18894;1481529773;4
6137;4243;1481531239;2
15005;1207;1481517548;18
27469;25382;1481525914;8
1;4246;1481535960;14
4589;3400;1481510068;10
6279;3246;1481534222;10
14640;17031;1481519778;2
19234;2035;1481515499;12
14657;8540;1481523367;18
20985;17255;1481526174;12
5635;25159;1481522151;6
4894;965;1481516405;16
8568;11906;1481524328;4
15521;18343;1481518410;2
21415;14918;1481526604;8
12182;17272;1481517247;2
12247;24278;1481519011;2
16635;14133;1481546104;16
8511;6647;1481519035;12
16805;20317;1481512270;2
1144;7400;1481530825;14
16135;1115;1481530988;12
22499;24562;1481540222;6
5390;35;1481521342;16
27178;9346;1481515514;14
11414;5691;1481516541;12
16362;1680;1481530098;8
12731;15461;1481541322;16
8433;20947;1481524987;10
5521;14197;1481516238;12
10254;12709;1481525910;12
1299;8560;1481535009;18
4304;17757;1481512716;12
4566;2779;1481538028;2
24651;27508;1481531724;18
2736;7642;1481524853;4
10750;21269;1481532911;4
3574;5437;1481530217;2
9101;11617;1481535862;18
1592;12710;1481526124;14
2889;19723;1481512442;10
14779;22446;1481522527;14
3986;26309;1481524486;10
5741;3511;1481515379;18
9180;4876;1481518675;2
11066;3613;1481533696;6
8437;1970;1481537724;12
5532;8701;1481521365;10
19216;12307;1481518022;8
14665;27011;1481532944;8
6279;9208;1481540784;4
5263;27280;1481516302;8
8533;3970;1481545747;2
269;13224;1481530869;2
20103;3165;1481511319;18
8579;21444;1481529514;10
20301;27335;1481530465;2
10178;14985;1481529669;16
7457;20094;1481524267;16
5048;18158;1481545668;14
19234;19310;1481517418;10
6571;78;1481522699;18
23850;17176;1481532592;14
5650;12674;1481529453;18
21799;11854;1481519196;6
9754;1169;1481514940;6
203;7312;1481511135;18
7674;24928;1481549069;4
6238;5375;1481519359;8
11033;19842;1481549180;2
4696;1686;1481525576;2
14196;925;1481521120;8
3607;12404;1481517091;16
7313;13681;1481517378;4
11603;20985;1481517811;2
11157;8484;1481529271;4
15989;14805;1481522349;10
2825;64;1481522670;12
11385;6321;1481536055;16
20108;14444;1481537590;12
1266;8305;1481531427;12
8969;24179;1481537964;18
2753;1744;1481536806;10
27053;15409;1481519813;16
22794;11603;1481526683;4
6027;247;1481530401;8
9371;22459;1481540530;8
2821;22163;1481523875;8
1764;5725;1481509537;2
1620;7603;1481523551;16
14003;7995;1481545133;18
9499;3030;1481516414;4
4185;27209;1481535791;14
893;4831;1481543880;10
18903;20546;1481549966;8
1728;20520;1481528685;6
5739;27506;1481512325;2
3116;19840;1481536259;6
2834;4724;1481531608;12
20589;13222;1481543743;10
19759;21372;1481511424;2
1518;3324;1481521443;6
6411;27229;1481531245;10
14439;22502;1481522627;8
6411;17881;1481526323;12
8295;4360;1481526290;18
14495;4766;1481521464;6
13972;22293;1481527326;6
7965;4354;1481514887;8
6011;4800;1481515001;10
24744;9665;1481550270;8
16804;4484;1481520641;16
11231;24651;1481521298;2
19799;366;1481532405;10
17241;14930;1481547409;14
4763;15103;1481534393;8
27321;4306;1481529647;4
11405;8334;1481530985;12
1356;9549;1481517694;2
27231;22532;1481549387;6
1302;12583;1481549058;14
6330;9759;1481518465;8
13899;5414;1481534700;16
21401;3689;1481522006;2
1028;27439;1481530541;6
4524;11746;1481533657;4
18314;16982;1481517098;4
6412;16805;1481545833;4
4241;23859;1481528713;4
5419;22432;1481543645;8
27505;26104;1481528761;4
8493;5413;1481520753;14
11728;26263;1481531257;6
10281;9875;1481536202;4
42;2953;1481529202;8
4748;5245;1481512629;14
389;4017;1481525889;4
12787;27424;1481544752;12
5722;20588;1481547520;16
1922;17307;1481539851;16
1951;6802;1481529349;18
14498;14904;1481526547;4
14170;6148;1481550623;4
208;8187;1481547928;2
1251;3641;1481544032;18
1246;16189;1481521381;6
403;7;1481546700;16
8935;23891;1481521337;6
12426;17757;1481547488;16
10461;1493;1481530166;18
24352;6477;1481542761;18
27205;22268;1481536763;4
5106;20955;1481527071;2
3547;6387;1481517621;6
26148;5946;1481537592;4
19923;4589;1481540535;4
8166;9357;1481545901;18
1491;2383;1481549198;2
3934;13200;1481544154;8
20769;281;1481537053;6
9736;8647;1481523553;12
15752;14219;1481546875;6
13203;7164;1481536039;10
1206;6717;1481534476;10
2350;4361;1481546567;8
429;6290;1481549652;18
24923;20013;1481521892;6
5001;23621;1481525966;14
12562;22928;1481538134;4
3790;14116;1481540726;8
27446;7998;1481536305;16
27492;110;1481516569;14
20055;4902;1481527191;6
7802;15764;1481523916;2
7559;3293;1481547669;4
2737;6814;1481547979;6
1966;22148;1481542650;14
15243;4361;1481517309;8
16884;2786;1481547769;2
22928;25193;1481533493;16
19053;10718;1481510342;4
23536;2814;1481517714;10
15376;12871;1481550575;14
401;13080;1481534003;12
14116;13211;1481530359;2
14248;10700;1481511126;8
22292;9664;1481533447;16
5417;4286;1481510852;14
10724;15991;1481527773;12
8432;12038;1481544957;14
7556;20864;1481551113;14
22997;1043;1481542930;14
6218;23111;1481546604;14
24346;14802;1481534092;12
7348;27479;1481515856;2
4968;9281;1481540277;6
16321;10540;1481537242;10
27559;11021;1481549098;6
4823;2338;1481550337;6
23540;11730;1481531416;12
10878;14260;1481547737;12
11030;3701;1481530396;4
1852;4905;1481530503;10
7576;4318;1481541544;8
16874;26182;1481538377;4
7560;891;1481542523;2
4656;11364;1481517694;14
20109;436;1481518385;18
14282;7857;1481531474;14
5283;10354;1481547296;10
20906;5416;1481514565;6
17381;19074;1481521117;8
5017;1731;1481514117;16
5916;9406;1481544295;4
16841;1253;1481547641;6
304;8658;1481543839;4
376;7457;1481541523;2
10356;22500;1481524475;2
8336;17788;1481536795;4
7961;14705;1481545114;12
9951;12814;1481519991;10
9463;9996;1481530813;14
7260;8173;1481538642;6
20471;10537;1481511627;4
7075;7940;1481539255;2
10571;7190;1481546983;14
14136;1289;1481522788;2
12354;5330;1481533677;6
19790;18906;1481549185;14
19955;20686;1481539774;14
10687;18896;1481540706;4
8636;9417;1481550423;16
17310;8866;1481538384;16
27028;15010;1481518337;14
10719;19218;1481524430;8
1016;6616;1481534356;18
4329;4222;1481511699;10
11077;8306;1481532819;14
7463;2791;1481534724;6
6822;19310;1481509852;6
5359;11150;1481513024;6
25071;27541;1481510457;14
116;29;1481525082;2
17312;6658;1481541863;4
8194;27287;1481525218;4
1206;6459;1481528917;16
1000;22265;1481511176;8
4849;17043;1481541180;14
6873;1259;1481540382;4
11117;3953;1481539278;8
26103;8892;1481549986;4
6186;2369;1481530966;2
22483;11398;1481530943;14
133;14641;1481550148;8
15452;2783;1481531594;10
10420;14920;1481525192;10
12408;1982;1481514364;14
1343;5721;1481527668;16
1731;22550;1481544244;2
7908;6945;1481523639;2
415;11814;1481544116;16
8230;14692;1481516692;18
14621;12644;1481536825;16
24981;23085;1481551031;8
7552;7489;1481510944;12
25083;23854;1481512531;2
18165;6327;1481547725;14
8137;8279;1481511145;16
9209;5699;1481523508;10
7605;1009;1481536974;2
6633;15307;1481541602;4
22527;15482;1481515653;8
11891;4568;1481541934;2
6879;8492;1481528289;12
12296;105;1481538412;4
2375;3388;1481544164;16
1353;10823;1481516756;2
1021;17392;1481532036;8
2394;7498;1481530662;14
10985;11142;1481542311;12
127;8918;1481545374;14
21228;4820;1481515827;8
10474;8595;1481529575;8
8107;11126;1481514641;14
997;14648;1481523468;16
8678;262;1481513738;14
989;15092;1481546592;12
11005;16861;1481521416;14
14920;27199;1481549002;16
11133;2747;1481513013;12
20157;27559;1481546253;14
10123;8934;1481519698;18
562;6441;1481543273;2
1150;212;1481512096;6
3556;17503;1481535576;10
260;7942;1481546122;18
3962;20655;1481537769;16
12815;5673;1481526275;4
4680;8173;1481522937;2
17191;24521;1481550110;10
9316;21389;1481518395;10
14158;15139;1481551072;12
4299;20012;1481518176;18
24478;24529;1481527541;6
19313;245;1481509715;4
12139;2139;1481536167;16
3120;4926;1481510359;12
7802;4033;1481525077;2
16910;21465;1481542579;16
2953;7603;1481512529;8
8765;16190;1481534795;4
15370;973;1481517082;2
26156;3116;1481527299;18
18859;16038;1481511374;8
5730;6546;1481524787;16
25064;23366;1481512007;2
414;1496;1481510223;8
2830;7802;1481550737;10
24355;6874;1481523316;4
15761;15994;1481538133;4
12036;7270;1481547525;6
6207;6994;1481539860;14
8937;3030;1481530686;12
11960;21462;1481538422;8
10348;15737;1481537493;4
7540;10379;1481537740;18
1277;18117;1481539618;2
38;19846;1481516631;14
12868;4286;1481536729;4
21795;10071;1481510666;14
19805;17421;1481517782;10
9154;9159;1481513026;2
10374;17289;1481546977;16
17046;7633;1481530291;6
22311;11123;1481541986;10
8391;4691;1481550899;4
16022;17547;1481536408;14
3245;8665;1481524550;2
2998;183;1481520385;16
4944;20012;1481513825;2
16640;6568;1481518969;18
27343;11804;1481528985;8
21719;5975;1481540630;14
9946;6430;1481523258;14
1555;6200;1481545059;18
1036;6146;1481546068;16
23651;20109;1481548533;14
9240;5353;1481510459;16
2986;2331;1481535081;12
22506;19937;1481526097;14
2782;5052;1481534481;2
22991;11251;1481511914;6
10411;10366;1481529267;14
4314;8646;1481542306;18
14167;20658;1481544181;14
11176;1033;1481518401;10
2940;9827;1481512361;10
16200;14255;1481538418;2
10205;336;1481546270;2
18166;5904;1481549633;16
15519;14106;1481527503;16
19520;17862;1481521138;14
14635;23049;1481524889;8
24162;23695;1481537748;10
1609;3599;1481522995;6
22450;8334;1481532890;16
3292;1496;1481529285;6
1722;15086;1481530721;18
25383;13944;1481518286;8
3255;11701;1481521421;6
18328;25156;1481537481;12
7790;23453;1481525556;14
8488;13263;1481534603;18
6266;1329;1481545464;18
12815;8046;1481518470;2
18349;6268;1481527510;6
9882;996;1481530137;18
8248;24750;1481531445;16
13620;209;1481528733;12
27469;19816;1481532820;2
12227;331;1481514044;4
23365;929;1481516423;6
21504;14288;1481521960;16
3618;5940;1481532419;2
5695;23004;1481540543;18
116;6865;1481525481;6
20634;27510;1481527744;14
6675;21718;1481516812;8
19070;13426;1481545032;6
22961;8514;1481539353;18
26073;19303;1481549744;6
13758;15460;1481525620;4
2761;3401;1481535360;16
27398;20055;1481527781;4
23548;19989;1481531180;14
5517;12283;1481540716;2
23866;1589;1481525697;12
27422;23158;1481546307;8
15010;1538;1481541231;6
12289;8765;1481548958;8
8499;10638;1481512265;12
4724;10648;1481532142;16
10415;3998;1481546306;4
12576;4332;1481513898;4
12214;4029;1481547086;8
13296;18180;1481524817;16
2799;25441;1481528134;2
27416;1777;1481545253;14
8317;20831;1481528197;10
10670;6274;1481517029;12
7604;27392;1481524651;18
14120;20049;1481534079;4
17274;6357;1481538832;18
1714;21496;1481546316;4
98;2162;1481538590;4
12186;21446;1481522293;18
7571;6700;1481513528;6
16884;20067;1481516047;2
14006;10635;1481517280;14
9797;6540;1481542422;14
2032;6157;1481548452;14
9867;1735;1481539864;2
19857;8562;1481520226;12
2035;3403;1481520975;16
12786;6813;1481534255;18
10699;1455;1481536044;16
8565;19283;1481515023;14
9855;19296;1481525304;12
27140;8048;1481522130;12
22643;357;1481533417;12
24654;344;1481513420;16
8489;15999;1481519790;14
27202;9996;1481518077;14
8302;16878;1481536675;12
12297;394;1481536839;18
1009;1493;1481523167;18
3293;19045;1481516396;16
10403;2889;1481515988;10
8641;20485;1481544877;2
6588;19824;1481534757;14
17518;5083;1481529424;4
10241;4763;1481516782;2
11404;7004;1481527345;6
12649;389;1481537519;6
1071;20913;1481535955;2
11178;12100;1481525075;14
6884;1348;1481550488;4
5677;6516;1481545534;18
8033;9109;1481534114;2
13950;9663;1481550974;14
6359;22988;1481527766;18
10066;10327;1481520905;6
7633;5240;1481519565;14
144;3975;1481518206;6
7446;25269;1481546552;14
4580;1637;1481543114;4
8525;15235;1481534153;18
403;16042;1481548846;8
10781;27482;1481537930;18
11591;22999;1481542945;4
1816;8556;1481510855;8
11098;8977;1481537222;6
27208;1293;1481517611;12
1258;8525;1481543023;16
16836;4189;1481537458;16
6946;122;1481514882;4
20392;3962;1481537297;12
2396;16133;1481509574;6
18160;11238;1481524616;18
26070;21307;1481518930;10
23076;18196;1481536869;10
7975;10989;1481513149;10
9308;11374;1481514095;10
3340;418;1481529288;16
11704;568;1481545223;18
2370;27106;1481529110;16
17239;4212;1481542410;2
1682;17133;1481544464;14
7089;21300;1481540679;4
7851;17475;1481524582;6
303;20685;1481523720;10
4183;5948;1481533495;4
8971;5403;1481511669;14
7637;17163;1481543669;14
4822;9568;1481550900;6
22161;2820;1481521369;14
10560;9363;1481549429;4
8931;16927;1481543301;14
19908;10703;1481523968;4
4596;9570;1481540448;2
5585;8295;1481546282;10
20297;8329;1481521506;16
16936;11246;1481544635;12
5758;23864;1481535584;12
10265;204;1481525183;14
24710;8961;1481518943;6
1589;16045;1481526186;18
6597;20995;1481543901;18
149;25052;1481517704;4
25324;1431;1481533593;8
6314;5486;1481521519;2
1163;8588;1481540682;10
8865;3532;1481523068;14
23180;14799;1481530909;8
3277;988;1481539140;2
5410;8940;1481521681;18
3464;10990;1481521026;14
22248;4893;1481512621;4
9305;8150;1481538375;10
877;3952;1481534990;6
8479;13851;1481523105;10
2283;7046;1481524652;2
11414;20541;1481535011;4
4197;20967;1481526672;10
19583;1344;1481535942;4
9886;8296;1481533137;16
9836;7441;1481530731;6
15479;17041;1481542165;2
6114;11784;1481541020;18
25370;15296;1481516952;4
17278;11095;1481531863;8
11036;4332;1481518520;4
16894;14906;1481516536;18
18091;3295;1481535901;14
24585;2153;1481513383;6
25068;14999;1481542539;10
14918;9296;1481549875;4
5043;17049;1481518314;4
370;27086;1481545547;4
8436;14697;1481543137;18
11793;26029;1481525360;12
5053;19296;1481533294;16
1789;1861;1481547911;16
10922;14040;1481518944;2
11783;3719;1481539526;18
1447;11019;1481516290;10
14648;24709;1481525076;12
10209;3932;1481521012;6
6958;20353;1481520329;16
3155;17155;1481513905;18
4224;10295;1481549284;12
6224;20108;1481529957;8
12355;5889;1481521525;14
12144;10606;1481521425;4
5877;22442;1481517849;12
5006;4724;1481543432;18
97;27547;1481545589;8
23159;14797;1481537273;8
7570;23891;1481514597;14
6168;18197;1481513552;4
1276;18940;1481522065;6
15162;10395;1481524001;6
2621;8572;1481533304;16
17034;27381;1481510405;10
4665;13260;1481530613;4
9738;10064;1481526908;14
18191;6973;1481509872;10
8534;1025;1481544459;6
7854;11567;1481534235;14
27450;6540;1481509534;16
6495;27004;1481547922;18
27198;2796;1481534573;6
8106;27476;1481514819;2
11234;5923;1481530953;4
8507;233;1481535530;14
27135;6271;1481543805;10
8090;11114;1481549173;6
14142;17424;1481526283;2
14963;10670;1481526161;16
23082;4004;1481546493;8
19224;7583;1481524346;8
10529;18865;1481535619;14
6833;6855;1481533836;10
18199;14692;1481540516;16
26101;5901;1481531704;10
1209;6016;1481549662;4
5775;26244;1481534552;10
11815;4263;1481543332;18
6626;247;1481548494;6
1396;9863;1481545514;16
5411;4181;1481521417;10
7180;17505;1481550264;18
12232;11791;1481528546;4
12177;16051;1481544440;10
17509;7145;1481519364;12
27024;20949;1481519029;14
21076;9391;1481533681;8
11231;20071;1481542400;4
6992;14189;1481545309;12
14003;23625;1481510316;6
20853;18423;1481535873;16
17399;7531;1481538926;4
18838;18834;1481540060;14
3727;9872;1481510686;6
6724;1375;1481518565;18
11236;5416;1481522207;10
3065;20096;1481537277;6
18165;12560;1481528345;8
3369;20120;1481515472;10
17303;1594;1481547796;12
10750;6595;1481515685;8
14915;21002;1481513362;10
1572;6895;1481549690;8
12920;11588;1481534069;14
8230;12374;1481513941;16
6639;6925;1481535240;14
17330;18820;1481519332;12
6143;6581;1481510227;10
23490;26199;1481532120;18
15015;22542;1481518730;14
4268;7638;1481529696;10
7780;299;1481509545;14
7892;5038;1481512802;8
13882;7941;1481512243;2
2743;18103;1481526098;10
10881;288;1481543101;6
19816;1064;1481535907;6
10569;16810;1481514925;14
3575;20932;1481536531;18
10355;3349;1481517522;4
2387;20970;1481546890;8
1490;8567;1481523109;8
12519;23488;1481527987;10
7059;3286;1481514788;4
20923;27279;1481538206;16
24346;12133;1481542498;14
5716;6927;1481548525;4
12239;13811;1481542741;6
6723;4628;1481513127;18
18188;1694;1481527077;6
1166;10003;1481532972;2
4699;395;1481550109;6
21089;12035;1481542461;18
2640;22464;1481515886;4
2026;14952;1481525293;14
53;6328;1481544979;16
21228;12115;1481514412;14
10990;3261;1481519186;4
6940;24370;1481510411;2
17377;19965;1481528456;4
10087;3737;1481541886;10
6999;25375;1481518672;6
14121;3081;1481532551;2
1557;19320;1481524734;4
20372;7897;1481517865;18
4738;9463;1481520534;10
8525;12329;1481511821;4
8094;8711;1481513367;4
19311;11034;1481517203;4
19590;11140;1481523852;4
6218;8527;1481540986;18
8534;3907;1481510742;2
1587;18183;1481534826;18
3995;6642;1481536246;12
9968;4199;1481546327;14
21321;5925;1481548598;4
11239;25232;1481530727;2
7145;8443;1481514465;12
1683;24140;1481519637;8
7897;14577;1481524419;8
7276;8925;1481528638;2
10381;21808;1481542062;2
12120;6865;1481515283;16
10324;369;1481533548;18
1973;18113;1481550885;18
14631;10623;1481546842;10
5629;4784;1481513899;12
118;10021;1481515501;6
7988;5360;1481531883;16
19983;14158;1481511368;12
220;1049;1481539697;14
12046;1642;1481537996;4
8893;27276;1481523636;18
10886;24997;1481532137;2
6920;8467;1481545800;6
11406;2742;1481543728;14
12031;10118;1481510926;2
18960;21234;1481512768;8
20789;17550;1481530396;16
6268;9390;1481547925;8
14167;1416;1481529078;8
20932;8427;1481520441;14
11018;17209;1481532501;2
3852;12748;1481536640;2
16847;7319;1481514972;2
23162;9540;1481527401;12
7925;5810;1481529095;4
2732;85;1481514410;8
11053;22459;1481534862;10
25086;4947;1481510179;4
4222;106;1481533996;10
1364;8474;1481524060;8
4176;17503;1481541990;6
24179;9282;1481537460;8
1256;24709;1481547396;6
12372;8640;1481510396;18
114;5508;1481537383;18
1235;16892;1481511897;16
3016;20127;1481539087;16
22316;17405;1481518609;4
6884;8345;1481532195;14
15991;24659;1481534057;12
12294;14621;1481511815;12
20116;25343;1481527797;2
1724;4025;1481532636;10
13815;20130;1481540830;6
3325;10235;1481510445;12
9158;9903;1481513955;18
18181;291;1481523315;16
9899;22613;1481525389;10
22273;326;1481540893;14
15327;1066;1481534103;18
19051;10673;1481528553;6
17039;1218;1481548766;16
9808;21259;1481530829;2
5354;18339;1481515329;10
10305;19780;1481538092;10
214;11815;1481510978;10
17286;19772;1481537792;10
6794;20048;1481518054;4
2364;27374;1481538389;12
9277;25049;1481550254;12
7622;10066;1481534196;16
6729;6808;1481510218;14
6366;21845;1481527882;2
17506;19199;1481518966;2
3986;393;1481530820;8
9461;9778;1481513205;14
6952;4974;1481521413;12
14559;3006;1481520503;8
21298;12396;1481550088;10
8316;14515;1481538346;8
22293;1377;1481542573;2
13819;8896;1481536109;14
22929;14986;1481518495;14
15240;20044;1481531872;2
22444;4176;1481540325;12
20123;27183;1481512205;8
11917;14441;1481509513;2
1092;17332;1481519014;4
20077;24058;1481547366;6
18883;17867;1481536107;6
1678;1891;1481535571;18
8122;12296;1481534608;16
1636;14690;1481534440;18
25380;2284;1481513796;16
11064;8092;1481527932;18
14155;19934;1481516520;10
17757;22496;1481514702;12
3993;1375;1481541977;4
6627;19089;1481540725;2
2139;968;1481550387;18
26101;13890;1481529591;18
2986;2799;1481540459;16
20295;6202;1481541081;10
9067;6183;1481537218;2
1367;1587;1481524694;18
5748;9836;1481547567;16
1597;4193;1481536384;8
1232;11085;1481545093;6
5479;11859;1481509937;6
9740;27159;1481550970;16
14981;22480;1481513445;12
6267;20111;1481524647;8
27419;6726;1481541544;4
13788;27387;1481514355;8
16872;17379;1481521753;16
12624;9535;1481550086;12
5814;1064;1481511916;8
10852;17419;1481532801;2
19207;13782;1481547021;14
16635;939;1481515248;18
9167;3164;1481544163;16
1011;8367;1481535653;16
9832;15476;1481534313;16
8959;19041;1481544211;4
6016;2640;1481535192;8
1487;2612;1481538122;16
10600;6868;1481548110;4
7404;19288;1481515312;10
21407;15748;1481528998;6
19492;20108;1481542776;2
27004;8236;1481548037;2
23760;7779;1481532301;2
7833;4517;1481543857;10
19914;20881;1481546869;10
26260;4994;1481533540;2
3583;1637;1481550295;8
16872;991;1481527953;6
11042;12120;1481536946;10
5970;15390;1481519675;8
9112;17423;1481520598;18
27458;5431;1481512539;2
26100;17030;1481512120;12
10543;11018;1481511595;10
9993;9223;1481534485;14
24137;15909;1481510422;8
10845;22532;1481517272;18
23106;8467;1481537715;8
7800;22928;1481523966;18
9778;17054;1481525071;16
7569;1985;1481546076;8
7900;16353;1481545114;8
6609;22603;1481527838;6
10804;4234;1481542901;16
7277;6570;1481520917;4
5259;23750;1481525317;4
4315;4552;1481512457;10
22937;9843;1481542411;2
1345;3116;1481550305;12
25426;27534;1481526838;14
9671;4335;1481516808;10
8892;14979;1481522228;10
9446;7995;1481511758;12
11363;1793;1481511040;6
366;8934;1481544687;10
15375;15229;1481549066;12
976;1645;1481514129;12
20708;7863;1481533286;18
12398;15703;1481541025;4
2818;14137;1481534873;16
1071;5035;1481521192;16
20712;21401;1481545688;8
10359;26395;1481530451;2
1925;11021;1481525657;8
3123;10496;1481521457;2
3942;15349;1481533344;16
10044;3396;1481549736;8
11009;3424;1481522144;18
4624;21465;1481532818;6
9872;1551;1481543072;4
20077;20145;1481509644;14
1279;20038;1481517753;2
3428;3508;1481527563;10
9178;4517;1481515802;4
7692;25360;1481547013;2
14704;19570;1481514374;8
8763;12631;1481543525;12
24138;13345;1481534378;12
26265;16192;1481520481;10
14650;2755;1481521210;10
10005;20588;1481524431;10
20301;8480;1481512355;4
23833;9527;1481534600;12
1483;1702;1481543376;4
10809;6415;1481510952;18
13078;26119;1481518188;18
25170;11403;1481521314;8
18212;23628;1481516641;2
11144;19756;1481513832;4
19800;15481;1481540817;8
11035;21299;1481511920;16
8553;17241;1481525727;16
22989;6298;1481525058;2
8144;6588;1481544929;2
1678;27102;1481523756;18
5676;9057;1481533711;14
7416;25160;1481521286;14
23100;5721;1481536361;18
261;270;1481514426;4
9777;25171;1481518433;4
14242;4034;1481545123;16
1196;2759;1481523525;10
14904;20444;1481521008;16
8221;15482;1481540973;4
7984;3076;1481519475;16
2964;6565;1481541637;6
19776;14873;1481514965;2
8494;25083;1481519921;8
16929;2015;1481510754;4
9758;7263;1481518745;8
9852;24173;1481510304;18
9324;12102;1481534304;8
71;23335;1481549708;4
4837;16891;1481516682;14
2389;23857;1481543223;4
20130;5712;1481526419;4
10376;6545;1481535409;16
26094;8326;1481535023;10
328;3330;1481542937;4
23319;11383;1481522870;8
15750;8874;1481544645;18
10459;16195;1481512456;8
14823;20417;1481540732;10
27448;3792;1481513567;12
6335;5824;1481539946;4
23488;6973;1481528633;12
8126;8336;1481525839;2
1091;10561;1481512235;18
17239;2286;1481529122;2
4878;10802;1481541281;10
20284;8999;1481535548;2
16809;17533;1481543637;12
4882;10112;1481539197;10
10427;1627;1481532344;12
157;6475;1481517640;4
6529;1144;1481542648;16
7876;10910;1481517641;2
4810;20656;1481519113;2
25411;17783;1481526854;4
4485;11222;1481546473;18
262;8386;1481549197;8
3626;2817;1481549893;14
7030;14048;1481518026;14
14207;2349;1481547937;2
10045;26304;1481525663;8
25171;10121;1481513494;14
12293;26306;1481544455;18
5842;13985;1481520706;10
1306;15092;1481550112;12
5353;10117;1481531671;6
13902;14614;1481519161;6
17263;11947;1481537758;4
1083;7489;1481548762;12
19953;21480;1481521208;10
10073;7965;1481534508;14
4902;1079;1481525488;8
10927;215;1481541077;10
3743;26189;1481546166;12
14700;5878;1481529503;4
2391;10175;1481546989;18
8275;17486;1481531807;18
16180;15216;1481538384;2
20082;3943;1481540108;16
18099;7480;1481519304;8
6589;10074;1481543146;4
14811;16912;1481521376;4
5040;25192;1481520657;6
11623;18342;1481511822;16
12332;9663;1481535208;18
17174;21217;1481533112;8
17418;6578;1481542268;12
6563;10916;1481532004;12
3936;2291;1481531485;8
9840;20655;1481514883;18
5046;8703;1481526783;8
8325;1031;1481533863;4
16124;2944;1481538397;8
4358;9903;1481533683;14
27489;15090;1481537110;2
17190;4730;1481544086;2
10024;10845;1481535397;10
10080;5331;1481512376;16
23098;19235;1481543631;16
7762;12800;1481524546;18
14259;19082;1481519338;14
4516;27004;1481532509;10
14876;19824;1481514484;10
17705;16046;1481510675;18
23168;1573;1481518745;14
7591;5019;1481514233;18
26144;11600;1481532345;4
19992;15934;1481546673;6
8896;1108;1481525197;16
18844;2355;1481533054;10
4243;17572;1481521540;2
13819;3586;1481521478;14
6562;24745;1481512509;2
5819;21406;1481531671;8
15097;1408;1481511053;6
26263;20587;1481520648;14
10380;19791;1481546723;18
10322;10561;1481542989;14
9549;5953;1481511624;16
16649;6610;1481539031;10
21091;14715;1481533009;18
5774;84;1481531419;8
23155;9103;1481517932;10
7362;4229;1481521510;8
13112;7426;1481525983;4
10593;1268;1481518219;14
8808;5507;1481525159;8
26048;6935;1481548627;10
5919;3741;1481516917;8
15994;1848;1481525112;6
6687;1584;1481539296;2
3604;8493;1481523941;16
7841;12709;1481542290;4
433;5628;1481514845;18
1348;25411;1481542925;12
25508;7427;1481528811;6
19948;5034;1481542705;6
21839;22989;1481515519;10
8900;1099;1481521080;14
21305;25080;1481545439;2
158;14778;1481538533;14
14563;17789;1481514069;18
7465;1717;1481531278;4
11092;11805;1481541919;16
10498;13877;1481519428;8
20792;972;1481542606;16
8516;9212;1481513341;4
22432;4042;1481533169;18
19969;25413;1481541510;18
7874;20129;1481519985;8
1745;3950;1481515216;14
23861;19897;1481541352;18
17509;17405;1481523958;8
376;20403;1481533142;2
1878;3934;1481525077;14
9455;8740;1481540352;18
20114;19918;1481531469;4
23026;5629;1481512568;16
11565;4690;1481530539;10
10329;27425;1481533956;18
13218;4317;1481523491;16
10001;353;1481541194;12
19598;4763;1481529475;16
12699;7544;1481549825;18
6917;6456;1481532369;4
27102;16892;1481532497;12
27403;18319;1481539829;2
21443;12047;1481538342;16
24962;2288;1481526498;16
6441;18111;1481529704;6
3016;13870;1481549547;6
25532;8868;1481550780;16
9418;12800;1481520704;18
5418;6652;1481543253;14
16335;7264;1481544015;10
22301;14689;1481542072;4
19822;5053;1481539569;12
18117;8873;1481535033;8
12143;6976;1481512616;12
25034;18182;1481510168;14
4956;8450;1481524499;8
10727;10636;1481510596;4
3913;16297;1481548764;12
22272;11042;1481550267;8
14875;4569;1481549027;6
3743;9170;1481525460;4
5394;19710;1481549417;14
10739;22148;1481548408;18
6683;1386;1481512245;14
18843;27028;1481548861;18
26482;20769;1481541844;10
12652;4654;1481533633;10
4925;3015;1481526146;18
20982;6134;1481532254;4
6523;9994;1481531791;6
11255;17240;1481539115;8
13874;9340;1481510349;14
9848;3642;1481512906;4
27465;27556;1481535896;12
101;3508;1481526221;4
6144;1615;1481510606;2
26110;9123;1481526010;12
2348;273;1481524027;4
6265;4869;1481546088;12
2953;25500;1481550833;2
2338;287;1481517487;18
6436;19883;1481540786;8
4744;27550;1481548711;12
20100;3247;1481518327;10
1816;11120;1481524854;2
6655;6344;1481540910;18
27465;9877;1481544622;8
27286;26259;1481535784;18
11859;21401;1481513857;4
21226;10525;1481540412;14
14448;19319;1481546413;16
1289;10209;1481525052;6
20067;1206;1481511569;6
5723;17308;1481522835;18
17472;20643;1481534901;2
25384;25265;1481544756;14
7474;23893;1481521486;6
8760;7037;1481534457;6
10019;10010;1481519029;18
6028;4523;1481540230;12
9846;5509;1481537993;12
1646;9199;1481513626;4
18260;1390;1481545732;10
6777;6458;1481530098;6
10809;1679;1481545985;6
11126;10999;1481513740;8
354;4904;1481537202;2
17160;6385;1481509727;18
27098;17416;1481549825;10
10824;4004;1481542135;10
15017;12814;1481547476;6
12034;11786;1481521167;8
2352;7052;1481531932;8
14631;19061;1481519991;6
1033;11396;1481538042;18
5514;9394;1481542843;16
11036;1033;1481519227;14
135;7254;1481528540;2
26037;18180;1481510733;8
2777;1382;1481532770;18
4659;7975;1481548946;14
2374;8168;1481524663;6
8094;16852;1481519185;4
25065;12582;1481543693;14
14800;3695;1481516950;6
5474;21214;1481529764;8
27375;11806;1481529939;18
13263;7959;1481526273;10
16133;21382;1481516903;2
4360;6214;1481550950;16
7478;397;1481536848;18
10881;24446;1481540082;14
27400;15015;1481515852;2
1368;10308;1481520128;14
4593;7414;1481531275;18
5673;3612;1481534125;10
20868;19087;1481531684;8
12031;11009;1481539208;6
4356;11961;1481543526;12
17419;2127;1481510483;16
14257;22535;1481537351;18
19493;22141;1481524640;8
15492;5927;1481521962;18
4290;26102;1481521200;4
21719;7271;1481514432;12
27312;217;1481549522;14
1924;4251;1481531297;4
15102;1608;1481547935;2
14562;7037;1481525794;16
18820;9675;1481524058;16
25426;27036;1481533362;10
10892;5911;1481545196;4
7766;20520;1481514100;14
10307;18339;1481518228;12
3979;1026;1481545436;12
11248;1083;1481510532;2
11131;19842;1481510832;8
27006;18342;1481542341;6
14240;5915;1481535806;4
1989;8591;1481549569;8
3507;20775;1481533325;18
4485;20971;1481520538;16
8421;15311;1481514988;12
1142;4286;1481533129;8
2832;10881;1481537370;8
4044;21728;1481536386;16
6208;11124;1481519981;12
2366;17532;1481516738;16
11139;5770;1481532689;18
1114;1453;1481523069;14
5639;5877;1481546305;4
24753;15102;1481525318;2
14445;14149;1481524689;16
26329;16905;1481530769;2
13183;3919;1481527619;18
14661;5478;1481541685;14
22496;1261;1481529379;16
26072;10289;1481534458;14
18337;23496;1481531153;12
10834;9767;1481518932;14
9713;19802;1481544770;12
5392;956;1481515994;10
7396;9300;1481531628;10
9197;15483;1481544559;12
1559;4550;1481513319;16
9828;5514;1481524263;14
311;8516;1481535842;4
14136;25283;1481512330;14
134;15225;1481510074;8
12157;12913;1481524143;12
5728;15017;1481524289;12
9871;4016;1481544806;14
19984;4674;1481533521;16
1203;7996;1481549069;4
12693;12797;1481514356;18
13822;4798;1481523331;2
19947;15380;1481529252;16
5103;20987;1481525080;14
13296;1575;1481522223;8
8914;15161;1481527262;4
15082;7897;1481537132;12
2339;25537;1481526833;2
11772;17390;1481550023;4
10288;6503;1481550549;2
6815;13872;1481540202;10
12239;8470;1481549832;18
8399;10564;1481512919;16
3939;1122;1481520631;6
10470;17844;1481529387;18
17171;4812;1481549978;14
3541;19943;1481544112;2
12406;6764;1481544772;4
6487;9843;1481529967;18
7327;9200;1481525093;4
2889;13345;1481547416;4
3400;8898;1481516021;16
1693;3773;1481535686;18
3910;23811;1481540071;12
1597;7818;1481527266;16
23016;19454;1481548457;10
15352;6599;1481542808;14
1583;8881;1481521459;12
6462;5691;1481523761;12
7553;9188;1481525751;10
18821;19538;1481534010;4
16810;7792;1481532895;12
8561;1045;1481524710;2
20530;6875;1481523623;4
10312;15125;1481542818;4
8491;1573;1481527890;12
8967;8388;1481535307;12
25542;20980;1481526218;2
61;1794;1481518714;10
1579;11398;1481522504;2
8697;5933;1481544358;6
2834;4967;1481510431;4
7848;15188;1481525474;10
7172;7406;1481512196;16
11220;1158;1481532277;14
6822;27409;1481549262;6
6300;9453;1481526559;6
8291;2371;1481510519;12
16008;22535;1481545100;10
9454;16937;1481527827;2
6154;2401;1481513088;14
26152;4220;1481520195;2
10806;23488;1481511108;6
13198;3624;1481522988;18
5868;9830;1481550452;6
5548;3921;1481549808;16
11668;5085;1481541201;18
1157;18464;1481539326;8
14004;7319;1481533198;2
27187;4270;1481526806;12
4502;4533;1481518463;10
21500;6560;1481530528;8
18115;9750;1481547531;12
21298;8195;1481541518;12
23116;22137;1481516000;4
24132;1682;1481549231;6
16007;12311;1481535651;10
11846;15463;1481523796;6
3018;11144;1481546825;18
4330;11386;1481527167;10
15102;1366;1481519487;14
17312;11862;1481536892;2
4031;11097;1481530676;6
1855;437;1481527679;14
22968;309;1481549846;16
7556;10251;1481531160;16
14155;2999;1481549202;2
2319;4312;1481528257;18
8433;20417;1481512327;6
4723;225;1481527877;10
13286;12943;1481525881;4
12055;18423;1481511385;8
18807;11269;1481528559;14
7643;20295;1481528927;6
19937;8029;1481534056;18
9775;14166;1481513750;10
10922;24957;1481529906;8
24279;19970;1481510194;18
4224;9775;1481520443;2
4520;9012;1481547555;10
18337;9004;1481541867;16
27297;3969;1481542723;18
15765;558;1481516196;8
4966;329;1481530711;4
4024;25075;1481516393;18
9877;11624;1481548476;4
18848;19936;1481526348;2
9324;1722;1481528351;12
22501;8984;1481546362;14
7478;20901;1481516593;12
25164;3388;1481522104;18
271;2611;1481525009;16
6727;25366;1481531888;14
17527;27475;1481516992;16
21446;1589;1481516396;4
25414;27006;1481542399;12
25285;3754;1481528680;14
10194;11043;1481534955;10
11989;1398;1481525555;14
4851;5738;1481515292;14
3618;20113;1481537490;16
2797;6130;1481525721;16
19057;267;1481531640;8
12785;4337;1481513633;18
22453;7070;1481540466;4
18438;4189;1481510222;8
1447;6606;1481535972;10
4883;6763;1481541983;16
12372;11626;1481545978;2
8584;27174;1481528122;12
1909;6197;1481526444;8
14108;10676;1481546438;10
939;3377;1481548959;12
12721;6114;1481515318;12
3697;20713;1481515603;6
27455;5977;1481550662;8
23623;1763;1481547389;6
1680;5742;1481526876;10
1119;12335;1481521595;14
1262;25068;1481533290;2
5408;7871;1481532444;4
25168;15744;1481521311;2
10837;20155;1481512402;10
14186;13085;1481536701;14
3080;2839;1481528811;12
9841;15243;1481543068;14
50;128;1481543514;8
8539;22430;1481525353;8
7075;7818;1481522624;8
1925;251;1481541373;12
5509;437;1481528719;12
22432;15786;1481549493;12
7488;1026;1481529606;2
3025;384;1481523367;8
14924;27430;1481516145;8
7467;11884;1481539318;4
10387;23550;1481543790;12
16131;12700;1481527460;6
25161;1193;1481509519;18
12788;6486;1481546011;6
25068;81;1481538578;4
26032;4932;1481527529;12
1388;13823;1481540915;12
4641;1171;1481540334;12
21719;6358;1481543516;2
4545;7328;1481540786;4
3408;17593;1481531564;2
12102;110;1481549957;6
6444;19301;1481511712;2
11880;4814;1481548836;18
19759;5943;1481527135;18
1191;16203;1481519561;4
17444;9790;1481544991;4
21227;14239;1481516618;12
10095;8477;1481546149;4
8387;5469;1481550971;12
27398;1446;1481511329;4
14157;10653;1481547337;8
17278;2153;1481529180;8
2125;4355;1481547759;18
22936;1580;1481520785;18
8894;25052;1481548279;14
6237;18144;1481530204;6
17921;121;1481538104;8
12100;24257;1481537065;16
8322;7617;1481527148;10
6305;2823;1481522957;16
10470;12943;1481516778;18
27333;7175;1481529091;10
5529;8132;1481520617;2
22959;5394;1481531893;8
6562;16838;1481512472;10
9548;6944;1481525007;12
4784;27026;1481539240;12
7013;6259;1481541990;14
27277;7792;1481525438;16
19078;12814;1481531296;18
10186;9796;1481532554;14
2645;27059;1481513224;6
13892;20240;1481531355;12
19937;12116;1481511325;10
4736;10376;1481549978;4
9345;23069;1481524657;16
11173;25048;1481536892;2
12757;20156;1481548143;6
9962;12353;1481516923;6
12710;8274;1481510633;16
16187;22624;1481529045;18
6454;13216;1481512612;18
27377;3993;1481550468;14
8001;1493;1481517249;14
6638;21384;1481540570;2
1855;2125;1481532634;14
4209;4227;1481512470;10
7840;24996;1481523396;16
2380;7688;1481520652;16
3946;3270;1481548199;16
4758;5530;1481511575;2
7562;8343;1481539893;2
10924;27024;1481547700;2
10567;1336;1481511423;16
1987;3286;1481529852;4
1130;1745;1481523136;4
8889;23011;1481511304;2
26395;13806;1481531391;18
62;15781;1481539116;18
25443;27331;1481516200;12
27506;11683;1481512243;18
23526;6841;1481521902;8
6450;25000;1481531919;14
24481;7313;1481544279;18
9018;15074;1481549279;16
1358;3593;1481523008;2
1059;7249;1481523429;6
919;7327;1481537222;10
5437;27388;1481517891;12
6152;16648;1481549475;2
27435;3747;1481525293;4
17552;266;1481511408;14
19072;23446;1481511454;10
5778;24657;1481528656;12
3380;11951;1481539076;18
3791;6582;1481519794;12
13790;14569;1481517462;18
6575;6766;1481530307;16
22536;53;1481538075;14
9412;3593;1481534203;12
12871;7540;1481516162;6
9217;24930;1481550620;10
11258;11409;1481541992;2
5881;12182;1481512379;6
1867;19313;1481530720;10
4597;10002;1481537427;18
20481;7274;1481545840;4
5864;12816;1481539164;8
9430;24352;1481515998;4
9673;23024;1481511007;4
20081;19756;1481539775;10
4042;22924;1481517531;8
24681;18197;1481529188;4
2523;8451;1481541255;12
9879;11635;1481529852;12
2967;21081;1481526339;14
7422;20971;1481515161;6
10398;19209;1481528658;16
3942;25503;1481544239;10
24955;5863;1481512402;14
11215;257;1481513534;8
14586;2321;1481513368;2
22495;9482;1481537510;4
6115;5360;1481539827;12
9489;19063;1481510313;4
5860;8332;1481536518;16
13861;4965;1481536497;18
10256;25344;1481531153;8
8034;17293;1481515168;14
1211;16123;1481512147;18
5978;6647;1481549725;4
16022;5689;1481511280;2
7871;13902;1481522856;12
22179;2757;1481547022;16
25190;8006;1481548692;18
4849;1584;1481517945;10
20688;14706;1481523663;4
1795;9783;1481526450;14
1678;8022;1481522848;18
1869;10851;1481546926;14
19827;9802;1481547057;16
9167;251;1481520741;6
19306;6602;1481532254;12
6298;19200;1481546946;6
73;7618;1481550668;14
8373;2732;1481546902;18
8157;8023;1481536190;16
5414;14805;1481536523;10
27476;19900;1481521651;4
6551;27540;1481533801;14
10892;2021;1481516722;4
17261;353;1481510667;14
2827;14243;1481514919;10
21799;2173;1481517937;16
9425;17397;1481547042;18
10204;22272;1481510384;6
15240;4965;1481549796;14
2962;8883;1481547139;10
2749;1573;1481525881;8
21090;14170;1481528556;18
17183;3683;1481520534;6
8168;7190;1481538167;12
6825;19721;1481541804;2
12787;25168;1481511886;2
3010;27474;1481543220;4
11251;19570;1481537916;4
7174;27430;1481544670;16
5748;23760;1481544383;4
6209;9155;1481526620;10
4857;8882;1481540297;2
19965;9534;1481527558;14
27452;3076;1481543113;14
16915;13939;1481519009;6
3133;5676;1481544428;18
18806;27455;1481526053;14
11770;4800;1481535689;2
19573;2340;1481513885;14
2522;1091;1481519552;2
19804;3700;1481541732;14
19898;21482;1481526490;14
4782;1860;1481546901;6
8967;13080;1481517453;8
1336;26084;1481528672;16
5875;4204;1481528047;18
23178;1547;1481516169;12
17923;2353;1481522403;14
4924;17015;1481533424;10
5387;27389;1481547227;18
10574;21074;1481526841;2
1120;24370;1481512529;2
16827;7485;1481533467;16
7059;430;1481544464;6
8195;11232;1481519106;8
6191;20070;1481543272;4
2026;17404;1481529203;6
9811;8395;1481511345;18
14122;26163;1481530584;18
23469;5749;1481517916;10
23883;2997;1481512321;8
10726;16822;1481515299;14
16709;27055;1481529889;2
7315;13824;1481514057;12
20790;16008;1481528678;6
10267;9467;1481524880;12
4766;19860;1481520464;18
10361;9010;1481528917;4
26319;2760;1481514749;6
20921;10271;1481541525;6
17423;13784;1481531719;6
20532;8591;1481511733;2
8406;13785;1481514495;18
9803;20539;1481544880;2
4724;11252;1481524060;12
8688;1246;1481523738;2
2987;12232;1481545068;14
6973;19024;1481531363;14
8929;23865;1481524115;16
18199;10876;1481528300;2
8555;9664;1481534737;16
23650;14544;1481542588;6
10026;7058;1481550832;10
9814;10535;1481539513;10
2827;5004;1481545380;18
8445;8304;1481510754;18
13222;2798;1481527104;4
22992;25341;1481536169;10
6974;17576;1481532608;18
20938;21320;1481545167;12
1270;16531;1481532138;10
10215;5402;1481519382;6
7186;11100;1481538978;8
9001;25430;1481547912;16
7359;5922;1481540905;4
3031;190;1481540438;12
19209;5122;1481546080;18
10513;5408;1481549377;18
20299;11029;1481549455;2
2022;20053;1481512395;18
5719;24926;1481530874;2
17673;2745;1481539212;10
8352;3774;1481530969;4
4823;12815;1481537443;16
20684;1568;1481533564;2
10620;8251;1481546136;10
6942;2352;1481539102;18
8910;14122;1481549492;14
4583;22444;1481531162;8
2170;6724;1481524658;2
4586;19966;1481535989;10
9123;15;1481550500;4
5672;20968;1481513246;18
1121;25034;1481516497;14
6476;26104;1481546642;16
232;15786;1481528225;6
13772;24378;1481533879;14
4916;7526;1481551001;14
16127;23116;1481533507;10
1292;1883;1481514692;14
6996;20999;1481513088;16
14962;7072;1481516114;16
25182;6488;1481515275;12
7586;6247;1481510186;16
10619;7627;1481521168;14
6578;5412;1481537190;12
11691;12412;1481540258;6
25189;15019;1481522963;4
21307;4608;1481545425;4
15296;1;1481529978;12
9882;22582;1481529834;16
8948;20524;1481533073;6
18165;24667;1481524905;6
5737;9738;1481524646;2
8498;1726;1481550117;12
1257;6021;1481546641;6
18349;9508;1481546962;6
8391;20692;1481537286;14
3975;8508;1481534180;12
5474;8329;1481546820;16
20408;12002;1481520197;12
23318;15017;1481533670;16
9631;1864;1481547683;14
2036;11150;1481530423;6
8124;6414;1481509646;10
6681;10211;1481540300;2
17583;18070;1481516740;18
14621;18349;1481530672;18
26083;22146;1481518877;14
6403;64;1481531413;10
6945;9564;1481544329;16
26076;11099;1481536020;6
15465;27095;1481519013;8
9952;55;1481535659;2
2034;8569;1481522165;14
8562;4245;1481520945;4
3851;3977;1481511131;18
11744;24928;1481541072;18
5731;324;1481528973;8
1292;13819;1481533310;4
26105;4025;1481545990;18
10494;2880;1481519558;14
975;1215;1481511625;6
7606;7082;1481529685;10
4044;15080;1481542956;16
7590;11697;1481517940;8
10274;2610;1481549787;18
361;6666;1481514342;4
24138;11388;1481534461;4
10615;7461;1481518673;4
6788;8741;1481530927;18
21399;25021;1481526119;2
7814;5414;1481534600;8
6989;25246;1481513265;6
11034;10315;1481523685;6
21802;7278;1481517855;10
8456;4350;1481530612;18
18144;3;1481527243;10
6113;10713;1481532467;4
6540;21494;1481549960;18
5678;27142;1481511728;18
20890;22148;1481546752;12
182;6576;1481539785;12
3008;21484;1481542493;12
1020;4923;1481545695;16
10671;13810;1481509803;8
18080;22588;1481510101;14
17284;13899;1481515383;8
1384;15287;1481532144;12
8816;8561;1481547748;4
5982;19880;1481509558;12
4761;2328;1481512704;18
24710;15075;1481524776;4
9447;7773;1481540313;18
17041;3247;1481532474;10
11614;14195;1481548297;18
2167;7648;1481520434;2
1877;5867;1481546993;10
1562;25060;1481525566;14
2606;18081;1481524743;12
389;14142;1481548442;14
3625;10928;1481519202;16
14139;21451;1481530571;6
10220;23083;1481509949;6
21371;10649;1481527784;8
2148;17573;1481539241;6
14445;5634;1481535755;14
12328;14186;1481519856;2
21485;20284;1481511513;18
12951;27489;1481519253;6
4703;4580;1481527952;6
980;11056;1481543334;6
6367;3264;1481530083;8
2988;6546;1481545980;8
1773;6011;1481522833;10
8522;10513;1481533646;12
23034;9489;1481523313;16
7633;23039;1481518650;10
5913;4035;1481539705;12
1131;6878;1481520407;6
9550;22298;1481528672;18
3333;10467;1481534460;4
937;11766;1481523337;12
10599;22137;1481550445;14
1024;188;1481543404;12
23791;7408;1481538085;10
13204;27416;1481531834;2
16651;17585;1481543246;8
11610;14572;1481540896;18
20157;7853;1481513346;8
9423;7582;1481533940;14
21486;6360;1481519152;18
2160;19916;1481545109;4
7379;1430;1481538858;18
20917;5733;1481535875;16
25171;10475;1481533164;8
3464;6653;1481512928;12
15100;7910;1481541080;12
11616;6840;1481545120;10
9860;17032;1481546967;2
19590;1041;1481522762;16
1707;23877;1481524004;14
15131;22648;1481542955;12
17282;1342;1481537904;4
2771;12404;1481529279;12
9631;10174;1481514809;8
1144;12714;1481542180;16
283;4672;1481528030;14
6881;5980;1481517788;8
18904;1443;1481523867;16
10189;21444;1481539674;16
1149;17902;1481540082;4
24256;9209;1481518694;6
14665;8498;1481547430;6
12374;10921;1481511622;10
17332;10230;1481514751;10
20419;17281;1481550152;14
8053;8334;1481525804;16
3776;1553;1481527436;4
8588;19297;1481546101;4
6355;25503;1481548996;16
9981;1388;1481519014;2
19830;7356;1481540046;18
12241;982;1481516071;8
3022;14149;1481546011;10
1603;15391;1481542028;8
5598;8863;1481537894;8
2725;14798;1481532660;10
11399;6519;1481535242;18
8174;1503;1481546626;14
25283;11093;1481514043;14
7442;7079;1481530083;18
389;21372;1481531433;18
8687;20289;1481549069;2
10045;12418;1481523474;12
3914;1139;1481535209;12
9509;27097;1481524420;12
4878;9059;1481519120;6
20245;15014;1481515623;2
14578;11387;1481547383;12
20990;8728;1481531327;4
10613;6153;1481511686;14
126;165;1481550694;8
19749;1451;1481526215;6
6594;7397;1481520431;8
2748;7395;1481520301;6
7626;6807;1481547695;18
4056;3957;1481515498;18
3079;12391;1481518434;12
6703;3018;1481533953;8
126;5360;1481523837;10
6565;5081;1481538313;14
5251;19575;1481538334;12
7540;5490;1481512054;8
23531;3379;1481509917;8
27406;16909;1481523063;4
6372;26311;1481544892;14
2453;20519;1481542494;10
9422;16678;1481514477;6
12368;16196;1481529726;4
12117;6028;1481520307;2
3399;2168;1481515793;12
6832;250;1481528444;12
27051;10068;1481550532;2
12707;20067;1481535771;2
10568;21841;1481538675;10
7017;1101;1481517308;4
12181;5698;1481544973;18
3714;22643;1481537095;8
26;9566;1481536171;4
9737;22535;1481538394;16
3905;17391;1481513091;8
1957;7632;1481534195;6
20022;5043;1481519768;18
19228;7161;1481529177;16
15918;1641;1481520737;16
14992;15302;1481513353;12
10475;10472;1481526004;12
917;8238;1481528857;14
1159;19215;1481545645;18
10357;9954;1481509920;8
27279;20284;1481534223;16
13185;9253;1481512124;16
15159;5106;1481511238;16
10617;6211;1481523929;8
2013;14956;1481539659;12
10003;15514;1481543868;10
7517;3025;1481549649;6
1910;12756;1481515525;4
8385;27106;1481534990;8
6725;8175;1481511649;8
4906;24918;1481531233;10
263;7283;1481512375;10
4576;4989;1481537309;8
20287;3404;1481547084;8
19299;10118;1481534517;8
4683;24744;1481519530;10
18182;21921;1481550148;12
10105;4180;1481535015;16
9749;5695;1481543665;14
13138;5277;1481531257;18
9778;20848;1481541898;16
21314;2646;1481522568;6
25070;23036;1481513020;14
13290;1339;1481544787;6
9976;6689;1481522732;12
11122;21231;1481542181;2
9668;10216;1481525736;14
18909;4199;1481521024;8
14219;12151;1481535642;10
7274;19800;1481535314;18
6365;2161;1481521683;12
12334;11886;1481542200;2
8938;10672;1481520412;8
22273;4841;1481511272;6
3411;90;1481529519;8
1697;16197;1481543306;6
8433;413;1481517021;8
5811;20403;1481546400;4
21716;8645;1481523674;8
11145;26152;1481512734;18
9843;4303;1481537783;14
8527;21232;1481521360;16
1337;397;1481544460;14
376;9364;1481535561;14
4183;27124;1481524911;14
6344;17423;1481549113;18
3513;10266;1481543150;18
1675;977;1481541013;12
11376;10208;1481543718;16
25468;23621;1481543237;14
17871;4762;1481541992;6
8817;17486;1481545691;2
1416;4833;1481545249;16
17444;6334;1481550897;4
2345;6019;1481548234;12
18102;22310;1481514954;14
20465;8230;1481536464;2
5433;17009;1481513539;14
14862;6626;1481534825;2
27507;6946;1481533008;14
9153;2838;1481547099;4
1408;5974;1481522201;18
7101;6260;1481529563;2
4580;25359;1481550675;8
395;16878;1481523136;6
18214;1589;1481540574;14
20948;8371;1481532484;12
23116;8530;1481548930;14
16140;6965;1481541466;12
24963;17536;1481535661;12
25492;5551;1481550427;8
4194;13888;1481530234;8
23352;10263;1481526105;6
10082;8469;1481526715;16
1624;18868;1481547367;12
23328;1519;1481538228;10
17484;8534;1481533282;10
8468;9314;1481526731;18
22265;6690;1481526438;8
7417;5499;1481524998;4
7039;4521;1481514787;4
1932;12002;1481538642;14
18912;2285;1481522069;12
24675;8253;1481523192;14
10163;4195;1481513651;6
18819;7559;1481548040;2
8444;10242;1481528031;14
6670;1307;1481525152;12
1843;8493;1481514852;2
4304;6544;1481539337;14
23695;1595;1481544298;14
7013;13810;1481511155;10
2137;18896;1481541296;4
24934;1211;1481510093;12
3372;12575;1481542030;2
1150;3714;1481526439;4
2355;23791;1481520517;14
8507;15368;1481539313;18
20679;23833;1481542289;12
4234;4625;1481548369;14
15329;14264;1481526399;8
7387;14548;1481537679;18
3161;368;1481539404;4
239;24744;1481511780;6
3990;6644;1481531071;18
1148;1706;1481528487;12
18837;10113;1481540410;14
8640;17428;1481534953;4
19492;10750;1481536608;14
4850;19200;1481551136;14
6952;7766;1481518804;4
18348;8505;1481525104;6
8544;3006;1481541993;2
4560;7294;1481547413;14
15214;12142;1481544137;10
1693;6481;1481526807;4
2364;7060;1481535040;18
11884;22653;1481549428;8
6141;2165;1481516415;16
5080;25325;1481513296;2
25069;2315;1481518174;8
4736;7712;1481539350;14
6308;5410;1481539237;18
9211;4998;1481533930;2
8917;25057;1481548555;10
16046;8667;1481527557;6
9880;963;1481536632;10
10308;3401;1481536812;18
5757;12188;1481522434;12
19800;28;1481547553;4
3618;193;1481528396;14
24748;7327;1481522925;14
3382;19869;1481543076;12
4673;8910;1481534242;2
4999;7264;1481548992;8
7861;19027;1481522963;14
23754;2609;1481513139;14
2388;13902;1481549239;18
11588;5301;1481526316;6
25393;3406;1481527638;2
6116;14580;1481541027;14
5004;9430;1481526306;8
1928;5507;1481544449;12
2795;20067;1481543632;6
3120;937;1481543771;12
620;24842;1481542283;10
14262;2398;1481517557;14
20869;25387;1481528112;14
23669;27188;1481514581;14
11399;1312;1481539827;10
1180;21310;1481528312;14
8987;22452;1481539831;10
20124;3790;1481549116;2
2808;19199;1481513121;6
55;10650;1481536269;16
6441;11668;1481535821;14
6945;26100;1481519548;10
11408;8507;1481521470;4
6971;9056;1481525413;16
4730;27106;1481546571;14
6450;7328;1481540254;2
19091;7441;1481535954;12
4922;7423;1481516543;4
139;5018;1481513016;8
11014;25042;1481515318;4
21385;5408;1481549628;14
12714;10539;1481546952;10
19861;20340;1481548433;16
7984;23086;1481549343;8
17534;9468;1481528076;4
20917;27535;1481514624;8
19873;1034;1481509600;6
26240;14130;1481539261;14
7312;11042;1481539533;2
8280;11155;1481547032;2
4034;8349;1481527097;6
18175;356;1481521467;8
16805;22680;1481550223;12
12945;1382;1481525943;18
6586;7142;1481522815;4
7897;24711;1481527570;4
2340;11069;1481522743;2
9362;15519;1481510156;2
10492;6996;1481538326;18
19872;3723;1481542803;6
19215;6714;1481527011;8
10348;10531;1481525592;12
9417;9863;1481550529;4
7792;6012;1481517405;2
23753;1972;1481514458;14
2522;5722;1481514640;2
8685;18173;1481550949;6
10542;7475;1481527570;14
6421;15081;1481535089;2
1566;13882;1481548005;14
3572;24508;1481538763;16
22311;8349;1481533078;12
14555;6193;1481515760;4
1078;10107;1481526629;12
25362;14624;1481513478;12
12227;15230;1481535668;10
17480;1487;1481522993;16
19077;6551;1481523163;18
1735;18099;1481535714;2
14433;6416;1481520897;2
11371;14448;1481532071;18
21758;2157;1481517294;2
1702;13783;1481537723;12
15088;19555;1481535148;8
183;7340;1481539361;8
12244;3087;1481531558;16
27335;6857;1481539675;8
7004;12795;1481520803;14
18845;12157;1481532939;10
17253;7157;1481521592;2
19799;19795;1481511640;10
1207;6603;1481510947;10
10222;4105;1481511806;10
10317;10281;1481517808;2
2910;2375;1481511803;12
1181;13260;1481530900;14
10797;24753;1481515573;12
10426;24446;1481511533;14
1112;6031;1481525432;18
14910;6529;1481526317;8
11831;19490;1481535401;8
4799;10680;1481549394;14
2962;19878;1481517750;2
5099;1407;1481522459;4
6012;6685;1481537885;8
1039;10833;1481543642;8
24426;9462;1481510821;12
5735;1194;1481526499;16
3021;5756;1481541378;8
4658;4724;1481524889;8
7561;4953;1481523294;6
9205;9471;1481512491;10
1731;4625;1481531356;6
13678;20864;1481551055;18
1157;4681;1481537784;6
8462;11004;1481538718;4
4854;2014;1481525341;16
15484;3077;1481548267;18
8781;10182;1481532830;12
20681;15241;1481529772;10
2606;6626;1481542046;14
11223;5492;1481510602;2
17891;1258;1481546081;6
15762;25339;1481526150;4
27172;23541;1481548060;18
9992;5334;1481520770;12
2370;10504;1481525389;18
120;8975;1481523072;6
8449;10564;1481515130;18
4504;4730;1481549352;4
6365;27337;1481540988;10
8558;14229;1481520468;4
16651;3736;1481522189;16
11950;20545;1481545900;8
6688;8348;1481544444;8
1229;27391;1481531447;4
12234;8573;1481548882;4
1006;6440;1481518645;4
23357;17795;1481533321;10
7104;10529;1481535675;2
5995;18336;1481533367;8
3060;10675;1481547493;10
5771;19940;1481512352;18
7180;18207;1481511050;2
5329;6967;1481527662;18
13786;6461;1481510830;8
3387;3;1481517550;18
13346;18898;1481533708;18
3598;26040;1481544950;10
4481;17885;1481515116;2
11119;8517;1481549648;10
14004;17308;1481522968;10
620;2147;1481516328;8
1236;10904;1481528471;18
8919;6478;1481537161;4
11902;18199;1481547707;12
8248;14626;1481548729;14
1537;11801;1481541543;4
20944;17389;1481528424;8
5028;7600;1481543939;16
23757;1197;1481523972;14
6264;11895;1481515464;4
10268;9791;1481523176;18
20704;6298;1481532018;6
6721;25549;1481519865;8
16321;27039;1481535445;10
25378;25447;1481517164;8
12726;8692;1481528626;14
7553;10319;1481547185;4
1225;16781;1481542982;10
3947;20113;1481521582;18
242;8763;1481514257;18
24663;1360;1481519677;10
20867;1374;1481537896;8
7348;13902;1481541759;12
18898;16351;1481509907;14
1797;3005;1481529971;2
11064;4559;1481535992;18
7155;3061;1481542959;18
6231;3628;1481512938;8
9569;401;1481526723;18
4357;9198;1481544813;4
4522;11414;1481518090;4
3786;6352;1481523831;12
3127;4273;1481542836;16
19487;17027;1481509707;16
19277;3949;1481518160;8
23172;12328;1481523722;10
24417;9197;1481528659;4
6576;12280;1481523852;4
12336;7700;1481541666;10
20913;5772;1481535003;14
18328;18946;1481518955;4
11596;9991;1481532643;10
7577;11177;1481547606;12
24663;22537;1481531249;6
5996;2954;1481550502;8
11389;5909;1481539212;16
7173;3377;1481543918;16
7401;10288;1481518130;10
2159;6726;1481520974;10
16117;4181;1481530841;2
5772;8277;1481509959;16
9257;10834;1481543401;16
27159;19091;1481537459;4
6105;2983;1481548867;18
10990;4759;1481513070;6
11248;23140;1481518850;4
2984;23467;1481512372;6
959;1511;1481537534;6
4006;1863;1481529798;12
17850;13204;1481522486;6
1068;11153;1481533316;10
19876;8372;1481527694;12
24734;18913;1481548542;6
21289;23468;1481526641;14
18334;1366;1481545118;6
4242;10837;1481532021;10
2876;10271;1481541978;6
4311;189;1481524990;8
24934;27324;1481512674;6
23831;380;1481550363;4
4682;4926;1481528811;16
20973;27276;1481516137;8
107;4240;1481545580;2
12374;20994;1481534135;18
1724;27334;1481517933;16
20689;7997;1481535270;2
5894;2125;1481546884;14
10022;178;1481537890;16
6283;13785;1481531552;18
16138;27447;1481522631;4
7043;391;1481548063;10
18802;24651;1481533548;8
15034;25285;1481512502;14
27536;11009;1481528260;2
1038;7714;1481543492;14
27334;9566;1481514026;10
10422;20427;1481538844;18
12027;23151;1481534289;16
6312;19489;1481540291;12
13826;16191;1481546365;2
7418;19821;1481523855;12
17172;5419;1481529278;10
8973;7365;1481531855;2
12328;6014;1481549078;2
1552;1025;1481536206;8
9403;25370;1481541215;18
3291;5053;1481540276;8
26476;19790;1481541697;12
7584;25071;1481513801;2
22939;14793;1481550955;8
13879;15304;1481523660;6
15215;27412;1481528237;16
17360;16191;1481549729;4
6977;18078;1481544574;6
6921;1970;1481540309;8
8450;17032;1481520056;14
6137;8464;1481544706;16
18858;9807;1481533832;10
9473;4902;1481547619;4
7815;14875;1481536319;16
8668;8369;1481522622;8
4275;18913;1481516879;16
27142;7550;1481519229;18
77;14778;1481534129;2
7599;7540;1481537503;12
19498;18466;1481549585;14
7339;27478;1481549455;8
9645;7104;1481547839;18
6191;19060;1481523911;8
21842;3072;1481509620;16
9737;15393;1481525944;14
12244;9223;1481547237;16
7957;8711;1481540075;18
19723;2835;1481533557;8
1118;259;1481537282;16
13774;20098;1481518279;18
10122;1500;1481539805;8
14004;12642;1481540474;4
10163;6137;1481537950;12
6210;12309;1481533155;16
14557;11026;1481546240;8
10880;11113;1481526605;14
4276;24449;1481524455;4
9765;8135;1481535360;8
19487;6287;1481524675;4
24540;1341;1481511857;18
14956;16307;1481532833;14
6309;15036;1481525081;2
17253;6583;1481524529;6
6721;10985;1481513371;10
16797;19818;1481548567;16
4006;9005;1481547682;10
11394;6202;1481544961;12
3737;25040;1481540252;6
9486;7236;1481543097;16
17027;2752;1481514547;6
10104;6147;1481522671;2
23161;5882;1481549388;4
10596;21504;1481519659;16
3287;20937;1481527197;18
16811;7873;1481549640;12
7973;8277;1481510399;6
17258;20643;1481524931;14
405;2138;1481521933;18
17537;2363;1481544049;6
22662;6766;1481528590;8
27231;5419;1481545081;6
20530;27282;1481542202;8
8698;2164;1481550512;2
9488;2162;1481525025;6
14636;3749;1481529690;14
9803;10722;1481511400;6
9861;9837;1481518246;12
14152;3495;1481522938;4
11395;8442;1481518929;12
9197;21485;1481524790;10
18512;10513;1481550862;4
7446;15648;1481550519;2
1843;11035;1481521815;16
3023;4546;1481525111;16
27186;8110;1481537886;16
7964;9;1481545460;12
10846;4569;1481547968;18
19963;2767;1481548413;2
5732;8367;1481515522;4
10071;15980;1481512039;4
11036;231;1481534243;14
9383;8317;1481543097;10
11770;22159;1481531100;16
4029;12227;1481528191;2
24508;4522;1481551114;16
115;13137;1481516369;4
22271;5420;1481514753;4
3740;20094;1481522420;14
19536;24570;1481525583;16
5417;21003;1481531800;10
27474;19372;1481518259;6
19803;4336;1481537825;4
256;4010;1481510791;16
1592;14915;1481530792;14
2821;9974;1481529458;8
15452;342;1481528925;8
136;1769;1481541243;14
17162;25433;1481520160;4
6271;1899;1481522704;16
10248;11793;1481528014;18
20950;20976;1481530105;14
18150;11390;1481549581;10
26211;17022;1481544567;12
8547;9999;1481531340;12
1553;2725;1481542513;12
24532;13813;1481516913;18
11630;7612;1481544824;18
427;14289;1481538125;12
23348;7597;1481528743;6
10011;8017;1481530350;12
26104;21480;1481532714;12
9194;18040;1481510909;8
111;5528;1481522734;12
27448;3917;1481530520;14
22936;27427;1481532871;14
306;3699;1481526909;10
20634;23055;1481539662;14
11060;10331;1481531361;14
22614;5426;1481539397;10
141;14625;1481527243;10
6967;4348;1481537977;2
8877;5933;1481529830;10
1924;12585;1481543560;6
8253;6289;1481515356;4
1160;1136;1481528574;16
18348;10766;1481530761;16
10845;21388;1481542190;10
2329;9241;1481540862;12
9077;19585;1481525679;18
4607;2820;1481529072;16
7861;5762;1481548070;8
19945;5748;1481521580;2
7037;1494;1481513555;18
1452;17467;1481515478;6
8309;23739;1481529616;4
3538;15014;1481528528;14
9478;25000;1481542670;12
16843;17168;1481536195;18
4547;21839;1481516323;14
6320;27039;1481520065;16
16194;17847;1481514254;12
10508;9566;1481540460;2
4564;22442;1481517325;16
1767;10067;1481549204;12
4105;19593;1481550884;10
8005;7047;1481536416;6
3649;1851;1481524962;10
7610;12058;1481513620;18
10070;9766;1481536294;12
4024;1075;1481509567;12
11768;18845;1481537103;16
7881;8685;1481532268;18
4919;408;1481535714;4
1733;24956;1481531259;18
15784;7005;1481537729;6
5119;4359;1481518773;10
16858;8476;1481538130;6
21089;1278;1481514531;16
10989;5805;1481547408;6
11413;11109;1481520157;12
7898;19573;1481531313;8
1129;361;1481547107;10
3992;8935;1481523839;10
45;26114;1481516829;6
14272;4026;1481519765;12
10307;7312;1481510576;14
25185;9831;1481515515;4
19900;4523;1481522266;14
12389;8636;1481524291;10
5609;15409;1481540054;10
19228;2417;1481512054;8
8894;23031;1481517515;12
257;11908;1481515631;8
8386;3682;1481510547;18
3688;3749;1481510075;16
3279;15083;1481523983;6
1688;1953;1481533741;14
16888;5957;1481528630;8
15747;10415;1481529120;8
18355;9286;1481509762;6
6731;19313;1481539344;6
27175;1857;1481512992;8
4847;4529;1481513021;12
18466;27374;1481547583;12
62;25052;1481532887;12
8635;10534;1481515824;12
5731;10326;1481549236;14
4960;18807;1481546996;14
198;17503;1481550755;6
10473;27020;1481513857;12
21298;4510;1481526112;2
11605;8579;1481539745;12
1965;16803;1481544015;18
4012;11391;1481520385;2
5613;4220;1481527157;4
1039;5085;1481544835;18
6580;21376;1481537531;18
19549;11179;1481531344;2
197;5417;1481524727;18
25369;9294;1481519115;10
1073;7308;1481545722;10
10378;7435;1481542712;12
1628;7877;1481524074;16
4820;5104;1481517907;4
18149;11567;1481522383;16
7894;21363;1481526062;4
20984;4925;1481538375;4
17871;15731;1481515404;14
6221;5705;1481535565;4
2418;12398;1481523225;4
11609;7910;1481548134;2
9419;21801;1481544455;14
25052;27557;1481535006;6
26303;7363;1481516658;10
19075;21231;1481530796;12
20465;20461;1481521407;4
14494;21223;1481550545;14
18190;11751;1481551114;16
12644;12159;1481527984;8
23541;4360;1481550526;12
4958;4158;1481521876;8
21086;162;1481514801;10
9404;8950;1481512204;14
22644;22958;1481540859;12
20981;15084;1481523801;12
6246;16802;1481536105;10
7519;1773;1481516485;8
435;2827;1481531491;2
6659;16369;1481521634;12
11947;16858;1481542202;8
8965;9879;1481518356;14
6868;4234;1481516104;14
27229;35;1481533366;4
4188;23618;1481526158;8
7606;15078;1481518409;10
25189;21089;1481535448;2
17294;10673;1481510424;2
3648;12020;1481529014;12
4608;8434;1481527328;18
6554;30;1481525091;16
1310;21497;1481525312;12
19533;17757;1481549385;12
8464;6304;1481548835;12
8740;2806;1481547948;12
19093;23889;1481532788;4
4594;7170;1481540020;16
12818;6471;1481519535;2
262;1732;1481514267;10
6469;9366;1481531512;18
1332;10674;1481530805;4
24294;10498;1481546692;12
11630;19532;1481534207;4
21315;27412;1481525217;16
19549;9288;1481537803;14
7692;11958;1481529084;8
5998;3060;1481515558;4
5245;27475;1481518349;4
27086;14708;1481511134;18
1253;9842;1481515857;10
2769;16851;1481548497;6
26166;5921;1481550813;2
25394;19549;1481531158;12
3750;1575;1481511675;4
25533;1095;1481547366;18
3947;6813;1481515482;8
17467;16362;1481548884;10
1386;561;1481546810;18
5263;5817;1481542343;6
7888;15738;1481543846;8
17004;4741;1481544340;8
9815;8531;1481546322;18
23727;3507;1481512722;6
6794;10773;1481523593;6
24370;6605;1481524258;8
10185;4526;1481535024;8
388;23328;1481544256;4
8425;15114;1481539681;16
9837;20740;1481540447;2
12037;1001;1481547446;2
1798;13080;1481519034;14
14953;20121;1481542347;12
6013;8021;1481544301;8
1721;22627;1481532883;6
16141;10027;1481527360;14
22463;124;1481541853;18
6941;2389;1481539070;16
6360;16832;1481525626;4
1700;429;1481531118;12
14555;14823;1481529935;16
11215;12311;1481528048;2
7936;2346;1481537681;10
24726;17515;1481521563;16
10325;19758;1481550254;14
9464;1926;1481527578;18
15485;17539;1481534137;18
8373;8157;1481512818;4
26038;15240;1481525765;18
9185;12868;1481532847;14
6137;7513;1481541960;18
15403;3978;1481511253;10
49;20404;1481518374;2
11050;18332;1481539420;8
5002;21386;1481528249;16
23155;357;1481543425;16
9800;20094;1481517376;2
17278;221;1481543209;8
16094;6593;1481525183;2
1742;1018;1481533091;16
12644;14894;1481540205;4
11377;3091;1481514624;4
6016;17442;1481535049;8
3015;27061;1481548809;6
7609;6580;1481545237;4
26218;23082;1481536651;8
9157;7834;1481510016;18
21368;24934;1481529436;8
27375;8872;1481518852;16
1488;6636;1481539015;18
1039;8110;1481522595;10
1357;6306;1481520153;16
6321;1712;1481542460;6
7266;2727;1481515807;12
6941;6115;1481526597;16
27375;5585;1481519277;8
13263;19570;1481512929;14
12098;19302;1481515080;10
25062;27420;1481520056;18
19530;4777;1481512079;10
4901;24752;1481520509;16
10317;27410;1481548962;4
19770;5990;1481524741;8
3349;9243;1481533046;12
6214;5602;1481521877;6
9518;20917;1481550156;18
6858;8506;1481523882;10
23738;5899;1481529875;14
35;16826;1481549699;14
20479;1645;1481520696;6
23740;19372;1481511069;6
5971;5650;1481511302;14
10259;9547;1481526698;18
4559;4692;1481512955;6
2320;971;1481515915;14
24710;1931;1481548090;4
5395;6686;1481533728;8
1544;5025;1481540029;10
3726;6992;1481545406;6
12649;24141;1481547013;2
5628;7495;1481538813;10
15224;6192;1481548570;2
1313;4899;1481519562;10
10313;10230;1481545760;18
14585;13977;1481546092;6
10380;10120;1481535789;6
12062;15097;1481509857;16
19535;17253;1481524154;16
9003;3164;1481521752;18
2996;18051;1481543225;8
10665;19210;1481541715;16
17483;4799;1481534910;4
7540;19050;1481532111;16
1704;1737;1481545207;8
17429;15992;1481545894;2
24997;24963;1481526216;8
6543;20114;1481540070;16
25405;11769;1481518123;14
27457;3289;1481529798;6
6714;25166;1481521956;6
21806;8501;1481512728;8
903;18860;1481514973;18
17269;12731;1481549597;12
1960;1707;1481538241;10
19578;9418;1481541485;8
9300;23550;1481510873;18
8520;14439;1481547557;4
3291;22506;1481522383;12
14859;7710;1481543920;10
18066;7602;1481539789;16
11170;12650;1481525292;12
17150;4037;1481513354;6
17034;7458;1481521179;2
6854;4036;1481547563;2
13903;20099;1481534898;8
566;10193;1481530737;4
9904;943;1481518881;10
25284;24989;1481521637;18
3918;11121;1481533989;12
27101;7397;1481521535;4
10319;16043;1481547331;8
13123;24284;1481518221;4
9553;5487;1481545787;12
10098;19093;1481537138;18
24139;17512;1481533985;14
10614;10668;1481528556;12
20123;1874;1481544967;12
20310;20925;1481544107;14
100;16308;1481528515;6
1172;7446;1481522722;12
12150;7838;1481528768;12
24239;2399;1481548348;16
414;5265;1481520977;18
12757;10116;1481537947;4
19549;12389;1481528960;10
23114;18464;1481528798;12
10749;5817;1481531051;4
5283;10828;1481521113;2
10812;26470;1481548239;14
15996;24744;1481517994;8
7481;20196;1481535486;10
8520;9800;1481536481;6
3;16914;1481511887;18
3970;11800;1481526131;4
7943;22989;1481526541;10
11594;18339;1481537090;18
24250;4506;1481543840;14
14587;12518;1481528613;8
5391;24711;1481535156;2
23850;8437;1481535062;4
14264;17377;1481514978;18
23328;25547;1481538208;4
4177;4184;1481537430;8
426;16362;1481531113;8
26104;18103;1481548267;4
1534;25346;1481525345;10
23038;6476;1481530197;14
4785;7628;1481539226;14
15962;10877;1481534184;8
5505;8450;1481547398;18
20521;10366;1481539401;6
1229;10017;1481526186;10
1222;7833;1481542735;2
16196;14242;1481523689;14
1979;20299;1481549277;10
1078;4701;1481543350;8
4031;6557;1481522050;16
6952;9894;1481509795;12
25467;4568;1481517169;4
1098;86;1481512775;10
1892;1504;1481514842;16
11892;1085;1481527777;4
22133;20790;1481528444;18
6454;18214;1481531120;12
1448;25520;1481535394;12
6173;6932;1481525830;2
8089;9647;1481523789;6
2789;24934;1481511067;4
21379;16927;1481532578;10
20318;4862;1481532573;4
11869;8591;1481515675;6
17485;6712;1481532470;16
8690;10159;1481518106;16
27199;6717;1481527670;6
1416;392;1481517688;6
18098;8566;1481532054;4
6830;16927;1481549455;16
7099;9427;1481514092;12
6684;9515;1481515180;6
241;26147;1481546062;18
4848;4907;1481534394;6
6222;27433;1481519781;14
21375;5954;1481536958;10
6430;17488;1481548935;18
23262;25159;1481546043;2
6994;8441;1481525526;8
6451;6696;1481537600;2
10269;27056;1481546360;10
6821;1028;1481547655;18
19200;25194;1481549117;14
4937;7764;1481536357;8
1619;17174;1481524698;12
17149;23341;1481511023;18
3953;4996;1481547850;4
8030;1291;1481518196;10
11028;18051;1481519296;16
7408;5085;1481532733;10
10211;9899;1481531184;10
10006;9002;1481532380;12
7532;4007;1481509581;12
21443;25535;1481545014;12
1431;18150;1481534611;6
22964;93;1481522234;14
9671;15766;1481544972;4
27004;8088;1481533449;18
9297;8896;1481535175;4
17547;331;1481517415;12
11765;2282;1481523102;16
1970;27336;1481531810;10
7087;25261;1481530962;4
3399;1569;1481539131;12
2982;23760;1481530173;6
25401;16796;1481528792;4
9602;21288;1481545054;4
1372;3133;1481522504;18
9623;15250;1481531705;16
5764;17405;1481515742;6
18860;20935;1481529935;12
5980;8049;1481510449;4
18215;23016;1481517670;16
22445;14133;1481537302;8
27466;13209;1481513348;2
19873;17892;1481526962;6
17397;8634;1481523278;6
6824;10031;1481533540;18
9170;3272;1481545753;16
23030;6476;1481536629;8
4530;5439;1481541225;10
20946;18339;1481514187;2
7911;8075;1481549223;18
240;5943;1481537708;12
1125;11248;1481548026;16
13200;5334;1481529993;18
107;11625;1481545386;4
2154;1484;1481526085;6
21232;24654;1481534987;10
8696;1220;1481522927;16
10355;231;1481514072;12
2016;10473;1481521194;4
12414;25388;1481548107;2
21097;2908;1481516896;18
8800;9560;1481520811;10
9848;11917;1481550019;16
2275;9184;1481526144;16
10634;22934;1481529531;8
6115;7527;1481530057;18
19312;20023;1481546049;6
21387;17459;1481547342;18
1439;8044;1481527868;2
9962;7610;1481538794;10
6711;7090;1481521310;8
1721;4593;1481512502;8
5886;8549;1481513315;10
4990;11954;1481514935;10
11412;375;1481532709;14
3949;1039;1481530596;14
8465;22292;1481526057;18
18906;20395;1481519001;4
21002;23892;1481530436;12
24929;15998;1481549754;4
25043;10878;1481539790;16
24174;8897;1481535606;4
22492;7602;1481529432;10
20576;13758;1481541336;18
3066;4228;1481544375;18
126;20048;1481527819;6
2795;1684;1481545278;12
4879;24136;1481523859;10
3003;2730;1481536741;14
14799;14862;1481542321;18
12773;6638;1481530480;10
22169;10905;1481509908;8
20943;6628;1481547759;4
8756;8888;1481524973;4
20539;7087;1481542383;2
16045;19022;1481530791;6
14878;9538;1481511503;18
18332;16195;1481539705;6
9841;7505;1481548653;10
24134;18872;1481550841;10
27042;10268;1481532246;14
12775;9869;1481517232;6
1720;15355;1481546284;4
12419;14547;1481524166;8
11122;2746;1481516310;14
1074;19224;1481519307;8
4771;27481;1481531891;12
19550;4304;1481528247;2
14692;25053;1481545551;18
10100;2401;1481516648;2
15116;5612;1481528023;18
25034;6403;1481518080;18
24089;9464;1481541055;2
935;26219;1481534327;4
20361;4679;1481519206;12
8570;26161;1481549588;10
13203;14637;1481528184;14
7553;19943;1481530005;6
14962;9020;1481526881;8
3162;11905;1481537520;6
14713;13986;1481520918;6
20154;19910;1481527531;2
20132;1150;1481532391;6
1593;17508;1481541730;2
25;2793;1481523792;14
27476;5034;1481517216;18
10355;5512;1481540457;2
10926;6557;1481547940;8
10726;5735;1481550303;12
9968;2128;1481535570;2
20367;8546;1481539397;18
1274;15114;1481523363;2
1958;5389;1481515664;4
25366;23016;1481530202;6
7340;11134;1481549826;4
2282;20947;1481515333;6
22135;4808;1481539889;14
15346;6502;1481510357;16
11885;19710;1481527906;14
21678;7269;1481520509;16
9545;262;1481548051;2
16847;2960;1481533977;4
8318;4679;1481515159;10
10671;20971;1481542022;4
3713;20527;1481516570;4
23349;4751;1481517846;6
5437;7599;1481520525;12
8997;4642;1481529750;2
5691;22502;1481524323;4
10907;24508;1481518189;14
15307;9739;1481533654;8
4214;18846;1481520359;4
23140;15135;1481527864;10
24748;8052;1481516288;6
27105;2728;1481535499;2
8502;8916;1481535414;14
14658;1816;1481537329;16
11389;27448;1481528134;2
4217;12561;1481537269;12
17800;5424;1481534638;12
10090;1341;1481536125;14
3507;6779;1481539864;6
6500;9971;1481547144;6
13796;2812;1481537268;6
7714;12641;1481550989;2
3546;3954;1481527621;6
3083;1625;1481536936;16
8420;4027;1481529881;2
7054;4773;1481536342;16
12576;13495;1481527930;16
10735;21086;1481514709;16
11386;18201;1481528661;6
3906;7362;1481517335;14
3009;21386;1481523328;18
4287;6643;1481548669;4
8233;23830;1481542458;4
5016;18078;1481523546;18
10025;20782;1481544155;4
14872;6252;1481515278;10
165;9391;1481538985;8
14584;27060;1481519085;14
7638;10004;1481537486;14
22134;1915;1481548097;18
7689;6504;1481540833;16
3955;14229;1481546218;6
10689;4566;1481533357;4
10064;216;1481526664;18
4723;18912;1481534452;18
1048;8899;1481537495;8
8027;27203;1481543370;16
5993;14240;1481527415;16
1568;4979;1481516039;14
2881;14780;1481546957;8
8280;25185;1481512506;4
4802;6621;1481543814;10
7707;1315;1481544317;12
11991;12744;1481510493;12
5649;26128;1481510728;10
366;12788;1481516529;18
18261;7258;1481547721;4
7371;21086;1481531832;6
14900;10909;1481517000;2
18342;2810;1481541951;2
15320;2015;1481524978;6
26034;3087;1481546735;10
1853;3753;1481539624;2
156;12421;1481520506;10
18511;10413;1481510655;16
8762;11407;1481541119;14
9054;1010;1481514737;2
20303;18155;1481530265;2
2280;7699;1481549434;2
13183;7892;1481525626;16
1836;11785;1481523330;14
11146;1720;1481547946;2
10419;301;1481549067;16
23867;12222;1481548170;10
20401;12083;1481539416;6
1877;2164;1481512721;6
24173;2979;1481511815;16
11727;8330;1481520903;6
5784;16652;1481544709;4
958;2278;1481548200;2
4961;20035;1481513438;14
11378;24089;1481547811;2
7458;14219;1481523356;6
22958;17297;1481521185;2
27268;222;1481550854;8
23140;19593;1481539521;10
1401;14141;1481510451;2
14892;9883;1481514262;6
3690;11892;1481546781;8
26036;17793;1481532505;16
11941;1837;1481528297;18
15374;20921;1481536567;4
19454;24970;1481534443;14
6015;7564;1481522738;2
9004;9363;1481536065;16
22795;3462;1481511949;16
11;20974;1481539204;18
2953;411;1481526159;12
3015;4524;1481535172;10
19558;7244;1481511939;2
8153;6418;1481512526;10
12374;6869;1481510489;8
12583;11133;1481515096;16
24089;4362;1481536204;12
1428;22316;1481550645;8
6575;3393;1481547632;14
1789;7142;1481546906;18
14136;9988;1481543072;16
11156;17457;1481538431;12
8665;6223;1481547517;6
11949;9442;1481540559;8
10802;11141;1481515408;6
25072;14448;1481523646;16
4954;14198;1481526066;12
2415;12699;1481528103;12
960;20908;1481522232;18
23865;20328;1481533178;6
8939;21807;1481532288;18
3899;1794;1481548597;16
6359;11044;1481532006;6
6112;9747;1481545413;4
22473;12143;1481522897;6
7290;7293;1481535258;14
9192;4921;1481519482;16
17539;23522;1481518805;2
23016;2428;1481515866;18
1306;5905;1481514654;8
1638;5650;1481525021;16
14569;7389;1481550595;12
15241;6729;1481544639;12
6529;11880;1481540416;10
24750;15735;1481513919;12
7392;6674;1481516579;14
1232;27008;1481543572;10
10503;20463;1481524042;2
13681;7910;1481548188;16
27047;22992;1481521655;10
11099;7762;1481535452;8
9836;23082;1481534312;2
17282;16197;1481518552;16
20015;26477;1481516263;14
20418;8346;1481512687;18
22292;11904;1481518745;12
10735;27102;1481544715;4
8470;17508;1481525741;2
6454;6664;1481525374;4
20372;16369;1481520237;16
1002;3279;1481550458;2
14006;24471;1481543349;8
5715;4858;1481540423;4
17673;12156;1481525004;2
13902;11177;1481527451;6
4290;3986;1481525844;6
7572;18202;1481510509;16
8058;19228;1481530066;2
12730;1034;1481539922;8
7577;20403;1481510201;2
17025;13821;1481548184;18
1035;12116;1481529157;12
5992;11588;1481518158;16
1095;13214;1481541950;4
22254;11086;1481545629;18
20573;15099;1481544956;12
4953;3389;1481541524;14
8577;15310;1481536976;18
7569;7715;1481542186;10
16291;19576;1481524055;4
6841;12033;1481532904;4
101;10649;1481536951;14
23619;11142;1481534011;16
27552;7277;1481524252;16
386;3678;1481525781;18
22272;25368;1481547713;10
4953;10189;1481519775;16
17262;6487;1481522292;8
22960;17278;1481534695;8
13220;6801;1481549618;6
8095;8479;1481510320;6
19091;21090;1481540892;16
4727;23645;1481546803;14
8366;11025;1481529655;14
7079;14956;1481547661;4
12141;9895;1481542526;8
8936;6288;1481514638;2
4210;6995;1481528706;18
4797;247;1481521185;12
6876;15303;1481527150;4
2116;9383;1481544138;18
12089;10403;1481534928;4
8755;7964;1481535094;6
11416;1093;1481538029;10
25369;3465;1481528910;14
9300;2287;1481525334;6
891;21383;1481528129;12
8740;21731;1481539620;18
1089;7684;1481510402;4
6108;27506;1481522657;6
1154;5968;1481546995;10
12137;6692;1481524382;16
4796;13343;1481510170;6
3599;4167;1481542313;8
22148;18958;1481514906;2
3274;1418;1481551000;2
8397;19923;1481539455;10
10226;4840;1481535499;10
3594;15521;1481513416;18
4204;17488;1481543008;2
4668;19284;1481526369;12
4768;4053;1481524004;4
1087;2012;1481547662;18
6314;11088;1481517936;10
13824;3779;1481522954;2
8015;7910;1481541936;2
8444;8573;1481522484;16
9103;3698;1481519208;10
7333;3015;1481540536;4
887;26107;1481522242;18
12278;18341;1481534485;14
3791;9819;1481546517;8
23893;4766;1481545941;6
27205;16874;1481511882;16
6607;4516;1481547234;10
3247;25185;1481516605;18
20917;2139;1481522815;12
11114;7529;1481533034;16
8239;7837;1481549373;8
8598;14654;1481549708;12
10546;25003;1481538639;4
17362;12420;1481549141;16
9356;23469;1481544945;2
22527;19932;1481533111;16
7077;21077;1481546199;2
3410;4246;1481519096;2
25356;11387;1481509858;6
16302;5685;1481550697;14
10469;26071;1481547995;14
6936;1040;1481543574;16
1067;7877;1481549491;10
6929;3424;1481529835;14
4690;10677;1481546726;6
6736;15765;1481539210;8
6641;17794;1481531423;18
23056;18876;1481550326;18
16099;6488;1481519586;10
19867;27042;1481544875;18
27553;11213;1481544011;8
15747;16094;1481510322;18
4627;7965;1481546754;12
5652;273;1481513717;16
1735;8386;1481516948;4
10460;18310;1481531439;18
17875;7097;1481533123;10
17152;9483;1481521703;2
3281;14256;1481535426;14
22540;7258;1481510959;4
4336;11135;1481515965;12
7032;16181;1481549339;10
7524;14165;1481513911;10
7333;15998;1481528616;10
8955;9363;1481537428;14
10881;7674;1481533867;4
9548;8388;1481511289;6
9464;1533;1481542013;18
11241;10803;1481539978;14
10614;5424;1481513203;12
1504;2356;1481547556;10
1406;19819;1481547429;8
2331;24442;1481512442;12
17298;23662;1481527109;2
3165;15230;1481528742;10
14543;6521;1481523843;16
21482;19212;1481524019;2
7561;19873;1481547191;4
9511;1245;1481528218;6
1951;10381;1481541597;12
21076;11021;1481512797;12
7964;11373;1481540233;4
6690;21321;1481533229;6
6499;4691;1481550005;18
11886;12043;1481521356;6
27230;5740;1481531595;6
12160;7312;1481534286;6
7594;22143;1481519612;8
10494;8594;1481512779;12
13875;7644;1481518826;2
17454;7379;1481547116;18
25250;4863;1481514986;8
8410;12286;1481547706;18
6587;7078;1481539261;6
27012;11231;1481548525;2
10376;7420;1481516582;6
6373;6250;1481527663;16
20290;7267;1481525677;14
6305;9247;1481513684;8
20906;8143;1481534716;6
18341;5416;1481539113;10
4055;17264;1481517449;12
3127;10191;1481514755;12
5691;1589;1481550743;18
15379;6128;1481517565;18
25068;8418;1481527094;6
25050;10671;1481520408;14
7422;25532;1481531113;2
23117;311;1481526786;8
10749;27311;1481546163;4
12037;8949;1481534697;12
6577;6349;1481524475;8
6913;11482;1481531583;10
1779;13202;1481547459;12
20392;15988;1481517743;8
8954;5847;1481514914;4
23350;8803;1481519473;10
2611;6133;1481536747;18
1706;12019;1481514365;12
21379;15352;1481521564;10
17481;15229;1481520041;18
15021;25532;1481527721;10
81;14633;1481524022;18
17031;27488;1481520446;12
4281;11766;1481530117;14
989;10273;1481530403;10
37;4277;1481545595;6
21805;11069;1481536190;16
2346;2386;1481547533;10
10989;4214;1481541288;6
1219;6182;1481546484;12
2290;11694;1481521861;14
10387;4843;1481544305;4
2018;13863;1481512194;14
1321;11989;1481510759;12
10714;4801;1481525545;18
7840;16369;1481550178;2
16532;8278;1481547368;12
409;4345;1481511005;6
5027;17160;1481537068;16
6765;10666;1481513648;16
1643;17231;1481527667;8
12407;7852;1481531516;4
18180;9178;1481519129;4
11615;15098;1481541963;2
17430;1511;1481530905;4
14625;7965;1481519428;12
14264;23338;1481510297;8
26157;2354;1481515732;6
14917;15312;1481536172;6
6018;27175;1481512144;16
11154;25706;1481545440;14
7768;6120;1481531899;10
5954;7819;1481524448;10
3994;25500;1481512489;12
1852;21234;1481516108;10
9262;12308;1481546302;8
20370;5394;1481529718;12
4990;11730;1481544199;18
14962;15380;1481513573;16
4277;2527;1481528982;18
24989;10380;1481545496;6
1547;16121;1481534298;6
7760;25500;1481526881;4
10724;9652;1481533617;2
23740;8306;1481535196;14
8014;2987;1481529535;2
5250;26147;1481535810;10
2985;15216;1481524685;4
23521;3682;1481516201;10
27474;21218;1481516735;14
8745;11140;1481523532;10
1743;6114;1481542147;18
26260;7812;1481548112;10
6660;9221;1481543356;16
5120;19741;1481516148;18
10220;15034;1481550501;2
1096;20439;1481530811;16
8107;20642;1481516426;12
11858;4917;1481521765;4
5487;7535;1481520732;2
8145;8540;1481531064;14
20367;2414;1481524879;14
2392;2755;1481524199;6
10470;17364;1481510905;10
9207;25000;1481509708;4
9057;11219;1481513556;18
8826;1342;1481546317;14
1057;3918;1481514087;2
21493;1021;1481537061;10
27159;2960;1481529672;2
26310;7851;1481519175;16
4358;6714;1481535861;14
21230;6667;1481512182;4
6334;5528;1481549045;18
13883;10720;1481515130;10
81;14127;1481529334;4
7648;17512;1481510309;12
5395;11406;1481532113;12
199;2982;1481533010;4
1907;6960;1481531510;12
5987;27393;1481548887;18
9674;7164;1481510199;12
5886;19220;1481540707;6
26310;17483;1481529633;4
24469;22487;1481521277;18
4625;7916;1481542105;12
17481;5504;1481513153;10
5856;8393;1481530163;14
1733;15139;1481525458;2
1287;1500;1481515411;8
6930;1106;1481509698;14
8048;113;1481510333;10
8122;10523;1481524090;10
20600;27199;1481523224;10
3066;3547;1481540465;14
5906;7475;1481523978;14
9898;8816;1481513563;14
990;238;1481533946;14
9888;18837;1481532596;6
8881;6239;1481515135;2
1622;1218;1481529205;10
10635;13221;1481532010;6
6979;24143;1481514588;16
18802;20983;1481517403;10
7541;19876;1481529281;2
11020;12945;1481548210;4
7342;1887;1481527403;4
7488;14708;1481528539;14
4548;350;1481549339;12
13853;1968;1481511093;4
10911;17376;1481509911;6
4565;4856;1481528712;6
114;10689;1481542139;6
7832;6197;1481517972;10
11742;2797;1481544213;18
16369;5844;1481512783;6
22317;432;1481517353;10
23467;10633;1481541491;4
3776;2609;1481545369;18
26138;4264;1481517693;6
13902;12119;1481542497;14
7911;11040;1481548827;18
15474;7973;1481511341;18
2341;21504;1481534275;2
5866;2831;1481513117;6
7859;12644;1481536270;4
226;22135;1481513341;10
12015;20157;1481526743;16
24;11229;1481546022;16
11567;8658;1481548951;16
7290;20773;1481528381;2
8764;10998;1481521777;4
4324;6263;1481532730;16
7;16022;1481530199;10
21217;1379;1481523270;2
7601;22301;1481533601;4
1728;19520;1481547209;16
23851;14972;1481534481;18
121;3622;1481542448;2
14001;22259;1481540576;16
19226;3627;1481535063;18
9514;7001;1481549912;10
17274;10591;1481510777;2
2399;10194;1481530532;18
9533;20846;1481513841;8
17441;9570;1481529826;16
1316;25166;1481529339;14
13773;9298;1481545824;18
2986;3726;1481514242;2
5035;11378;1481514089;18
20687;6673;1481530849;18
11230;7869;1481537645;2
219;4043;1481527789;18
15312;19252;1481548885;6
994;1246;1481512278;18
21736;7107;1481521209;2
9808;19053;1481524249;14
5672;21739;1481517102;8
14191;4622;1481535339;8
242;4323;1481523141;4
12416;8117;1481548236;18
895;15302;1481538577;6
4964;4757;1481541033;18
8703;2330;1481533308;14
5248;12767;1481543596;14
3047;221;1481512637;14
2145;7147;1481531135;16
27184;22606;1481527995;8
23317;3539;1481551006;18
6951;121;1481535406;18
27539;5354;1481514027;16
10101;1261;1481530207;18
5784;1099;1481523140;6
26164;1170;1481538759;12
20291;14193;1481512919;4
18846;11136;1481531666;6
21463;118;1481528750;2
6679;25076;1481526497;18
4626;11611;1481530955;10
25430;8695;1481539548;10
7875;3072;1481534733;12
9444;3911;1481516087;18
10005;6313;1481533125;8
9887;15308;1481537912;4
10711;27281;1481530956;14
27140;358;1481510570;12
2526;6211;1481523206;6
20756;11563;1481511383;8
2405;6879;1481538105;12
7031;27439;1481525714;2
24355;2361;1481523273;18
11082;427;1481544950;18
3715;1116;1481520218;12
15103;19554;1481514646;14
16126;23357;1481548048;14
1168;23352;1481525130;14
10719;5774;1481543058;10
335;2640;1481534547;12
14572;8983;1481533100;18
8450;11138;1481514181;4
18214;5736;1481530806;12
19306;1682;1481547221;12
17295;9479;1481550079;16
17256;10600;1481549714;16
20224;12913;1481528825;2
6013;8536;1481549339;18
7935;13981;1481547534;2
4925;1662;1481547965;8
12761;8804;1481542838;12
877;13784;1481514854;8
8516;21295;1481518769;10
11111;14803;1481524499;6
23149;10764;1481523760;10
24369;21719;1481546966;6
176;7635;1481512365;4
4176;20936;1481551123;16
7822;4670;1481510500;4
8173;1666;1481521350;18
1059;18423;1481517971;14
7324;5726;1481525076;8
117;8939;1481549832;10
20691;189;1481543462;10
196;3624;1481515536;16
21000;20963;1481520615;18
25413;6611;1481512717;18
11596;10279;1481528785;2
3584;23619;1481519471;16
8887;26308;1481535453;12
8527;14860;1481543426;12
9854;19859;1481531483;4
11849;160;1481540781;8
4731;20887;1481517450;6
4830;5355;1481526407;14
25172;11225;1481540894;8
19595;19199;1481526468;18
22535;2621;1481514364;18
3264;8507;1481516791;10
6973;27403;1481512387;16
243;11748;1481522929;10
17478;20052;1481518650;6
17583;8036;1481517274;18
9550;25000;1481528646;6
27206;1158;1481550532;16
11226;6337;1481519176;6
17550;8510;1481528724;12
21000;2465;1481527981;2
15787;12069;1481541196;18
5689;25074;1481515757;14
10475;2014;1481517075;4
1009;297;1481518622;14
4776;5729;1481512327;2
8828;11238;1481545742;18
7294;8406;1481528634;18
4270;8496;1481519065;14
20773;6284;1481543225;2
4319;417;1481543418;12
13343;8467;1481536288;18
6577;7852;1481512667;16
9561;8444;1481514065;10
22444;12646;1481518380;8
25526;25187;1481513922;6
5942;147;1481529145;4
17482;10013;1481543463;6
14269;6321;1481544906;16
4838;8436;1481532722;8
11064;24355;1481519953;8
27033;10822;1481549710;6
20868;2877;1481512568;18
19852;10876;1481539992;10
27133;19219;1481545609;2
12022;11785;1481546164;4
25442;5428;1481525848;2
5955;9536;1481530196;12
25319;20408;1481529097;4
7404;18847;1481529201;6
9569;20409;1481510468;8
27029;5332;1481532206;10
18845;6720;1481532358;4
317;3716;1481523694;16
6303;9420;1481547483;14
5651;24249;1481513935;8
12074;26500;1481519439;10
5908;19873;1481540439;12
6019;17866;1481548340;8
27413;15216;1481543500;8
4932;18051;1481519618;8
13209;5775;1481544345;16
4839;27331;1481523612;8
424;10282;1481537404;6
1199;13818;1481511559;18
14248;17157;1481530670;18
20341;15999;1481546893;18
12744;4686;1481515427;16
12285;2763;1481517848;12
193;22925;1481516824;16
8401;12155;1481540784;18
20831;20643;1481542771;18
9516;8994;1481519633;2
17170;14139;1481533422;18
1;14627;1481525107;2
3011;7297;1481510413;6
7422;24929;1481529376;10
1922;11592;1481518596;12
4546;4750;1481515081;14
11061;23751;1481516706;10
125;5896;1481543812;18
1898;25195;1481533185;16
15962;2753;1481510658;8
18112;25533;1481524384;12
4223;13783;1481522523;18
2391;19594;1481542379;18
24449;8302;1481528133;4
6118;9323;1481536067;14
6831;19846;1481519885;14
10362;7361;1481543381;14
7547;15461;1481529590;10
158;1539;1481537779;4
11948;299;1481515311;8
15116;8162;1481533147;8
11795;12713;1481527015;4
8600;6020;1481537025;6
6378;2154;1481549243;2
23538;15918;1481548709;10
20634;7439;1481518706;12
18466;2767;1481544786;18
4849;18897;1481522010;8
5864;9369;1481546343;6
20075;8912;1481532701;12
7249;9010;1481537025;10
3120;7246;1481530810;10
6561;7818;1481550859;4
2367;20544;1481524013;8
9148;6432;1481525597;4
9190;13181;1481517356;6
10498;6594;1481511919;2
3414;20359;1481520588;6
15164;6949;1481538334;4
7776;5028;1481525457;16
1336;9169;1481514595;10
17797;14121;1481533147;4
20193;7519;1481516525;4
22991;26473;1481539386;16
9635;23789;1481535642;18
10283;1022;1481510134;16
8649;1924;1481549431;16
3926;5251;1481530960;4
3949;8502;1481539338;8
359;14983;1481529397;4
6363;12022;1481518725;14
4283;8160;1481516220;12
7850;15247;1481510690;16
6364;27326;1481519445;4
14165;13930;1481514079;2
20129;1216;1481518355;10
21316;19593;1481540838;18
27089;5358;1481542196;2
27178;11745;1481510237;2
8307;20547;1481533150;12
20636;12559;1481524699;16
4701;6590;1481535852;16
6851;12654;1481521459;6
22586;5707;1481550062;16
9404;11225;1481523766;2
1664;11958;1481545883;16
20909;3383;1481544715;10
15763;223;1481522624;8
23450;21503;1481511887;10
6290;4812;1481535720;4
27381;11795;1481530604;12
10264;13680;1481517169;8
4762;2725;1481519500;18
5889;18301;1481515193;8
4627;1333;1481531347;10
13859;2835;1481520885;2
4048;12748;1481523305;10
20684;7582;1481540834;18
211;6622;1481522142;14
14935;11104;1481513861;16
4671;3246;1481513377;6
333;10704;1481517265;12
7850;4296;1481518783;8
6227;17398;1481513886;8
6618;1356;1481547700;2
13907;17395;1481549510;14
1091;13678;1481543734;18
2350;6117;1481525331;10
3649;94;1481550562;2
22441;2037;1481519353;14
1136;17334;1481526764;2
15297;12337;1481514405;4
3155;14537;1481515836;18
19527;6656;1481514807;10
12405;13461;1481528467;16
8413;2747;1481538319;4
12092;5937;1481515731;2
8833;429;1481548214;12
24180;21081;1481524298;10
24724;9404;1481509977;18
9311;10208;1481535043;12
17284;14273;1481521017;2
19958;972;1481549294;8
7085;1891;1481551040;8
25384;17418;1481529746;18
3611;23356;1481535088;8
10231;14820;1481547402;18
18905;9315;1481529283;10
6927;14563;1481550582;2
22925;5812;1481510282;4
20910;17673;1481545797;8
20688;9865;1481545350;6
17030;3154;1481517236;16
22461;5847;1481532962;18
6607;11940;1481524678;2
560;7769;1481529349;4
12334;11110;1481533702;6
27377;23900;1481545529;14
3792;8957;1481542203;2
7961;221;1481540576;10
14820;19762;1481509947;6
9286;405;1481538709;12
10071;6997;1481533248;18
12030;394;1481548526;10
12782;18466;1481529804;16
15390;7561;1481522679;16
27195;6626;1481510546;10
3721;4580;1481549110;16
14708;11592;1481546300;8
23891;4848;1481520551;10
2294;24737;1481550093;6
2284;6252;1481550024;2
18859;8525;1481516257;4
108;21000;1481541419;6
14637;7696;1481541439;6
12282;19625;1481534633;2
6878;22141;1481527911;10
2139;15212;1481522258;18
19546;8888;1481535878;8
27385;1090;1481519508;8
6128;1309;1481513791;12
5101;21281;1481532093;12
247;5866;1481509738;14
8157;6810;1481532950;4
11789;4758;1481522969;14
6811;6207;1481525464;10
1969;17193;1481542146;16
2775;6526;1481535742;6
1673;18146;1481547196;14
20154;1196;1481542054;14
16883;5946;1481547678;8
12620;18085;1481521573;2
6936;6541;1481529863;8
8884;6351;1481511882;8
145;15303;1481538755;10
6522;4734;1481520035;8
14895;4782;1481545079;12
4105;11363;1481539719;10
25196;1302;1481513408;8
13200;8751;1481542873;12
10737;25172;1481517246;8
5503;3947;1481543782;18
408;9101;1481536452;18
5934;7699;1481537079;6
5880;24710;1481521319;6
6594;3907;1481538151;16
27159;8091;1481533787;8
17488;10020;1481539831;6
2372;57;1481533113;14
21500;1266;1481536502;14
9309;9;1481514378;14
21085;12767;1481545853;14
10239;11179;1481519704;16
9434;8740;1481539773;18
19080;7315;1481542165;2
15085;13905;1481525481;16
279;1546;1481515424;10
6474;7699;1481515482;12
13821;6964;1481516618;16
3574;17412;1481538553;4
1116;16335;1481528635;8
14437;14962;1481536328;8
3980;8034;1481511022;12
4878;5640;1481531929;14
91;8017;1481525035;8
5813;4056;1481513800;10
20108;7536;1481513995;6
17528;5828;1481547410;2
21504;14626;1481534483;18
9423;26034;1481536837;4
12649;14560;1481538805;4
6475;25542;1481533723;6
4782;1371;1481514526;8
12246;925;1481513626;10
25087;11880;1481526809;8
14117;24563;1481535670;4
21303;13892;1481535721;16
15494;27408;1481528263;10
20757;10508;1481544010;6
20403;20036;1481509671;18
1322;13911;1481544674;12
3459;9651;1481518382;2
10999;11859;1481511597;14
4800;1796;1481537511;12
1103;17583;1481514869;2
9266;22533;1481509969;14
10023;11891;1481533366;10
5474;16678;1481529289;12
15189;5678;1481541735;16
6166;10811;1481533736;8
10925;19764;1481512787;10
20692;15306;1481534741;10
4825;3371;1481529286;10
3605;15008;1481539748;8
9527;3415;1481510999;16
21295;18071;1481511496;6
6574;9661;1481519127;4
1345;8997;1481519331;18
25371;20298;1481549447;14
10808;10734;1481543718;12
9835;19737;1481542286;4
14628;9528;1481536699;2
1588;11227;1481524886;16
3993;23891;1481519121;6
9362;24996;1481516709;4
1980;12372;1481527365;16
6623;18301;1481518822;14
15105;9467;1481525803;8
10686;20146;1481513633;4
8759;15766;1481521186;4
25380;17258;1481534018;14
6581;16911;1481548712;8
2411;17395;1481532202;8
24134;12046;1481529400;6
4951;23849;1481535539;12
1772;23653;1481524980;16
12947;5771;1481548250;14
2371;2798;1481550568;2
6404;3642;1481540429;14
21323;3982;1481540312;12
24254;2605;1481530056;2
6247;14935;1481533280;4
24714;11373;1481511347;4
2280;6840;1481523873;8
14252;19829;1481529613;4
14977;3146;1481538110;4
79;5915;1481521506;16
6232;7913;1481544433;16
20295;17531;1481510208;8
7423;7354;1481523691;8
2892;367;1481550254;2
11033;22177;1481514345;12
4924;8381;1481514651;4
20685;3076;1481537774;10
11043;15750;1481513536;6
4710;2792;1481541741;6
8577;19211;1481541224;8
4589;22938;1481532428;14
13213;23329;1481539446;10
15248;6892;1481516965;2
15323;7820;1481548979;12
6008;20963;1481516892;6
15075;8822;1481529087;14
6191;5921;1481510475;10
14691;26302;1481509803;2
16293;18216;1481516383;18
13287;6721;1481523095;16
15307;19092;1481541040;18
5401;5410;1481541801;10
27207;7809;1481551062;2
20674;24966;1481550717;10
7016;20981;1481546108;2
17191;10000;1481526271;16
25374;22969;1481531808;6
7797;17444;1481521400;12
7451;2764;1481540526;18
5100;17399;1481517564;12
5411;14623;1481516782;18
20974;4010;1481527204;6
19804;27390;1481520118;16
6612;20740;1481541433;10
5694;22493;1481531451;16
19916;7490;1481522426;8
11757;5898;1481511878;4
12030;27031;1481543943;14
3768;11920;1481535746;18
27337;2023;1481522028;6
13889;8948;1481548429;8
24347;10187;1481518947;8
9009;1451;1481509950;12
26476;4485;1481549230;14
14121;5408;1481529512;18
320;27165;1481539942;2
15962;6973;1481535199;6
3536;12040;1481517548;16
19422;25387;1481523583;16
2788;9563;1481514270;10
10497;26070;1481515146;14
19219;9154;1481550203;2
21411;9863;1481543178;14
2350;20132;1481533302;2
11235;11028;1481543484;12
22503;20790;1481534600;16
24743;25191;1481523502;6
25156;2022;1481510313;14
998;9526;1481537029;8
17871;14633;1481518119;18
14889;3390;1481529230;14
6116;9767;1481525349;8
19422;25055;1481526188;4
5507;11777;1481547623;4
406;5930;1481540630;16
13780;10541;1481534458;2
241;14209;1481550136;10
3543;18307;1481539961;12
10772;27003;1481531756;12
4351;14660;1481543456;10
1851;4251;1481520820;18
27326;14988;1481546460;8
19092;14633;1481534531;2
4020;9645;1481519639;16
11563;20534;1481539134;8
3408;7079;1481517435;16
19860;5729;1481549199;10
24989;18073;1481530252;14
8634;6541;1481550713;14
10569;1257;1481521453;10
3850;5847;1481540684;18
23628;15374;1481523070;4
24277;6175;1481524412;8
8816;1145;1481521763;2
9104;24373;1481539961;16
99;27388;1481536686;14
10421;6218;1481522582;10
15414;22441;1481546231;10
16204;7617;1481549626;14
14543;16810;1481516930;2
2160;6127;1481528387;2
25180;5853;1481538746;12
9526;23020;1481534047;12
17379;9284;1481547958;8
1055;18180;1481522010;6
24249;885;1481524509;6
22653;11827;1481531379;16
9017;18960;1481540213;4
10906;10700;1481523477;16
21294;2367;1481536292;18
11053;27266;1481514668;16
1382;8519;1481518734;6
5329;10519;1481530610;6
5098;8191;1481515725;6
9521;9810;1481550661;2
5082;12408;1481516008;4
7834;5887;1481535621;8
1132;8025;1481512429;6
20068;26119;1481541084;8
23891;4249;1481544989;2
4570;9992;1481515219;12
9188;5107;1481525505;2
9305;19860;1481548689;8
6928;11885;1481519193;12
8591;19857;1481516421;10
1848;21293;1481540828;10
3061;23108;1481541256;4
11808;6817;1481547594;2
9960;11772;1481534982;12
24283;2910;1481538610;16
14141;5263;1481528968;10
19595;26163;1481518238;12
5376;19476;1481520525;18
6730;20010;1481545635;6
5508;19223;1481527177;12
4775;6805;1481528918;10
11891;24090;1481515804;2
3267;4829;1481510118;6
8876;11729;1481518372;4
3003;7625;1481542336;10
1158;23350;1481524449;8
14188;1635;1481541313;16
24410;1675;1481538245;2
9112;8434;1481546293;8
8289;10981;1481538351;2
6562;8507;1481510486;10
11246;5509;1481532134;4
10163;2522;1481516141;2
17454;4242;1481529781;12
2166;6832;1481523244;4
14229;7269;1481549022;2
17436;11225;1481539566;4
8237;1845;1481511314;6
26259;7910;1481510911;14
3696;17878;1481543818;16
9018;5693;1481514429;6
10273;1346;1481525554;8
6639;4219;1481516094;2
7840;23055;1481543714;4
10122;12761;1481521733;16
11396;7587;1481517279;2
4736;10183;1481520073;16
8123;14929;1481547322;4
10216;10676;1481547750;18
21723;23740;1481549352;16
2427;21365;1481532944;18
11904;17306;1481512478;6
11778;3981;1481519601;14
8835;13970;1481548147;2
10542;19848;1481526732;18
25368;3686;1481535117;6
2367;19252;1481528174;16
19076;21802;1481544294;12
23665;15934;1481535910;16
26301;15015;1481539284;16
20140;7773;1481513885;16
5718;5034;1481532054;8
6299;1456;1481529365;12
2346;5870;1481549793;18
5263;5639;1481532663;6
6466;9191;1481534521;16
20399;23507;1481542269;2
18152;5704;1481524158;8
194;2759;1481520018;6
16008;17529;1481524954;10
8515;10723;1481515034;12
7830;17272;1481544258;10
1012;14985;1481510060;14
1616;9903;1481531086;18
12710;18048;1481536114;14
189;184;1481518404;14
24950;5473;1481551066;12
16828;7631;1481510576;10
10677;9563;1481529627;12
19040;19024;1481533360;8
395;18899;1481550088;18
20913;11394;1481534927;8
6797;24937;1481519804;4
6487;6587;1481543207;6
14260;7881;1481514553;10
17884;1963;1481541874;2
22177;6128;1481549957;2
11389;3404;1481545594;2
1722;16932;1481526641;10
1901;6372;1481534907;12
11119;112;1481519512;10
1346;18113;1481529639;2
10459;23517;1481512667;16
3969;10621;1481512496;12
25397;8927;1481515153;16
23019;2333;1481509749;12
6604;9679;1481511258;4
22317;11903;1481525304;10
9682;4834;1481526498;14
6245;13862;1481530759;12
1309;14488;1481511958;6
17349;3980;1481510720;2
14131;20600;1481548553;12
17300;12573;1481550586;2
6932;16105;1481536364;14
23076;11723;1481536560;18
24981;6590;1481541788;12
18098;9298;1481514746;18
10714;7014;1481548805;18
14935;27540;1481541021;2
15;4321;1481550513;2
1310;957;1481512720;4
21360;22924;1481514847;18
6963;19487;1481511237;4
5869;8463;1481512615;16
20429;8524;1481545874;16
18131;7278;1481511011;4
12774;22607;1481545917;4
8483;7166;1481536466;16
15351;7939;1481550864;2
8568;23548;1481550119;4
6158;9471;1481548446;12
26038;16932;1481539114;4
20082;20284;1481521788;16
1861;19923;1481531920;16
25394;9077;1481538316;16
20445;4268;1481537747;16
6922;20317;1481538753;6
4898;11696;1481516538;18
20130;21092;1481549327;16
7365;19966;1481548759;16
27414;27181;1481533577;4
4806;14247;1481528631;18
1326;15762;1481546525;18
2131;1359;1481530580;14
7856;21293;1481543658;8
16188;8775;1481517977;8
7832;5106;1481514519;6
6938;7450;1481518693;10
8037;5110;1481511401;10
1334;15494;1481521860;18
6213;9665;1481513616;10
238;1064;1481534502;4
2115;222;1481530015;10
18183;6239;1481510782;16
13822;21737;1481538230;18
16304;2350;1481511979;6
3014;17850;1481514106;12
9189;11150;1481517569;12
1678;11694;1481522246;10
20369;16789;1481513300;16
7173;11023;1481529964;18
13003;7188;1481524713;16
22317;3164;1481523620;4
6114;5491;1481547124;18
3880;2756;1481517346;6
21597;9898;1481522548;2
11386;2025;1481516740;12
22301;22497;1481524115;12
13124;21797;1481536205;12
5778;9209;1481525982;16
13876;21722;1481545415;2
11620;8695;1481530494;14
6524;1816;1481524331;14
8094;21081;1481537058;18
20695;11636;1481535881;14
4893;3390;1481540263;6
4671;27048;1481521079;12
10671;27261;1481526672;18
12785;20631;1481520496;10
14805;2273;1481523271;2
8804;7396;1481514172;8
10028;15071;1481522310;2
11558;2605;1481531553;14
2345;14135;1481535074;10
7553;13906;1481529940;10
19307;6308;1481531657;14
1413;18508;1481536822;8
1143;18190;1481533777;14
6554;17398;1481535855;2
4671;21319;1481542127;12
14189;11904;1481529945;2
3462;6000;1481549029;18
15761;1920;1481542107;10
22937;8693;1481550627;2
21384;18940;1481545788;18
13900;76;1481510756;12
10080;7525;1481534162;10
6585;6482;1481520438;12
2394;11058;1481529253;16
3160;1046;1481540970;2
1672;9518;1481532605;14
20289;19300;1481540737;8
6396;4255;1481550020;8
2146;17583;1481542703;4
8901;10098;1481516275;18
7372;7066;1481521474;10
24257;15467;1481531463;8
18868;5417;1481518178;2
4936;1311;1481546848;2
16783;5423;1481514878;10
14437;8900;1481545817;16
17361;3289;1481514580;16
5630;6411;1481510912;10
11175;19758;1481527665;14
5000;5399;1481510911;12
5037;1654;1481524505;4
3730;20466;1481537429;10
10885;10623;1481525696;4
255;2640;1481542823;6
1208;4327;1481542817;6
14910;1705;1481539762;8
17518;5979;1481539993;12
9775;14650;1481518169;14
6534;6406;1481523931;18
15354;21492;1481547084;16
3391;13184;1481536760;2
1246;23892;1481516949;2
11413;3900;1481532201;16
18052;409;1481509961;6
6189;6561;1481515671;12
4656;14911;1481546843;2
5980;17023;1481535061;8
3368;979;1481521491;18
13907;26102;1481529626;12
1598;1979;1481527697;2
3991;18438;1481532354;2
20909;17421;1481548804;16
9436;2747;1481517452;16
23063;10410;1481534722;2
14431;4685;1481518559;14
27003;26165;1481512770;12
17255;11170;1481529728;14
24161;27030;1481530631;6
5685;417;1481531278;12
1674;1699;1481528578;8
9949;6823;1481541285;6
10622;22648;1481529658;14
6299;6775;1481532158;18
5039;18818;1481537675;16
10888;4752;1481515223;8
4006;23024;1481545402;18
16533;16826;1481537740;8
17053;2756;1481525890;8
255;6416;1481515771;14
6118;26203;1481540276;16
1501;4902;1481520782;10
27478;8779;1481537726;16
1454;328;1481543822;18
8348;22576;1481550175;6
25266;285;1481550332;14
7554;8013;1481538822;12
23111;4588;1481534933;16
10809;6141;1481530848;8
2012;8118;1481512128;2
11485;13200;1481512168;10
6208;10325;1481549501;16
15076;7799;1481520799;14
6797;9525;1481550571;16
16892;4176;1481522574;6
4565;13911;1481534021;18
7773;17391;1481549815;2
15116;20522;1481530530;16
22969;9193;1481522297;2
5515;7917;1481550325;8
23004;17267;1481548675;18
10272;7480;1481541128;4
23640;23341;1481543534;4
20923;4524;1481532870;16
7857;3016;1481527632;6
27047;27101;1481525730;8
3417;15476;1481528400;18
10909;8691;1481549423;18
11017;26041;1481527102;4
23329;1166;1481546400;2
10023;6920;1481513650;2
12280;8016;1481511639;14
8146;27324;1481524865;6
6936;25187;1481540311;8
7646;6857;1481522462;16
15029;6933;1481545468;12
27056;5609;1481530249;18
8342;8834;1481517537;14
13114;6363;1481524557;18
1537;5374;1481546917;12
10246;4485;1481528316;14
4265;1733;1481518132;10
5726;17510;1481536313;8
20408;18332;1481509929;6
27033;7171;1481512333;4
14514;21445;1481519875;16
6697;22145;1481527737;10
80;7478;1481522323;18
17575;24562;1481523347;18
7924;6524;1481512756;2
6021;6709;1481545962;12
6306;15767;1481542495;8
17483;20414;1481513532;18
12318;3513;1481538616;8
192;18847;1481523305;8
16808;24352;1481532431;8
3119;9106;1481549863;12
12230;8146;1481541912;12
19043;2752;1481529567;18
15318;5047;1481513634;8
20114;4570;1481526231;6
8090;7811;1481545126;12
9328;11848;1481548416;6
7913;4177;1481513104;2
5609;11917;1481546214;18
20342;16191;1481548679;4
8938;3274;1481511181;4
3462;9847;1481547452;16
25060;16130;1481540087;14
14922;6823;1481545835;8
23621;25528;1481531913;4
6806;8301;1481510043;14
27011;12576;1481523536;10
22432;18904;1481536746;6
26373;4625;1481511650;10
11232;11701;1481522744;6
4541;152;1481521907;6
21385;12698;1481550349;10
13874;3125;1481521463;8
22449;18907;1481520392;12
8415;8549;1481542070;18
4802;21499;1481550430;18
1349;21369;1481517565;16
3250;16377;1481548524;14
12031;19222;1481516119;2
6412;2754;1481532752;12
10327;18153;1481513779;18
19051;16918;1481530722;12
27161;5393;1481519613;12
18301;21077;1481532183;8
296;19417;1481549420;6
19985;10262;1481540405;14
1767;24658;1481543287;6
286;18807;1481513416;10
21317;25068;1481548039;4
11892;11083;1481529851;18
1867;8993;1481524821;10
16177;9813;1481528102;2
25374;20586;1481538082;12
1276;11857;1481533433;12
12674;150;1481529644;14
416;8320;1481513199;4
7863;5329;1481527958;14
3964;5833;1481538048;6
9645;1488;1481548223;18
7874;10729;1481509672;18
17424;10374;1481522224;18
27384;20367;1481535878;14
19847;21711;1481533265;2
23811;1496;1481538878;16
9856;25081;1481532891;8
11611;22298;1481513291;2
5850;13864;1481517188;6
12184;10809;1481541264;8
4987;11112;1481544000;6
12233;5420;1481533010;10
9630;4039;1481544209;4
7915;12318;1481532446;10
10114;1841;1481544202;6
1851;8152;1481515806;16
2330;10249;1481548705;18
405;8982;1481532165;6
21320;5989;1481509736;6
17508;6022;1481531016;2
19297;4255;1481530318;4
3276;368;1481532449;14
3615;1645;1481529555;8
1909;10029;1481549326;6
24532;18262;1481517123;16
17407;12362;1481548793;18
6012;21093;1481516690;4
7825;11071;1481534013;14
20302;17503;1481529377;4
3989;5710;1481512210;18
21289;238;1481513659;10
1764;21005;1481521091;12
1209;25174;1481545976;16
10220;3031;1481517475;10
12146;9512;1481536500;10
10610;2931;1481546739;6
4562;13219;1481540944;14
9753;21316;1481523896;10
1723;2989;1481519296;10
27142;11952;1481517157;10
8250;4228;1481545695;16
21283;13298;1481545986;8
13202;19093;1481517185;16
2979;4192;1481509830;14
4262;1322;1481512421;8
68;13341;1481512618;2
1384;7974;1481522091;18
21378;1079;1481518449;6
11829;12283;1481514087;16
16534;27056;1481518246;6
6916;1080;1481533095;4
3408;11777;1481530237;8
7466;22621;1481521126;4
24924;2319;1481525378;4
19846;12087;1481531405;10
5770;182;1481535078;18
1367;23160;1481546248;10
4353;12747;1481537904;16
3570;10616;1481545673;2
5527;15322;1481537824;4
17500;27451;1481523496;8
19551;5882;1481546995;8
3077;4767;1481525514;14
5916;5863;1481523307;14
12762;9561;1481549428;18
22647;1653;1481515639;14
9287;24964;1481521552;8
295;21306;1481522227;10
4963;1919;1481542196;8
962;2015;1481538799;8
2737;4855;1481532728;16
1254;6198;1481543986;14
10006;3376;1481514223;18
1589;17513;1481532770;14
16130;8641;1481534911;6
10186;4994;1481543263;14
9676;9424;1481516087;16
4824;16532;1481529738;10
12093;2125;1481513966;14
27482;1209;1481517145;10
10990;24090;1481526543;12
1167;27546;1481530947;18
983;5609;1481547989;18
5897;12019;1481517539;18
6581;18424;1481543998;18
10178;4667;1481543537;6
6972;18816;1481541845;6
11399;6403;1481534802;6
7474;7364;1481512571;4
27383;20023;1481539056;2
6892;3699;1481543028;4
4582;6505;1481518887;16
16179;17384;1481529095;2
12337;7685;1481545567;16
8326;7606;1481529882;16
5946;1120;1481533635;10
20117;24375;1481518405;2
1393;4840;1481535010;4
1346;5847;1481534206;6
23849;20131;1481543209;18
308;3086;1481518319;14
15934;4311;1481530083;8
13877;7091;1481546858;12
11216;17168;1481512879;14
11811;23161;1481533638;2
5929;6252;1481533883;14
5547;7488;1481533546;4
12656;1257;1481531157;16
1186;12297;1481545278;8
1890;288;1481524510;12
13761;15222;1481542980;4
13002;27206;1481542892;12
6122;11797;1481526030;10
3743;23813;1481545740;4
19374;21389;1481532705;16
22445;381;1481521406;14
3255;27443;1481524785;4
21231;17532;1481532369;12
1293;6590;1481538406;14
7591;16795;1481531274;18
6922;19252;1481519829;12
7774;19555;1481519198;12
16180;20041;1481540996;18
10422;3070;1481533614;18
7437;7846;1481542597;12
17352;5721;1481545574;18
14241;15999;1481521655;18
1656;1707;1481534468;10
7162;5091;1481547892;4
24417;6650;1481550469;12
27446;2784;1481538537;14
1905;24743;1481537778;18
14199;19170;1481517476;10
18872;1260;1481531274;18
9169;4974;1481525983;6
10405;14658;1481540584;2
25025;4958;1481511055;2
5649;1605;1481536623;4
4227;9665;1481527448;10
20023;7940;1481525249;6
27263;4563;1481533433;6
11911;12145;1481537907;16
5771;6195;1481528482;6
11056;12216;1481534030;12
7091;15781;1481548199;2
15961;7078;1481537200;4
3790;15452;1481524361;18
25366;7174;1481533098;8
10773;11032;1481510689;14
1247;11028;1481541719;8
9162;13796;1481518791;16
11920;7925;1481524761;4
6222;6183;1481544780;14
4896;1362;1481544820;10
3986;21371;1481535155;6
7090;7017;1481546633;16
12292;18185;1481529857;12
27099;5892;1481511258;18
7319;19374;1481527493;4
3950;14648;1481521126;4
17042;23439;1481546759;8
10728;8351;1481543831;2
6303;24689;1481539506;14
14650;4953;1481526740;2
8920;10524;1481546893;14
1901;10637;1481528237;18
9517;5296;1481535327;8
16314;9647;1481540160;2
213;14202;1481531158;14
23161;8592;1481528075;10
4858;27041;1481546240;16
23100;1841;1481532827;6
3000;12575;1481542204;2
12646;17309;1481515490;8
23466;4895;1481517633;6
25161;9368;1481549891;6
4947;3962;1481538352;2
17515;9003;1481545104;2
20464;18807;1481533368;12
1745;26040;1481514573;14
10469;23739;1481539535;18
13226;15014;1481541161;10
3005;9165;1481547625;6
4783;8946;1481533272;10
3330;7520;1481548526;8
1620;9540;1481546449;12
9904;1608;1481524125;10
14798;8953;1481524994;14
7938;4812;1481536307;14
9201;5507;1481550228;6
21833;9188;1481534574;16
3016;14133;1481512266;4
3934;20937;1481550444;18
25378;6825;1481517474;16
1562;4748;1481526654;14
12055;26035;1481543746;8
17029;7075;1481528671;18
18817;15020;1481542172;2
12809;5950;1481518564;14
16894;13942;1481550263;14
17550;8565;1481546976;10
8444;22649;1481522657;8
11210;6993;1481509799;4
17285;17026;1481531513;16
17044;5696;1481514442;4
4587;18823;1481526649;12
5037;13871;1481517909;10
10668;19915;1481550464;10
10014;7957;1481543864;12
3739;10653;1481542435;2
4762;8658;1481546895;2
12142;6364;1481545268;4
3425;9002;1481535983;16
5919;16652;1481528493;14
10851;134;1481548879;10
7938;23001;1481511078;6
7876;202;1481518287;18
14948;14450;1481523665;16
10599;9767;1481547199;8
3640;20972;1481547119;10
111;2391;1481528550;16
2751;23883;1481522424;8
5021;6693;1481510381;8
987;3379;1481517591;14
8291;10358;1481512967;16
6877;352;1481534906;2
23026;11850;1481528097;10
12239;10766;1481521002;2
15250;22461;1481517680;10
25012;2377;1481545051;8
1927;17054;1481514849;2
26260;13800;1481548976;6
20785;20997;1481516630;8
17296;11004;1481522178;14
7029;9996;1481519572;16
17923;20936;1481535865;16
18091;3583;1481511517;16
8387;8410;1481519333;12
2146;2120;1481550262;12
20415;3598;1481531134;2
1211;5113;1481521001;14
19091;8908;1481544287;6
9329;16368;1481542903;6
27309;7619;1481550509;12
6987;10117;1481524678;12
1887;27399;1481542628;8
6865;5847;1481528335;10
4177;17474;1481543254;16
132;1798;1481520755;14
24183;6376;1481521069;16
20316;25190;1481525148;18
300;22536;1481513999;6
1914;3083;1481549773;14
19287;6295;1481511240;8
2025;17333;1481530214;4
19953;6319;1481513495;4
7856;18158;1481530428;6
5247;10087;1481511127;16
17037;5637;1481544718;12
27180;6504;1481510698;6
8562;5675;1481512738;10
27172;8599;1481537106;10
7687;4285;1481525701;18
935;10521;1481551072;8
11124;10416;1481539857;8
4866;20356;1481519173;12
16204;11955;1481541640;4
22502;24933;1481550344;4
8885;14973;1481527727;6
16098;6882;1481541947;8
16801;4330;1481525201;10
7399;25707;1481534587;4
7109;12296;1481515612;16
4315;9505;1481544246;2
26082;6268;1481550762;18
23157;19539;1481522071;8
20586;24282;1481519994;18
20923;14875;1481515971;2
6526;15488;1481512145;4
4607;9541;1481544254;16
18215;7355;1481547129;4
6916;18845;1481545123;4
18936;3684;1481512522;2
2323;6023;1481523621;2
20744;13620;1481544008;16
1486;14697;1481529491;6
11627;11394;1481526141;8
1443;7299;1481533212;4
17153;22472;1481515447;14
18185;4674;1481535380;18
4968;7063;1481516086;12
25003;4877;1481534260;10
6165;3855;1481541886;12
25343;4045;1481550316;18
9530;12159;1481539236;2
24585;19492;1481544616;14
8638;26165;1481524152;4
3756;69;1481543094;10
20628;7898;1481523062;18
16377;11226;1481518954;18
975;8035;1481529694;16
12809;11018;1481514688;12
6801;8908;1481546356;2
14142;12800;1481511319;12
23695;18465;1481532694;16
6828;3245;1481525806;10
6560;20933;1481510152;16
21221;23742;1481545314;8
17046;18904;1481511325;10
27429;11991;1481520845;14
27184;7272;1481528631;4
16837;6633;1481521870;8
7104;6014;1481535543;4
23754;23041;1481520309;18
1371;7800;1481514483;12
7505;7795;1481537461;10
8368;25433;1481547696;14
8030;6153;1481547458;2
12288;1501;1481510656;8
18886;4251;1481517142;14
9456;27413;1481537612;12
12243;1142;1481533014;8
4032;21267;1481534919;14
13260;21442;1481522045;18
5837;12103;1481536511;16
12749;1519;1481511602;10
1656;18328;1481537991;4
9803;16178;1481521920;16
19880;6547;1481515409;12
12405;12624;1481520677;4
25161;7363;1481523204;2
20931;1439;1481541850;4
1924;5414;1481526112;10
19547;1078;1481524245;14
10829;12714;1481520710;8
341;617;1481545816;4
7355;27326;1481542182;4
4312;26195;1481523331;10
165;8126;1481529478;10
9159;11697;1481516393;10
17456;13454;1481535882;18
8310;8756;1481518015;10
2128;17458;1481527981;2
10622;7760;1481511028;2
14887;921;1481519459;8
24648;1356;1481527148;12
4785;19089;1481546393;16
2621;5477;1481517914;16
11027;19050;1481525506;18
20938;22930;1481520310;16
10328;11128;1481514699;18
9672;11140;1481514647;8
16822;22984;1481524349;18
6923;7371;1481515126;2
338;27434;1481545411;8
23467;6717;1481533936;10
5705;18114;1481523670;16
21481;19773;1481531466;10
5870;7689;1481542566;8
27391;12138;1481510218;2
1535;9651;1481512463;2
25246;20445;1481520585;12
3791;10537;1481531152;12
10488;24132;1481531488;2
8685;9;1481519257;6
7902;3501;1481550565;2
6885;10671;1481524982;4
3695;15762;1481532307;4
10734;24927;1481545241;16
5672;22138;1481529137;4
20081;15784;1481511046;2
197;4644;1481548371;4
2874;6284;1481546938;12
12372;27322;1481538095;2
7773;18156;1481533709;10
1534;6766;1481530457;4
5998;7868;1481526931;8
17416;4553;1481542104;4
9686;5012;1481521162;14
14201;3121;1481536581;16
20684;2278;1481515158;2
1382;6984;1481546870;12
5285;12332;1481513879;16
4508;7468;1481542426;4
22530;27327;1481545117;2
27282;4509;1481532174;4
4695;331;1481521394;2
11993;10005;1481522573;4
19067;353;1481544424;14
67;7882;1481543629;4
10686;14905;1481532566;4
10739;9437;1481535491;8
11622;27195;1481515144;18
13870;14689;1481520138;18
17422;14698;1481523151;8
27182;1172;1481533689;12
8464;6363;1481515105;6
22461;12059;1481531741;16
16910;12693;1481529176;6
105;2747;1481534061;18
13260;6134;1481546240;2
6217;5352;1481520366;18
8498;20341;1481512884;8
346;4882;1481525143;12
6579;4233;1481525003;16
15322;20900;1481546593;18
3272;19554;1481535061;6
24937;1514;1481539928;14
17330;17337;1481519684;4
6781;17782;1481513844;4
8306;24347;1481533187;12
20857;2834;1481518345;16
6437;4241;1481528435;14
899;15085;1481513876;18
25447;304;1481513813;18
10311;11854;1481518174;12
7996;20404;1481548763;2
253;27135;1481546678;10
9419;5471;1481517706;6
17893;6376;1481550669;8
10553;9357;1481541067;14
7339;18871;1481518261;6
10906;5475;1481551019;16
6712;4038;1481535096;10
11159;9359;1481537491;8
2136;6569;1481545430;12
4850;18873;1481528028;4
3996;24179;1481512684;10
6981;17455;1481524762;8
1290;17036;1481528392;6
26262;10281;1481512390;12
19432;27188;1481518855;8
16813;9163;1481545841;18
7367;1619;1481511591;10
16883;4741;1481542965;6
20485;8094;1481536089;10
8233;8760;1481510435;6
6164;22501;1481522283;14
4994;15985;1481512734;6
7627;1485;1481522227;16
17507;6767;1481542812;8
3330;6871;1481531935;12
3983;6802;1481545654;8
2807;10891;1481545628;12
1191;19772;1481515285;8
2645;27428;1481526794;12
9023;1454;1481548566;10
17024;20424;1481510441;18
3363;8447;1481544618;2
10108;8530;1481530610;8
17;11827;1481512464;2
883;7364;1481518869;14
3750;20015;1481550096;12
155;231;1481513733;4
1487;17386;1481541030;18
11133;19599;1481543078;6
3605;7948;1481516406;16
7797;20628;1481516449;4
68;7783;1481536325;4
26315;11700;1481521457;6
23647;8283;1481531584;14
3501;1140;1481515216;14
11057;10030;1481550718;8
15080;16138;1481528914;14
14701;4037;1481517887;2
89;12406;1481526074;2
5376;7033;1481548870;2
5749;7333;1481524724;8
7944;8667;1481545818;16
16801;25516;1481510204;2
1593;7348;1481539824;14
2294;4294;1481539136;12
10046;14439;1481526046;6
1681;10801;1481514457;6
3410;19873;1481539495;10
2427;260;1481546477;4
12147;23350;1481518601;18
1379;249;1481512765;6
25382;16909;1481510667;14
5651;5782;1481523910;12
26195;3024;1481546930;10
27106;27522;1481530357;2
12360;6315;1481510992;16
24451;14964;1481527057;10
19308;22307;1481549670;4
2960;3507;1481537299;2
14118;4104;1481512502;16
91;5372;1481515004;14
18103;1895;1481511123;18
12146;5083;1481519752;18
1483;5110;1481533997;2
20573;4223;1481548198;6
23444;4862;1481538859;10
1522;10282;1481524903;10
20920;3752;1481518449;6
9999;10238;1481516190;16
2291;23857;1481523644;4
50;11113;1481525720;10
14708;5364;1481521548;8
19971;24984;1481510502;2
7875;4551;1481523028;6
8442;7504;1481514971;14
1133;9480;1481535358;18
21289;5081;1481523255;2
16137;8813;1481518197;6
2788;1927;1481515403;16
21374;1728;1481518311;14
3533;23334;1481525773;18
19555;1107;1481517561;14
20927;17209;1481525435;12
121;20461;1481513157;18
7164;6225;1481536460;12
10685;22924;1481514829;4
15379;6808;1481517168;8
18066;15481;1481542352;6
20934;337;1481520988;14
2353;19044;1481517599;12
8398;9681;1481530296;14
6900;22177;1481510221;14
7186;19953;1481545056;6
2980;10116;1481529335;6
46;23170;1481547454;2
9778;14621;1481533387;16
4529;17465;1481509740;14
17419;1245;1481549953;18
7447;8514;1481536863;2
14050;13794;1481530536;6
1150;1280;1481536169;18
19560;121;1481527546;10
1372;11213;1481541889;4
3463;27176;1481537299;8
17771;2294;1481533976;8
8289;9424;1481541184;12
7764;23789;1481549710;18
17045;10514;1481538506;14
5697;13943;1481537847;14
12060;20052;1481514080;18
1978;19817;1481528579;8
9837;7319;1481538424;12
16303;7097;1481543514;6
4318;18883;1481547045;4
25545;284;1481547822;10
1858;8742;1481520913;12
15312;24442;1481544348;8
20354;7837;1481534546;2
25246;11751;1481526389;6
120;23750;1481539731;12
26032;6682;1481509774;4
8325;1794;1481534822;16
5120;3012;1481544331;8
19273;903;1481512387;16
6440;4919;1481545119;18
11744;8551;1481547800;2
1454;20012;1481511431;6
19763;10576;1481517539;16
3601;11685;1481541234;4
21233;11921;1481533547;14
189;9984;1481530368;16
22926;18214;1481542635;16
14804;17866;1481538712;4
16129;27141;1481547239;8
24183;2809;1481527657;12
6395;20196;1481534669;10
25246;2155;1481518084;18
9527;4359;1481529364;18
1267;24986;1481525057;10
7366;26322;1481518077;14
10276;20053;1481541878;12
304;1175;1481541422;18
1878;21845;1481549375;14
17442;6587;1481515019;6
6384;20062;1481526884;8
12093;20599;1481539989;16
20976;10308;1481546858;14
27557;2766;1481545857;6
5626;7012;1481509519;12
3397;4350;1481512267;4
15737;20023;1481515301;12
15119;6960;1481523677;12
8092;9287;1481514558;2
13197;17454;1481544921;2
21799;10205;1481530967;16
5003;20536;1481540229;18
7909;8281;1481549507;16
16293;11786;1481515772;2
7073;27415;1481523936;4
1231;5518;1481537230;14
21086;1410;1481536117;8
27510;20979;1481540568;18
4809;21071;1481520742;12
8053;12046;1481544720;10
22265;14140;1481534089;12
10605;10087;1481520047;8
22135;5717;1481545211;14
19803;10281;1481513471;4
24737;1590;1481546400;6
1668;7334;1481544041;6
9408;971;1481524736;6
12244;8131;1481515043;12
5900;6440;1481547385;6
1494;7635;1481527733;4
15083;20530;1481513074;16
20125;23867;1481548849;6
24733;11618;1481534554;12
5279;2767;1481528924;6
14697;20133;1481539503;12
25389;11607;1481509919;18
25487;1362;1481518048;14
15083;8440;1481542501;10
13818;12425;1481537018;12
20692;15244;1481543641;12
11252;11784;1481523805;14
19311;4007;1481544309;10
10889;2892;1481514289;10
20694;10516;1481538543;6
24423;4582;1481539879;16
2812;11172;1481547202;8
17378;22992;1481522565;8
5397;5877;1481544914;8
11172;9475;1481511093;8
15476;6246;1481545949;18
9550;15036;1481543228;8
20933;25537;1481524299;16
9448;1860;1481549319;16
19826;6176;1481530234;14
9901;6833;1481527231;2
11000;10022;1481533918;12
2026;1513;1481527441;2
2802;22487;1481519042;14
123;1901;1481529758;14
5514;8277;1481546337;10
11231;20936;1481536346;16
6771;7501;1481549063;6
7049;26068;1481544311;16
20131;7854;1481531419;16
18946;2117;1481511878;4
23858;8448;1481514689;18
7336;11729;1481545929;12
22642;19582;1481527623;16
13256;7811;1481547297;6
19791;3574;1481538282;16
12332;24747;1481549298;6
4856;16884;1481537716;2
15071;9148;1481529143;6
19987;26110;1481526401;8
15036;3026;1481512723;14
5803;1153;1481528702;16
127;4017;1481537958;4
23520;15373;1481522179;8
6732;12418;1481539600;6
20078;19300;1481539844;2
4205;4264;1481521836;16
10224;17379;1481543445;16
21296;14548;1481545509;2
25320;23011;1481518984;4
9806;25413;1481514852;12
20088;18190;1481530052;18
13806;2729;1481541222;2
15231;20967;1481511821;4
4189;37;1481513695;4
16017;19508;1481524902;8
22937;6889;1481519236;4
18874;7334;1481528090;6
3467;19888;1481529916;14
18157;1086;1481517292;4
5859;13943;1481549145;10
18193;15350;1481541527;16
6888;11622;1481531201;14
16101;7047;1481517681;8
12297;20759;1481544111;6
1352;10598;1481527087;4
6982;12186;1481515261;6
14782;7326;1481521659;12
13196;19374;1481546428;6
12136;1547;1481520625;4
8477;9409;1481546970;18
27038;16135;1481510563;6
17303;7091;1481541195;12
3002;6439;1481551011;16
25528;25442;1481521161;16
23158;18192;1481540248;18
24282;5080;1481515493;12
5921;9006;1481545265;2
21360;2329;1481549157;10
20887;13182;1481530982;10
9846;1576;1481518865;18
9210;167;1481535292;8
12045;12565;1481527762;10
14702;16647;1481542099;2
10323;3401;1481532530;4
26392;1252;1481550926;14
1736;8022;1481548651;10
8483;5728;1481534496;2
8150;26211;1481547500;10
2807;20024;1481523376;4
22169;1674;1481518465;14
5805;11799;1481541780;10
7513;2881;1481525991;12
10813;4672;1481536916;6
4020;12036;1481543476;6
10204;8512;1481546653;14
20642;10461;1481549903;6
7474;24685;1481538532;18
2150;17023;1481535938;10
20299;20036;1481523590;14
5489;5696;1481522844;12
11668;9437;1481512131;12
4263;10814;1481542622;12
27186;14659;1481537944;2
2370;81;1481531089;8
14118;12083;1481539415;18
20463;23750;1481523317;18
2773;14913;1481529456;2
21371;5726;1481530898;12
3155;26110;1481535921;6
3265;7880;1481513238;16
9638;3375;1481510166;6
371;5506;1481517355;6
15079;427;1481521810;6
20022;27100;1481515172;18
20193;7163;1481545007;18
12414;22968;1481514075;14
10092;5265;1481537218;12
8469;12183;1481520508;10
1420;24657;1481523044;6
3022;8228;1481527111;8
11088;17396;1481516741;2
139;21370;1481512692;14
4486;6818;1481514445;14
4849;23063;1481522085;16
16177;10307;1481545680;18
1222;8593;1481527012;18
6790;4224;1481524025;2
27379;10235;1481520615;16
5920;19578;1481510917;2
16135;6290;1481543031;4
5333;9840;1481519951;10
10528;5389;1481509750;8
2841;268;1481532327;18
6688;23453;1481517245;18
9869;6856;1481542612;14
13802;14884;1481533726;14
565;2997;1481547707;2
7032;17464;1481548193;8
27057;7844;1481528641;14
8466;6371;1481534616;16
6893;10073;1481538135;2
25173;16021;1481531258;16
21500;10011;1481539554;6
6939;7715;1481545470;12
7272;19490;1481526886;4
24501;338;1481522333;12
8445;11406;1481531857;18
9863;4836;1481510916;14
1570;4841;1481539062;8
14274;6231;1481510898;12
7883;1975;1481520288;2
6512;19543;1481518951;10
5093;431;1481514302;14
15752;11244;1481533361;8
12096;16295;1481531066;14
8119;5890;1481514785;4
10796;19840;1481549729;16
1346;8147;1481513577;2
19958;20978;1481550001;8
1875;10665;1481526513;12
27057;1836;1481527430;8
6894;3513;1481515510;6
7872;6930;1481521688;12
11577;5651;1481536668;18
22479;7914;1481534365;10
17509;300;1481525466;4
16118;27381;1481530429;14
8688;9300;1481538767;16
25377;27104;1481546107;18
18158;15390;1481525153;14
9893;3448;1481522815;18
10538;7468;1481526196;10
25402;23811;1481515130;14
8954;6815;1481550379;16
12347;10812;1481533407;2
9477;25495;1481546418;4
19993;1697;1481538306;8
25021;2344;1481530446;4
1009;7791;1481545632;6
1367;21234;1481534544;14
5249;4829;1481521214;6
22131;14435;1481527456;14
19880;9429;1481522147;16
15329;23695;1481541501;16
17173;4605;1481535398;2
8231;13887;1481525534;14
7272;17886;1481539769;16
9180;9239;1481529601;4
1131;945;1481544319;10
6282;24161;1481551077;18
11615;10379;1481518158;8
9193;15753;1481549415;6
3154;6233;1481526331;4
6306;7073;1481541372;18
7895;5113;1481544079;10
17577;12040;1481515724;12
9278;11396;1481520272;12
3408;1703;1481537206;10
14808;14159;1481525427;2
17001;8308;1481541569;8
19558;1611;1481521995;14
9428;13763;1481540470;8
9323;6220;1481546705;10
7326;25508;1481515476;4
8446;5632;1481531926;18
5818;10809;1481532128;12
27230;6272;1481547972;18
5805;20491;1481528860;18
7444;19791;1481526283;18
22482;10709;1481529462;10
1777;4921;1481535762;14
24921;6705;1481536725;18
8967;13224;1481512286;18
8023;3371;1481544892;14
20708;20869;1481546389;14
24161;2354;1481535856;16
17264;7421;1481545310;14
12721;142;1481531825;2
5500;3705;1481513086;6
308;20146;1481510153;2
8755;22989;1481515931;16
13203;21318;1481549323;2
2120;27433;1481524273;4
50;3457;1481524211;18
7175;15916;1481525821;14
6499;20910;1481527397;10
6475;13854;1481520945;6
3369;20598;1481550515;14
26205;7501;1481540900;8
11842;8350;1481519305;12
6909;7940;1481531659;18
122;993;1481527035;12
1645;9673;1481512115;8
8534;5114;1481519457;18
18197;1976;1481541641;2
403;1958;1481528233;6
2400;12887;1481520885;18
20712;7973;1481516067;10
3421;14191;1481515356;4
19944;14438;1481522339;16
12391;23076;1481510174;18
20148;17892;1481510629;10
10256;5758;1481539301;16
11714;14203;1481531876;10
1115;558;1481511084;6
7451;5124;1481512926;8
2035;13879;1481543362;6
24928;1336;1481509848;14
6676;11068;1481543248;6
6970;12042;1481533677;8
20936;951;1481531898;14
3008;27312;1481539062;6
17471;11023;1481538919;12
25414;8172;1481533372;6
9461;5972;1481525851;14
10186;6331;1481517709;6
2736;1034;1481522644;14
7263;13224;1481547054;18
7864;13796;1481548877;6
8088;50;1481519803;14
18872;7357;1481535330;4
195;3714;1481536639;8
11892;25;1481550874;12
1169;1178;1481544999;6
27423;2016;1481545217;14
9174;11219;1481515682;10
23086;20063;1481544300;10
2372;10367;1481514845;16
22537;7031;1481530034;10
18332;4275;1481543325;2
3776;27281;1481513672;18
8319;7360;1481524184;16
22922;1965;1481550170;2
14643;20754;1481535221;6
11791;8033;1481549869;12
9853;21493;1481530130;18
119;4545;1481537786;14
4262;15023;1481523132;12
20572;55;1481516815;16
9946;8870;1481530403;2
11802;1167;1481524033;12
2012;6482;1481514764;8
330;4730;1481527219;10
1662;20787;1481519198;8
3253;19803;1481541494;4
19550;10556;1481519890;6
7823;9460;1481534948;18
7442;2285;1481532506;10
1089;8740;1481511383;4
12614;12699;1481513228;12
25397;17429;1481530404;16
25810;16997;1481513319;12
6859;9475;1481543103;4
9647;19319;1481524413;14
3617;20065;1481513644;14
8377;6993;1481510075;14
10786;15072;1481527331;6
4187;27;1481515431;10
172;8440;1481539904;4
4258;4755;1481545003;10
2424;12748;1481550129;18
5845;19772;1481537693;2
15721;19088;1481535363;10
3513;24651;1481513610;8
14920;4811;1481542444;4
17481;10194;1481547323;14
4246;14547;1481541358;12
4851;9112;1481546599;10
975;19781;1481533941;2
19305;3386;1481517622;4
2413;14113;1481537166;2
7794;2409;1481546687;4
11693;8593;1481530833;12
2803;1860;1481540613;14
1986;3772;1481529170;8
13796;18465;1481526977;12
378;5700;1481526897;4
4236;8380;1481547966;8
7589;15237;1481513623;16
19887;2429;1481523703;2
11051;21375;1481533079;12
20935;26333;1481537443;10
17376;18782;1481547320;6
27343;13890;1481534670;16
6989;18811;1481533704;10
24726;10410;1481515745;10
11106;21375;1481514100;2
4758;7884;1481551084;4
4680;6194;1481528652;18
10241;11760;1481534149;8
23824;4848;1481522928;12
6637;13811;1481528604;18
17265;307;1481525099;8
11855;10223;1481538999;6
3930;16796;1481513967;6
16139;17467;1481510587;10
22958;5359;1481537880;14
9149;16888;1481524334;14
6015;1971;1481511057;14
16813;4843;1481524852;6
4541;20587;1481541181;2
7845;9810;1481535585;12
2021;6251;1481524058;2
11940;27292;1481540969;18
8799;5771;1481546297;12
9756;26262;1481514092;12
11222;20395;1481512374;6
24663;14197;1481525132;6
11388;27459;1481525564;6
27323;23644;1481527671;18
64;18868;1481531405;4
9306;3023;1481541226;8
11094;3164;1481527745;4
11374;1181;1481537000;8
7093;13255;1481539333;8
8972;78;1481520142;14
9434;18903;1481551001;18
1227;27464;1481545324;6
22574;16799;1481527953;2
3461;18438;1481540755;16
6789;6159;1481531489;14
23009;13981;1481542635;10
19916;6643;1481520170;2
14872;22443;1481548934;4
6701;5257;1481544977;18
12761;6026;1481515658;6
7103;8417;1481540273;18
11695;21312;1481526791;6
15244;12518;1481530352;18
14793;25356;1481538590;8
174;2392;1481538498;6
8582;5815;1481512781;12
142;11127;1481546958;16
11395;25160;1481548339;16
22532;11123;1481533512;18
17886;14563;1481534366;16
14129;4524;1481534521;12
1647;7089;1481516718;12
20686;4996;1481539083;8
16852;5907;1481523831;18
6563;19970;1481527546;4
8825;6222;1481516908;16
4520;3287;1481544130;6
24540;8825;1481535054;10
6277;3276;1481519054;6
12646;10729;1481532555;16
11141;5398;1481542160;14
4291;9196;1481524343;10
3263;8358;1481542668;16
425;11807;1481543706;16
2771;10518;1481549471;2
8906;15475;1481545162;6
12043;140;1481542702;18
14705;16640;1481530744;12
18049;12417;1481517951;10
6365;5945;1481544002;6
12565;5631;1481523624;4
12793;6870;1481535698;8
11787;3265;1481525545;18
4724;6971;1481524191;8
13851;14889;1481509603;4
10506;9193;1481549499;18
12314;8172;1481531764;6
10118;6171;1481545444;6
17440;23140;1481519575;8
5844;2464;1481513828;16
14272;12282;1481532460;14
18890;231;1481538863;16
14264;19307;1481536863;6
6535;11239;1481543459;6
5105;7297;1481533637;18
8882;21228;1481538523;18
1581;26068;1481534990;10
7389;4026;1481515394;8
19950;19816;1481528210;6
3249;27460;1481548599;8
23648;8528;1481531306;14
20979;20792;1481526691;10
7816;15312;1481524750;14
1416;19277;1481538891;4
4626;25520;1481543516;16
27381;8698;1481537952;8
2365;20148;1481529541;14
20049;1704;1481529851;2
21400;27343;1481549279;10
4318;3598;1481543613;12
20115;563;1481546511;18
20123;4927;1481529834;14
9310;5968;1481523090;14
5356;7062;1481524406;6
9182;6659;1481522695;2
17923;19311;1481534124;2
17273;6021;1481549705;14
1426;25526;1481542110;18
8381;8636;1481546007;16
1734;2026;1481540538;4
16307;6768;1481526911;6
18102;10373;1481548262;10
27398;9423;1481547770;2
8024;8405;1481546488;12
2621;7280;1481517709;2
15347;11387;1481525022;18
26105;6006;1481535019;10
6215;15788;1481545552;6
11575;3850;1481532119;18
3542;10293;1481542627;10
18466;27014;1481521068;4
8516;5378;1481529802;2
5422;13806;1481551107;6
19071;25320;1481526215;16
7631;24140;1481532369;4
1897;10797;1481535418;8
18348;20040;1481545138;14
17601;984;1481531282;8
13204;17420;1481515456;16
7672;24446;1481543419;12
8036;6827;1481529891;4
7311;6385;1481533216;18
8324;12047;1481532113;12
11986;9018;1481549342;18
6649;4041;1481524034;12
9333;9963;1481544979;14
19830;18952;1481517774;14
5521;4783;1481515808;14
22536;7169;1481514030;18
6315;9768;1481549013;8
25185;10159;1481521762;12
22535;16535;1481514543;4
5286;25326;1481550619;2
25194;2892;1481532654;12
21388;22933;1481549393;8
27031;20453;1481522923;10
11071;6111;1481520694;14
20156;1358;1481522373;14
23098;6026;1481529858;6
8723;2364;1481518856;10
6004;81;1481549227;6
27465;3448;1481549032;12
21838;9023;1481527731;8
4997;18328;1481542592;4
9796;9360;1481537084;14
10243;2122;1481528110;4
5827;2012;1481549445;12
9206;8279;1481540152;16
10502;24176;1481544019;6
13290;3701;1481545712;2
10885;10569;1481542615;12
24473;11133;1481537926;2
23751;12092;1481536850;2
16129;11969;1481510536;18
19872;6321;1481525289;2
8544;26098;1481532106;16
5738;11885;1481543580;12
18066;6979;1481524603;4
13912;7876;1481533127;4
13941;3592;1481549830;6
1172;7714;1481515009;6
965;7;1481511508;4
14622;1254;1481533200;6
17526;23850;1481545886;10
6428;20053;1481527126;16
363;13180;1481528673;2
20852;190;1481520138;8
21378;3001;1481537761;2
14549;8999;1481523766;12
6950;22459;1481534034;12
8992;14713;1481515471;10
22678;10113;1481530337;4
19545;14113;1481544843;10
23305;24568;1481520252;10
25001;11908;1481541748;12
7440;20990;1481524253;4
27385;1081;1481545272;4
21313;7698;1481528297;10
21091;11132;1481541439;16
48;10648;1481513528;8
1178;8467;1481530242;6
215;9228;1481550273;16
8694;24962;1481527780;16
5023;2364;1481547905;14
8747;6570;1481515392;6
18857;19965;1481522205;16
19490;6831;1481534181;6
225;22248;1481513118;16
11375;10087;1481526459;12
20078;27404;1481526777;14
17378;11245;1481537180;14
18077;26260;1481543837;8
5427;11269;1481537424;8
12567;18849;1481527312;8
10574;9371;1481522529;12
6698;2351;1481529510;4
18150;4350;1481510984;2
3024;8898;1481540071;16
11714;88;1481519847;14
8571;26148;1481532721;2
378;23787;1481523597;8
12326;14001;1481550452;6
15129;14538;1481528728;6
23102;27331;1481521463;18
25321;9241;1481548541;14
1394;27019;1481528604;18
20862;5085;1481524314;4
1410;18144;1481520653;2
14934;13678;1481527354;4
7888;6671;1481529164;18
329;17263;1481544434;14
8534;18213;1481534531;4
10204;20117;1481531608;8
27023;16885;1481536205;8
5691;95;1481518991;16
18078;10386;1481510679;2
20151;310;1481524352;2
8956;25041;1481540357;2
12757;26259;1481549531;6
14420;22972;1481540816;2
9467;51;1481517104;12
9391;3120;1481538196;8
1105;26310;1481537154;2
8174;27026;1481549558;18
2407;17440;1481526892;8
23167;8091;1481534400;6
11563;7423;1481510232;4
1137;9741;1481512082;6
1156;7546;1481541211;14
19372;1358;1481539001;12
3278;13028;1481532122;8
17152;8472;1481549919;2
11806;9758;1481518655;2
13852;6224;1481536917;12
8505;9968;1481514062;18
8346;159;1481544806;2
11614;1552;1481549907;10
14622;6417;1481546956;4
25040;15755;1481532045;12
1726;1700;1481542794;18
20299;25168;1481533207;2
10668;6177;1481548136;6
25487;23665;1481528925;6
895;3087;1481517095;18
5703;19952;1481519893;10
5625;3505;1481550845;14
11017;22136;1481513982;8
11597;6477;1481525215;12
10261;9548;1481520302;6
25388;8526;1481550261;4
5839;4031;1481514065;2
22479;11035;1481549755;12
10223;19070;1481514842;6
25286;25057;1481542739;14
24354;6804;1481517906;6
17478;26394;1481533096;6
8135;4825;1481518799;12
21081;6946;1481526740;12
11642;17331;1481520987;8
4008;8521;1481535750;12
17785;19313;1481514832;10
1412;9665;1481509588;2
27452;12017;1481512936;12
8931;7817;1481535882;4
1779;6368;1481526534;16
13775;1485;1481511689;12
8425;6618;1481542903;14
2766;4860;1481529810;2
8958;1359;1481519006;8
6169;9461;1481538109;16
9478;4223;1481536298;12
3404;10189;1481532301;18
3011;6828;1481514748;4
8290;17515;1481550085;16
6632;1688;1481527367;18
2123;10004;1481547381;12
1215;20631;1481522951;8
4013;1085;1481545464;10
20541;16188;1481523637;12
4019;27178;1481523472;14
19;5730;1481533617;10
11791;17511;1481519949;10
10520;2761;1481539280;10
6000;5520;1481545683;8
13981;368;1481529876;14
27283;23039;1481541221;16
27288;1885;1481529918;4
1673;2840;1481544897;10
11814;21834;1481526055;18
7167;10249;1481520988;8
19936;5975;1481533667;2
1342;23630;1481533395;18
5355;1607;1481522511;8
19819;22481;1481538202;18
11783;5548;1481524194;8
7038;7334;1481510036;14
22647;5474;1481542318;10
20052;6362;1481546670;12
19940;1518;1481538906;12
5430;4989;1481533171;8
15517;10270;1481542879;12
12425;22871;1481516378;6
11739;25187;1481532371;10
6649;3073;1481540596;4
1069;1730;1481540146;10
6130;7801;1481525836;8
4254;4362;1481532841;14
9191;19764;1481549114;8
22135;17484;1481521247;4
23649;20135;1481537057;14
18079;6308;1481535604;8
9347;15101;1481535200;2
325;9157;1481519909;18
16304;1439;1481529985;12
27101;23614;1481529872;8
4850;25541;1481543820;8
19495;4767;1481509506;2
12073;7569;1481528213;14
4744;8582;1481519139;8
3983;5913;1481543583;2
12133;18857;1481510347;18
4018;23517;1481514871;18
9462;22141;1481515926;10
1813;9065;1481516728;4
3267;9056;1481511778;14
7853;18804;1481546040;2
3010;3726;1481536076;14
1380;8571;1481521594;16
14715;25532;1481546476;10
1057;7147;1481526422;18
18879;7576;1481516571;6
19573;12036;1481532172;6
9883;25531;1481526429;16
389;19818;1481511346;8
15103;10520;1481525986;14
9960;2377;1481545269;2
1608;1305;1481525290;14
17022;4334;1481525757;10
374;5995;1481511266;18
20996;25443;1481516396;14
15752;24511;1481515501;12
27314;16199;1481544920;14
19888;7916;1481527521;8
21499;26155;1481515108;18
252;27182;1481526260;16
25170;13928;1481533619;10
3000;6702;1481532558;18
19298;20524;1481522925;4
20038;20079;1481537838;18
1164;1084;1481529770;12
20599;5738;1481536671;12
10292;12577;1481541982;8
1573;11793;1481532059;8
8444;9433;1481527492;8
956;5884;1481548933;6
27403;3736;1481546503;4
9164;24063;1481543961;6
5863;991;1481535395;6
7333;10265;1481521243;8
3395;6358;1481515321;12
293;15368;1481511875;8
3951;1647;1481526753;4
15189;23022;1481541555;12
1551;4969;1481517749;6
11789;4558;1481541733;4
2122;7696;1481513026;18
8667;6173;1481514645;10
17903;7526;1481538437;12
24479;12150;1481521656;14
9279;6245;1481527076;2
2767;9241;1481526814;6
17885;7298;1481546846;14
2388;17278;1481531291;16
1933;3458;1481538307;18
25365;1214;1481544251;14
26158;27133;1481537110;2
27294;19956;1481546469;12
7359;20573;1481538403;12
9975;20015;1481509564;18
16891;20225;1481546185;4
24737;55;1481544668;18
2363;10676;1481522507;12
6808;12138;1481530104;12
9533;14717;1481550098;4
12137;24431;1481547574;18
19870;27182;1481512151;10
22310;8747;1481550356;18
8551;1035;1481516185;18
23049;8566;1481525307;4
15117;11135;1481535094;16
6149;6185;1481515256;8
7002;15162;1481522698;6
237;8655;1481514710;10
8801;3880;1481536219;14
15494;3981;1481523231;2
3513;13978;1481547165;6
1175;9242;1481517043;18
17287;5423;1481538845;12
20535;5860;1481535087;8
10437;3147;1481538969;8
22147;23786;1481548061;10
22293;12246;1481513593;8
6960;18891;1481541830;18
17413;9546;1481530009;6
5117;21678;1481515354;4
14663;8095;1481531984;2
12709;441;1481548357;8
2834;4266;1481533821;18
26259;1386;1481529598;8
12614;1278;1481547214;8
6818;8969;1481549396;4
6731;11997;1481520056;2
7517;7615;1481511961;4
2983;5264;1481519250;4
7946;19538;1481523656;14
4254;10614;1481550484;18
5839;5097;1481524169;14
10538;20689;1481535105;2
12601;20135;1481520317;8
25518;10527;1481509643;8
20131;19508;1481547142;10
22135;972;1481510468;16
12025;9448;1481536351;18
21798;12799;1481526688;8
1608;21406;1481545484;4
7359;5987;1481549429;2
11810;19959;1481540096;10
14433;12814;1481528162;16
23867;8510;1481544181;6
27410;10675;1481548235;18
9054;27131;1481536697;18
260;257;1481543443;2
17903;26293;1481548096;2
6497;17783;1481532994;6
895;7974;1481521004;16
3574;7833;1481520950;16
12147;949;1481547342;4
4955;971;1481518397;10
9300;20656;1481511178;12
2150;23002;1481545414;16
14799;13798;1481522681;10
26103;17887;1481524504;2
4833;7892;1481536287;14
23052;11765;1481530247;16
26333;7143;1481509515;12
5877;15032;1481536035;2
20370;26163;1481518716;4
23786;11216;1481536377;18
4786;4296;1481541349;8
11720;23030;1481534407;12
19859;26999;1481533696;16
15485;2142;1481535885;18
1171;17042;1481521749;2
4264;8300;1481514012;10
20401;10313;1481516237;18
7443;6950;1481516200;16
1956;26104;1481516694;4
15214;5405;1481530564;2
5871;11642;1481536225;8
18091;5901;1481545764;2
3007;6114;1481539351;14
15433;12757;1481512149;18
8877;27008;1481544787;18
14003;20609;1481526299;16
24369;8504;1481520499;2
9000;9835;1481519109;14
23019;9566;1481529852;14
15244;20338;1481511614;2
16858;17198;1481533235;6
15027;6828;1481515050;2
4811;7461;1481510749;14
9892;17519;1481528130;18
8324;10531;1481548437;4
4158;3133;1481535986;10
3464;22502;1481535905;16
1864;13944;1481541233;12
10327;6382;1481521772;8
15024;21497;1481528044;8
10377;24569;1481544032;16
26313;20790;1481522262;16
24128;26329;1481521768;18
10028;1166;1481534944;8
19825;20409;1481546875;4
10242;19822;1481510367;10
6353;12211;1481538064;6
4660;19826;1481533444;18
1369;17477;1481516261;10
10516;10528;1481543726;16
7834;21722;1481539808;14
23066;11860;1481530192;14
16333;27545;1481523859;14
9056;8956;1481535516;2
14494;5346;1481526008;14
27020;15389;1481515960;10
1440;1895;1481522998;18
4034;11576;1481513870;8
20466;9257;1481510590;4
23622;7463;1481513352;6
19555;6838;1481541645;16
3133;9210;1481525413;8
9830;14922;1481546900;18
3077;11789;1481539031;16
8480;26051;1481511335;16
24695;20975;1481549451;10
8946;17163;1481541413;4
17241;19969;1481528048;12
4301;22533;1481510314;12
26315;18198;1481531997;6
20403;6811;1481529814;14
8117;11717;1481526335;6
8131;4246;1481539313;12
9998;10680;1481548347;6
7451;18194;1481521380;14
8296;5104;1481519146;18
8379;1389;1481533091;18
6808;5101;1481531093;16
20995;11959;1481546244;8
1692;9019;1481538296;14
280;16185;1481547952;16
1158;9319;1481533117;14
438;23162;1481519838;8
10704;20472;1481548867;16
13880;14170;1481533249;16
12285;5756;1481543069;12
3852;9789;1481511847;2
8300;18461;1481533091;10
5510;4702;1481540024;10
12389;6663;1481547875;12
1801;1859;1481510631;10
420;14904;1481545006;16
9955;20962;1481528211;12
1185;14255;1481519819;10
27178;8016;1481543128;14
1023;16126;1481533617;6
7437;6933;1481519241;14
6221;5878;1481547944;6
10998;9959;1481542191;6
14811;9771;1481532420;14
10727;6530;1481541577;4
2776;5485;1481548781;10
26039;3789;1481519467;6
3254;19868;1481516124;12
1811;19986;1481546834;16
20078;22455;1481533600;4
6894;4486;1481528267;8
26263;3010;1481525040;8
6001;12352;1481538884;16
27127;25411;1481532158;6
11954;8372;1481546932;8
17;1032;1481518189;4
21307;17267;1481515704;2
4808;27559;1481549220;16
19712;8548;1481512669;16
24258;27401;1481544090;18
2384;3006;1481518996;4
23317;7316;1481532605;12
27556;23865;1481518365;14
22266;230;1481513258;18
19078;13924;1481550073;8
11692;10567;1481549126;8
12157;3944;1481529883;10
27204;6143;1481519509;2
14999;9569;1481526391;14
7005;21269;1481549299;16
1890;11415;1481542627;18
17420;10829;1481544306;10
5379;14264;1481517562;6
19052;6593;1481517119;18
11256;26041;1481550740;18
24473;14550;1481527853;2
20453;18078;1481517200;12
14151;1080;1481536747;4
7162;12137;1481510112;8
5594;19970;1481532550;18
9457;12774;1481533948;12
6989;15375;1481537521;14
14873;9197;1481530432;18
23853;10887;1481530917;8
9872;4729;1481546079;6
5356;11800;1481544900;18
73;3554;1481513755;12
7450;7882;1481510798;2
8741;18472;1481519263;14
23021;14537;1481509587;2
11993;10064;1481544876;18
983;8945;1481547711;18
1558;3012;1481537957;2
25064;27197;1481515693;12
17193;5946;1481518668;18
4011;7687;1481547481;10
19543;5760;1481546056;6
10406;1576;1481534386;12
6586;112;1481518022;6
3984;6105;1481511305;2
225;1670;1481513756;2
22926;4544;1481532112;2
7998;16886;1481534203;14
6440;12141;1481526547;12
10665;9833;1481515063;2
15348;16051;1481518871;18
8511;18913;1481546348;4
1923;275;1481550157;18
9009;13825;1481520786;8
12784;21724;1481545816;10
5732;7427;1481542947;12
1776;5752;1481535099;18
5823;27509;1481545795;12
7012;27481;1481524428;14
2825;9647;1481536658;4
20111;232;1481510712;2
11090;25066;1481515533;14
7435;9478;1481531265;6
16840;4851;1481519772;6
16807;15131;1481525173;4
24258;6701;1481539335;10
177;9026;1481549324;18
8911;17586;1481527182;8
19087;10913;1481516948;10
20303;6114;1481551129;6
7001;27181;1481511051;10
13942;9757;1481537027;8
8561;25246;1481535383;16
10923;3535;1481540520;8
21071;4739;1481550026;6
14242;27165;1481512664;14
1263;2390;1481518197;14
5890;12362;1481541377;4
5813;1095;1481547797;12
3422;11234;1481528213;4
20523;15934;1481524475;10
175;10564;1481529013;18
5780;187;1481549001;8
11032;895;1481541307;16
8991;23061;1481539656;10
3420;26031;1481543260;14
27509;19046;1481521645;2
12337;16806;1481518180;8
25088;15478;1481536810;12
14565;19486;1481528370;2
19795;17334;1481525056;10
5301;27323;1481543491;12
8516;21388;1481534777;16
18764;5931;1481526181;18
6404;8397;1481534483;10
9832;4216;1481525353;2
11856;14587;1481528868;8
7956;3255;1481541625;16
7044;22588;1481534816;10
7576;9455;1481520127;6
226;14137;1481513620;10
6658;9329;1481523894;14
25508;14921;1481527425;16
11254;9985;1481517102;8
124;11115;1481518274;16
10524;15098;1481541747;14
25167;6009;1481531582;12
1535;23100;1481548494;12
12558;6821;1481525010;18
15125;6657;1481532208;8
24950;10515;1481545826;6
4660;6130;1481510592;4
19277;4359;1481509918;16
25373;27291;1481540436;8
4705;8130;1481542870;2
10292;15298;1481547684;10
12099;25185;1481518942;10
8006;8896;1481539075;12
20089;27314;1481536248;16
11176;3398;1481514220;12
12318;25368;1481511147;16
25433;6366;1481522234;18
9412;11886;1481517474;6
23518;12624;1481540812;4
1890;16308;1481549509;2
20928;7161;1481525065;12
16982;22603;1481542941;8
23168;1981;1481517203;16
1646;1090;1481538550;4
202;2139;1481544043;18
7071;1029;1481546661;4
7302;10415;1481550561;12
22464;11139;1481516402;10
7038;17263;1481530884;12
21411;14551;1481546626;2
11132;887;1481525284;12
10289;10373;1481538326;10
4757;7915;1481513736;4
6608;7823;1481536507;2
3544;16800;1481547798;16
3792;5101;1481516169;6
23012;10750;1481534058;16
11037;17305;1481528647;18
405;1672;1481548987;6
2964;1726;1481549981;14
6784;3768;1481509613;10
19283;20070;1481547062;6
4739;24354;1481513741;6
17389;1406;1481534909;18
20994;9960;1481510882;14
8878;7843;1481521062;12
23727;5893;1481543304;2
10215;1719;1481531786;10
1149;439;1481540026;4
14803;4841;1481516555;14
20757;599;1481549372;12
7773;3769;1481539332;6
3939;10571;1481530423;18
9881;10410;1481519258;12
23338;5127;1481525620;16
7074;6463;1481548567;6
8439;9992;1481535740;4
18871;10696;1481533985;12
11416;14442;1481525398;2
4953;1353;1481548626;18
10200;17274;1481549654;8
7963;13899;1481538564;14
1419;22508;1481550882;10
2407;4337;1481540390;16
4796;10547;1481545010;10
12766;10319;1481513695;8
8765;9981;1481526762;18
17265;10531;1481531863;8
4997;12116;1481542530;10
2037;25041;1481538736;8
24446;17530;1481537733;4
4781;14511;1481541302;18
11224;27136;1481544132;12
3643;2416;1481535123;6
17529;23364;1481537361;12
956;383;1481530600;12
29;18349;1481527351;4
9739;389;1481520795;6
12872;11143;1481535443;14
26150;5843;1481548210;18
7860;2149;1481520198;12
10679;2386;1481518961;8
1095;6981;1481523074;12
16856;14439;1481534660;4
20981;6149;1481550338;12
241;21209;1481516522;18
1356;4178;1481522757;10
12135;5036;1481532750;18
25388;10736;1481544494;4
5894;9185;1481523121;8
23832;19878;1481518166;2
2423;6159;1481542699;10
4779;1978;1481529251;8
4687;10653;1481545261;14
13187;1022;1481537609;4
11729;27321;1481544332;18
6111;19220;1481531144;16
1681;10533;1481521091;4
19943;17009;1481510764;12
3850;9749;1481531885;12
1694;24252;1481527299;6
1491;27460;1481524076;14
6723;5108;1481523335;14
71;14821;1481523674;14
2725;4783;1481537331;14
27391;22539;1481535875;6
5887;6168;1481517636;4
27158;25371;1481531245;2
8741;6002;1481514188;18
11393;9855;1481538420;6
5949;22298;1481528987;6
5704;20069;1481547195;10
19417;11751;1481520606;6
6633;20125;1481509547;6
16889;23328;1481532762;14
21279;6272;1481532175;16
15117;13929;1481540425;16
1661;14447;1481520186;4
7165;4919;1481523306;18
4287;26051;1481548147;14
1879;10532;1481517510;16
7402;8031;1481526202;6
138;14137;1481549780;18
4563;8538;1481519729;10
10639;4958;1481544140;12
10597;6942;1481521276;16
10572;7501;1481538490;14
14166;10779;1481539225;18
23031;8746;1481514646;6
20527;23523;1481529037;8
9947;3948;1481533494;4
9179;8349;1481534006;4
10566;6109;1481533548;6
2796;14137;1481534610;10
8495;20369;1481514992;4
14170;18046;1481536669;16
17296;8050;1481544986;2
11849;5287;1481540283;4
24062;5780;1481517619;12
9441;4922;1481526858;2
5701;3704;1481544687;10
2013;9247;1481549060;6
11403;9648;1481545258;6
8412;8873;1481522041;12
8490;4562;1481524626;6
1889;22148;1481530294;14
27206;22135;1481525298;12
11595;7415;1481515049;16
19993;7044;1481544583;18
7555;10916;1481523352;12
8138;14585;1481535367;16
8044;14558;1481538004;2
2816;6614;1481531024;18
20643;13286;1481530648;16
10571;9853;1481515449;18
3124;6118;1481512928;4
5592;965;1481522742;8
8667;3070;1481531722;8
16377;6349;1481539107;2
6109;14620;1481511750;12
1378;6766;1481542413;18
10427;14587;1481513592;6
8572;11961;1481534886;2
3029;5614;1481520011;18
6647;7781;1481527467;4
25339;7978;1481523318;16
4301;10320;1481523873;4
23050;5954;1481509541;6
10718;11141;1481517953;2
8494;17845;1481512396;6
19532;14137;1481534304;4
13942;27470;1481523463;8
1235;7900;1481514538;14
1421;7961;1481519054;8
3027;10700;1481547424;2
27001;21310;1481529805;14
15089;12041;1481549877;12
9991;20907;1481531034;10
27023;3741;1481515008;14
7299;10720;1481549825;2
23180;23082;1481535444;12
7276;10722;1481514208;10
13914;4023;1481537133;8
9456;8837;1481526056;6
24668;7809;1481547235;16
119;3403;1481550805;16
9451;2846;1481539547;16
2389;20996;1481537389;6
8899;13823;1481550050;8
22292;14658;1481538195;18
24429;7966;1481544890;10
3691;14556;1481546469;16
12749;27039;1481526522;2
5517;7696;1481509663;6
1212;16304;1481538419;8
23050;23971;1481530856;10
10069;6545;1481517414;12
20466;18810;1481522721;2
1228;11056;1481541476;10
21597;12335;1481548337;18
13815;1961;1481532152;4
16878;23262;1481545985;16
11858;6124;1481516780;2
5731;16894;1481510013;16
9567;7266;1481522840;2
19771;3972;1481543177;8
19868;11108;1481524953;16
9684;8369;1481536110;18
6516;17033;1481530307;18
9995;6560;1481527006;8
3125;8893;1481518151;12
19850;1041;1481539802;6
8868;6691;1481546659;6
10030;27229;1481521395;8
11111;25058;1481536425;12
10009;25511;1481510673;8
7348;1981;1481523154;4
10738;20600;1481523342;16
26040;1864;1481544834;2
405;19495;1481532638;18
20126;8329;1481536317;12
6812;12869;1481517444;2
26039;27058;1481546460;18
127;438;1481514262;6
5023;19571;1481526842;18
12024;1579;1481527792;8
10082;23663;1481540271;12
10009;5083;1481537089;2
4686;27425;1481533512;4
13875;25431;1481543277;8
14615;1634;1481519822;6
20148;1156;1481513080;2
22142;20773;1481548677;14
14927;27101;1481521724;12
8095;63;1481546796;8
17257;7958;1481533680;10
27334;3408;1481550299;14
17254;20953;1481528171;16
15754;5822;1481546883;12
915;276;1481520887;10
10847;6351;1481536079;18
9404;5113;1481535565;6
15990;5949;1481543002;8
282;8683;1481539807;2
15916;5744;1481542979;6
18049;20081;1481521053;8
263;7625;1481543507;14
7636;14703;1481541617;8
1598;5860;1481541797;10
20520;1280;1481536042;18
4686;18873;1481546256;18
1432;1178;1481540911;4
5909;23335;1481513376;10
19372;11036;1481510108;12
7795;18952;1481530573;12
25072;24966;1481538102;4
11809;21318;1481532178;8
25012;23333;1481534542;4
27379;6981;1481513945;6
16049;27321;1481524681;14
3932;9229;1481537103;10
18213;7954;1481512902;18
895;3971;1481544750;4
24424;9164;1481545263;6
10164;20975;1481530323;18
1312;9443;1481550642;18
4699;27013;1481542294;18
7294;139;1481546822;4
6516;6613;1481519062;8
1791;11743;1481522102;18
7334;9471;1481544351;16
9436;207;1481518702;16
19274;13794;1481521006;6
20132;2635;1481515273;16
5520;4249;1481546033;8
14934;1301;1481515492;16
5110;17502;1481511907;14
10514;18346;1481511496;18
10322;27061;1481544957;14
3737;6026;1481522672;16
9205;4907;1481520483;8
3705;2120;1481542931;8
22971;6966;1481535711;18
19372;10655;1481514883;12
7770;27415;1481516894;12
17262;17593;1481533414;10
18305;25373;1481547359;12
24369;960;1481545590;18
8826;26112;1481521663;10
17463;14446;1481515539;18
25035;6246;1481530532;8
13726;7591;1481526028;14
4045;15227;1481539676;10
5004;15465;1481531860;12
17428;7272;1481525531;8
7774;1214;1481545267;14
3395;9494;1481538966;8
17;10354;1481550832;4
16307;17387;1481527133;14
21840;6499;1481522705;2
7590;6678;1481514881;12
1666;12326;1481512865;12
19535;3712;1481525556;18
8777;8139;1481522446;8
9152;8847;1481549179;12
4192;22984;1481531160;8
1677;6244;1481550482;12
22268;6956;1481527173;2
4559;1448;1481523441;10
5297;7588;1481514281;10
11142;6531;1481549124;2
18818;18076;1481544462;18
34;20693;1481535787;12
20195;23542;1481516051;8
7865;6925;1481535791;2
9424;1624;1481515948;18
23328;5354;1481549720;14
9900;27118;1481526862;12
24508;11178;1481518741;10
9408;11120;1481517443;14
9628;9228;1481545533;6
10019;25265;1481547731;16
22930;11757;1481529397;10
19828;23811;1481542551;2
6495;2428;1481513684;4
1174;25065;1481538014;8
23140;17849;1481551015;14
25054;4628;1481534021;14
27312;1271;1481546582;18
5428;11687;1481511429;16
2733;27434;1481518299;4
1366;24650;1481520194;4
10331;20944;1481522408;12
19064;94;1481546309;12
8756;11221;1481512415;8
18077;10122;1481512945;16
1271;26313;1481544546;8
27552;7278;1481510115;10
8378;16891;1481531621;18
11145;2022;1481545356;10
5001;7269;1481549622;14
11254;12247;1481537782;14
19967;381;1481538104;14
4743;7065;1481525903;4
5765;6609;1481539155;2
4529;7315;1481509930;14
6734;3027;1481525457;14
14585;19089;1481549776;10
10998;10008;1481521359;4
14165;15011;1481517905;10
12090;4990;1481521401;6
25035;3418;1481542127;4
12241;20655;1481526684;8
17387;6778;1481518870;14
27327;9217;1481548467;6
6699;2820;1481532244;10
9894;23625;1481516354;12
2877;21797;1481544328;16
20881;11720;1481511685;4
7904;2985;1481545042;2
21799;23753;1481546191;14
17352;21736;1481542406;4
11018;6772;1481544409;4
4923;14804;1481517474;18
18808;6855;1481547157;8
19752;294;1481522892;16
9451;6823;1481533601;4
13495;9473;1481549233;4
1743;7423;1481549831;18
9369;24680;1481541454;10
19543;24397;1481529631;4
11157;9803;1481538073;18
5089;7290;1481512897;2
20599;1193;1481549470;2
5651;13678;1481546305;8
14537;10700;1481516218;10
1765;6278;1481534687;4
8350;13945;1481532633;6
994;6238;1481540012;18
14550;1256;1481524802;12
7354;13263;1481530990;12
17901;23024;1481544978;14
8762;2144;1481514051;18
14183;323;1481541843;14
10268;23142;1481539433;6
8536;15303;1481519408;8
27318;4915;1481549427;16
8533;15012;1481510207;12
9638;14777;1481517087;16
9185;4739;1481538066;6
8310;4810;1481531870;16
10095;10906;1481514601;10
408;23446;1481512603;16
7840;6346;1481523306;14
22922;19090;1481537030;4
27385;7996;1481534953;14
10612;8580;1481551042;16
14705;9433;1481532678;16
19799;3086;1481519414;4
1052;2177;1481511126;18
9022;2036;1481529163;2
10222;17398;1481510250;18
27095;9347;1481513700;10
11142;15302;1481549131;2
13238;20479;1481515845;10
6175;7815;1481523489;10
7900;10904;1481540471;14
27459;24748;1481530771;16
6268;24929;1481524978;8
7529;11611;1481539648;14
5357;11254;1481548485;4
2416;1991;1481550419;2
14934;23647;1481525676;12
11069;10099;1481551019;14
7086;12240;1481529497;12
1198;9256;1481550806;4
2389;20078;1481537266;6
11157;6355;1481531868;2
14271;1883;1481513016;4
21254;1984;1481517129;18
6260;4185;1481547163;14
10514;10224;1481521513;12
25362;6634;1481549664;12
8975;27493;1481528433;16
11742;8343;1481524567;14
17580;1610;1481524234;4
14435;10511;1481519764;18
3395;7595;1481511965;2
10330;10726;1481524386;14
10330;4529;1481550903;16
10807;6706;1481522331;8
16796;7054;1481514126;4
4752;10068;1481512066;12
7570;3448;1481548070;10
4803;17901;1481535665;12
1078;23894;1481510837;4
5396;8643;1481525566;4
2983;21081;1481525697;18
1791;4929;1481543927;10
12116;14780;1481538995;4
6363;3924;1481528988;10
12153;5260;1481522409;16
8511;18202;1481532878;14
15474;17921;1481531856;16
21711;10595;1481524963;8
10178;568;1481513988;18
1407;7803;1481516881;8
15073;4780;1481525531;14
9061;3954;1481541458;8
4968;3121;1481545089;16
5642;1287;1481518501;12
6630;13560;1481520518;6
3774;26145;1481530884;12
12376;2643;1481538765;8
22578;6870;1481547004;10
9022;1812;1481549816;2
18802;11476;1481542167;14
3578;6384;1481518364;4
2151;6604;1481524359;14
19922;27547;1481548304;14
11625;5261;1481528763;14
14193;5002;1481512256;18
23730;13819;1481546008;8
23159;1350;1481518658;12
442;24689;1481546644;10
20926;13461;1481537533;10
1201;27019;1481535404;14
3261;9156;1481529930;16
21223;16177;1481540306;16
25532;5019;1481549848;4
1570;2645;1481536143;12
27383;2931;1481534889;4
8744;21839;1481512883;18
3408;20962;1481511067;2
25261;2812;1481523229;10
15346;14447;1481516212;2
21814;10636;1481519336;4
11005;7601;1481531902;10
4026;9440;1481511324;12
25358;16128;1481525293;6
10523;2730;1481546354;18
14150;6298;1481514644;14
10493;8236;1481546889;16
6545;7936;1481510806;14
19583;19492;1481515449;8
19881;27313;1481535818;4
9016;17160;1481537710;10
3591;1500;1481530875;10
23119;4703;1481525780;12
883;10261;1481512696;10
17477;17156;1481516710;4
4822;5719;1481547667;12
891;5843;1481521205;16
8689;6349;1481514128;14
13817;20146;1481540170;2
23114;16297;1481544293;6
5002;14567;1481540590;16
17417;6452;1481529809;16
5263;1127;1481542636;2
1002;8234;1481536247;6
16131;1992;1481515560;12
5740;3902;1481522660;8
48;7348;1481510466;6
6118;15297;1481548111;8
1361;4501;1481533142;10
12216;15033;1481525932;18
21402;22273;1481550446;8
11028;6268;1481519900;8
14614;20193;1481538886;16
23520;4799;1481524476;8
6278;17480;1481549745;10
17511;19723;1481528815;2
14926;11859;1481534706;18
8571;7247;1481521697;16
15935;27104;1481514166;12
6414;5279;1481520100;10
19764;2348;1481519408;14
8231;23448;1481551000;10
6290;5779;1481520307;8
10509;15322;1481550794;6
10720;9950;1481511808;2
265;6314;1481523943;8
11206;5282;1481536173;18
4550;7013;1481526697;8
9808;9917;1481524337;14
13030;9751;1481526180;10
3599;25374;1481518639;6
1191;8016;1481533327;18
18157;15303;1481546744;10
20328;1193;1481544839;12
8324;10908;1481511809;14
9883;1665;1481546940;16
13185;7457;1481512813;16
27336;27165;1481525060;8
19299;19598;1481550156;2
17021;1660;1481532549;10
11806;22432;1481546149;16
19087;20316;1481530608;4
8165;2640;1481515310;16
17308;4801;1481533796;16
21719;1157;1481547649;4
19252;8384;1481539367;10
4929;4977;1481540634;4
23728;8309;1481519771;6
6637;5287;1481532883;4
16311;19964;1481549975;10
12814;24928;1481538907;10
22603;27055;1481549073;8
9887;18910;1481543006;16
2127;24508;1481532927;4
1706;7988;1481542282;16
4978;12327;1481511279;12
265;4843;1481522105;12
23330;1328;1481538847;14
1922;9178;1481535735;12
11705;20092;1481542294;8
1535;6950;1481529593;2
1492;6146;1481533952;18
24141;5904;1481542559;6
4657;8934;1481548630;16
17293;7359;1481548360;4
6543;10282;1481536989;12
10271;12048;1481535115;10
20132;14895;1481545029;2
3409;5384;1481513018;14
14953;20981;1481536459;8
5696;3079;1481543607;16
1727;3122;1481549592;16
4726;1686;1481533799;14
19815;353;1481513941;18
5845;6614;1481525510;10
24748;6982;1481514342;12
14656;27299;1481527501;4
6244;1324;1481510401;2
22315;17893;1481548608;2
4687;9329;1481544001;10
8298;8563;1481535167;14
4983;25320;1481530927;4
13779;1777;1481517579;10
20464;25414;1481524882;16
297;10766;1481550450;18
10914;11139;1481533397;8
17213;3510;1481519066;16
25342;5607;1481523105;4
17359;1973;1481549359;6
2176;10331;1481516506;4
18913;10564;1481542228;12
8596;17881;1481509572;8
15518;3627;1481511235;16
13879;8513;1481546997;12
9469;27263;1481539895;16
8238;14635;1481548071;2
11376;5728;1481548098;2
14135;21297;1481529785;16
4587;2343;1481516363;18
1771;2396;1481525647;12
9985;5529;1481518081;6
1769;16192;1481511202;2
19213;27558;1481517112;6
1359;17782;1481542531;6
23891;4533;1481522878;4
1306;14140;1481527764;6
8950;4006;1481520276;6
2942;11140;1481545694;14
6255;275;1481520803;4
19710;2426;1481527208;16
4029;7272;1481535586;12
19779;2135;1481528992;10
10411;1229;1481523679;14
6984;380;1481538429;18
22445;26111;1481534123;4
22989;10270;1481513143;4
3448;9062;1481532244;18
13195;27204;1481511778;2
1688;3723;1481546500;12
1199;16194;1481523441;18
1033;5940;1481521458;6
6406;1254;1481549054;16
14961;1002;1481513737;8
1322;12221;1481532261;16
11902;17460;1481512690;18
17882;5706;1481544934;12
2138;5379;1481527133;14
4759;22301;1481549711;10
15287;7904;1481516015;16
22141;9860;1481512449;4
9686;21296;1481546647;6
13796;3506;1481514107;16
10696;5822;1481527925;6
3284;10739;1481537478;18
12293;1405;1481544644;2
964;23445;1481526665;8
7582;8447;1481537239;16
12089;1885;1481515324;6
25810;7008;1481522251;16
6696;22921;1481526453;6
6862;21030;1481536588;8
1302;24925;1481545913;8
27174;382;1481525550;16
19953;4223;1481516664;12
20366;4960;1481537661;4
6132;8157;1481514866;8
5916;22988;1481546187;8
27285;9154;1481531642;6
14948;11240;1481533896;4
2126;3753;1481519099;12
25707;2836;1481525506;2
24172;26149;1481514999;10
15154;1197;1481521759;10
1844;6247;1481538637;18
14186;22252;1481523269;14
7468;21081;1481544228;4
20303;27051;1481547309;2
6316;7244;1481512953;4
21802;24360;1481512770;8
26266;6715;1481547097;10
23341;9666;1481532515;6
4327;5913;1481549235;14
1057;6557;1481523575;6
1328;26322;1481534815;8
6860;10218;1481513170;16
12145;998;1481544213;16
18261;7000;1481537847;16
1811;24981;1481545857;6
14557;16044;1481523455;4
19423;6417;1481542598;16
10027;12562;1481519703;14
8448;1088;1481521806;2
24963;2970;1481519401;12
12353;18912;1481514522;12
11251;14806;1481537551;8
1199;1880;1481516858;12
10874;18346;1481528689;16
1707;9015;1481510645;8
6136;11027;1481523169;4
3283;19593;1481513658;8
17504;9211;1481545554;2
14571;7878;1481517069;10
9821;422;1481529522;14
4543;4504;1481545685;6
16843;8297;1481532646;6
6767;7078;1481543951;4
19758;23542;1481534899;6
92;9844;1481537543;12
16648;10616;1481536887;2
6928;10782;1481535500;10
1669;11903;1481511147;18
211;11054;1481510630;10
10472;2363;1481522073;10
9185;8991;1481518318;10
27335;425;1481525624;4
10403;8849;1481510330;12
20527;3747;1481534730;12
6497;17474;1481528096;16
317;27548;1481525950;10
5945;7524;1481547089;6
9064;4700;1481521755;2
3994;21267;1481510289;16
14288;25425;1481541919;18
10375;1189;1481542705;14
4251;7437;1481519663;6
20049;12243;1481522523;18
12315;11156;1481543801;6
1860;19781;1481518438;14
4291;20906;1481522790;2
13778;20114;1481511920;2
7160;22539;1481518013;4
5756;27296;1481523194;16
8377;1292;1481514592;14
20485;8743;1481532799;12
6127;3639;1481539528;14
24668;24373;1481531165;18
9768;4735;1481511806;16
12796;20111;1481543610;4
6567;23548;1481549860;8
4525;14283;1481516002;6
4189;18341;1481531819;10
7523;2784;1481525071;14
1324;1894;1481546114;10
12873;25447;1481538803;8
24714;5294;1481545787;10
24423;7825;1481538132;4
431;10881;1481547674;18
273;10255;1481529947;14
16051;5882;1481515869;16
4326;10887;1481547675;4
21;20099;1481518101;12
4733;21492;1481525364;2
3723;14711;1481517949;18
12585;6545;1481521088;12
21398;7452;1481512056;16
1846;12643;1481519593;8
27397;22271;1481544199;12
17364;19868;1481516711;10
7042;1732;1481520422;6
7366;23729;1481518480;16
28;6932;1481513600;8
16888;13873;1481529966;10
4523;8595;1481512770;12
8760;7398;1481522445;4
8809;6882;1481534614;10
13949;9759;1481529268;16
10219;1836;1481532025;2
7157;25342;1481529861;12
26195;23108;1481513885;12
11222;2160;1481543959;14
23109;6118;1481514330;2
23518;24445;1481546867;16
21365;8152;1481533770;10
10412;23856;1481536039;8
4858;9114;1481531278;10
20522;14135;1481542674;8
6116;1686;1481545837;8
3415;11415;1481539682;14
20300;4031;1481538714;16
24986;9801;1481524456;12
1875;1303;1481549754;4
25372;8016;1481512979;12
25528;25185;1481511937;6
27489;24278;1481536458;6
1150;7711;1481535096;14
17503;8755;1481531237;14
6119;11797;1481523785;12
23365;19802;1481521510;8
1520;18875;1481542173;8
12415;27282;1481512978;4
6466;14135;1481536268;12
15784;9899;1481533360;4
24429;6541;1481528854;12
1307;1793;1481516087;14
10326;17256;1481523237;10
23047;11218;1481529538;16
21212;11;1481548227;12
11777;5957;1481530678;18
14289;6202;1481531744;4
24277;24090;1481530792;8
1721;24709;1481550741;8
4898;14699;1481550194;18
25084;24931;1481532877;18
4258;25413;1481533752;4
9001;15327;1481512904;16
7104;14139;1481520766;14
10604;7862;1481545033;8
9962;11985;1481534804;14
2747;3554;1481548905;18
13792;14916;1481531436;18
8944;24429;1481510490;12
8741;9012;1481539277;8
3413;3032;1481528622;8
4210;8635;1481540371;6
1500;10218;1481542727;2
1586;3057;1481530193;6
8422;13763;1481517122;8
10376;14919;1481519721;6
3024;12763;1481549811;4
16894;5652;1481546609;10
5864;7975;1481514643;18
20985;4838;1481511256;14
1665;5263;1481512553;2
25061;4256;1481534603;8
25011;14963;1481545525;12
16053;9660;1481534656;10
6665;124;1481513994;14
22267;6219;1481514467;8
9483;6239;1481539426;2
6195;7591;1481532122;16
27201;6582;1481514218;4
12372;27270;1481545037;18
19799;9463;1481543188;14
8645;11249;1481538247;10
3368;23450;1481541605;4
10674;10093;1481521081;8
13679;3411;1481522192;6
3772;6309;1481531457;14
22938;156;1481520627;14
13679;1713;1481544013;12
14207;2815;1481537542;4
3253;21;1481515617;2
8947;24669;1481541843;2
8379;15018;1481534352;6
19985;11862;1481540095;6
3643;20967;1481531810;8
10009;11032;1481537934;18
14575;11202;1481550714;12
17285;7617;1481527137;16
11788;8870;1481535928;10
10824;4728;1481528924;8
1401;24687;1481521854;18
16928;27471;1481543629;12
9870;10724;1481511890;16
20950;7873;1481534185;8
5841;8918;1481548298;12
20628;1128;1481519246;8
7439;20532;1481543171;12
9206;209;1481517464;18
4777;24842;1481529617;2
13113;8549;1481519787;18
23665;1114;1481518933;8
27014;5741;1481511382;8
23347;25062;1481548787;14
7314;7158;1481532075;16
18152;11955;1481533082;18
8323;8146;1481535471;8
9414;5909;1481520354;6
7466;1185;1481545109;10
18914;11685;1481515097;18
27026;9752;1481548791;4
9284;19060;1481534223;6
2176;20077;1481535165;2
3753;25319;1481522641;4
1416;8376;1481521680;6
1127;2878;1481521077;16
10781;1221;1481548091;8
7469;8403;1481532476;16
25518;5894;1481543111;16
1374;7330;1481547750;4
8316;26034;1481509711;18
1197;27318;1481523915;2
2833;17423;1481527298;14
23020;24951;1481531736;18
14048;4901;1481509974;14
8181;3692;1481550060;2
9651;8383;1481537958;2
12655;5674;1481525889;12
19960;23011;1481514826;18
1261;27042;1481510646;4
5828;7258;1481526058;10
8401;4916;1481534476;4
11405;8195;1481529284;2
22265;3061;1481546540;2
3903;10189;1481516768;18
20486;7960;1481525044;8
13906;19800;1481514439;8
10384;27381;1481517986;14
10569;1289;1481522344;8
26037;1844;1481544888;18
17034;8093;1481548430;12
8448;23443;1481530922;2
10527;22678;1481516580;16
1252;18782;1481510341;18
12713;14429;1481530380;8
22497;8289;1481539259;2
7635;8753;1481537748;14
20133;307;1481542486;6
7937;6953;1481518506;16
6667;16042;1481514093;6
8289;12624;1481524494;18
11846;5604;1481539924;18
42;27471;1481524181;14
5704;6542;1481531098;6
7869;3898;1481540108;12
21837;19539;1481529753;18
19829;3501;1481518507;8
20044;24782;1481548128;4
2741;9002;1481510293;16
12015;11402;1481515821;14
169;4236;1481509958;16
1063;15745;1481520299;10
7883;12788;1481540889;16
9106;22614;1481525234;6
1123;13796;1481519721;18
4044;23013;1481529920;12
13874;20934;1481511040;18
15486;13226;1481539867;8
12277;25170;1481512374;10
9159;2161;1481529615;16
27504;9752;1481525986;4
4848;7780;1481527435;2
8911;2751;1481538775;8
16863;3617;1481549066;8
6113;10314;1481544220;16
8095;11101;1481549219;4
19277;14245;1481540261;10
7856;1483;1481527483;12
14655;6599;1481525250;2
1772;3914;1481539730;14
16795;3508;1481513417;12
8689;8801;1481512958;16
19889;1311;1481532551;2
13222;20952;1481534539;16
23550;9806;1481551115;12
1913;3990;1481546177;14
25068;5810;1481546456;10
32;9755;1481525310;16
27556;17436;1481547244;16
22431;5358;1481537831;6
11985;25502;1481536323;14
5894;13903;1481517813;14
3754;3978;1481524819;14
21309;12025;1481526967;16
2392;2792;1481543161;12
4657;6647;1481532390;18
26156;1855;1481530197;16
11371;5115;1481542690;16
10891;18846;1481509662;4
19234;17162;1481527413;6
6243;6941;1481539182;12
27330;3642;1481540147;8
1380;20920;1481511728;14
8569;12024;1481540371;4
27470;10834;1481538695;14
8602;15239;1481545370;10
26319;220;1481540752;4
8876;14166;1481537438;16
5394;2331;1481542963;2
20983;16886;1481543878;16
13184;14983;1481515603;12
10560;5856;1481515249;8
8646;426;1481510790;12
17501;11895;1481511436;4
8667;11595;1481522838;12
6889;13904;1481523478;6
1110;2037;1481514897;18
27315;3962;1481549999;16
4523;295;1481509614;18
6007;24654;1481536653;6
4690;26169;1481532054;2
17549;7604;1481533844;16
4976;9310;1481522335;14
1083;2823;1481538816;18
9811;23520;1481509615;10
1345;1766;1481551107;8
9852;20955;1481539851;6
6882;6787;1481510391;6
4034;5418;1481519346;4
12143;2398;1481527350;16
19319;25163;1481549292;16
6829;22994;1481509586;6
27556;14496;1481516563;6
6960;10033;1481511481;12
1811;20785;1481538074;10
1532;5676;1481542507;10
10768;17527;1481547347;18
3618;27383;1481519877;8
4749;4352;1481514402;12
4850;7542;1481547543;18
22932;27433;1481527698;18
8035;5333;1481518858;6
4013;3074;1481514491;18
1137;4352;1481530427;18
8570;15324;1481547390;8
14447;15369;1481534211;16
4993;24663;1481535401;12
25168;2036;1481525456;10
6924;8164;1481526610;10
16816;12880;1481549668;12
19297;4802;1481546040;14
3414;409;1481547429;18
18144;1879;1481543780;4
66;423;1481549308;14
15241;3032;1481513335;14
10005;1959;1481520658;12
6421;2523;1481524649;6
9418;22431;1481517911;14
4315;3596;1481511177;8
3071;12211;1481547707;6
18103;981;1481510530;10
10703;5762;1481530508;10
26313;18175;1481514201;12
19425;1382;1481532469;14
26099;12061;1481527605;16
4547;21758;1481519803;2
15962;23666;1481514094;6
6456;18312;1481538084;8
17800;10506;1481529333;8
22958;22579;1481517512;2
20462;4317;1481533086;12
20994;10425;1481530429;2
19224;109;1481537724;8
10418;7629;1481517666;10
16049;16905;1481525786;16
7844;10503;1481537311;4
1743;1687;1481548686;14
11125;1624;1481525185;14
3497;27095;1481519089;18
17529;16821;1481536402;14
27344;6779;1481521277;10
8302;14626;1481509952;4
6660;2407;1481543859;4
8025;11252;1481530461;10
8089;20192;1481542637;18
10650;24279;1481545071;18
5106;18882;1481525468;6
21090;6611;1481510945;4
13262;9257;1481549248;18
3546;9815;1481510532;4
19986;16119;1481510377;8
25063;11762;1481512344;6
23171;12746;1481512500;12
18131;2824;1481544592;4
19044;6920;1481545543;2
17785;1646;1481531812;10
23030;10424;1481517026;16
9514;5439;1481511649;14
5636;4947;1481547863;16
1090;17363;1481544871;2
17458;17183;1481546082;14
10356;14142;1481541596;10
252;5877;1481521826;2
11156;27104;1481512601;4
3023;11212;1481510355;14
11880;25426;1481512512;18
20224;7895;1481519515;4
16022;22923;1481528924;10
2452;4212;1481533050;6
8939;27132;1481531701;16
1255;2157;1481528328;14
14558;1355;1481546236;4
6794;417;1481541500;16
16317;14628;1481550360;16
17420;20145;1481533693;4
2294;25492;1481514713;18
9763;889;1481525023;10
4024;5953;1481510530;12
328;10159;1481527431;4
15022;5511;1481517075;6
8562;3968;1481528624;8
21368;19552;1481515690;6
3397;1449;1481519515;2
24253;5911;1481517437;18
1687;6317;1481528723;10
10717;2773;1481516161;16
14665;6449;1481510656;6
16093;3324;1481514773;10
20634;2142;1481520088;6
14433;10102;1481542687;16
10241;5502;1481518582;8
8353;3381;1481548067;16
14450;17028;1481540819;6
20052;20704;1481545413;12
26188;18085;1481521749;16
8415;14427;1481539496;2
1889;16304;1481518581;2
14999;18200;1481524293;2
89;5106;1481517793;8
25165;6207;1481538202;2
14908;13761;1481511057;8
207;14106;1481547843;4
12025;17583;1481528348;12
18113;11242;1481535270;10
19825;7935;1481546113;6
11787;5359;1481548022;16
13874;4957;1481550738;10
9500;19771;1481534125;4
13800;11846;1481549157;6
15479;8818;1481538179;10
8107;17295;1481523658;2
23016;9054;1481541434;6
11005;1247;1481550816;14
24954;4678;1481512378;16
26070;7863;1481539993;12
24650;14189;1481521555;4
7603;6374;1481512431;6
21307;7260;1481535740;8
13677;4925;1481528205;14
24327;96;1481544930;10
4315;27393;1481538787;14
26318;17873;1481510949;4
11829;1200;1481532195;8
27229;5870;1481550622;8
4895;917;1481543118;2
7391;5333;1481544283;12
1847;27334;1481534117;12
12649;1726;1481515069;16
23303;22276;1481541084;12
10198;11617;1481518747;18
22483;1181;1481525874;18
7298;24734;1481550801;8
15080;12229;1481536638;14
20462;11956;1481515352;4
17847;10187;1481520911;14
6238;17264;1481514528;18
12943;18181;1481548783;16
1453;7351;1481537532;8
11481;4348;1481522167;2
10470;10637;1481546506;10
3926;3426;1481526676;12
23447;3888;1481529665;12
24164;5883;1481530869;14
7327;5412;1481517980;12
18177;14567;1481529712;8
2790;8351;1481516780;10
6797;5488;1481535771;8
23069;10696;1481525849;6
21496;5701;1481513005;8
23346;55;1481540465;16
5977;3740;1481530792;4
18963;1441;1481528249;4
19957;24655;1481539218;12
7174;14495;1481536839;16
3398;153;1481518963;18
10719;8684;1481512852;18
19770;25501;1481544448;12
15248;22430;1481536054;18
7895;396;1481536831;18
1084;13930;1481542304;16
3290;252;1481543327;4
4300;21503;1481514884;18
386;11476;1481534936;6
9802;16874;1481541760;18
6926;6241;1481520435;4
8511;16851;1481526555;2
12326;10256;1481511293;6
9196;17461;1481510582;2
4654;5920;1481514378;4
12184;20147;1481524419;8
18072;6935;1481527497;16
10019;1350;1481518328;2
4953;10375;1481535479;10
15114;15995;1481551132;12
17507;11091;1481528310;8
3256;24416;1481514538;12
5353;8658;1481519438;6
6983;12065;1481523779;14
1195;11221;1481538506;4
11170;6544;1481543202;18
2830;3076;1481510336;8
97;10422;1481539722;10
27175;1286;1481514537;4
5647;12211;1481550961;18
19960;6486;1481531545;4
191;7074;1481518441;6
23173;5376;1481524943;14
7886;17421;1481551038;6
12151;8511;1481527881;6
18091;9667;1481515185;8
11501;22138;1481544753;4
10373;7553;1481523268;2
5897;1749;1481542185;2
891;18872;1481546795;6
17423;16891;1481518638;6
6284;8585;1481514582;16
1080;19275;1481547269;14
8448;6420;1481510682;12
16798;11770;1481519542;16
3588;20575;1481510874;18
966;11114;1481526606;4
21299;15491;1481517169;10
13856;11821;1481536499;2
23152;9406;1481546943;18
19937;27132;1481542837;16
12041;25061;1481544511;14
13899;4356;1481519757;14
4545;1077;1481517774;4
18782;16199;1481510024;10
11399;26373;1481546842;12
23330;20980;1481539036;12
4048;7075;1481517954;14
4039;5888;1481544761;8
7833;6870;1481544920;2
23304;18347;1481527914;6
5400;2796;1481523122;10
1556;20048;1481536818;12
4706;27134;1481518665;6
17486;3972;1481544456;6
4944;23055;1481547505;14
1206;1170;1481538058;16
1576;19234;1481521989;6
7000;22443;1481517519;4
7488;7838;1481541433;2
11059;15304;1481528560;2
47;3790;1481517913;10
7156;11629;1481524146;16
10073;21225;1481510154;4
1989;8741;1481530000;10
7163;6719;1481510002;12
5431;20693;1481524271;16
9469;3511;1481526758;4
8957;14261;1481510626;18
11618;3975;1481518822;10
7254;8570;1481514931;16
7298;24663;1481518480;18
17362;6406;1481527625;2
20053;24953;1481527618;16
7785;17133;1481540841;4
24962;13889;1481519742;6
12332;8683;1481514462;12
4689;11565;1481511218;2
3725;2280;1481550070;18
21493;224;1481521293;16
14702;9008;1481518861;10
6566;9648;1481543515;2
20775;5476;1481542926;14
10407;18321;1481528735;4
919;4627;1481516839;4
8510;6003;1481532417;4
8943;6979;1481537899;16
18193;5093;1481543294;18
3400;27176;1481520492;4
12117;931;1481526820;16
1185;25489;1481528088;12
11220;2020;1481516083;6
1687;11268;1481531681;12
2280;3250;1481516325;6
1350;7516;1481534362;18
7570;2334;1481545327;6
10905;3649;1481544875;18
15346;6869;1481517831;16
18088;11600;1481511141;4
11762;24681;1481520458;10
25069;19790;1481534089;14
14805;1125;1481542657;18
19041;19741;1481525870;10
15766;8452;1481514258;10
6122;11624;1481543661;4
26101;15025;1481535117;6
1884;8889;1481540688;12
10639;13256;1481526953;10
7765;14556;1481540091;14
17440;11145;1481526428;10
21837;7336;1481539735;8
7070;13562;1481548151;2
7996;8504;1481542161;2
14574;9665;1481533473;8
25071;11065;1481549934;16
22588;6959;1481523720;6
11127;23523;1481546667;2
14628;3943;1481517585;12
3462;23114;1481518891;18
17211;4359;1481538385;12
25493;25156;1481522524;2
6557;1443;1481544838;4
24521;4557;1481525384;4
12164;2342;1481546894;2
7689;27166;1481526196;6
5826;23762;1481515540;10
5948;20932;1481530466;6
11014;5279;1481522412;10
2124;8513;1481510844;18
7325;6630;1481530397;18
9808;8757;1481519675;6
22274;19299;1481540833;18
172;14915;1481513150;16
1449;356;1481522559;2
16832;5676;1481538250;14
16936;18805;1481540051;18
6987;20831;1481533812;12
3575;10649;1481539495;4
5509;8364;1481512610;10
13808;19309;1481516861;18
4680;1181;1481517231;12
8555;17922;1481531375;10
4180;14933;1481519749;18
15476;11097;1481532173;8
4345;14962;1481522173;16
3927;7834;1481546820;6
2843;10092;1481533899;4
16022;23519;1481543016;14
8546;3693;1481530915;14
6382;19321;1481532886;6
18809;21723;1481541765;4
8379;4597;1481523166;14
2759;7940;1481526086;4
3469;3699;1481527605;4
3543;15926;1481545789;14
19816;10180;1481516200;18
12085;27028;1481540407;12
6697;18114;1481550546;16
19807;12062;1481547609;18
1326;7324;1481514275;12
4591;9006;1481533446;4
23762;9509;1481541604;14
5406;3997;1481538151;8
17150;24986;1481548029;18
7996;5278;1481539218;8
3497;15133;1481538722;18
25467;17788;1481511703;8
5548;15414;1481519779;16
5248;1764;1481543524;10
20480;18804;1481536412;4
19372;101;1481541230;4
15016;19232;1481530701;2
16126;17040;1481532676;4
8738;25043;1481541313;6
27549;11229;1481542412;12
4765;10894;1481536562;2
3974;18328;1481545403;2
11903;27181;1481528110;10
567;9207;1481522233;14
15935;18903;1481535814;14
22449;2408;1481535770;16
6892;2170;1481516452;10
23889;7021;1481516067;12
4797;17577;1481510710;2
962;11229;1481536367;2
6663;23742;1481525502;4
22133;7877;1481525415;6
1123;4294;1481548400;18
23166;8711;1481543305;18
7843;6515;1481515463;10
18424;14910;1481550570;10
27555;19218;1481529651;8
13314;1122;1481528272;12
9971;6178;1481526107;14
5691;20946;1481521636;14
10984;1585;1481515611;8
19506;8816;1481516885;14
2353;23101;1481543887;16
3251;6202;1481519841;4
961;21803;1481524288;16
10846;11730;1481537944;10
7491;27479;1481517773;12
19272;215;1481546711;18
22307;1327;1481548569;14
988;5027;1481546073;18
27162;27543;1481520355;2
24481;8692;1481540001;14
16040;26138;1481541717;12
25399;1148;1481529887;8
19716;14403;1481520562;16
5708;5375;1481546062;4
9855;12122;1481517007;4
13987;22143;1481524655;10
21386;22430;1481535493;12
12310;10547;1481521932;12
16013;25164;1481547443;12
16043;10634;1481517346;2
20156;19039;1481536856;12
20923;7089;1481517869;6
4779;12809;1481522102;14
5403;1698;1481521178;6
1371;11808;1481514163;4
13218;15015;1481535887;18
15080;220;1481545745;16
9311;11613;1481531334;16
949;7358;1481527722;14
9278;24663;1481512309;6
10748;10366;1481534426;16
20131;27171;1481510293;16
7886;4507;1481513112;16
10809;12642;1481544698;2
1971;6017;1481511180;14
27025;17233;1481545833;8
8442;1424;1481513031;2
1159;10109;1481512303;16
1520;17394;1481519664;16
11234;10386;1481509899;14
18508;3930;1481526787;8
24687;4622;1481537473;16
8126;24937;1481522581;18
8386;8469;1481510641;16
23625;6256;1481545854;14
97;22509;1481535362;12
18802;7503;1481522521;4
1300;10413;1481538931;14
8053;8561;1481527281;16
2952;7630;1481520316;8
15009;5998;1481532771;10
7809;24954;1481537255;4
24695;2334;1481518087;18
15009;5330;1481513657;12
9751;27182;1481548892;12
1224;14962;1481519156;2
5360;15978;1481511522;8
5824;210;1481520791;18
5101;7302;1481537530;18
22987;1174;1481521921;8
14587;11106;1481547298;12
12577;20120;1481543697;16
10258;10425;1481515558;12
1970;7315;1481542505;14
17430;23117;1481525733;14
1712;9456;1481530226;12
8452;10680;1481536173;2
17019;7248;1481525172;10
21234;9970;1481536500;4
7782;21074;1481516188;14
2385;2327;1481539550;18
24977;1532;1481547815;4
12380;11869;1481515639;10
14433;15962;1481542413;4
20464;15990;1481543625;4
27508;6546;1481538932;18
13986;323;1481515175;2
875;19417;1481524389;12
17870;1942;1481530523;12
11880;15483;1481545870;16
27393;11027;1481538011;16
4841;1077;1481529768;4
4521;6115;1481520991;14
6545;13939;1481547919;4
4330;18807;1481510787;2
19958;1367;1481509574;10
20691;6696;1481542582;18
4198;19866;1481533360;10
24258;20191;1481515626;10
15761;14237;1481518513;12
14116;8893;1481522942;18
6200;13261;1481529409;2
8834;19508;1481539056;12
11002;7902;1481529875;18
4839;5018;1481512717;18
27386;12134;1481539878;14
6768;9509;1481510958;14
7562;2947;1481522412;14
16190;11255;1481537174;4
21442;12567;1481512927;6
27431;27282;1481535634;16
11616;3394;1481514043;4
4957;10694;1481512432;4
10110;18338;1481533173;4
20005;5833;1481516182;2
6920;6312;1481534744;14
5278;1421;1481515078;10
7957;24285;1481548447;18
18154;6645;1481531272;4
12641;2910;1481520147;12
2825;14445;1481546159;8
13878;2372;1481529584;8
90;8028;1481514214;6
15159;7553;1481520284;16
5421;10502;1481523831;8
8689;27205;1481537359;14
3219;2036;1481519177;6
7847;23730;1481536458;2
1767;194;1481526403;4
3942;20530;1481538531;12
8866;9011;1481527405;14
8940;9873;1481551012;18
19550;16856;1481539536;6
1555;19093;1481516955;14
3678;420;1481513474;6
6021;11414;1481511484;16
257;7833;1481523388;8
7070;10495;1481520012;12
27010;6851;1481546517;6
7063;1931;1481512301;2
22248;27469;1481548546;4
2811;2344;1481548229;6
8955;10543;1481533637;10
11610;19888;1481544144;12
11024;5602;1481534469;10
5738;8551;1481525565;16
10323;1659;1481520426;2
19936;7143;1481544796;2
10105;23063;1481512391;14
20415;6326;1481514170;10
422;7352;1481546216;10
16336;2426;1481525173;8
10914;26309;1481532722;16
6027;25036;1481517942;2
19788;21490;1481526629;12
9673;2734;1481545735;10
3914;22450;1481543497;6
11759;16798;1481532687;4
1188;14707;1481547798;6
1859;16905;1481510973;8
11025;12914;1481547548;6
24478;272;1481520680;10
5600;24378;1481525392;16
10116;4020;1481520168;2
25185;9059;1481511552;4
9476;19;1481527444;16
10711;3940;1481546465;4
7778;19210;1481513031;12
7278;18350;1481515092;2
68;15013;1481521272;4
9308;9167;1481527625;18
19764;2293;1481549499;4
2828;16808;1481548908;18
18310;26138;1481545455;2
3743;1967;1481531835;18
10915;25050;1481538211;16
11742;10473;1481542341;18
12102;3416;1481509582;4
4323;8328;1481529802;12
11075;14444;1481528142;10
5912;25074;1481527468;14
11761;6524;1481548236;8
14983;17022;1481522502;14
18325;13221;1481519470;10
5374;27269;1481548170;10
4968;21214;1481513061;14
23877;7366;1481529271;6
7495;19573;1481525697;6
18465;10530;1481518965;14
1381;5944;1481527262;4
6108;9016;1481544220;14
7829;13812;1481525531;12
12407;11949;1481517767;16
8881;8864;1481521888;8
3458;17269;1481515901;16
23352;9477;1481548924;16
6579;6600;1481542075;6
13181;354;1481519310;2
19852;4593;1481530726;12
18260;15109;1481521383;12
15301;7648;1481513566;8
21807;7764;1481524811;18
4686;1303;1481510743;18
27375;4756;1481542081;12
7608;6724;1481535382;4
12243;1353;1481534337;8
18336;5925;1481525410;18
15747;289;1481519494;8
16369;399;1481532547;14
11052;3123;1481534846;16
20025;3379;1481549027;2
7982;24413;1481529075;4
17552;3;1481510779;18
2931;7996;1481518928;16
5674;9499;1481540287;8
8392;1770;1481528189;4
25140;925;1481538742;6
12645;7846;1481528014;4
18898;11807;1481539484;2
27198;967;1481550927;10
4235;4175;1481533215;18
6623;6637;1481545906;18
17007;5770;1481535277;18
16201;5958;1481512053;12
14188;23161;1481550485;8
23894;11105;1481533638;12
1007;25513;1481523174;10
6400;19043;1481520732;6
307;6654;1481546042;2
5877;10519;1481545428;10
18938;23348;1481545475;12
9065;15323;1481537705;16
23628;23060;1481518452;2
20316;5874;1481527600;2
563;22680;1481549156;2
5421;6809;1481517682;10
8557;10547;1481519263;8
18963;15236;1481545380;4
7838;1589;1481510651;6
12800;16934;1481545260;18
1515;24424;1481537380;14
13211;1038;1481540482;10
17213;4563;1481510929;4
15320;9798;1481520525;4
5244;7890;1481512791;8
21212;17029;1481520666;14
14963;10325;1481536180;12
5506;1367;1481542448;18
1418;9777;1481543928;16
8421;3283;1481539231;18
15323;10352;1481545977;16
8595;21716;1481511558;14
22931;20081;1481532105;10
26309;5243;1481538528;6
1852;4567;1481517600;14
10604;19454;1481523366;10
3910;6544;1481521288;2
9522;4258;1481526904;8
1767;7638;1481550249;18
8456;7287;1481542116;8
13454;19556;1481515606;8
15317;1383;1481510993;10
1204;14137;1481512046;4
11858;5813;1481510500;12
8688;9777;1481537517;2
10665;14274;1481535412;10
2337;19932;1481536579;18
7326;4004;1481544961;12
1278;19585;1481544714;4
14651;19848;1481514097;2
317;27206;1481542990;8
9476;3970;1481512889;2
27507;4009;1481538417;4
11940;20704;1481526591;14
1598;4780;1481539785;18
21084;5598;1481538475;8
1848;3727;1481531667;10
26293;3568;1481530921;10
245;14264;1481543020;10
22131;27402;1481525885;8
1898;13824;1481528158;8
12138;20010;1481516005;8
19595;12122;1481544623;4
26102;8963;1481550573;12
4567;3692;1481538151;10
26307;11226;1481546348;8
11022;4730;1481548823;4
23330;15327;1481512737;16
11598;17361;1481513203;12
8678;7792;1481524103;10
6675;22447;1481549193;10
8144;18836;1481524556;2
10074;7065;1481527377;4
27480;7785;1481528172;8
17381;17160;1481535759;16
17578;7847;1481511054;2
12122;7248;1481521831;4
15479;7553;1481519665;14
6276;3921;1481542231;8
7672;972;1481524308;14
260;3383;1481529744;10
7873;6404;1481519078;10
11719;9;1481522867;8
5651;17172;1481522857;2
7587;13290;1481531126;16
22451;10923;1481537330;16
6692;25072;1481545112;16
25051;5034;1481522811;6
9899;27505;1481524153;12
11684;2413;1481518831;2
10544;18416;1481549472;8
985;14885;1481519371;2
1185;20909;1481539622;18
20397;2840;1481527989;2
17053;10352;1481513220;18
21389;4876;1481527040;6
3506;14207;1481511184;2
10516;17146;1481536596;18
6434;8120;1481539373;12
423;11622;1481520534;10
9148;20400;1481535997;16
20827;8026;1481544882;16
14659;7877;1481514952;8
14510;16017;1481514653;18
3078;6661;1481522988;12
3559;9833;1481548230;2
12026;12798;1481516409;2
8898;5989;1481548378;4
5744;27490;1481531815;16
16203;3687;1481538298;16
10527;22292;1481545403;8
10549;9659;1481543528;16
22542;27329;1481511501;14
26165;27419;1481521805;12
6455;2785;1481519957;14
7636;14793;1481536512;18
1839;13861;1481519496;2
4916;2290;1481517376;8
9880;6500;1481512767;6
27097;6465;1481530591;8
15935;10097;1481513065;2
14129;10767;1481512843;14
7541;20132;1481548088;10
7955;2879;1481524103;4
15022;9547;1481535945;12
10046;199;1481514690;12
2353;24356;1481540512;6
7569;27333;1481549443;18
20243;20527;1481524251;8
11055;6591;1481543853;4
4043;6289;1481549866;18
5375;24964;1481544350;16
4287;1872;1481520377;2
19527;3598;1481509815;4
1206;14565;1481548902;16
19287;6406;1481516045;14
10831;6736;1481541015;14
16841;10614;1481534434;8
4242;16878;1481524955;2
1222;5279;1481547330;6
21282;1720;1481532976;2
2747;6713;1481550425;2
6334;21088;1481538619;12
2465;21320;1481535538;18
329;13948;1481521748;14
2174;11155;1481548915;18
20895;15072;1481513361;10
22147;10207;1481544919;10
7013;7369;1481513062;4
6565;7487;1481530842;8
5511;8580;1481522101;2
3291;26999;1481532476;4
7479;20521;1481519566;12
20023;27031;1481537448;16
22651;17296;1481538927;12
9369;3007;1481520448;14
3121;2892;1481547454;18
5128;11363;1481534771;2
26293;18180;1481541356;16
11256;4032;1481540301;16
6289;25431;1481524335;6
2319;109;1481536290;12
8633;27486;1481509833;12
12580;27418;1481545533;16
10774;4678;1481539155;10
24695;10011;1481543607;6
23867;20785;1481529746;2
1743;19066;1481517816;18
7525;25400;1481549701;16
9848;15252;1481538973;2
290;2727;1481536192;4
9424;5890;1481545049;14
5384;6021;1481524053;6
11854;24670;1481511177;18
15099;11131;1481548223;6
20103;11772;1481527153;14
8297;4578;1481544519;16
20933;10721;1481543909;10
15301;5697;1481545962;14
21310;8891;1481523873;2
2033;14565;1481532577;18
17458;10500;1481531873;8
7495;18103;1481517762;12
6840;27102;1481537759;14
23486;11128;1481549444;6
6872;23466;1481520918;10
14782;891;1481516884;16
27291;2155;1481517885;10
10247;6953;1481536264;2
12600;27230;1481529941;12
15214;18348;1481521601;10
23443;24356;1481550927;4
21496;8763;1481522700;2
21303;17413;1481536354;12
5843;22531;1481521382;14
23106;15033;1481525325;10
8563;7914;1481509686;8
22464;7389;1481541396;14
23010;6872;1481528767;18
3250;9790;1481542406;12
2831;26149;1481531595;16
383;8417;1481546491;18
4197;236;1481516099;18
17459;22579;1481531737;2
196;23107;1481517004;4
27091;27546;1481511577;16
3625;1298;1481541545;16
12427;17510;1481530316;16
10831;10267;1481534282;2
9710;7849;1481547402;18
4226;10998;1481546604;4
7208;1556;1481537709;4
11230;9899;1481523551;12
27;27325;1481522151;2
13887;2117;1481544273;6
6470;23490;1481521134;10
24378;20404;1481540262;10
1496;11105;1481512681;6
4016;23453;1481549131;18
13859;14691;1481521597;16
6530;2756;1481525697;2
8091;19588;1481543950;2
10427;20361;1481535840;2
10090;5399;1481549791;12
8109;2784;1481525953;6
9431;6229;1481536236;10
16532;4800;1481510368;10
956;17049;1481548422;2
6497;17291;1481535046;18
15135;5829;1481539159;10
1103;10362;1481546605;12
8117;6889;1481511324;2
4672;10326;1481520871;10
4264;5285;1481518839;12
18346;14269;1481511964;12
5859;6147;1481549190;16
10292;24673;1481515220;16
27486;8329;1481525499;10
3465;5122;1481548652;6
3544;8013;1481550553;6
10493;8406;1481512710;18
25541;9466;1481533065;10
4806;8775;1481536762;8
14802;23697;1481517428;12
27504;6466;1481550996;18
6594;2023;1481514428;14
81;4506;1481517403;16
19807;7392;1481512540;6
8004;12712;1481537150;4
19749;18081;1481538304;18
6215;14497;1481533521;16
18821;13238;1481519547;8
18190;17428;1481546403;10
7567;167;1481543409;18
3537;25170;1481546279;18
11803;2761;1481542047;18
5999;5931;1481516927;6
8968;12781;1481514220;8
14926;8740;1481524556;4
25320;10020;1481513023;8
6626;17400;1481533667;6
6935;11213;1481534723;14
21214;5509;1481548204;10
27055;22934;1481519163;16
1377;10503;1481546226;16
9016;8951;1481526923;16
14780;26205;1481516459;8
7770;12648;1481546909;14
17379;8310;1481548757;14
24747;8050;1481543372;12
7814;16122;1481512658;10
2842;7324;1481523754;10
3994;12730;1481536136;12
22933;15242;1481530800;14
2780;7837;1481517520;4
5853;2412;1481517758;4
1079;7334;1481509795;2
18182;1847;1481517573;12
13907;7936;1481524442;8
12614;6468;1481550219;18
9808;24966;1481527741;10
7566;15239;1481510432;18
10596;9746;1481526794;8
26309;14209;1481512840;16
439;18837;1481540238;18
4281;9967;1481523077;6
1282;4239;1481518218;18
9201;24984;1481542612;6
13226;1157;1481511156;18
23191;7142;1481511031;14
15008;26149;1481517799;2
21042;10222;1481534785;10
567;14156;1481509917;4
11222;10175;1481521910;16
3368;5409;1481528855;6
9207;9891;1481532895;16
4235;8302;1481531715;10
25001;3075;1481530057;14
2392;20975;1481517884;4
27020;917;1481550175;12
12132;10095;1481544193;2
6220;15764;1481540107;16
21259;7632;1481538571;8
24651;2356;1481524581;2
16197;24660;1481525723;10
1611;3091;1481533841;12
8449;11091;1481529932;16
11601;247;1481517383;18
1930;15932;1481513308;2
20402;5887;1481513279;10
12880;10161;1481530214;10
9978;5479;1481525782;14
20069;10506;1481542863;8
8883;14443;1481540494;18
3684;10313;1481530905;14
10615;17361;1481529966;6
1420;3745;1481527658;6
26199;379;1481539739;4
10318;161;1481515818;8
9843;6675;1481526062;6
20972;9512;1481535932;4
18201;15519;1481536028;8
3533;27037;1481512202;12
6353;2337;1481546002;2
10305;314;1481532129;12
2960;19868;1481544508;14
11858;15154;1481542162;14
23648;24748;1481510836;10
5399;27471;1481527763;8
21814;10213;1481514461;10
26266;10186;1481544691;14
5727;1457;1481547264;16
20937;38;1481525721;16
11603;1001;1481549460;8
2422;3004;1481511159;8
19027;7590;1481543460;18
23356;9545;1481527388;4
7102;436;1481542943;16
3721;8633;1481543144;12
11954;15236;1481512873;16
19216;22441;1481550369;4
412;385;1481533414;4
1232;5650;1481535725;14
20370;24457;1481522023;16
9009;9837;1481526997;14
6028;9502;1481549432;2
1137;5857;1481540116;18
18894;3017;1481519503;4
9903;18875;1481533616;6
81;1455;1481509850;12
27053;18964;1481529930;8
21233;13724;1481544559;2
23449;20685;1481542665;4
9539;12292;1481510784;10
5332;17312;1481519576;16
7672;7599;1481527863;14
7335;18301;1481546461;8
2787;25192;1481534667;4
7319;6128;1481529054;2
2820;3387;1481535166;10
16883;23061;1481525436;14
3076;10259;1481518541;12
17386;17894;1481519680;14
7634;21406;1481540700;14
24173;7956;1481525833;8
8965;6183;1481511129;12
10699;5846;1481519508;10
16640;1337;1481521822;10
1433;1793;1481537200;4
7495;14924;1481524447;8
4589;6328;1481538994;4
16812;6455;1481512536;4
15027;8598;1481534547;8
9162;6715;1481540125;6
16182;5632;1481525737;18
16308;23647;1481527470;12
26301;2133;1481536826;12
306;19760;1481524666;18
2118;12362;1481516708;6
9536;27033;1481527708;12
20070;1029;1481521798;8
7389;1208;1481517022;4
15735;6267;1481544356;10
1653;877;1481547504;10
13855;21416;1481540779;6
13261;7093;1481545662;8
17364;12944;1481513138;12
12818;10637;1481513413;6
11821;20591;1481518015;18
1598;11270;1481542283;10
1151;21492;1481510229;18
5331;14243;1481541917;18
14168;1262;1481515001;12
4980;20353;1481532725;8
9807;3419;1481512687;18
3380;7350;1481534978;14
10103;5900;1481522921;6
4737;4656;1481544609;2
8135;5866;1481540055;10
18534;12406;1481517553;12
2464;16053;1481524583;4
6874;15139;1481529539;10
6515;12814;1481510808;18
23116;6894;1481550083;14
7623;17048;1481534243;16
14622;27058;1481529933;18
4332;17527;1481535760;18
230;17231;1481541000;16
9534;1851;1481523526;18
17536;10700;1481537778;16
6376;1483;1481538398;16
3063;7159;1481512954;8
7963;20311;1481550909;8
112;27433;1481543517;8
9144;18901;1481545088;18
987;294;1481510586;12
5976;1127;1481543556;14
35;10822;1481533785;2
26280;25495;1481519799;6
9441;12425;1481534913;18
9527;2763;1481527600;6
4953;5012;1481547595;16
9638;8835;1481546238;2
11037;7079;1481513433;4
5708;9158;1481548237;8
1333;4568;1481514719;4
10023;10067;1481530026;4
299;6471;1481527821;18
15162;14913;1481524543;4
2401;4032;1481521231;18
5115;19493;1481531516;8
11412;12521;1481510277;18
10831;16045;1481535412;2
4288;2985;1481528004;12
15024;5882;1481511826;18
8345;3061;1481547398;4
7248;23533;1481541062;4
20091;6525;1481518462;14
9979;7780;1481517675;12
8665;17257;1481547389;18
9317;8162;1481545368;18
18764;2134;1481518670;12
22527;1978;1481535085;8
8473;22588;1481521610;2
8956;21727;1481542202;4
2966;15092;1481528351;6
16142;8411;1481520379;8
19508;20444;1481517304;8
10082;7143;1481525748;4
14075;3091;1481533634;6
4328;15997;1481522604;4
10282;20473;1481510017;6
10174;19058;1481514033;4
4628;4239;1481524598;18
20131;6374;1481542344;2
10494;23336;1481519369;4
4332;6873;1481530346;4
19925;14879;1481543191;16
9456;14439;1481538795;18
3916;4843;1481527558;18
11237;5982;1481535415;12
21814;7876;1481530345;18
7607;23262;1481523897;18
6586;397;1481534426;2
4236;4762;1481539287;6
7587;10560;1481539315;8
5780;19814;1481528907;2
8572;14630;1481525344;6
20341;6592;1481513171;8
6418;13763;1481547324;18
2463;13856;1481550683;2
129;11023;1481545603;10
14515;3006;1481515529;14
9403;10926;1481545791;6
1845;22539;1481536418;4
1741;115;1481516932;6
12576;15029;1481522664;10
3568;11854;1481511119;18
19554;1383;1481524349;2
6562;3165;1481539684;6
6283;27026;1481534180;4
6687;899;1481545545;14
3742;7176;1481537132;6
6808;18200;1481548959;14
17185;14556;1481519896;4
14165;7795;1481526345;2
10522;9015;1481516095;8
2803;14972;1481534799;4
1272;13562;1481521613;14
6583;19068;1481525745;2
14874;4543;1481519518;14
17464;6413;1481521438;4
19712;27129;1481537560;14
20657;5940;1481516578;2
313;4706;1481531406;8
8094;8691;1481511538;2
7406;7252;1481511389;18
3004;10310;1481547981;6
7038;1050;1481514892;14
9844;1103;1481515962;6
15488;24161;1481550596;14
27028;2128;1481517766;12
6952;8973;1481510770;6
17333;6249;1481531201;18
11253;13887;1481537099;2
21759;9563;1481541498;14
23106;10601;1481516150;2
4844;21360;1481532795;8
27397;20657;1481545268;18
15116;3405;1481514682;18
19819;1063;1481516394;16
3080;8295;1481525551;18
20541;5738;1481543315;12
1978;23740;1481546004;18
6428;3054;1481535636;10
21309;9982;1481548453;10
21921;3067;1481535794;18
5709;17502;1481511008;8
15107;6019;1481546381;6
20694;2768;1481544594;6
24249;27327;1481536009;8
27210;11092;1481524653;12
20148;9298;1481541928;12
21492;13296;1481540695;6
9018;27118;1481538454;2
6675;7769;1481527663;10
11244;6496;1481515964;18
27475;19520;1481517270;14
14245;14779;1481513141;18
4856;2760;1481548123;2
22988;3387;1481534872;8
1369;7850;1481511038;8
6786;3970;1481515207;14
4184;83;1481548752;10
7414;7051;1481530452;12
16789;5902;1481513853;18
14133;423;1481534385;6
6615;11908;1481549740;14
20792;8150;1481541406;2
17475;16838;1481547833;18
7870;24162;1481547730;8
3918;14197;1481515491;14
24357;4265;1481519630;8
11795;11221;1481540446;2
15031;23727;1481533091;2
17770;26293;1481525862;2
26155;5821;1481536233;16
5971;1079;1481525240;2
3499;6623;1481534432;14
1365;17866;1481517925;2
2152;10190;1481512401;16
5119;980;1481551018;14
7871;2769;1481549604;12
24179;20133;1481523339;2
26139;4484;1481513259;6
22317;25060;1481518675;12
5358;12152;1481511483;10
23353;2125;1481525933;4
27040;10110;1481511725;8
8250;3933;1481531777;14
16836;5585;1481527250;2
8956;18822;1481542120;8
19908;8341;1481511558;14
10704;5728;1481522548;4
20946;6890;1481543873;4
1538;13945;1481511921;2
7482;23549;1481544408;4
3935;4571;1481524024;18
1797;11698;1481521719;18
4506;10560;1481543345;2
15242;2374;1481529726;14
10425;8475;1481545099;14
9796;5259;1481533934;12
157;11903;1481524745;6
8454;23040;1481532774;12
7413;10829;1481531928;12
6295;7406;1481529450;4
5441;5250;1481522488;16
10888;9814;1481527964;14
9286;2030;1481549090;2
308;10407;1481540690;8
5508;6791;1481538328;16
5891;6882;1481512952;6
5248;26211;1481536476;16
21834;14510;1481519232;2
15253;10226;1481524584;2
16837;22136;1481513401;8
7547;11023;1481519746;12
15020;25547;1481546862;12
3408;9242;1481540401;12
21230;7621;1481524967;12
4775;24349;1481517634;18
3704;6537;1481528002;16
5809;4811;1481517712;16
20899;2412;1481525377;4
24963;2768;1481537862;8
9862;14562;1481521792;2
3271;15015;1481514821;18
16178;8998;1481542558;14
19916;1922;1481509683;10
284;1928;1481536359;6
8368;19207;1481539935;6
6682;15746;1481524162;4
8473;1844;1481547471;12
20412;8644;1481549755;2
8152;23737;1481533541;6
18886;27087;1481523965;6
10781;71;1481550113;6
20866;9362;1481528936;16
26394;1449;1481515232;12
9487;22571;1481544797;14
166;1359;1481534220;14
4978;6666;1481526171;10
12233;10267;1481525248;16
4581;21085;1481520360;4
18160;17168;1481540376;10
3263;3277;1481545233;2
1375;17783;1481510287;8
26163;14554;1481550828;14
10320;7081;1481542141;14
7422;23019;1481530091;12
19938;3068;1481550770;16
27411;14614;1481511485;16
7077;8704;1481519036;14
17474;23352;1481512641;16
27179;5817;1481549950;18
24928;11052;1481519159;4
14648;14283;1481511061;10
2792;23516;1481539078;16
10564;27538;1481520761;18
15129;20867;1481542661;4
13218;20194;1481528399;8
3016;8091;1481521732;8
15213;8912;1481513693;2
7392;295;1481514438;2
7406;15118;1481512260;16
14572;22510;1481521220;4
1235;24451;1481528802;16
2374;27400;1481536052;16
19498;23118;1481524947;16
10528;24564;1481539462;18
23669;6473;1481534858;18
5886;10925;1481517167;14
7180;1608;1481517272;14
1669;18099;1481522575;2
22306;5548;1481549209;12
26266;5731;1481530493;10
2139;3850;1481545293;4
15393;7047;1481522322;2
14650;4664;1481544557;12
11393;1924;1481531479;6
153;5936;1481545389;8
19065;8151;1481540824;2
14906;8397;1481544739;16
5423;10112;1481522129;18
7674;12561;1481537289;10
6689;9998;1481527693;6
19022;1384;1481526071;18
4558;6001;1481519267;2
7833;13823;1481514306;10
27492;21795;1481524525;8
3880;22535;1481515492;16
10219;26311;1481526504;18
7997;6142;1481520725;4
12347;24649;1481549683;4
19093;10925;1481546579;18
18885;6233;1481530436;2
13873;1307;1481532152;4
3539;9765;1481546483;8
4899;12758;1481512981;16
11697;27463;1481512896;12
17153;27396;1481548568;12
9308;2340;1481524142;12
27449;4276;1481519323;6
22942;4566;1481525343;10
6973;6934;1481543932;4
5676;3617;1481536399;12
1219;1984;1481525798;2
6400;23883;1481544782;4
6460;22626;1481515100;10
27165;18936;1481548324;12
7035;10459;1481533465;18
14708;1631;1481545264;18
7283;23164;1481545935;8
19776;16179;1481524425;16
25186;2730;1481523075;12
3926;5804;1481519784;10
8417;25284;1481527035;16
5506;5878;1481538790;6
11255;14996;1481532542;2
1120;6700;1481545475;2
26038;14806;1481534433;12
21306;12794;1481511037;2
8433;3771;1481512762;2
6408;20288;1481537701;2
12230;1278;1481518932;14
8534;8397;1481535480;18
18263;2960;1481517249;8
7101;23665;1481550230;12
24462;7360;1481527181;16
8121;5742;1481543257;4
12947;21294;1481532794;4
9027;14633;1481522068;6
2986;19078;1481525211;18
22643;16827;1481516186;18
11683;1565;1481537749;2
891;5480;1481510335;4
5819;1660;1481512237;14
5398;962;1481547294;8
7000;17454;1481524350;18
3061;7765;1481512972;6
24451;5265;1481545242;8
27462;2287;1481530650;18
7848;10504;1481536055;14
16805;6652;1481528256;16
6865;20974;1481533523;18
18052;5952;1481538914;4
4183;25163;1481535586;6
18113;24445;1481521348;14
20588;18871;1481528762;8
19588;1048;1481543394;2
8046;1836;1481512023;8
27294;26318;1481518909;16
20090;19773;1481528490;2
9880;24953;1481533128;6
17359;2795;1481540752;6
4363;27381;1481512358;2
10729;20157;1481532769;2
7776;5675;1481550864;18
20949;5012;1481533435;12
8565;10182;1481550138;14
22621;11114;1481540958;4
20091;8634;1481525593;6
6536;2869;1481544848;12
8317;3029;1481550287;16
11692;3972;1481529795;16
20154;16915;1481531389;4
27021;15225;1481525753;4
5017;1887;1481542602;10
13888;11696;1481514089;14
8906;8400;1481519869;14
24142;27314;1481528183;4
4533;23622;1481513613;2
17042;4315;1481536908;10
5705;14800;1481526351;2
2031;5614;1481541340;8
6853;6909;1481528801;2
1060;4289;1481511663;18
19529;25178;1481531778;14
6018;27126;1481518504;18
27473;1194;1481534418;8
22446;13620;1481527954;10
1799;8937;1481510240;12
9959;11398;1481520550;2
6557;1512;1481524249;14
10411;3127;1481533547;2
26110;3379;1481540584;18
7460;24925;1481516368;14
1882;6796;1481516258;12
4212;24508;1481510700;14
17488;7541;1481528202;8
15762;19965;1481514018;10
8751;24622;1481550550;8
9522;25180;1481529242;10
1647;6600;1481521948;6
7959;6352;1481511971;18
5957;8907;1481538290;2
25183;9255;1481529989;18
986;20053;1481520221;18
972;15237;1481518584;14
3155;1530;1481517001;4
1424;11777;1481537409;2
27398;1684;1481513518;4
3978;9884;1481519827;16
2376;24584;1481541614;18
21492;2415;1481540595;18
18899;14891;1481548519;2
12404;3154;1481545617;8
3912;5501;1481525506;2
1741;16883;1481520315;10
10929;10640;1481523996;8
17413;6802;1481511791;18
12309;11576;1481541831;2
4996;3005;1481514483;8
15351;20367;1481517844;10
11765;4198;1481527368;12
10573;12289;1481539616;6
24283;24259;1481549941;10
4263;2411;1481530581;16
14244;27276;1481510243;6
5243;3540;1481517256;8
18080;10089;1481523869;16
15225;16535;1481529067;8
13909;11120;1481534666;12
8892;8597;1481513017;6
5739;26139;1481521017;2
6572;8548;1481513774;14
22444;8223;1481534073;4
22467;7341;1481546074;12
3692;1081;1481542980;6
5097;26071;1481532033;4
13289;27200;1481517420;16
9219;23649;1481526121;6
8934;9256;1481533739;4
7161;8837;1481528778;2
22582;8281;1481528338;18
17170;14537;1481525105;6
3283;17306;1481538706;14
1734;128;1481543610;6
15312;6649;1481550415;10
15522;14201;1481513034;12
6428;8905;1481533424;8
133;6997;1481530195;12
6460;27002;1481543832;18
19837;3251;1481517000;12
6452;7684;1481510060;4
6603;5681;1481522528;12
19527;3687;1481542210;2
6655;4229;1481549900;14
3943;1433;1481509974;10
256;5881;1481510882;4
4911;12318;1481540660;4
12135;3852;1481511745;6
1625;11944;1481537121;10
13929;9775;1481530135;10
13823;8583;1481525243;6
2418;3916;1481535465;4
12814;5987;1481527691;2
6320;23032;1481516276;8
11779;27402;1481531277;18
18069;12033;1481522141;2
14920;11700;1481515708;6
23099;3267;1481523721;14
23519;3458;1481549781;6
17894;25402;1481539006;6
9162;10182;1481540905;2
9253;3533;1481538247;8
16353;1298;1481550690;8
23110;21230;1481542787;6
14442;8352;1481544370;14
7400;8528;1481512645;12
22453;15766;1481520621;16
23086;12155;1481539243;12
6866;18144;1481541743;10
2783;3691;1481511099;18
1977;10322;1481547417;14
11054;6264;1481549621;2
160;18188;1481549573;4
9563;3248;1481526691;6
25060;436;1481511698;14
6666;7013;1481547730;18
4746;19558;1481521726;6
8960;10499;1481529733;2
8017;11943;1481534559;18
18512;19093;1481511177;8
8049;7943;1481550327;12
13869;5715;1481536974;6
25368;12085;1481512226;14
15231;8414;1481515238;8
5051;9681;1481515263;6
27414;14167;1481530249;18
1332;7647;1481528201;10
4689;16138;1481539245;4
6934;11124;1481516186;16
9214;6119;1481542436;6
6535;2986;1481509831;2
4039;4545;1481548601;8
19284;5739;1481520623;8
14549;8939;1481539852;10
6970;10467;1481528001;16
982;6253;1481546148;16
4283;7324;1481525317;14
11790;8575;1481533892;18
22449;2424;1481520060;14
22496;22432;1481510423;14
11093;19868;1481521185;2
10713;6475;1481533264;2
8921;1776;1481546400;6
11599;4321;1481545358;12
1682;8032;1481544608;16
14879;1959;1481549797;6
4026;8951;1481538706;18
22871;4698;1481548479;12
6176;16910;1481547182;10
3022;6675;1481527069;4
10698;1156;1481524556;10
2729;1705;1481533540;6
22996;3978;1481532884;12
4996;17870;1481511307;6
18339;84;1481526640;12
8881;9526;1481543458;4
2385;11115;1481511385;10
14798;11394;1481533950;8
9065;10423;1481536833;12
17231;17530;1481535315;2
4053;20127;1481512311;18
1431;18818;1481533991;14
24138;8579;1481536158;4
5678;25080;1481523741;12
7056;11069;1481511728;14
7099;5976;1481536316;6
14239;26315;1481547822;8
22469;8337;1481515089;6
268;877;1481541070;8
12040;10360;1481525652;12
5726;2804;1481539090;14
3534;6354;1481538610;6
3412;21300;1481529692;16
4766;5487;1481540842;6
27085;10426;1481529857;16
4189;25387;1481524735;14
1749;21322;1481513801;4
6293;26111;1481537346;2
24681;17800;1481543304;4
13003;4507;1481536279;10
25160;17875;1481510064;8
10729;11609;1481537238;12
4209;6361;1481511602;16
980;376;1481516679;8
8517;3682;1481525471;4
20958;6165;1481511734;8
6463;18263;1481527940;10
11208;4275;1481533413;6
3428;7584;1481525739;4
6851;11795;1481550668;18
23851;24665;1481511412;12
2273;14586;1481515167;18
20453;14511;1481540288;14
8510;17505;1481538515;6
18072;5871;1481534316;2
18893;24282;1481539026;16
8602;388;1481519095;2
27554;4880;1481543327;10
6971;19066;1481530307;8
23542;25331;1481518291;2
19951;3280;1481539044;16
14662;20131;1481549858;6
309;4693;1481550278;16
5754;9539;1481538384;14
4335;15305;1481549888;2
11947;9531;1481532940;10
9811;13779;1481516158;4
1963;157;1481542017;2
18332;7236;1481533183;14
5881;21314;1481515227;8
15296;26182;1481512432;10
1686;6184;1481510339;16
6317;6282;1481546900;16
5673;5614;1481543374;6
7679;7358;1481532105;10
9481;7632;1481546234;2
12072;958;1481529765;18
12088;7584;1481531876;10
6631;10553;1481550664;14
11;11626;1481513070;8
20994;21801;1481519907;10
8106;8647;1481540171;16
1440;24951;1481535762;6
8283;9105;1481527175;4
21254;5419;1481519673;10
8120;12138;1481548337;8
18341;6254;1481510031;4
27422;23330;1481520517;6
20353;19759;1481540792;10
16141;7909;1481536886;18
14915;15086;1481518509;6
5699;19061;1481527260;6
10640;24734;1481519729;16
16377;22571;1481528947;16
9065;21499;1481526708;12
4918;9673;1481522734;12
11258;6260;1481526641;16
2353;2881;1481524768;8
14169;16832;1481513094;4
26318;18099;1481534079;10
10575;19067;1481529489;8
22603;8930;1481534385;8
5019;6206;1481513143;10
21492;10703;1481519577;16
8367;12708;1481518076;8
8992;6366;1481540544;12
10785;5825;1481545397;2
67;1532;1481518565;12
23335;8754;1481546930;2
19288;1982;1481531570;8
12380;6972;1481550253;6
10892;5997;1481533093;16
3968;27475;1481529395;2
27268;14575;1481533866;18
11361;3085;1481549203;6
305;9216;1481536028;8
19866;15347;1481535896;2
25360;9113;1481546124;4
26184;19876;1481525767;18
8596;16098;1481537198;6
1673;19060;1481515201;16
5761;9277;1481511129;16
215;1164;1481533111;14
14654;2157;1481526295;8
11040;4761;1481539740;16
10064;9753;1481520873;6
14894;23157;1481510183;8
8951;19421;1481539279;10
8642;4997;1481513241;10
9549;9671;1481512572;16
2425;3995;1481512935;2
4988;25440;1481545097;18
24450;25055;1481543605;16
25194;68;1481515300;18
7442;409;1481519883;10
23540;2960;1481535241;16
15368;1439;1481536356;6
11611;4289;1481524419;18
10982;1345;1481533225;10
9165;9182;1481533345;4
22159;12560;1481527084;18
23450;4004;1481522241;2
17293;203;1481523164;4
5750;18355;1481520375;14
14923;12220;1481539505;2
10411;14923;1481512741;6
5632;17031;1481530623;10
12428;3585;1481539502;6
23521;4360;1481520671;8
11269;23450;1481527324;12
409;386;1481520629;8
4878;16302;1481537791;10
8868;15213;1481532479;4
23082;16139;1481533843;14
1109;17170;1481543931;16
10328;3054;1481519709;10
7480;6287;1481542488;18
17887;23649;1481549619;12
27553;7684;1481528516;18
10981;8106;1481540044;2
13999;1259;1481514884;2
14574;21493;1481542602;18
8451;9997;1481550603;18
27442;6332;1481522261;12
5508;6241;1481545562;16
3267;3163;1481543372;14
143;8527;1481521189;16
15114;1141;1481540386;12
17275;12674;1481547223;4
6349;8575;1481516416;8
9414;25047;1481511987;14
16647;10380;1481537886;16
7038;20865;1481534405;8
18889;18936;1481516274;18
19307;6378;1481527513;10
10733;7817;1481513357;4
9002;7640;1481525670;6
23340;19939;1481528351;10
10771;18810;1481543568;8
397;6620;1481528409;6
7617;15734;1481523398;12
15104;12103;1481551056;2
18882;15107;1481514164;10
24285;9956;1481514333;12
5722;16035;1481538261;16
24662;8090;1481515708;4
7478;1770;1481515126;12
8545;10253;1481542968;16
25052;26265;1481549591;4
20472;4876;1481528117;2
1555;7646;1481521841;12
2808;4749;1481543614;8
7581;10911;1481518712;4
22137;21292;1481520460;10
1154;565;1481548308;12
5910;162;1481519371;18
8665;420;1481533351;12
27036;10720;1481548165;4
1019;1117;1481527236;2
7577;19599;1481542149;16
11742;4199;1481530193;14
3707;13314;1481523493;14
10575;6694;1481521757;14
10258;2320;1481517287;18
11406;20080;1481514284;14
8161;1705;1481548327;10
15994;118;1481509860;14
7882;12326;1481531301;10
22133;23859;1481519313;4
4773;25520;1481515658;16
6639;20959;1481550951;12
27343;9266;1481540551;8
6574;14442;1481532565;6
3407;3911;1481515774;10
8848;2381;1481519411;4
7481;2526;1481511866;6
4562;4206;1481550809;8
3427;17845;1481516281;12
25363;7548;1481531954;10
14912;1107;1481546636;8
9885;6972;1481520689;12
23824;11226;1481534755;6
9434;18898;1481527722;18
1635;9468;1481522441;16
17300;12944;1481546224;8
22267;27417;1481531767;6
3599;1686;1481540538;18
22646;5898;1481534890;18
11137;16909;1481536217;8
5717;5118;1481515446;10
10826;5520;1481529759;8
15989;3272;1481530719;12
5489;5437;1481524096;16
14862;1075;1481515663;8
23756;20587;1481544054;6
27343;18040;1481524893;2
2940;23663;1481547851;12
2404;9475;1481529047;14
9808;2755;1481513843;8
25160;3572;1481540930;2
7351;10689;1481549671;2
1268;20083;1481521669;18
7954;23026;1481510983;8
23517;5869;1481510280;12
25077;7711;1481543717;16
13825;4686;1481536583;18
21481;19852;1481544003;10
10118;12585;1481538137;4
22967;3374;1481547648;4
12100;1893;1481548223;2
4012;9396;1481518408;8
19226;25044;1481549639;4
23349;10696;1481539084;8
4958;410;1481517168;8
7334;13873;1481511096;6
3467;4581;1481513878;2
10542;2621;1481522263;12
25707;2116;1481529700;2
20866;2782;1481516798;12
26313;7030;1481538420;6
8121;7898;1481525112;6
4942;14435;1481510452;6
14002;16883;1481539538;16
2401;10195;1481535570;16
23807;11610;1481550825;8
6124;6917;1481542149;16
19815;5084;1481514630;18
1896;12601;1481525999;12
20979;3001;1481522555;10
23319;4273;1481527768;18
19872;11941;1481521291;16
6032;13892;1481529179;14
7938;5501;1481509920;18
20086;26471;1481547925;6
12046;23849;1481534627;2
5756;18867;1481520366;6
1026;15034;1481518257;16
3591;294;1481529348;18
5976;10403;1481535176;6
20658;4186;1481539569;16
4039;8230;1481528599;12
13928;1026;1481535913;8
3073;14651;1481543909;2
21086;13128;1481546838;12
10257;10713;1481534247;18
12694;23893;1481520789;14
5954;5691;1481523965;18
8308;18193;1481512712;14
945;17564;1481540111;10
8028;7489;1481525664;10
20076;5760;1481534927;8
19555;8398;1481545791;2
9487;11120;1481544156;8
1074;7684;1481531820;2
1647;11208;1481523915;12
347;9674;1481510846;16
22272;16647;1481548830;2
10672;3488;1481515488;6
1395;6367;1481515551;8
18107;12797;1481533262;10
10538;12656;1481532689;16
6407;6579;1481540591;18
20744;6920;1481523335;8
27541;16808;1481515827;12
4350;11783;1481515592;14
7174;6318;1481525877;16
8686;16892;1481540587;4
11363;13970;1481545469;6
2966;1402;1481509709;18
11157;17284;1481546246;14
9845;1670;1481542322;14
4520;1000;1481517962;12
26157;19043;1481516608;10
10522;7035;1481549453;4
11044;8359;1481547980;14
405;6440;1481542188;4
2645;3742;1481524642;10
9112;3583;1481513332;16
11062;17027;1481528532;8
17848;14197;1481532420;8
1203;22182;1481533330;8
16928;6818;1481550596;12
8594;1125;1481546614;16
12284;17770;1481524565;18
27442;27410;1481528110;10
26304;5959;1481550856;4
347;9371;1481527011;8
1716;23640;1481547121;14
27283;3901;1481514654;8
989;9950;1481545100;10
6815;7;1481531550;8
7407;3628;1481538999;14
22459;4331;1481539958;8
12711;12088;1481521259;6
6620;11157;1481517870;18
10617;7779;1481535722;4
10069;6582;1481512165;16
17891;9461;1481540761;12
27522;4212;1481519874;4
3371;1073;1481546437;8
11058;26195;1481542019;8
8323;20414;1481526948;10
15032;15750;1481525645;10
19759;15135;1481535757;2
18782;18157;1481528947;18
7804;10023;1481527130;12
11062;13677;1481522459;12
18154;3754;1481544877;18
20866;24347;1481521937;14
5760;7797;1481521102;4
6719;15916;1481524569;8
1970;27452;1481522754;6
21097;17770;1481520012;14
6555;11410;1481511127;2
1768;121;1481545412;4
11921;8173;1481522476;14
7272;21501;1481537962;16
25078;10125;1481550195;2
6788;4749;1481538676;12
6419;15431;1481543760;18
9156;19420;1481532847;18
19487;8945;1481525169;6
7838;2129;1481526467;8
1449;20412;1481539216;2
22147;6228;1481547137;10
20911;4041;1481530920;2
1799;622;1481549862;6
305;21798;1481518763;2
5025;11240;1481523641;18
4265;24126;1481550358;2
2777;1397;1481520973;10
1953;18809;1481523115;12
3075;84;1481549582;12
2794;10272;1481546963;10
9013;20782;1481523253;4
10239;27287;1481546986;2
19417;18442;1481549294;16
3071;19490;1481524996;12
994;25397;1481545409;6
3954;11069;1481529873;4
16190;10465;1481528291;10
351;8591;1481513850;8
1862;14565;1481513806;2
9133;7568;1481524888;16
5770;13773;1481539776;2
19303;4734;1481523251;12
5437;5511;1481539316;16
4833;20943;1481534496;16
935;15216;1481549393;14
6406;255;1481524192;2
9997;1322;1481539911;4
903;21413;1481511348;10
5698;4977;1481514728;10
11064;17048;1481518548;14
6639;269;1481524886;8
5547;4313;1481517534;12
5816;10830;1481543495;16
15010;7521;1481550727;16
9321;12945;1481512158;18
563;11391;1481512279;4
1441;23549;1481541355;2
15733;8149;1481514352;2
2893;9798;1481514631;10
1588;23059;1481512360;8
1640;23618;1481528514;18
23178;2744;1481532237;4
11618;4228;1481525918;2
8535;21310;1481516955;8
15249;9750;1481520398;14
12730;11668;1481518531;16
27400;3401;1481545254;12
6160;14564;1481511748;16
1941;8761;1481509930;2
9158;11757;1481534282;18
2644;25385;1481528065;6
13296;27181;1481521828;6
17039;25431;1481525638;12
8463;1195;1481541007;2
15091;3134;1481547716;10
6811;5012;1481532671;2
17392;9002;1481514512;18
3694;2997;1481536651;10
27051;14577;1481541842;12
7475;125;1481531849;4
21808;27485;1481547529;10
8334;5636;1481549504;12
16915;7399;1481545097;4
19533;6640;1481542031;18
17431;5001;1481548506;4
7972;11;1481531413;6
9483;7038;1481521562;14
10722;8693;1481536887;14
2890;24924;1481528008;14
26082;19236;1481543619;6
10332;333;1481535900;18
5046;4274;1481514153;12
2035;14427;1481521425;16
27133;9155;1481527372;8
17789;8554;1481534966;14
21221;17847;1481515343;18
1547;27270;1481549133;8
1585;22987;1481532747;4
11769;24648;1481545885;4
255;24349;1481527851;18
19573;15460;1481549024;6
6013;3506;1481517763;8
5630;4627;1481515594;14
4254;2942;1481536886;6
16303;27549;1481509798;12
13211;12024;1481537965;6
7568;20415;1481549437;10
11892;23179;1481518576;6
3982;20606;1481542649;6
16189;8644;1481516468;6
25197;26108;1481530831;8
24924;1611;1481516247;18
2035;15471;1481536037;12
17903;14779;1481547192;16
10045;1227;1481522023;4
6525;6521;1481548757;18
7469;6574;1481543498;18
20284;7635;1481547610;10
13259;18153;1481531396;4
929;25058;1481521073;12
9685;6506;1481509695;18
8120;21360;1481512537;6
23168;20921;1481535978;8
1892;7939;1481522565;8
6115;15214;1481539237;16
4726;11255;1481546945;4
9989;24182;1481517054;12
8906;2820;1481540812;2
6716;26318;1481549627;18
4907;18103;1481542592;12
13620;22961;1481509714;8
7287;2801;1481521226;2
23619;6988;1481510691;6
12780;27161;1481538667;16
22177;4033;1481547985;12
24508;9656;1481529205;2
9011;4961;1481532310;12
23085;3265;1481533507;8
6827;19374;1481544237;8
8940;1445;1481519765;14
13874;18260;1481547278;6
2373;7803;1481532174;4
1591;4624;1481509597;4
2844;6289;1481546237;18
17334;26031;1481536716;4
2284;11213;1481538080;8
1083;1191;1481511883;18
7272;6833;1481515368;10
18074;7836;1481527726;14
27161;14556;1481542315;4
18355;7637;1481530025;6
13802;22971;1481527901;10
17275;19040;1481543811;8
3121;8551;1481547138;4
6009;15325;1481522759;12
11761;9298;1481513317;8
20066;7157;1481528101;6
25045;27030;1481527790;2
10509;7776;1481540757;4
10750;1085;1481545490;10
27522;21222;1481513175;2
6186;14257;1481544163;12
7388;16887;1481544707;10
34;1545;1481530147;18
3850;11606;1481528217;8
22578;21805;1481546955;6
19309;8382;1481544702;16
21077;22499;1481544923;6
26204;1203;1481548019;4
11062;5003;1481516932;4
6890;16136;1481512564;18
10506;5878;1481520020;8
17877;4288;1481547314;16
19897;143;1481539158;8
17461;3918;1481511944;8
1156;27506;1481520931;16
17268;428;1481519222;16
6705;24749;1481528403;8
1791;9007;1481531071;14
7776;14163;1481525907;6
7830;9321;1481536560;2
1443;8641;1481524723;4
300;7092;1481510377;12
893;8477;1481548351;18
18867;23730;1481536745;16
20295;14538;1481546067;18
18456;10832;1481534751;14
10255;10268;1481519244;16
5945;124;1481550192;4
20790;10834;1481534261;18
10924;10780;1481528960;16
2820;15018;1481524650;18
5853;27432;1481528046;14
7573;2635;1481514208;6
5983;1443;1481509599;4
7270;20123;1481520287;6
8912;27046;1481534731;4
7479;8528;1481541733;6
4286;9546;1481513559;10
3898;10159;1481546171;10
14581;2117;1481518632;18
22925;15313;1481542486;12
18260;1892;1481523552;16
22645;19795;1481513692;10
15375;7249;1481548773;2
10001;6879;1481540389;14
11152;3990;1481529227;14
5121;925;1481511057;6
21313;12714;1481545664;10
10122;2635;1481511924;16
10008;19846;1481519219;6
1519;11220;1481550140;6
9054;7418;1481551086;8
24356;9967;1481520614;6
14140;8365;1481513786;16
1858;27035;1481548588;4
20757;13113;1481546901;10
5762;12157;1481536156;2
5849;1554;1481536999;4
16837;17255;1481513043;18
8816;20981;1481510356;10
6360;8483;1481530984;18
20787;12619;1481535766;18
14129;1905;1481509886;16
6986;192;1481545642;12
16851;5260;1481537523;18
2464;6015;1481547224;16
11815;26112;1481544599;10
6266;2330;1481536319;16
20086;168;1481514111;12
2126;7296;1481524828;8
1801;5044;1481543144;10
10175;6432;1481539283;6
8058;1569;1481519985;6
11849;4049;1481548736;2
25178;20369;1481518137;6
6730;4812;1481522051;2
4265;14927;1481531633;6
6653;13911;1481550148;16
5813;6522;1481545394;4
18894;7487;1481532971;18
1892;6612;1481533678;8
329;21378;1481547758;12
4501;12035;1481533534;6
4272;5752;1481543881;10
11728;24425;1481532523;18
21491;305;1481516251;12
23040;8701;1481510035;4
11944;10359;1481534090;6
3541;11402;1481542079;2
22178;20636;1481550452;6
14859;17302;1481535950;8
27434;9309;1481510317;4
2291;7109;1481511690;14
4696;27032;1481528834;12
6999;23082;1481516278;6
9954;11018;1481519608;6
5677;10317;1481518693;6
17472;11101;1481544452;14
18857;10832;1481527029;6
17190;2164;1481535601;18
280;10571;1481543717;18
10102;4912;1481536686;16
6809;11618;1481525744;4
1397;17172;1481543593;2
1737;22509;1481528901;14
17792;7292;1481548827;12
1567;9904;1481511197;4
1031;4775;1481540670;8
24955;5411;1481526859;10
3543;1895;1481533424;6
14917;8240;1481514337;14
6890;9451;1481519555;18
14135;18819;1481536684;10
9896;3605;1481542212;10
6985;14996;1481537753;10
9284;10515;1481543277;14
13851;20955;1481525908;8
20576;10210;1481525786;12
1117;10582;1481541522;10
6766;6355;1481522361;14
27208;17375;1481517616;10
5891;9752;1481537213;12
25024;2345;1481534782;18
12235;19777;1481520081;6
11027;13794;1481514242;10
4017;4219;1481519962;2
22138;1175;1481526280;12
20330;14190;1481539917;10
47;18194;1481525516;18
281;14663;1481528149;8
12139;21481;1481548925;12
10425;25323;1481542534;2
20129;8536;1481510468;6
24143;6762;1481535536;18
25522;20118;1481521475;10
25269;12411;1481547032;10
2143;20316;1481546562;4
23086;15491;1481520059;10
9875;4504;1481526724;6
27026;10527;1481525980;12
10648;23062;1481539401;4
2387;11802;1481512558;2
18436;2127;1481529816;16
22996;22999;1481546025;14
24674;23000;1481519073;6
6260;21371;1481545874;2
6460;10701;1481550538;2
7699;972;1481537552;10
1534;5907;1481522469;4
1055;21484;1481512339;14
11384;9466;1481548289;10
7583;1117;1481514956;18
3721;6986;1481547771;12
8761;5612;1481531715;12
7294;8334;1481521366;16
25533;11250;1481518094;10
12391;10360;1481523963;10
18336;12246;1481543318;12
4346;8521;1481528261;14
6650;11216;1481511301;8
25547;11235;1481511701;8
2970;999;1481520380;14
294;19959;1481523277;14
15750;10712;1481544033;4
18848;117;1481524994;6
17850;11060;1481528826;18
6124;11630;1481525308;14
23858;19870;1481548187;4
19951;2831;1481520548;4
15347;8033;1481513025;10
1889;20934;1481529415;2
23001;17022;1481514619;14
27330;1169;1481536963;18
3572;20311;1481548641;8
11797;11886;1481546493;18
1682;8231;1481512688;8
27279;14153;1481534875;10
19876;22136;1481540611;6
434;14198;1481514552;16
84;20970;1481512619;16
26108;7695;1481548955;10
5910;4580;1481547961;12
8343;26192;1481520644;8
1416;6318;1481525210;12
275;3687;1481529568;4
9054;1135;1481516021;18
27278;3943;1481534131;6
6725;7390;1481514479;2
8682;16931;1481536793;16
13681;5512;1481538129;14
8753;6625;1481520239;4
9893;2869;1481521147;12
5812;2777;1481509904;14
8375;2319;1481531382;12
22303;4927;1481551094;8
9881;2329;1481537045;12
7785;7856;1481534703;4
5592;21388;1481524948;12
21270;12102;1481542044;14
19969;14985;1481539750;6
4286;7360;1481541804;12
10046;4907;1481530245;16
10315;16006;1481531980;6
10750;4234;1481533591;12
11608;8328;1481548388;14
20078;6771;1481549806;6
2320;2403;1481549424;8
4707;19800;1481542884;6
8977;19275;1481544302;16
1228;27088;1481539005;16
1991;3624;1481551076;4
4273;19276;1481520430;8
5355;1170;1481532575;4
11000;6771;1481538811;4
22649;202;1481525379;8
24650;20062;1481527913;16
15189;15998;1481533075;14
58;4548;1481532955;6
3723;20688;1481531081;2
5975;14436;1481544512;4
4236;20655;1481521468;12
6436;12277;1481535135;4
12749;3568;1481532299;18
18877;4006;1481548297;12
345;13288;1481544171;16
8940;22966;1481546402;2
5968;5899;1481522613;16
1900;17039;1481511658;6
2611;8239;1481532542;6
16304;7008;1481550692;16
14810;1736;1481512916;12
5115;5640;1481515164;10
9756;4911;1481536804;16
9466;15005;1481542129;8
20881;2747;1481515629;2
7186;25341;1481545934;12
2419;1333;1481520125;18
1845;19824;1481515370;2
10768;6014;1481521417;4
15376;4300;1481528363;12
7099;24356;1481523360;6
10598;19859;1481548217;14
4285;2164;1481535468;16
7054;4594;1481548169;12
4242;13221;1481515171;4
297;22248;1481526919;16
4829;2767;1481533857;6
5818;21307;1481529379;14
9431;7396;1481522641;6
8534;6967;1481538616;12
24141;9468;1481510311;12
22959;11143;1481530145;12
14912;6301;1481538981;18
25165;9788;1481523287;4
5885;2150;1481520691;8
1973;13785;1481519082;2
24660;16910;1481519177;12
5971;1532;1481548162;16
2942;1027;1481544778;10
13902;7462;1481542053;16
4363;24428;1481513119;16
20022;6768;1481515205;4
57;7347;1481550790;4
6155;15356;1481536186;4
11269;6720;1481527111;18
6922;3032;1481542306;4
945;3382;1481546183;14
15025;23082;1481544343;6
20626;7633;1481522161;16
8461;6641;1481512761;16
8016;10508;1481513799;4
15996;20006;1481536156;8
429;2783;1481532132;4
4502;877;1481545029;4
24966;5677;1481548852;18
1523;23108;1481526678;4
6250;8472;1481535753;2
27378;9345;1481515223;18
2988;5476;1481531227;2
9059;5406;1481522985;2
26163;19599;1481527356;8
21228;11143;1481548515;12
1615;19217;1481541989;10
8577;10814;1481529540;4
15373;5114;1481542216;16
9190;17253;1481516405;18
27228;12326;1481544409;6
18874;8581;1481534674;2
6381;12641;1481537169;14
6428;18082;1481514681;6
105;1411;1481529825;14
8635;18183;1481533416;8
2384;1715;1481531621;8
17922;17462;1481527470;14
4796;9983;1481546866;6
10464;17294;1481511938;16
13948;6250;1481543257;18
6869;27510;1481515104;12
1222;19712;1481546984;8
14660;17242;1481547165;2
2772;2791;1481531550;18
9964;23832;1481527371;18
20657;14004;1481537042;2
21367;1954;1481530391;2
4012;3777;1481550930;16
17350;10312;1481516570;12
21030;24970;1481517854;6
8689;15933;1481536631;6
1770;5333;1481538305;18
7053;16039;1481547140;8
19934;8753;1481514126;2
7456;7043;1481517405;12
22508;21481;1481521928;16
6823;18865;1481534288;8
17198;16101;1481538418;2
11594;10270;1481545789;16
6124;10070;1481518716;6
5084;15995;1481548843;6
21071;2128;1481518622;6
7568;21389;1481533090;8
18207;5000;1481524655;18
17514;19984;1481510629;18
2118;9485;1481547487;14
1131;12654;1481522945;2
244;6594;1481527050;6
20925;24689;1481524459;4
4857;5053;1481549497;8
208;12407;1481532043;10
17507;9502;1481542698;14
5731;5937;1481522349;8
11123;21294;1481511476;16
1904;12133;1481525979;10
22301;8307;1481533286;12
25025;9368;1481547690;10
11684;12159;1481512063;2
4774;5396;1481530161;12
8183;6166;1481524902;4
1770;2159;1481535105;6
4865;19959;1481518949;14
7632;397;1481531778;6
3541;14219;1481510049;10
11805;6173;1481523596;12
8965;8723;1481521576;16
6375;17310;1481543164;4
21483;10224;1481512686;14
8894;4225;1481510305;4
6976;23541;1481542161;18
6542;11786;1481517171;18
20794;20084;1481543342;10
73;2325;1481546348;10
12813;9364;1481540151;14
25045;6117;1481526411;18
7785;911;1481547983;14
10551;10780;1481538500;4
16098;9671;1481510468;2
19559;14625;1481509654;6
6361;6436;1481526955;10
25549;8746;1481534319;10
6311;1289;1481527772;10
23066;13889;1481538506;4
2910;7973;1481522288;18
20978;8410;1481545888;16
13875;10446;1481546760;14
24750;10470;1481526493;12
18158;7361;1481539930;8
20339;9991;1481510877;10
5998;23114;1481526922;16
18342;4274;1481530530;4
310;8356;1481529837;8
5695;15072;1481529375;18
6804;4727;1481538800;6
1060;5635;1481511034;12
1306;12389;1481531933;8
16179;10174;1481526355;14
5501;1136;1481528519;4
14270;7048;1481525968;16
20739;5831;1481525005;14
16035;7303;1481522664;18
8349;2838;1481524640;4
14665;17417;1481548703;2
16187;15491;1481515519;14
12645;6023;1481546130;18
1569;4796;1481539583;8
2377;23110;1481530761;14
11485;8502;1481514584;12
7959;22159;1481521387;10
27230;26161;1481542307;4
25340;26169;1481526055;8
11944;219;1481534991;2
4049;26102;1481541978;16
5021;4517;1481530377;12
1643;3951;1481510140;2
18335;4968;1481514713;12
8119;24394;1481520161;8
5393;1851;1481516733;18
11717;11020;1481538894;12
7693;1562;1481515997;2
11227;5689;1481546296;10
27445;4158;1481542490;10
4877;8175;1481545283;4
1102;25291;1481536286;8
17425;14705;1481530381;16
241;6603;1481543362;18
7353;10460;1481550808;4
276;901;1481517716;8
14575;7270;1481513211;2
3944;2162;1481543863;2
3574;8695;1481530723;8
16909;8140;1481526285;16
16026;7541;1481545755;16
27097;7463;1481514214;18
26085;11742;1481528434;10
1203;4796;1481532962;14
20628;10543;1481547768;6
2830;22135;1481529912;4
20899;5702;1481510459;6
1383;2908;1481517218;6
22;6884;1481522469;16
6215;7833;1481513734;8
7841;19311;1481540615;14
17053;2339;1481549655;18
5298;24176;1481520316;4
345;22621;1481517491;18
12285;8141;1481532449;14
13195;6299;1481525501;16
7476;19298;1481526935;16
14126;4266;1481539934;4
8999;14912;1481528409;14
1167;19045;1481537623;8
300;8527;1481531815;14
7887;10026;1481543808;16
6811;10242;1481513992;18
27476;4249;1481509682;8
20083;23063;1481516707;2
2355;7988;1481511509;8
14912;21384;1481532322;12
8433;23058;1481528018;18
9196;11003;1481535380;16
9508;18893;1481540648;10
10888;12771;1481547495;12
1644;8151;1481540517;4
4306;9471;1481538323;2
23891;22454;1481531750;8
2826;15099;1481546814;6
27204;13263;1481510324;8
17160;4877;1481514641;12
9880;9828;1481546204;8
3146;8392;1481540752;14
6198;26032;1481514607;6
1073;1930;1481533195;16
2123;9685;1481531244;10
23060;2341;1481545115;16
7596;9804;1481548701;2
19759;2326;1481525624;10
1227;7481;1481535749;14
1664;15228;1481523758;18
11123;8029;1481520948;4
10803;983;1481532039;2
16021;21252;1481527137;18
12322;21845;1481531785;12
4899;22539;1481537109;10
9360;15319;1481539201;4
1812;1642;1481534434;12
22625;20357;1481543173;4
9757;24410;1481523830;6
342;6189;1481540554;2
4566;17252;1481549856;10
7328;19052;1481512135;12
7982;5437;1481515433;10
3706;5949;1481536855;6
6867;7293;1481513921;6
7491;50;1481540211;12
3622;5844;1481535547;4
10181;8682;1481530188;18
115;1;1481521935;10
6877;9789;1481526747;18
22467;12101;1481550501;14
5885;1361;1481546346;18
5896;1282;1481524016;6
2345;6237;1481513019;4
9681;304;1481510926;6
23831;14538;1481516599;12
1991;126;1481520867;2
10986;7358;1481514929;18
20909;21737;1481515729;16
7834;3424;1481542761;8
7483;20330;1481544648;8
11704;2395;1481520340;6
9255;19585;1481526455;14
8894;15484;1481550473;2
8927;4983;1481512657;8
12310;23317;1481550547;8
11213;7332;1481545200;2
9403;12332;1481517528;16
19594;9894;1481514585;6
97;15768;1481549164;10
12238;16197;1481549372;16
25077;6599;1481537478;6
9161;7328;1481545715;2
3612;12038;1481529379;18
209;19910;1481528316;8
1990;6497;1481540467;10
11884;11173;1481545250;10
6670;13262;1481528813;4
16140;24478;1481516983;4
10599;431;1481550384;4
8347;5720;1481546644;4
5812;18099;1481542509;10
6545;7831;1481547825;4
23887;173;1481521070;12
23852;37;1481530643;2
5924;10258;1481511060;14
6265;1221;1481533243;14
19781;1123;1481540247;2
10718;9783;1481517509;10
10833;10205;1481545399;4
5398;21375;1481534580;6
1631;1460;1481527976;12
2175;16140;1481539286;10
3493;20103;1481534108;18
3032;21445;1481516987;10
7313;14658;1481529492;6
5869;7418;1481534522;6
7092;12562;1481537015;16
7171;3464;1481514764;6
12387;8150;1481540681;2
9950;7948;1481528736;2
14693;6646;1481536355;4
2980;14948;1481529179;2
173;47;1481541052;14
8905;12649;1481538784;4
17191;4325;1481514520;16
6560;20439;1481518138;10
311;7299;1481511852;14
4183;7793;1481534849;16
4569;21747;1481538049;6
213;7572;1481528885;14
12091;10781;1481524471;10
7568;9219;1481536496;4
20689;6434;1481551049;14
9993;2893;1481515100;6
24706;4544;1481514203;8
23100;4685;1481523084;18
10504;407;1481537451;4
9791;15321;1481535487;16
20006;4687;1481511164;12
9345;18050;1481530741;14
10315;16051;1481533663;2
6465;2877;1481537747;16
1413;13945;1481511326;6
11800;14635;1481520811;18
7543;18845;1481547511;16
7760;10496;1481531072;4
1140;5991;1481511966;16
6819;9223;1481536209;8
24926;12099;1481550460;16
5928;3556;1481516997;4
11768;8835;1481549261;18
19837;2356;1481509783;2
5862;5842;1481516168;16
18175;25071;1481525561;8
7469;8499;1481544563;16
27126;686;1481524623;18
19821;7688;1481526939;6
1764;4289;1481530350;2
6152;432;1481520300;14
5940;7328;1481523824;18
4530;1896;1481525088;10
27405;9285;1481525734;10
5635;8086;1481509774;8
1638;74;1481545943;2
6880;26306;1481512861;8
24681;27038;1481511309;6
6947;22536;1481539462;4
10527;4659;1481526997;14
10640;6638;1481524853;6
20920;27286;1481532361;4
2417;2149;1481527185;14
4558;27006;1481526289;10
13802;23867;1481533017;16
14655;27542;1481515379;8
2280;7035;1481536980;16
24282;5982;1481527094;16
17528;8966;1481550101;4
1733;9813;1481547052;10
14158;20151;1481514875;6
7599;25055;1481545720;8
10380;5875;1481528153;14
25188;10007;1481520702;2
27388;1050;1481509947;10
3154;2791;1481527613;12
7879;20848;1481547254;4
8989;1851;1481535898;14
22432;11909;1481548602;18
14182;20049;1481542263;10
21372;4560;1481541342;6
7864;11907;1481537575;14
10005;12042;1481515878;2
1692;22996;1481527566;2
14919;11997;1481529819;12
357;4524;1481539601;8
3976;10566;1481526184;6
19822;27283;1481521787;2
10461;9564;1481537463;12
17484;24254;1481534154;16
12291;9562;1481541888;16
118;27468;1481529563;2
24327;9491;1481534782;4
8944;1312;1481529892;4
6682;3254;1481526073;10
19918;10015;1481532978;8
12139;14903;1481533947;4
2335;14931;1481530529;8
6305;7958;1481546306;18
562;26039;1481527700;12
221;1260;1481523216;10
16144;81;1481546765;6
5630;8595;1481540335;12
3270;21411;1481517585;8
10067;3330;1481520903;18
1418;1765;1481549959;6
8899;3916;1481519765;4
21231;7610;1481509854;4
10638;6319;1481531300;14
9737;16181;1481511150;18
563;6930;1481546272;18
12221;21461;1481543302;10
1106;332;1481523374;4
2606;17335;1481539469;16
15761;1584;1481550088;4
7032;9253;1481548036;4
5704;1390;1481522420;8
14202;10202;1481517296;10
364;9893;1481532261;16
6256;7674;1481545240;10
21371;1045;1481543175;16
20955;1634;1481521140;14
4866;13186;1481532662;14
1882;14274;1481510032;12
14259;4608;1481544277;14
14253;24392;1481517850;18
5977;3788;1481543390;12
1992;5942;1481520797;18
17878;13287;1481530469;6
1127;11728;1481550319;16
11115;14930;1481551054;6
6993;1424;1481514566;2
5900;21361;1481532846;6
9163;10822;1481522429;6
8597;20367;1481528726;2
8340;1304;1481525630;18
3250;12325;1481529766;14
9158;27090;1481538610;6
19938;25323;1481533453;2
13;10029;1481545899;8
25291;7475;1481539268;6
11238;2948;1481518532;4
4766;6468;1481525663;14
7469;9832;1481543411;4
9220;11179;1481519623;2
11091;9978;1481546238;2
9685;6916;1481544671;6
23653;13495;1481541548;16
11123;25250;1481526947;10
6465;5911;1481511762;2
20127;385;1481548411;8
27269;27474;1481547323;12
9745;11730;1481540890;4
305;384;1481542334;12
2373;3370;1481512929;18
1769;8738;1481549900;8
4662;5780;1481513917;2
26083;6968;1481544111;18
10256;8405;1481514136;12
21728;6498;1481529625;16
5402;21415;1481535562;8
8404;27088;1481541004;14
3649;20530;1481546364;4
5913;6617;1481517957;18
5957;25284;1481527821;16
8738;999;1481536973;14
12403;9514;1481515508;4
27439;2755;1481540911;14
22444;8564;1481531137;12
9462;22922;1481538960;18
7710;3465;1481520024;16
27166;8354;1481511804;8
8728;8035;1481537365;14
22533;1119;1481528636;16
15352;7389;1481550072;12
27008;6452;1481529160;4
5438;23750;1481531042;14
6112;9012;1481514364;4
1727;16841;1481513215;2
6220;25393;1481543964;16
9239;4019;1481525034;2
1351;8029;1481527149;8
1177;7564;1481543015;16
26301;5330;1481547887;4
5823;18903;1481512705;18
13976;11209;1481514827;18
13823;20225;1481516156;14
1289;22148;1481518058;10
8303;9435;1481537477;2
27407;258;1481515419;12
11575;6918;1481550285;2
10522;7008;1481544242;18
1303;7166;1481525101;18
14192;20519;1481524946;2
21491;6410;1481519712;4
11034;12305;1481540134;12
5101;7342;1481535738;2
25232;5672;1481524337;16
20990;23642;1481540494;16
7972;7455;1481526333;12
88;5519;1481540735;4
308;8121;1481534015;2
20195;10796;1481538048;12
20310;19958;1481546398;14
7771;6167;1481523030;6
7601;7009;1481534349;10
25387;15350;1481530611;4
9246;26040;1481535918;6
15494;2404;1481512472;12
4825;12076;1481547584;8
11814;1588;1481514389;18
17457;1873;1481546096;2
17473;23106;1481510517;16
3713;17308;1481539490;14
8183;8634;1481550554;6
4952;8333;1481536323;18
14913;4005;1481531453;18
7697;11254;1481528568;10
8323;10807;1481510032;12
9991;12239;1481542825;18
9019;15745;1481541060;14
189;11781;1481521789;2
14567;13986;1481538261;10
2387;2149;1481525348;10
8990;4485;1481550426;4
18399;6851;1481540119;14
4849;3160;1481509589;4
9960;7148;1481535188;12
1263;14892;1481538143;6
27422;19304;1481513490;4
12654;16139;1481527897;8
13977;4803;1481547462;2
2418;12035;1481548206;4
25387;24529;1481511287;2
19068;17333;1481526075;18
20117;27467;1481536839;6
4926;8362;1481524339;6
6512;17616;1481521190;8
10211;3506;1481535241;16
23165;10527;1481546292;18
27133;12761;1481536512;10
15114;7101;1481531798;10
5822;1554;1481542308;12
7550;27124;1481530069;12
23542;9741;1481534764;12
12294;1531;1481532763;6
5934;9174;1481515425;14
3902;16937;1481520366;4
10533;19058;1481516647;6
9174;19082;1481518722;18
1382;12378;1481530761;18
11630;9874;1481518375;10
1058;2743;1481526475;2
2402;4893;1481536292;4
27127;22646;1481522741;4
15109;19798;1481531423;18
20055;9736;1481517231;14
4262;27287;1481544477;16
8134;27128;1481527466;8
14630;14196;1481519858;4
10684;13945;1481546292;8
11576;20631;1481523611;4
9992;7088;1481547502;10
10927;9968;1481524176;12
6590;7002;1481538211;2
5374;3740;1481547839;6
11614;14127;1481520034;10
11240;5006;1481514545;4
8898;11797;1481548153;14
8502;3985;1481544422;18
5426;14663;1481542161;6
23863;8570;1481510158;4
11001;7858;1481545163;4
24469;6483;1481525394;18
27473;25371;1481519017;14
23349;12767;1481512337;16
11040;23121;1481523309;6
7505;20930;1481522605;4
1034;10501;1481531681;8
19507;7570;1481548031;4
10371;3072;1481525496;6
19773;21312;1481524678;14
7847;5499;1481549037;10
4590;17044;1481541805;8
21801;9365;1481550892;18
20352;12784;1481521018;8
24572;17534;1481537164;16
6952;16181;1481531756;8
92;1859;1481541375;2
1181;3324;1481513688;8
19072;14289;1481538830;8
20588;5297;1481534386;4
7072;25397;1481524125;6
13876;3268;1481526279;2
25442;20959;1481520789;10
16909;10188;1481545448;2
9950;13913;1481518291;2
3611;6995;1481547085;6
1001;17923;1481514299;8
15932;9879;1481537502;4
6378;4008;1481526573;10
19919;6940;1481509995;2
18940;22137;1481521822;12
1636;10768;1481541768;6
19988;2790;1481539042;4
8536;4926;1481543092;6
6720;4810;1481531469;12
5931;15304;1481522898;14
12182;23548;1481543471;14
23653;8585;1481527959;14
26203;4656;1481538532;10
10363;14614;1481513731;8
9807;15766;1481525409;6
19824;6013;1481509888;6
2173;9133;1481517274;18
6217;13196;1481536669;2
12143;7570;1481518857;14
17550;18091;1481517904;8
15393;11746;1481515211;14
24281;15248;1481528249;18
9947;4287;1481530932;6
7603;3996;1481527780;14
6028;10330;1481550147;14
12308;9741;1481511712;16
2750;1367;1481513501;10
18337;18075;1481539236;8
9229;10609;1481543570;16
1260;16101;1481544004;10
7980;22613;1481546575;16
24690;20135;1481518263;16
8343;15755;1481544729;18
6874;27280;1481545599;4
25187;4676;1481513632;6
1101;24394;1481539723;12
9413;9005;1481517376;18
24968;26051;1481511666;2
6548;27380;1481550237;4
11133;1992;1481550774;16
21378;20425;1481518631;14
19576;14577;1481526107;14
9483;26474;1481526943;10
5433;6829;1481513516;4
17350;8638;1481517933;8
1735;14662;1481548622;12
14164;16888;1481541344;8
3251;4677;1481513173;10
22588;10261;1481518039;10
13930;25326;1481534221;14
1602;23742;1481525670;6
7355;20949;1481519277;6
22497;2762;1481541202;18
25503;10686;1481538066;12
12376;17363;1481526858;16
7242;7084;1481524151;4
17191;990;1481522216;10
10101;20114;1481549128;6
2775;13859;1481550695;8
18183;9257;1481523674;14
10532;21731;1481515891;16
12155;101;1481531839;8
4259;439;1481521006;6
6019;18902;1481513399;2
6878;5980;1481529123;2
14115;18082;1481539477;6
20100;24132;1481540298;2
22925;12645;1481548193;4
4227;21473;1481522056;4
12262;24708;1481533821;14
417;13995;1481527416;16
11407;1014;1481539706;4
5705;18307;1481539643;10
10493;1026;1481510968;14
20473;23653;1481524701;8
1282;2522;1481535696;6
8250;27055;1481513415;12
25518;8422;1481539752;6
5697;12099;1481525306;6
15071;23161;1481533064;18
12372;9742;1481512149;4
14549;6015;1481538112;6
4592;11136;1481509737;2
11031;13911;1481522212;4
22650;3931;1481517327;6
12100;3698;1481544381;12
11267;14261;1481512057;10
10434;4857;1481511962;14
6207;7352;1481524436;10
617;13188;1481514485;18
15033;20627;1481543971;4
13262;21252;1481512506;16
1048;8503;1481516915;6
2396;17530;1481536677;12
9526;7031;1481512335;16
6529;23762;1481514938;18
13870;24935;1481511835;4
3001;6200;1481550774;18
9424;20224;1481521234;4
15755;6857;1481532466;6
6764;2767;1481535580;2
23364;20687;1481520945;12
13288;25280;1481521285;18
23445;26094;1481527706;18
5503;7142;1481547705;8
25052;12296;1481518775;2
122;6602;1481517401;18
5946;23040;1481532554;18
7972;7276;1481532324;12
16931;23346;1481512415;16
5935;6395;1481526044;4
6610;23859;1481514421;6
13811;2155;1481523726;6
25431;17791;1481527081;10
5431;10098;1481511411;8
8992;17363;1481540596;4
23054;22531;1481520776;2
19286;6632;1481546107;2
6418;15371;1481512499;4
25541;1397;1481534076;4
10622;8131;1481515668;18
138;27053;1481513307;18
210;5754;1481527390;10
25487;8568;1481526916;4
17771;11758;1481518943;10
11114;22145;1481539020;14
25083;9103;1481513960;14
6307;8977;1481539979;2
7934;3620;1481525628;2
1373;353;1481538679;16
4581;10256;1481550033;10
23453;4317;1481536580;14
21444;23750;1481548383;4
18466;22651;1481529436;18
13882;27407;1481537075;8
6641;3638;1481546952;16
2424;8485;1481530003;8
25041;2808;1481530571;2
6572;15379;1481515741;8
12095;24137;1481514717;8
24254;1789;1481518348;2
3706;5414;1481528790;18
18821;8557;1481542081;4
2271;9357;1481513982;12
17477;20050;1481536425;12
20463;19830;1481521363;12
8503;27195;1481528163;14
10772;27088;1481512255;14
3057;2871;1481546080;12
7776;21294;1481518463;18
15732;21452;1481526017;12
23647;9550;1481547673;16
5899;6781;1481518987;6
7974;10207;1481545533;2
24682;5384;1481549857;6
9413;3027;1481529759;4
10319;5780;1481533256;6
9312;1017;1481548368;4
7394;8411;1481527743;18
7463;10000;1481548869;12
9487;25526;1481536447;16
21069;15080;1481518642;8
14878;25021;1481533280;4
14893;2753;1481524784;6
11697;4838;1481531219;14
10021;6686;1481514201;10
17527;14264;1481548389;10
12234;1850;1481543522;4
903;3566;1481546143;16
5386;5780;1481549747;2
25706;16914;1481538941;4
3925;2325;1481531366;18
11747;24172;1481519925;18
17173;15379;1481511443;8
9297;1694;1481519185;2
5003;8655;1481519530;6
21308;363;1481512567;8
10813;16813;1481518292;8
2384;7899;1481510281;16
15476;14963;1481510643;4
4242;10689;1481543064;6
7948;2774;1481518450;12
13987;21000;1481524000;18
68;16118;1481534225;12
7699;20530;1481510104;2
16131;23489;1481512856;6
15237;7777;1481548579;6
26317;26395;1481530045;8
10619;12311;1481523558;8
19598;17288;1481523702;12
297;354;1481523595;10
6586;103;1481534771;10
10687;17388;1481530204;2
20852;3630;1481530021;14
22450;15932;1481522952;6
22501;5082;1481537559;14
6703;21503;1481512549;16
10377;10028;1481511282;16
3407;24731;1481530751;4
2908;7555;1481538476;12
25004;1011;1481538536;18
11392;8419;1481515194;14
13209;12557;1481546567;18
8685;13138;1481518608;18
3588;16558;1481526897;2
23535;9548;1481509748;14
4235;20573;1481539466;16
297;15013;1481510653;12
11146;4246;1481527613;16
7269;26108;1481516571;18
1111;19760;1481528839;2
11234;8339;1481547387;10
12947;5875;1481540604;18
414;5355;1481538339;18
8305;9407;1481530743;12
939;27143;1481545797;14
14574;25062;1481520980;16
5821;1668;1481522937;2
14634;14872;1481523462;18
6164;10324;1481533906;6
9056;11115;1481516317;12
20121;59;1481525707;14
5073;10911;1481540381;4
9430;15313;1481540452;4
2942;26310;1481535123;2
11719;1371;1481519764;4
11216;9514;1481531761;4
6127;16129;1481533730;2
3457;4779;1481527011;2
5987;17163;1481521828;14
25373;25369;1481538440;8
9568;9206;1481523716;12
9491;398;1481549902;10
10800;23329;1481522212;4
2738;11058;1481538483;18
17537;22532;1481510902;10
10496;16291;1481528670;6
1846;4896;1481549112;16
18940;20073;1481549711;16
3972;21486;1481526144;4
14951;4956;1481517342;16
6825;998;1481518332;14
4226;23348;1481536442;8
11742;8345;1481546797;16
25052;7868;1481541115;14
7400;23020;1481525238;16
14450;7450;1481535195;16
13203;19792;1481524678;2
18156;9672;1481536832;12
24255;4991;1481544528;2
4267;7311;1481514827;6
23863;2782;1481538570;16
15988;13779;1481523279;16
5244;18075;1481537719;12
13217;7957;1481520097;16
1572;3628;1481526495;18
1748;987;1481548442;12
4831;6479;1481545679;8
7422;5718;1481547380;14
10518;17847;1481537848;18
14636;8322;1481543286;8
19508;8497;1481527940;6
1373;23111;1481525628;6
27019;16118;1481524743;10
12887;1233;1481510042;6
17258;2374;1481536473;6
11906;14620;1481528027;12
7594;8910;1481528711;10
15307;11603;1481550006;6
12329;24963;1481515329;8
4805;3950;1481531349;6
1680;2016;1481533172;8
6550;20600;1481527265;2
5122;2522;1481511645;18
22292;25397;1481548985;16
5912;19520;1481526541;6
6435;6535;1481540187;10
14552;10377;1481528095;8
9834;6268;1481550847;4
2293;12064;1481543641;18
10124;4211;1481534992;14
11397;8250;1481546504;18
12872;23488;1481514097;10
10612;7892;1481534666;8
7404;20297;1481539621;10
15241;16828;1481550345;6
1433;1591;1481540341;10
25326;4606;1481519188;10
3461;5399;1481526877;16
6729;8121;1481533234;10
4826;23121;1481547315;8
25246;6553;1481541922;14
15026;8399;1481512973;8
8526;9680;1481543507;4
1277;22928;1481511237;2
13028;10465;1481534190;6
5774;11827;1481521116;6
14584;7246;1481517668;18
23062;5490;1481536058;14
8468;22957;1481537878;10
3506;17879;1481549510;6
14980;8977;1481536798;14
23620;5504;1481521469;18
23328;1572;1481519292;10
10473;17053;1481514797;10
8690;17149;1481516656;6
27421;25172;1481514425;4
17037;20520;1481544782;10
4232;8916;1481533220;16
2026;9255;1481525594;12
325;6206;1481525753;4
15992;23019;1481551086;8
14715;1889;1481514395;4
7760;10518;1481541404;4
5489;22445;1481512509;16
14451;1261;1481530814;8
3116;18131;1481522349;10
14982;15250;1481527381;18
20782;3953;1481531571;14
17795;5636;1481510516;12
24417;20524;1481518908;12
2751;5849;1481514134;4
6458;23789;1481532966;4
11144;5762;1481536530;16
1847;3288;1481537188;4
12042;19218;1481517959;18
10071;1611;1481527437;12
20970;9863;1481530583;14
1004;5637;1481523943;12
1229;5507;1481519192;14
8172;11142;1481535497;6
7463;2765;1481529903;18
22455;20415;1481532355;14
7498;7452;1481536963;8
11412;6149;1481537673;10
3030;8986;1481534886;4
18081;326;1481530511;10
3424;6962;1481511860;16
9888;1501;1481543525;10
8711;25055;1481535000;12
6390;1567;1481545430;16
11804;6796;1481527355;10
4974;2278;1481533306;16
18346;10522;1481522994;14
24659;3687;1481520235;2
8405;4242;1481533190;14
10282;17846;1481519990;16
6801;3268;1481523129;18
10830;8931;1481522424;12
63;4839;1481511740;4
4847;6170;1481531914;8
10472;12866;1481513600;6
18305;9009;1481540113;8
3395;6435;1481542054;16
11780;23740;1481523537;10
11700;17054;1481548565;4
22971;9296;1481549370;18
13873;5420;1481537446;14
18319;23447;1481523460;14
13912;7425;1481529209;12
10102;18914;1481539513;6
2155;1227;1481534140;8
15106;25054;1481513051;18
5040;15374;1481517616;16
10710;9888;1481550592;12
4904;8358;1481527875;12
22271;5401;1481545772;14
6700;14711;1481550123;16
2400;16033;1481548039;4
2843;13794;1481509972;8
403;1548;1481514410;12
8464;7337;1481517373;10
8008;6990;1481542071;2
10821;11920;1481523829;12
2803;14951;1481515908;14
19063;12746;1481546162;2
941;9785;1481527185;16
3248;8763;1481536573;16
24283;4562;1481521604;4
8238;14141;1481536177;16
10018;1354;1481514609;4
6817;20935;1481548342;16
8575;10377;1481515141;12
8433;3272;1481537197;6
7278;9266;1481512647;12
6472;7954;1481511373;18
440;2159;1481513204;8
16105;11385;1481510056;16
6457;14934;1481543694;4
8809;25004;1481532409;12
11035;2819;1481529037;18
20411;10095;1481543431;2
11159;16181;1481547786;8
7908;21370;1481535805;16
17793;20074;1481541699;14
17296;10594;1481542855;2
9395;13002;1481528916;8
1406;21841;1481525092;6
17035;6930;1481536035;10
8993;1712;1481526127;4
7859;10218;1481524307;18
2621;3742;1481545714;12
3324;3998;1481534582;4
22678;4747;1481546266;4
20446;5265;1481509668;18
4213;9420;1481520347;8
12089;2819;1481518235;6
4836;17875;1481519599;2
22582;11683;1481527974;16
7262;1144;1481540108;10
1453;14207;1481513466;18
27404;10219;1481509516;18
8683;19498;1481518133;14
3073;27327;1481524993;14
16797;8147;1481533107;12
14546;22928;1481537256;10
7875;2464;1481523444;6
24649;3421;1481528286;12
6664;16916;1481545131;12
3161;4009;1481511398;4
10330;16802;1481518450;14
13792;7005;1481538220;2
27229;7280;1481524731;12
21504;17388;1481533219;6
8592;9898;1481521858;12
18340;3508;1481525957;4
24563;10885;1481529712;14
10013;14635;1481520859;12
20079;22178;1481532338;12
11480;7162;1481528309;12
3604;13947;1481538840;18
21233;27178;1481550651;16
14559;17244;1481532887;10
9845;3463;1481540107;6
27101;13862;1481520489;18
1383;16858;1481520018;10
2453;8333;1481547252;16
6239;16127;1481511949;18
1391;214;1481540822;18
23517;5981;1481518996;2
17337;23120;1481513615;4
4325;27095;1481525159;6
17462;9077;1481520174;6
5088;2378;1481514033;14
27484;11271;1481539251;4
15978;4227;1481530229;8
27388;1385;1481509934;2
7246;12188;1481537138;8
8909;10316;1481528350;12
5971;22182;1481523755;16
12788;8023;1481515537;18
6203;4803;1481521409;12
22273;27312;1481551135;4
10575;10616;1481520452;4
6412;7433;1481546996;8
9953;19842;1481541300;6
5041;7630;1481533023;16
9267;2337;1481545990;16
8977;2125;1481528420;12
23060;19546;1481523679;14
962;955;1481545861;16
9794;4902;1481535390;10
14108;1691;1481541343;4
8767;7369;1481514580;2
15909;17593;1481528177;16
7885;19897;1481547220;16
3294;10237;1481530991;18
11416;23864;1481535384;6
8997;1113;1481524059;18
3575;15909;1481542507;6
3695;12062;1481538653;6
6939;19869;1481524460;8
13679;6505;1481543417;8
13180;1739;1481542264;12
7940;11703;1481513567;6
27001;17023;1481540413;12
911;15222;1481539827;14
1625;19298;1481516420;8
1216;4297;1481524097;2
25086;3988;1481538284;4
270;9133;1481538174;4
6851;7771;1481534240;10
11179;9822;1481517645;2
10267;5733;1481526355;6
22964;9869;1481535814;10
19312;3066;1481523817;16
4942;17198;1481532323;12
1815;12140;1481531814;4
19212;17191;1481538601;8
9740;5869;1481518937;6
19965;13878;1481541996;14
6945;23443;1481531992;10
2773;69;1481536253;18
10089;4056;1481519367;18
19058;20645;1481521327;12
8541;6696;1481520206;14
10314;10826;1481549943;12
6187;4253;1481511375;6
6151;20361;1481545308;14
17526;27156;1481542607;16
8864;1453;1481522804;8
6418;2813;1481550914;14
11771;19573;1481511219;16
8594;17583;1481534375;6
352;23813;1481533952;8
3060;9017;1481528465;4
377;4958;1481535841;12
1017;18880;1481537399;18
12045;7402;1481539287;6
1168;15133;1481539274;10
5756;5286;1481512971;14
12601;5686;1481523760;2
22571;9872;1481544204;4
6112;19311;1481548820;12
20609;6464;1481513633;14
1093;20353;1481549810;2
1690;4485;1481540696;6
8908;8954;1481550326;10
11723;9752;1481510127;4
9609;9148;1481545161;4
13131;14701;1481526771;6
7182;6878;1481546365;12
11848;3715;1481517410;16
4878;12069;1481550601;8
3155;2807;1481515833;10
26204;19497;1481537340;10
7865;14963;1481520243;4
907;5979;1481545016;16
11729;12093;1481536733;6
5824;12335;1481533912;12
19762;3935;1481547577;4
5279;12138;1481542257;2
8958;24707;1481514747;16
2160;4693;1481512619;2
6189;11016;1481542100;6
2781;15350;1481545185;8
7083;16291;1481537580;16
12177;9440;1481511058;16
288;9357;1481534392;6
1912;20088;1481542718;10
3602;1975;1481543169;8
22303;15491;1481526972;10
20151;8362;1481522950;6
24278;3536;1481538225;2
9192;8750;1481513912;2
9001;25707;1481545560;16
21300;1000;1481534606;12
6622;23162;1481525327;12
19723;23004;1481521151;4
15242;11921;1481524444;4
16884;5911;1481537469;6
1966;1395;1481520243;12
14106;15238;1481529626;4
21746;19533;1481533348;2
21225;10497;1481515006;4
13011;19436;1481528251;12
10547;6124;1481510239;2
41;5121;1481534423;14
13202;6134;1481509539;2
22483;1699;1481516718;12
20053;23106;1481539049;14
15431;13853;1481533466;18
337;5392;1481541959;12
11961;9112;1481545893;4
20338;12867;1481524195;4
7332;2291;1481511538;4
1973;9433;1481511126;18
21003;1893;1481523862;12
10276;22662;1481511468;14
6685;10723;1481529496;16
27478;11747;1481522209;18
17757;27017;1481520897;16
22539;393;1481529697;10
26188;17268;1481515847;12
3790;8751;1481546175;16
25532;7081;1481513111;12
7002;4520;1481537920;6
23507;334;1481542197;8
16840;3621;1481520348;8
10357;250;1481519261;4
4733;11950;1481515906;6
5697;8689;1481513530;2
3969;6674;1481541937;2
7884;20038;1481541827;2
8540;16902;1481526675;16
308;12035;1481516542;8
2339;7849;1481509954;16
4289;20695;1481533801;8
8801;187;1481520504;18
2417;11612;1481526845;4
1879;1000;1481542172;10
21446;11134;1481530859;2
6534;20053;1481544898;10
1680;11626;1481533493;18
9842;16789;1481528950;18
16321;2134;1481523630;14
9522;19798;1481518069;16
6610;3628;1481511895;12
15029;10989;1481538538;18
17300;6814;1481549766;10
2144;17416;1481548932;4
10069;23304;1481525228;14
4696;24508;1481548611;6
9432;8777;1481531526;14
8149;19878;1481526067;18
27003;20071;1481545352;4
57;249;1481528509;6
4836;18424;1481511440;6
9887;103;1481526570;10
20473;1271;1481525880;12
9394;23645;1481527106;14
6358;26103;1481514204;8
19805;4866;1481542508;2
6115;22932;1481543013;14
13777;23003;1481532131;8
8586;24753;1481547725;10
1299;7049;1481512598;12
125;4008;1481540484;6
7031;22621;1481524914;6
27471;1257;1481545323;4
9395;27406;1481512000;6
2140;20948;1481541159;14
8929;2757;1481538534;10
22272;5103;1481511814;2
5440;4673;1481529030;16
10108;16033;1481533307;16
8090;26218;1481511573;6
27412;7394;1481533529;16
5417;14240;1481517823;14
994;26392;1481516245;16
9785;1677;1481511364;6
5440;992;1481545471;6
3250;23000;1481516976;16
1144;17350;1481517091;16
8958;104;1481523142;10
7347;6502;1481536594;8
16201;21086;1481511452;2
7343;7571;1481509826;6
404;11062;1481543440;10
23730;5002;1481519274;12
20082;15215;1481540090;16
4749;949;1481529413;10
25058;10739;1481523928;10
5863;2984;1481543177;16
8647;1767;1481535243;4
18212;6966;1481530568;14
7848;14199;1481514242;14
13681;11084;1481510414;8
11123;7350;1481522029;14
6451;8745;1481539736;2
10102;2729;1481518309;2
5489;17430;1481523462;14
1424;15083;1481520065;16
6584;27312;1481514332;12
13004;23047;1481511698;12
6867;5919;1481537614;4
7519;10811;1481539233;6
7672;18350;1481527141;14
2343;6617;1481550889;14
8934;20491;1481550363;4
6191;9800;1481520355;12
11692;11416;1481535192;12
6546;7030;1481545260;10
25326;1904;1481549392;12
21253;23805;1481527626;6
9682;3566;1481525937;14
5744;1048;1481546203;8
3260;3413;1481522577;4
2827;21833;1481510660;18
127;19221;1481520587;14
4696;17399;1481543953;6
3407;27375;1481535981;6
17463;7442;1481537776;10
9751;5842;1481548349;4
1534;5976;1481524792;8
15081;6986;1481524901;12
23971;10251;1481512155;4
27410;23019;1481546260;8
25493;19207;1481529275;8
10191;14936;1481530603;14
9364;17465;1481518159;6
8695;4883;1481523862;12
6348;17462;1481516718;4
3392;1186;1481531906;2
11765;8456;1481534131;8
19232;14910;1481514143;4
17048;7804;1481517083;10
14857;19814;1481517676;10
10244;9844;1481534245;8
18804;5856;1481532674;14
18902;11143;1481527051;6
8839;2889;1481536720;8
16125;5961;1481542609;10
1979;14777;1481544067;2
20775;10413;1481513386;18
7298;7535;1481520196;6
23328;11036;1481550043;18
4322;4521;1481522228;2
4358;1796;1481515779;4
23180;6319;1481519792;10
19550;25178;1481526896;16
19887;359;1481534341;2
907;4350;1481514677;14
9792;8958;1481531416;4
19571;2940;1481519511;14
5700;990;1481532349;18
6915;12798;1481535649;16
4751;17363;1481547678;6
1278;12871;1481513378;4
16016;17003;1481509818;12
15238;4179;1481545454;2
1319;27324;1481533349;18
15188;6705;1481517496;16
8982;10406;1481517373;10
8587;14643;1481529841;18
20926;21223;1481528760;6
13909;6605;1481540597;4
7011;6704;1481524917;4
4987;12374;1481522305;10
4502;2811;1481533554;4
9900;2140;1481537774;16
11024;3888;1481537030;2
26083;6882;1481528323;8
10802;20587;1481526826;16
19211;19873;1481515684;6
19530;18151;1481527014;4
13184;17425;1481522673;12
24375;20400;1481536119;14
20413;15224;1481530835;18
20367;9420;1481527891;12
15918;10515;1481549538;18
6391;3029;1481519410;14
20756;4565;1481534790;18
8922;10603;1481547574;8
3941;17482;1481519802;8
6205;22640;1481518525;6
7829;10620;1481530281;16
8541;26318;1481528690;8
3594;19252;1481523737;14
18166;4927;1481549401;10
25324;10208;1481548678;10
10929;25495;1481550299;6
5818;1615;1481534023;16
2962;5402;1481518271;10
10851;4751;1481511993;14
5079;12020;1481546537;4
6444;15491;1481540625;14
25180;22615;1481517590;14
25328;9516;1481530731;10
6656;243;1481535745;4
354;4951;1481530688;6
4228;74;1481515036;8
10011;17053;1481526324;10
4983;4831;1481527024;8
26305;102;1481512025;4
15518;6466;1481510566;18
5079;5868;1481516235;16
20261;15998;1481514395;12
14857;20192;1481509627;6
5405;1683;1481529123;4
4348;281;1481527503;14
7982;10813;1481517818;2
4811;3742;1481533685;6
10230;1489;1481530034;12
958;20681;1481527601;6
7276;7645;1481533214;14
6895;1361;1481511650;16
18213;21480;1481547847;16
9917;9645;1481532369;4
13763;25246;1481541875;16
5672;3946;1481518943;18
16144;5384;1481534433;8
1500;3686;1481543080;8
4644;19937;1481518820;2
23729;3572;1481534359;12
8153;6582;1481547491;18
10602;9465;1481539067;12
9882;5492;1481547320;2
21078;23624;1481527831;18
11141;23887;1481549328;12
8023;117;1481524715;10
5821;21386;1481550176;10
3266;1798;1481548904;2
18247;13976;1481531580;16
23737;1574;1481516992;16
19283;1263;1481525349;10
22926;18882;1481538619;18
6794;19170;1481539319;8
6114;27550;1481536505;6
14118;5958;1481515936;12
17513;8384;1481550624;18
3469;8986;1481511778;18
9865;7107;1481524921;2
6999;8115;1481548438;6
1146;22464;1481523647;14
1278;27450;1481546283;8
4702;7843;1481514420;8
20409;4745;1481533406;14
23624;6964;1481519320;10
23082;7300;1481515014;14
12096;14868;1481511843;2
14155;20193;1481550233;10
1552;3377;1481533171;12
2134;6505;1481531393;16
7455;3739;1481510570;16
1749;6638;1481529989;12
10620;25388;1481530559;10
21451;4587;1481544996;12
7111;18894;1481535875;6
5633;7059;1481546476;8
1497;15216;1481518301;2
14004;27382;1481549832;4
26195;19842;1481548410;10
6395;10717;1481512459;2
2177;1166;1481528970;18
19881;8171;1481551043;18
9411;22550;1481523882;14
2645;201;1481547461;10
10209;101;1481548628;4
11029;16123;1481533321;12
2321;12646;1481514958;8
18319;7536;1481519759;14
7533;20518;1481547676;6
18153;23158;1481533942;14
291;18863;1481510735;10
16308;949;1481524995;12
6702;24923;1481540230;10
6736;13763;1481534480;16
1961;19075;1481534817;8
22678;2284;1481542897;16
2376;17054;1481534555;4
20689;19508;1481544791;14
6169;5698;1481549240;14
5430;14895;1481538576;10
21319;16800;1481526319;12
19749;8121;1481535544;8
25411;8686;1481548428;14
21361;11668;1481524216;2
17461;13986;1481514597;16
380;1440;1481520309;18
25706;4004;1481549566;14
21499;5948;1481529741;6
8251;24743;1481532933;14
17416;11101;1481546716;10
1384;7036;1481527889;4
2026;8348;1481525890;6
107;4228;1481545718;2
12730;7873;1481512922;2
1518;4834;1481528366;10
1727;8584;1481511136;18
14511;21094;1481538372;18
986;5765;1481544329;10
11101;12731;1481546838;4
18893;27505;1481523836;16
10829;3991;1481520251;14
20522;10501;1481510253;6
5602;6909;1481515607;4
6469;3488;1481550603;2
5935;1093;1481546563;4
11082;11698;1481542978;4
3291;12651;1481524073;18
15353;8562;1481518285;6
20658;439;1481540510;10
6418;21231;1481542066;14
3462;5677;1481547637;8
17404;19421;1481527925;14
11808;16135;1481515779;6
17529;20982;1481537362;4
8865;14901;1481522562;10
22968;4569;1481547668;14
5508;18903;1481513879;16
20079;17504;1481515427;10
5046;7766;1481544243;6
10913;10915;1481513700;4
19836;1985;1481533066;16
17850;27267;1481516637;14
20899;8957;1481536332;16
14639;18895;1481543633;18
23353;17471;1481510608;12
8058;20922;1481518327;12
3012;11175;1481538582;2
5689;17396;1481544117;18
23114;3000;1481518064;2
1978;10434;1481524840;4
1659;2781;1481545859;4
2611;8093;1481543835;8
2640;15313;1481536508;12
23168;11150;1481530699;16
161;7355;1481546597;16
10235;23522;1481540765;18
988;1029;1481544847;6
17460;5357;1481550184;6
6697;8764;1481516891;6
1604;5808;1481536135;16
23337;1397;1481523305;2
20339;14447;1481512720;4
6783;27125;1481534556;10
12374;15253;1481510288;6
19054;15309;1481548380;16
11108;4765;1481550677;2
188;3382;1481545241;18
22940;1092;1481515171;12
1765;20479;1481538572;10
15755;20055;1481519502;6
15403;1558;1481551056;4
19507;879;1481527982;18
9180;2161;1481514635;12
13947;249;1481521109;14
10097;20287;1481530739;14
14579;27028;1481538391;6
14988;11614;1481529256;2
18843;10813;1481517517;14
22144;27394;1481546574;2
15494;3261;1481526858;8
2988;6197;1481523112;2
20157;21495;1481510414;6
7273;1853;1481537830;6
25504;17475;1481515010;14
1035;11126;1481550605;6
1912;14820;1481527517;6
18097;7483;1481534648;18
13078;1926;1481530686;18
17611;14858;1481547414;2
6177;6516;1481549022;18
3428;8961;1481537672;16
18887;16320;1481526378;16
8120;8134;1481549844;18
11629;3596;1481529464;6
8949;17455;1481522972;16
17891;13930;1481544939;10
5517;5997;1481546513;16
22177;5723;1481521756;10
21232;1731;1481519707;12
17458;14190;1481543829;2
1077;12784;1481544173;14
22924;8827;1481549260;4
17399;1403;1481526511;2
23038;23011;1481539443;18
20782;13185;1481537126;6
10093;19831;1481510217;18
1128;9896;1481544137;8
288;9645;1481543465;4
2388;26107;1481525940;4
18314;15109;1481515966;10
3992;6486;1481547115;12
9180;27478;1481526719;18
25069;22159;1481540497;6
17267;4055;1481528261;18
25048;311;1481518641;12
230;8346;1481544163;4
25344;2169;1481519361;16
21281;2640;1481536652;2
10181;14810;1481546303;2
7371;2733;1481541998;10
25192;17036;1481517856;8
10982;6948;1481523476;18
9509;12132;1481510965;2
15744;20782;1481546764;18
18215;1316;1481518824;2
26281;17425;1481524673;16
19056;4288;1481534494;6
19299;11749;1481539162;18
25374;14712;1481512640;18
239;17894;1481534282;18
26038;8957;1481520407;16
23191;19763;1481545004;4
8416;21717;1481532452;12
380;19881;1481532600;10
20192;21473;1481548705;4
17843;27090;1481538412;14
157;875;1481544902;16
8665;27017;1481518674;8
5637;6644;1481527670;16
1571;7902;1481545570;10
387;2635;1481522480;2
2807;15372;1481524887;16
16932;14820;1481520057;14
4898;14288;1481523721;14
15533;1579;1481510208;12
27;9738;1481511283;12
18245;8687;1481537358;18
6465;17586;1481541024;6
3853;9016;1481539086;8
25526;4039;1481516468;2
9783;13495;1481509647;14
1920;4774;1481529265;8
24971;23057;1481510899;10
15328;10516;1481524491;2
160;23063;1481539314;16
5946;7814;1481536312;6
6598;5975;1481516146;4
4875;27487;1481525063;14
14153;11413;1481516838;16
22441;27118;1481519110;6
27328;14964;1481517180;16
19573;27060;1481521870;12
27416;6889;1481524005;4
20240;2793;1481535721;16
16879;5110;1481517067;10
3324;9878;1481548461;10
1928;14272;1481548577;18
18199;11104;1481535549;18
1093;16902;1481528047;16
6202;7187;1481512839;18
2365;13344;1481528142;10
4361;21501;1481524066;2
14242;1163;1481539637;14
20098;12389;1481528517;14
3410;1771;1481530274;18
17287;19570;1481520290;6
24700;1622;1481517239;14
20341;15125;1481541489;18
6781;4729;1481536165;10
71;1050;1481511080;4
1348;15478;1481519478;8
5773;5712;1481514128;16
12914;11075;1481516760;10
14578;22259;1481519994;4
4343;19939;1481513683;16
4880;4851;1481529346;8
8281;11849;1481510190;8
24359;12560;1481524327;8
8161;22958;1481537944;2
7171;23520;1481545104;12
12403;1067;1481515466;16
10541;184;1481521504;4
21371;3961;1481517982;14
7083;15308;1481512480;12
6616;7457;1481545005;2
6362;9916;1481544937;12
3001;1769;1481512768;6
9813;9768;1481510108;12
9467;26259;1481544107;4
10032;7353;1481540892;4
9246;10251;1481526294;2
23319;3626;1481529019;2
17294;2839;1481525833;14
19493;9440;1481524376;2
8743;6718;1481532968;2
6317;7541;1481542735;16
21297;19281;1481526587;10
4246;16336;1481545570;18
43;15031;1481548119;10
21801;1693;1481510402;4
25063;407;1481519206;8
26110;4902;1481538414;18
8946;6249;1481539994;2
7142;15999;1481546314;6
15374;17790;1481526389;18
17003;22574;1481533254;14
4624;73;1481527045;18
2967;8003;1481541314;2
4017;8697;1481540738;2
13778;1388;1481543389;2
11371;3387;1481539453;2
14585;23003;1481526030;18
11017;25547;1481535255;10
4328;13219;1481527778;8
8416;7088;1481549580;16
135;18310;1481532860;8
6430;7850;1481546177;14
14977;10653;1481510379;8
16807;8587;1481516636;8
6721;9310;1481544808;8
12796;1042;1481535813;8
622;10921;1481512478;6
1766;11255;1481529734;10
7436;6893;1481514926;16
13202;292;1481549066;2
320;3726;1481525710;14
13204;911;1481550542;8
141;6396;1481528094;14
202;6485;1481523653;14
7610;1161;1481509665;12
3706;5821;1481521231;18
15995;21090;1481511036;2
18463;8443;1481520051;10
1456;5639;1481510976;8
4844;1223;1481510680;8
4027;1165;1481515235;12
15521;10510;1481513157;6
5509;18863;1481515038;4
6840;5744;1481539211;10
21485;12872;1481535977;6
16802;48;1481543287;4
7176;10513;1481548712;16
20225;20075;1481525886;6
1086;3394;1481542618;18
7860;1222;1481536579;4
6892;10671;1481526787;18
6414;13813;1481536324;4
7522;3681;1481510520;14
9460;424;1481542294;2
23486;8540;1481512633;16
1451;23166;1481516004;8
17284;8464;1481545499;14
11841;1335;1481550746;16
335;4797;1481539758;10
7148;19571;1481527207;16
20151;22934;1481513549;14
5709;27389;1481511976;6
397;1331;1481524210;18
8920;2734;1481543695;16
18299;7054;1481526257;12
11091;19910;1481521547;8
3746;2408;1481533484;12
1014;19956;1481522019;2
26303;392;1481534331;16
24475;17449;1481522494;12
12775;13981;1481518321;8
3598;11784;1481525910;8
6295;2805;1481516514;4
25002;991;1481527731;8
1596;16650;1481517009;6
3047;4758;1481513429;2
12421;8928;1481510692;18
8511;15036;1481547917;6
16034;19938;1481540854;8
3685;17586;1481522442;18
6401;9241;1481550113;2
19798;231;1481521000;6
17866;7683;1481528523;6
6714;14105;1481543526;12
23344;21805;1481543752;10
3068;9427;1481532965;6
17231;17297;1481521775;10
6931;9956;1481532886;12
7355;22274;1481546345;16
5807;9457;1481521856;2
6950;12019;1481534612;2
9011;3604;1481546078;12
24462;4217;1481515304;14
20589;9137;1481520076;8
22431;4506;1481518897;16
24935;27298;1481541861;10
11597;11626;1481531975;2
22625;23327;1481549911;8
2831;8536;1481517657;14
8798;9999;1481544190;14
10597;9806;1481529661;10
230;14887;1481540186;12
225;7529;1481528021;14
3602;22680;1481515425;4
8106;25324;1481542314;18
3493;4217;1481521799;16
17381;6231;1481549528;12
11787;7261;1481519872;16
13296;21312;1481519969;16
4820;10292;1481541324;12
10253;11371;1481536119;6
5949;1663;1481545236;6
23877;1981;1481517213;12
9395;9663;1481542164;18
9991;22621;1481534191;8
19476;6226;1481519364;16
2173;23469;1481514529;16
3994;9055;1481527116;6
5858;5821;1481546117;12
12413;4251;1481518826;12
4187;20981;1481521864;8
14620;18843;1481534560;10
27016;21808;1481526401;4
3990;19986;1481540707;16
18860;13222;1481512857;14
11212;1310;1481517165;6
11109;12072;1481546322;6
10533;20427;1481519767;18
1513;11094;1481535248;12
26293;24921;1481520525;4
6615;1190;1481518432;14
20053;10074;1481528875;10
18884;23751;1481519406;4
9882;23831;1481535650;8
7626;3029;1481530508;6
15097;3532;1481521119;10
1433;7584;1481523288;12
9979;10666;1481522604;18
18070;12767;1481539858;14
3023;14246;1481520888;10
22177;117;1481515702;12
13999;15100;1481530878;12
7560;20472;1481520111;16
8564;23536;1481535060;12
10528;1534;1481533822;18
4728;1409;1481518820;16
12797;8402;1481545718;8
20970;3466;1481543236;6
13973;7;1481545994;18
4757;298;1481514474;14
14193;422;1481544878;16
19800;17785;1481541652;16
9201;11098;1481533263;14
24962;15029;1481527843;2
620;14925;1481521476;16
9541;9242;1481541515;10
5758;22452;1481523313;14
4677;12710;1481517410;6
1913;11227;1481528437;6
21804;5941;1481514462;8
11685;12601;1481517355;2
5691;11619;1481527084;12
6767;17243;1481514042;18
1975;12046;1481550024;18
16534;124;1481540194;18
26205;10185;1481512380;10
15463;10779;1481526256;2
4267;1640;1481550011;18
2290;14794;1481532406;4
6153;18323;1481536243;8
19873;105;1481545035;4
22994;14927;1481529230;12
7588;1024;1481523720;6
22574;24665;1481543137;4
19544;2787;1481517642;12
10197;1514;1481517120;12
9;4706;1481514248;18
19070;7343;1481535079;2
27380;7298;1481524754;8
16135;25356;1481525328;6
18861;7085;1481512685;6
6195;55;1481546730;10
20088;7780;1481522063;10
14925;1064;1481538073;2
20086;405;1481542683;14
17267;10921;1481541397;6
21716;8948;1481538574;6
19847;19944;1481529818;18
6792;16178;1481524532;14
19590;25501;1481531536;6
8139;23831;1481540379;4
6386;7160;1481542677;2
9428;21360;1481521378;4
10622;3538;1481537797;2
19088;18963;1481533748;16
27029;23651;1481530162;6
27378;1854;1481549032;6
20292;12183;1481520867;8
15736;6109;1481535125;12
10795;10310;1481525440;10
20337;20694;1481547176;16
6572;5720;1481513976;18
6123;11264;1481540535;2
4761;9297;1481523907;6
2763;19595;1481529392;4
15227;18823;1481546256;10
5974;21800;1481519190;14
6817;3730;1481517544;10
63;19306;1481534545;8
25055;9556;1481540082;16
18908;21320;1481517794;10
1414;396;1481547646;6
18456;24714;1481539687;12
11695;12067;1481531644;18
7957;10726;1481510974;4
16799;15761;1481524925;18
1013;14625;1481522251;18
27445;13495;1481541845;6
5939;7621;1481538452;2
16100;5771;1481525129;16
1456;2020;1481549640;4
2893;27127;1481523850;4
4762;18097;1481516004;12
342;21845;1481537341;18
9774;21497;1481525380;8
21842;6147;1481544940;12
24424;2372;1481529652;12
6200;1289;1481545485;14
20980;23036;1481511259;18
9205;20062;1481533874;10
27315;3146;1481509664;8
7564;11695;1481546593;4
7246;20041;1481529388;6
6284;27004;1481541311;10
1766;2840;1481523905;2
5917;22930;1481540359;2
11946;4318;1481522556;10
3006;16351;1481517082;2
10683;3980;1481549325;18
2148;18905;1481545768;12
24442;10926;1481542300;14
10582;11798;1481540942;10
27535;17364;1481527707;18
12558;8957;1481514432;4
15431;1073;1481518327;16
7372;2017;1481522725;14
10677;27199;1481520897;14
14441;1746;1481527615;4
276;4932;1481536791;6
16053;8456;1481524982;2
4333;4272;1481519908;2
20866;7854;1481543335;6
5395;9113;1481529155;8
11154;2892;1481544470;10
20952;9839;1481536512;12
1222;10983;1481530826;8
22135;23896;1481530097;18
23695;12020;1481542977;14
14953;10229;1481522579;2
3272;919;1481516051;12
19760;5418;1481550082;10
9959;7762;1481536712;2
25537;11915;1481530231;12
27430;19865;1481518644;4
10486;8665;1481550527;8
16929;1096;1481549579;16
4314;6988;1481547210;14
11951;25172;1481510657;16
15012;19274;1481525351;14
10891;6657;1481536769;4
1037;7867;1481525515;2
10186;17193;1481543468;18
11577;17290;1481547216;6
17004;1066;1481548302;6
10075;6460;1481514951;8
9737;1929;1481549859;12
2838;69;1481520712;6
12816;22961;1481523472;14
20148;23082;1481515897;12
9994;11232;1481550227;12
6252;5947;1481526540;18
5487;176;1481524501;10
13215;10001;1481534132;4
146;1989;1481544972;18
10687;1013;1481512640;14
11851;3349;1481509529;10
6885;11221;1481518321;14
8240;367;1481534446;12
7324;5596;1481548039;2
18071;3068;1481533836;4
11916;15452;1481540925;12
11091;20114;1481515920;12
9856;9869;1481545718;14
16517;14641;1481520873;12
9206;11114;1481543913;6
16295;126;1481514598;18
23900;11804;1481534443;18
27042;25413;1481520983;16
17873;21711;1481545514;6
14584;8836;1481518041;6
19922;21259;1481544426;4
8592;9751;1481523127;4
26199;24178;1481514003;8
415;1231;1481521981;2
8406;4997;1481542607;12
4752;18894;1481536413;2
19967;7778;1481549449;10
15074;15107;1481544173;18
11148;4179;1481525136;10
21307;21746;1481524200;8
3683;7460;1481529556;6
1435;232;1481531936;4
12558;18113;1481519533;2
12743;5865;1481534767;16
11850;5938;1481549137;14
10262;11565;1481526918;14
22962;8561;1481548212;4
19758;9763;1481549617;4
17534;3730;1481528404;4
8462;10263;1481518796;18
27417;1846;1481523592;2
17514;11267;1481531420;14
10515;9917;1481535474;14
8092;23114;1481511584;6
6268;5547;1481514450;18
19948;12944;1481525969;12
9636;1975;1481532940;16
9560;25492;1481549803;6
7013;4206;1481511640;18
6473;12426;1481531118;8
5880;19821;1481545981;4
27377;20126;1481514552;6
25504;2815;1481530815;18
380;6431;1481514422;18
15754;1356;1481551137;10
6011;16133;1481523925;4
9248;3533;1481533347;4
7493;16781;1481535384;8
10600;6382;1481540894;16
4726;15749;1481514917;2
17349;23518;1481534390;2
20284;13196;1481530354;4
11607;20538;1481523087;2
23340;8923;1481540476;14
5119;3401;1481543238;14
7423;1554;1481518840;2
22983;5693;1481533244;18
5761;9430;1481533763;12
14715;20936;1481540616;6
5854;193;1481548161;18
12147;9946;1481526401;2
25285;11089;1481545741;10
19938;12780;1481518673;16
7157;7582;1481547932;12
24062;1017;1481516765;2
5905;14544;1481540463;12
11805;21400;1481528632;14
12135;6252;1481515091;16
1656;21746;1481515051;14
20590;2465;1481545003;18
9271;113;1481540832;14
4481;13079;1481521594;14
21838;5522;1481523702;18
18338;4805;1481521671;4
11051;21397;1481534657;2
2010;14702;1481547535;18
9020;27418;1481515818;14
6156;19972;1481547803;18
9531;10821;1481537404;4
15732;5528;1481525593;14
10274;1740;1481519452;16
11140;17029;1481527454;16
12795;16046;1481550376;4
10537;5914;1481513715;16
5721;11227;1481531429;14
20131;17511;1481541712;8
11954;1343;1481533596;18
6325;7464;1481550779;2
8461;4736;1481516008;12
23443;19529;1481525008;16
3535;5906;1481537215;2
4312;5969;1481531385;2
6434;6777;1481541409;12
22;6450;1481550371;16
27269;6966;1481516770;16
17581;27521;1481543598;18
14186;2141;1481541798;2
4965;2412;1481521911;6
1114;17171;1481526611;16
8651;24585;1481523048;6
4787;17405;1481516190;6
9828;24997;1481541687;18
4658;27402;1481546387;10
14905;20791;1481544942;18
945;292;1481528640;18
7855;7966;1481551001;4
7829;16298;1481525459;10
20049;10469;1481539657;6
18175;6232;1481525732;2
15931;27157;1481549760;4
6418;20094;1481516468;6
333;2411;1481527512;10
16179;2425;1481514015;14
26099;7085;1481536354;6
27140;7440;1481519230;2
5776;22143;1481545815;4
4006;10250;1481518560;2
10226;19776;1481531753;18
10725;18155;1481532416;14
6736;9566;1481528658;8
19305;8892;1481545341;16
15452;2425;1481519794;16
7817;25413;1481513826;14
25183;9676;1481509984;12
11140;10498;1481529219;18
10314;9552;1481542619;8
7251;10326;1481547116;2
3508;6367;1481527706;14
4520;20424;1481512697;18
15011;9207;1481521119;18
135;7308;1481517446;18
8530;8335;1481541987;16
5039;7265;1481535742;8
7802;6328;1481530753;4
2745;2346;1481537272;14
6456;5391;1481548458;16
6768;6386;1481541283;2
6839;1952;1481527347;14
2985;20405;1481520991;16
21736;5051;1481520353;16
6898;440;1481516937;16
22452;15137;1481540422;6
17843;8130;1481532839;12
23548;8985;1481535107;4
19964;8518;1481524770;10
3590;947;1481527189;18
23833;13217;1481511560;4
2366;21223;1481528304;6
15486;22964;1481541117;4
25183;12311;1481546793;8
4257;8108;1481516556;6
20360;4022;1481519409;16
2413;26091;1481515287;4
10648;11094;1481529631;6
14999;7;1481525177;16
1407;19058;1481523926;6
27039;4753;1481533316;2
2881;13939;1481515966;6
20053;8527;1481543110;14
6714;24563;1481527673;12
21305;10507;1481514529;8
5938;12088;1481541664;8
24258;11105;1481537826;18
2177;19536;1481529149;12
12578;6736;1481510636;14
27559;18463;1481525495;12
21501;5387;1481542640;6
19985;24679;1481529047;8
6004;20420;1481536677;2
24562;12055;1481545699;18
4923;4782;1481536546;10
24981;5958;1481515669;18
5755;8137;1481523393;12
19986;6665;1481514472;6
5973;6875;1481530782;8
7248;2824;1481539567;12
6931;10648;1481527028;8
8344;22494;1481531870;10
20546;17458;1481544658;4
5805;13802;1481523626;18
2026;9184;1481530427;6
3593;13204;1481533710;2
21473;10037;1481527883;16
8548;5085;1481513187;16
7147;10097;1481510922;6
10112;13261;1481528779;8
6665;8576;1481534456;16
1748;22215;1481525907;16
27166;1373;1481549616;8
12031;13851;1481520234;18
4230;8416;1481518979;8
1594;21030;1481532487;18
12161;29;1481523398;12
25065;9489;1481526735;4
1991;14567;1481511370;18
9189;4951;1481541407;2
11253;5917;1481512310;10
9441;22626;1481538440;12
16847;5408;1481518413;6
6449;129;1481518042;10
4897;25291;1481518619;4
5639;13903;1481514957;4
20143;8883;1481525093;18
5600;7891;1481535697;6
11067;64;1481529970;2
22145;5331;1481518980;12
1559;22145;1481535199;12
8887;11480;1481523438;4
24685;962;1481537893;4
17156;12212;1481524056;16
10419;9623;1481512088;10
9517;14203;1481514252;10
1729;27266;1481535298;14
11001;15189;1481520084;10
1056;15305;1481549574;14
14155;3465;1481512687;10
4195;7778;1481543585;10
7060;15009;1481548502;10
3458;9246;1481548816;8
13214;7865;1481511651;18
10119;1771;1481519617;18
10018;26071;1481527018;12
19024;2875;1481550893;14
27174;10594;1481520340;8
3746;15409;1481515404;6
8558;20895;1481538199;8
20590;7516;1481512626;12
15409;10310;1481520864;16
19487;25323;1481518844;8
5395;18102;1481528834;10
3463;7869;1481530453;10
1284;14565;1481520536;8
8454;11159;1481535008;10
4273;24569;1481515167;10
26502;2801;1481542351;18
9025;17877;1481537103;8
1924;3898;1481531827;16
3964;6021;1481523888;2
14922;3373;1481528788;2
7978;7091;1481533363;16
9290;7586;1481522208;14
13187;1085;1481544702;12
15081;26307;1481543305;10
11375;5358;1481509941;18
18836;27426;1481515805;4
202;24058;1481521950;14
7764;13883;1481528138;10
25050;6450;1481536657;10
25159;7595;1481525300;2
14166;21084;1481518711;6
5770;8636;1481527474;18
1171;1942;1481531373;16
18149;12322;1481533128;6
22489;6795;1481528618;14
23346;20754;1481542317;6
1869;10603;1481528720;12
7892;26319;1481547470;18
5686;9766;1481543136;12
4675;7613;1481526800;4
24935;6031;1481520221;12
9554;23813;1481519445;12
7972;6125;1481533165;18
6462;6801;1481523362;8
4228;8304;1481516849;2
9060;10806;1481543560;6
7034;13856;1481546050;2
18912;27058;1481544005;10
6551;19217;1481541662;12
6706;18891;1481548766;12
4350;14625;1481532430;8
9456;8651;1481522443;4
2386;13343;1481540740;8
2839;20039;1481515864;8
7710;1226;1481547195;12
16295;22995;1481524095;4
5999;4185;1481538710;4
25073;10473;1481550299;6
19320;8470;1481513614;4
1030;4224;1481531437;14
7913;11250;1481534427;6
10846;6253;1481517970;6
19571;25385;1481523816;12
18099;21400;1481528503;14
18472;12239;1481542747;2
4577;21809;1481531582;12
4627;8561;1481511768;6
22473;14488;1481517223;16
5949;27321;1481517867;18
23302;7358;1481521928;12
18047;4695;1481514216;8
26392;20523;1481525209;16
16368;6238;1481535652;16
8430;10880;1481539740;18
7062;20587;1481514091;4
215;24540;1481515518;12
389;20144;1481520036;2
22296;24416;1481518221;18
5084;7175;1481522754;10
14130;1989;1481549821;12
17440;20934;1481544336;16
897;12816;1481534596;16
10319;2369;1481537955;10
2280;24174;1481544881;2
25001;8752;1481516009;6
17053;8161;1481541675;12
1140;6500;1481536973;8
20655;8941;1481545570;14
21501;21077;1481546516;16
19951;179;1481512604;18
16652;19582;1481517125;12
22296;8918;1481529432;16
8109;1647;1481533906;18
6462;1881;1481528851;10
9487;8976;1481523960;10
25174;5491;1481543900;10
923;1707;1481520787;8
4015;14663;1481546953;18
5279;143;1481511479;14
18840;4777;1481537375;12
11003;4222;1481522040;16
9345;5612;1481549830;2
6308;1679;1481539132;16
3270;1844;1481527296;10
7799;4682;1481514542;6
3593;10619;1481522799;10
6890;14920;1481529764;4
17789;3740;1481524700;16
12238;6926;1481522560;10
11121;23108;1481512188;18
20037;8602;1481511994;8
7249;6405;1481548269;10
7169;2157;1481539704;12
17429;2276;1481513117;16
9545;1322;1481524899;2
3742;22923;1481510915;12
25369;5352;1481513790;8
2394;1989;1481524790;16
24762;3146;1481514792;4
19798;15379;1481522151;8
21436;3512;1481548039;6
27507;7347;1481514761;6
7876;3779;1481542267;18
23010;4874;1481531049;2
5430;7111;1481527878;14
2148;20010;1481522499;14
6889;10093;1481520090;6
2964;11743;1481526831;14
10525;4686;1481518132;2
18350;18216;1481519498;14
13878;7890;1481525168;14
15012;8572;1481521505;8
3900;3691;1481519675;8
8366;6566;1481548197;16
6161;4198;1481526203;4
6354;1765;1481510092;14
6565;20868;1481545816;14
5089;23526;1481511406;10
7444;18899;1481543216;6
3165;1430;1481550493;18
8531;343;1481513677;16
23515;12057;1481550948;8
1119;7770;1481548854;8
17289;5784;1481513276;8
5279;5673;1481521318;8
22499;23616;1481525717;18
17253;11145;1481528127;6
8756;8527;1481525362;12
20545;20132;1481537832;12
2762;21315;1481542448;10
9433;10102;1481534942;14
6822;17302;1481535026;4
7871;10555;1481528071;14
12559;24138;1481525633;14
10514;10415;1481510064;18
7902;11042;1481527103;12
27389;10028;1481546933;10
6202;10178;1481525156;18
7348;17335;1481543826;10
23763;3491;1481510052;18
5424;20933;1481531192;4
15237;22571;1481528437;4
7584;893;1481535780;2
27490;5763;1481525835;10
19497;10725;1481524802;12
12038;1134;1481526321;2
20948;6888;1481517703;18
9284;25343;1481520677;8
25526;3495;1481523704;8
8890;3625;1481541440;6
18305;24278;1481523649;14
5585;11040;1481543627;10
1515;182;1481509636;14
15242;5389;1481527359;14
20090;27332;1481545522;18
3716;8377;1481535890;6
13196;5266;1481530624;14
45;8360;1481535441;4
156;6415;1481525731;18
9806;19949;1481538133;18
216;3912;1481532193;8
1987;19867;1481526145;14
11780;23107;1481525447;8
4300;5975;1481550662;14
51;10179;1481538279;6
20972;2952;1481511231;14
8276;1721;1481547147;8
10510;1582;1481518469;6
22968;2985;1481512739;6
14254;3416;1481540286;6
4330;7801;1481546119;14
8647;14194;1481549120;6
20122;4990;1481533762;2
19576;26156;1481513932;14
15323;9467;1481542584;4
4671;11400;1481512071;6
19072;9798;1481523410;14
12748;12036;1481516669;2
19861;12234;1481514313;18
21030;4242;1481529649;10
6506;2164;1481550396;8
7540;16318;1481529025;6
17423;3458;1481528960;4
20117;9314;1481549122;14
11577;24977;1481535739;2
11595;27326;1481541592;18
6484;9663;1481542627;16
13817;4849;1481512946;14
3398;21283;1481511448;18
20194;1954;1481547144;2
3419;21071;1481519133;2
12758;12419;1481534963;16
12620;3855;1481529346;16
15409;12707;1481526971;12
14934;8319;1481536675;6
202;8742;1481525421;14
14636;5959;1481526131;12
17611;6913;1481534500;2
19052;24062;1481526421;16
1860;14794;1481530834;14
565;6858;1481537461;10
14105;1450;1481518544;6
19232;6475;1481549400;8
9803;11969;1481530346;8
25128;2804;1481520129;4
4882;21270;1481538216;6
10247;27047;1481528995;4
2819;6872;1481535306;4
16298;1261;1481544337;2
1745;25003;1481520789;10
24711;1439;1481532146;2
219;20985;1481529907;6
14653;6886;1481544200;10
10539;9517;1481539413;10
13726;1558;1481516307;10
347;2291;1481537365;14
23544;348;1481519350;10
20785;13222;1481537542;12
10614;3604;1481509645;4
1715;155;1481516843;14
14271;22626;1481526254;6
18188;13222;1481514069;16
4185;10832;1481525948;12
2366;10785;1481541808;14
27280;4990;1481536969;14
19311;15303;1481516056;8
9520;16100;1481512773;12
6458;289;1481525053;18
27435;14900;1481541092;16
8743;18348;1481524219;8
19985;27003;1481522061;10
3300;15516;1481533095;8
2997;25343;1481544127;4
6973;20070;1481529707;10
10508;21094;1481522000;18
13870;5413;1481514908;16
10527;6379;1481532598;2
1539;22939;1481519928;16
19425;25339;1481533766;14
8135;12185;1481549273;16
2751;6822;1481525300;2
3748;10104;1481548679;2
9970;7053;1481513694;14
10096;8919;1481548022;14
4329;26155;1481541606;16
17207;6805;1481532396;14
14628;3781;1481531219;18
6917;11138;1481537665;16
11476;13876;1481536662;2
22527;19548;1481543833;10
3856;4968;1481516294;6
17508;11622;1481542871;16
5810;12355;1481512070;4
260;4581;1481539000;12
9821;21368;1481530485;8
12280;3300;1481510693;4
9229;324;1481542957;14
1405;19989;1481521380;8
5127;24918;1481532022;2
9155;8422;1481518002;18
2014;267;1481532904;4
23004;1572;1481521007;12
24744;10921;1481521810;14
22643;967;1481526670;6
8506;20341;1481549692;10
20328;9752;1481544808;2
1895;12095;1481551096;18
13262;170;1481547269;16
10266;3713;1481549132;16
2279;11056;1481534508;12
8893;6598;1481528388;10
16812;20683;1481521887;2
1107;9648;1481544799;8
22962;10318;1481515843;4
9020;10426;1481536386;10
1404;5009;1481548445;4
7267;4746;1481515717;2
17004;11126;1481530714;14
3495;24396;1481550044;14
18182;25183;1481539260;16
16369;24669;1481518560;14
22179;11017;1481519585;14
6290;14565;1481545646;18
9217;23344;1481525646;10
4262;7164;1481524087;8
3285;15131;1481517689;18
2759;20111;1481525688;18
2835;6983;1481510768;12
1678;18263;1481525932;16
8249;23728;1481519829;18
11793;5279;1481526341;16
14079;26158;1481536938;10
2843;20695;1481531998;12
8527;20401;1481540963;2
3254;7555;1481527957;4
16026;19306;1481512692;2
26085;27439;1481517975;4
8777;25393;1481529914;2
11092;25393;1481545604;4
21094;8295;1481549595;18
14996;18814;1481549882;12
5839;10636;1481529250;12
5977;15478;1481536024;14
2983;18066;1481533578;10
1023;11598;1481519577;16
8531;8953;1481509796;4
11603;21728;1481538137;16
13796;6175;1481549644;4
5724;2346;1481537116;12
5376;23755;1481546690;8
315;17296;1481522568;14
12401;11719;1481509555;4
18314;5850;1481551032;10
8021;5993;1481547822;2
14143;27490;1481523823;14
18813;7418;1481532182;8
8368;189;1481534044;14
10600;4686;1481537632;4
9754;7980;1481533792;16
10027;6823;1481516400;2
1764;8556;1481547424;8
5352;26204;1481534561;14
11247;7012;1481519970;14
17429;18046;1481528166;8
6160;2989;1481519516;10
17891;4834;1481541222;4
1426;5937;1481525090;2
16878;3748;1481541091;16
7887;3540;1481510174;16
8888;9487;1481542321;2
2844;7138;1481541456;4
2910;23084;1481546768;18
15765;20225;1481540200;14
6919;21481;1481534676;2
12290;7834;1481540520;2
6988;4695;1481548336;18
8341;9649;1481522827;6
1714;27422;1481514475;6
26111;6130;1481512973;6
27431;18200;1481518122;12
9206;27156;1481511790;4
1203;334;1481534974;2
14121;9539;1481525407;12
4574;8522;1481523754;2
197;10665;1481543590;10
6357;24690;1481538253;8
27556;12419;1481541320;6
1411;9408;1481519850;2
22962;19046;1481545334;12
8576;3620;1481530683;12
19209;19284;1481544565;4
348;5041;1481524470;14
20735;7714;1481522544;6
1193;8649;1481516628;10
13889;9829;1481538838;6
10197;22;1481532617;12
25340;10928;1481511450;10
7933;20293;1481523495;2
3373;11952;1481521224;8
8966;4587;1481521185;12
17880;11884;1481549276;16
9013;14443;1481538105;16
23543;12783;1481545260;14
2736;6672;1481546835;16
16534;27400;1481542708;4
9190;25183;1481548321;18
1712;17213;1481531433;18
1766;25163;1481516817;12
23645;6352;1481524460;8
10990;14703;1481530848;6
8514;6939;1481533329;14
14551;1176;1481547618;14
11608;4289;1481539302;14
2908;23114;1481519960;12
6278;1632;1481519183;8
1666;12558;1481519692;16
8418;2823;1481529068;16
13196;5426;1481541195;16
2822;23142;1481540523;4
423;14700;1481514404;12
12591;9841;1481532278;4
3270;20486;1481525892;6
17044;11371;1481536976;6
9023;24370;1481511211;10
7030;8013;1481533874;2
5298;16304;1481512898;14
17844;8522;1481540736;8
1546;20739;1481520063;18
3748;12887;1481521143;8
21802;9109;1481546661;14
4243;8126;1481543495;12
893;5950;1481527078;4
6865;8525;1481534560;12
1702;20689;1481511632;12
25166;24572;1481541708;14
7958;159;1481532152;4
3614;4032;1481540544;2
5982;7325;1481529196;10
7076;1028;1481520718;2
7916;5471;1481523579;16
17506;7437;1481512019;12
14163;10498;1481519808;16
19792;3638;1481548533;8
25187;9361;1481542836;16
22540;8696;1481511850;10
12042;2877;1481536944;6
19756;21298;1481512616;12
370;6273;1481538390;2
9415;6152;1481528828;8
24672;4947;1481518972;8
3953;21809;1481514767;2
12781;9013;1481515458;2
5841;6855;1481529428;8
9286;6559;1481520522;18
22526;9518;1481546812;14
4642;1379;1481515744;18
15448;8582;1481519081;18
23665;19900;1481525681;16
3585;6894;1481519423;18
27480;1314;1481513509;8
21294;5702;1481513194;14
12135;11060;1481522386;4
19046;20044;1481533324;12
6114;11261;1481537225;10
10242;10096;1481546645;16
16044;26112;1481543584;12
6687;13186;1481519700;2
1122;6674;1481549726;10
8501;3939;1481548213;18
25369;17351;1481543708;2
1258;10676;1481518487;8
4296;20895;1481526944;8
25425;8282;1481540252;4
15761;19296;1481511126;18
9899;22957;1481547011;4
8941;193;1481526659;4
6380;15091;1481546879;18
2813;17782;1481509980;10
9808;27295;1481525760;6
25432;9028;1481520349;6
3949;10723;1481539298;10
7109;4691;1481518074;2
12577;21092;1481518931;4
2931;10080;1481514976;10
23033;20224;1481514277;12
14638;27481;1481526748;18
9487;11760;1481545812;16
11815;9835;1481528484;4
25192;7865;1481518332;18
17504;6273;1481518971;2
17335;24533;1481525323;4
7039;6816;1481538646;2
11136;7371;1481514015;16
24410;4814;1481518395;10
14628;6487;1481540223;16
23624;5858;1481539293;12
21436;4953;1481544173;10
17430;4704;1481521992;10
3740;1081;1481524129;10
10914;10096;1481530988;10
10096;27020;1481526053;16
6767;1717;1481546504;18
9967;2970;1481526902;6
3069;8753;1481525359;6
10800;27551;1481516226;18
15213;17673;1481530022;10
10781;8690;1481524296;18
20867;2967;1481550244;18
8032;1452;1481539169;8
245;16800;1481527588;8
19910;9477;1481534720;2
10367;3597;1481521377;6
4671;6925;1481524124;12
23760;5905;1481532912;14
7963;9203;1481542152;18
26266;3291;1481533129;8
12709;18213;1481530799;2
12644;25401;1481542557;2
18837;5816;1481511733;8
2279;10352;1481513109;12
1052;12368;1481542793;14
1109;21383;1481534291;10
10019;268;1481535048;12
10999;1391;1481550843;18
22446;7089;1481509913;4
12620;1572;1481539801;16
5831;6580;1481537973;12
16862;22454;1481549397;10
8889;4853;1481539743;12
4998;27534;1481524521;6
10203;4844;1481545245;6
11364;13204;1481524706;6
7481;4857;1481519740;6
1532;8795;1481509771;6
14981;7163;1481512844;8
10616;19510;1481547594;16
10195;1095;1481540804;4
8135;2326;1481534074;14
10218;2405;1481523596;14
2340;8560;1481532423;4
11595;10226;1481526676;12
6355;13853;1481541378;14
13222;1626;1481527639;4
329;10385;1481517719;4
11723;10555;1481527744;6
19944;23076;1481542352;14
6380;21093;1481534582;6
16191;192;1481542378;6
6547;8353;1481549291;18
20338;16894;1481536573;16
1335;24690;1481534434;10
3712;4642;1481539465;8
8092;1580;1481522883;14
9892;7610;1481543620;4
11800;12868;1481511152;10
15916;6182;1481512841;14
3070;1066;1481546041;2
22795;5101;1481528193;2
25513;8955;1481529519;16
23366;3598;1481510522;6
13823;8036;1481522554;12
1193;10436;1481543564;18
23861;17429;1481537446;6
1235;11364;1481539260;8
11397;9359;1481547746;16
4994;20132;1481524822;10
22451;17843;1481530572;14
6732;16535;1481526391;4
12027;2779;1481532281;18
6648;27279;1481536479;2
10636;7443;1481536140;12
11236;3273;1481509826;16
6330;13823;1481542362;16
8931;8697;1481539404;10
11052;5360;1481550613;16
8016;20466;1481536014;14
12280;20049;1481522760;10
3917;27432;1481547619;4
7258;13794;1481518039;2
9956;6153;1481522454;10
5891;12135;1481549241;10
21446;10326;1481549227;14
9314;385;1481528036;4
5265;10636;1481542555;16
10825;22307;1481539757;4
7001;8044;1481542915;2
14875;14444;1481548763;12
16129;7689;1481531547;8
6948;11620;1481546060;16
7611;8472;1481520651;8
425;26084;1481534574;4
27130;11392;1481516438;16
28;8134;1481510162;4
9391;14903;1481518297;4
4218;13005;1481530781;18
4528;8465;1481534561;18
3751;411;1481511631;12
8146;2726;1481534096;2
5827;12793;1481537518;18
4525;13810;1481521646;18
23640;17845;1481531323;2
408;3121;1481517181;6
1867;5840;1481526222;4
21092;9904;1481517019;4
14805;992;1481511420;4
13977;27055;1481514120;14
23756;4766;1481533864;6
223;7095;1481517185;18
17040;13197;1481525770;16
7806;17044;1481542199;4
25468;3578;1481534256;6
8536;10242;1481520463;12
6315;4785;1481538448;4
1930;11811;1481541548;10
7337;8036;1481546693;18
4799;7168;1481513752;18
14662;9832;1481545685;14
14705;25036;1481511713;10
15161;19555;1481522529;18
9220;2021;1481540147;8
8977;21739;1481529961;6
23106;4005;1481531635;2
7773;14122;1481539817;14
6713;1767;1481522904;8
19716;4810;1481549011;16
10243;21386;1481538900;10
27210;5839;1481519548;8
8848;4962;1481532373;6
27041;1060;1481548851;18
9009;25500;1481517706;16
177;931;1481547702;10
5991;9856;1481540355;12
13758;23892;1481516029;2
9811;21097;1481517023;2
10739;11216;1481537325;14
18071;23805;1481513475;12
19534;6520;1481545687;16
8502;6236;1481543037;14
20110;4593;1481515558;16
10712;6935;1481529470;12
8582;21377;1481514780;10
11794;8339;1481524378;2
7765;21373;1481522227;12
21803;7941;1481526783;8
4854;11588;1481530553;2
6717;16890;1481514345;14
17026;8440;1481549074;6
5359;1322;1481512478;8
6154;6814;1481534231;8
70;1105;1481510267;8
159;27486;1481525915;18
4799;3568;1481524544;14
52;9992;1481537698;14
14122;23170;1481527040;14
13075;8420;1481542653;8
2777;8092;1481526851;16
27422;3402;1481522886;2
14655;10387;1481528327;2
23867;6457;1481509966;18
1442;5995;1481539033;16
16191;10003;1481527456;2
7590;25532;1481532146;12
62;2814;1481511814;2
134;14495;1481532172;2
16838;7877;1481546926;12
25194;22644;1481547166;10
27002;7056;1481527649;6
4286;21389;1481533200;4
4105;3597;1481516544;8
23047;19305;1481536164;14
13976;22456;1481544827;12
6223;25061;1481535378;4
7890;14282;1481531448;2
2910;27450;1481543738;10
13681;18846;1481536556;14
5921;10735;1481551073;8
23348;13818;1481548481;16
17402;23100;1481532558;2
2966;4771;1481525577;4
21374;1773;1481516008;10
7837;16651;1481511652;6
9651;1177;1481533848;2
22972;12162;1481531867;2
20910;23170;1481510143;14
12601;2791;1481542560;12
14263;7315;1481512035;8
8957;4903;1481515201;16
7596;8235;1481550961;14
21076;20967;1481512526;10
22133;17261;1481529273;8
1843;19834;1481517861;12
5124;9671;1481510237;4
941;8456;1481548318;18
12057;23020;1481511325;12
10473;22443;1481550658;16
19883;6436;1481550622;4
165;1692;1481520035;16
169;8390;1481524038;6
361;2282;1481525879;10
18808;5704;1481519757;10
5693;16377;1481511082;4
3725;27096;1481512744;12
9538;8238;1481543096;16
20989;12035;1481539637;6
10825;1926;1481543452;18
15009;10279;1481525617;4
1347;3698;1481526998;12
10823;6231;1481541870;4
17335;9783;1481520176;18
7569;8122;1481511525;16
7521;27162;1481510879;8
10211;61;1481545105;4
10406;5749;1481535306;4
17363;27376;1481527765;2
10890;8471;1481515520;10
22965;6769;1481543396;14
24017;11771;1481528476;14
16297;8233;1481545117;10
22932;14963;1481524942;14
11642;1329;1481525801;10
22498;5989;1481526177;4
3952;13900;1481511826;2
1187;8925;1481511612;6
12307;4838;1481520096;14
26207;17296;1481514483;8
19170;8971;1481531867;6
138;7349;1481548547;12
22571;9304;1481518970;6
15459;9873;1481539690;18
8759;24511;1481516386;12
3687;19304;1481548771;2
18864;16194;1481541580;10
9319;1631;1481526666;16
1628;6476;1481546011;16
22479;5647;1481521135;6
8548;13204;1481516694;2
21268;7104;1481522787;8
6487;9018;1481531759;12
218;1628;1481544770;8
8240;5699;1481550583;8
26111;11834;1481531995;6
16124;16143;1481525938;12
9996;5688;1481522462;4
1891;3589;1481509918;18
376;14895;1481521134;10
400;1226;1481547387;16
12765;9798;1481517416;6
24410;4969;1481549451;12
15909;21222;1481546436;16
19758;24396;1481513525;18
27127;10547;1481533635;4
12742;21797;1481548411;18
1796;20527;1481519827;12
10675;23021;1481521087;6
17038;20465;1481541853;8
6578;20948;1481545427;14
5959;11155;1481540294;16
4951;15374;1481536959;16
5331;27392;1481540502;10
11034;7482;1481531594;12
7597;17881;1481513859;18
4509;11915;1481519418;6
4206;17579;1481545097;8
10542;23854;1481538346;12
10911;7800;1481513125;2
24964;4216;1481515478;16
25191;25043;1481515059;8
5046;1167;1481548725;8
9852;6354;1481527283;18
21721;7474;1481550390;8
8408;5745;1481521215;8
11698;13930;1481521449;4
25443;23087;1481524703;2
1118;24356;1481547889;12
6174;20684;1481540444;6
24664;12372;1481545260;4
8593;3404;1481524648;4
4578;7792;1481544168;2
19726;972;1481543909;16
1601;6496;1481549779;2
14441;21094;1481541081;12
20040;8590;1481542721;16
14131;8970;1481518983;8
24971;3026;1481511371;8
5971;5006;1481544378;12
17483;22132;1481536867;12
19299;24929;1481511513;8
15738;22271;1481523652;14
27288;14876;1481525118;8
12182;8958;1481523699;2
27095;8014;1481523264;18
169;4181;1481541199;14
3880;22530;1481519601;18
7053;8276;1481536199;2
23084;7855;1481537212;4
3904;19508;1481546649;18
10068;4209;1481537436;18
19880;7059;1481538006;16
9103;2817;1481511047;18
1565;15985;1481511796;4
8520;5806;1481549952;16
3556;207;1481516083;10
994;955;1481517682;16
15376;11135;1481546846;10
6489;27034;1481522130;14
25088;8330;1481515639;6
22443;11803;1481540582;2
9530;21446;1481544506;16
3464;9873;1481542162;6
25541;7498;1481540634;6
9316;7333;1481522852;4
5486;25083;1481514683;6
8353;24670;1481511724;10
2351;7576;1481528808;18
9820;10519;1481525118;10
10772;20157;1481516882;14
7899;4195;1481543628;10
2346;18105;1481510690;2
1168;5987;1481539159;2
19044;9457;1481530919;4
1879;8566;1481544561;2
16640;12327;1481521573;16
17564;27267;1481535265;14
26313;891;1481512763;6
3690;14545;1481551034;8
7164;6497;1481515039;4
18862;21833;1481540619;8
4808;4758;1481532436;10
3279;5003;1481519173;2
25065;6813;1481512732;8
7904;1173;1481514841;12
15999;27198;1481529683;16
27384;7809;1481540499;10
26165;25549;1481546819;18
1925;37;1481519652;14
7594;6208;1481520092;10
10293;21003;1481519404;12
18262;19061;1481535615;12
23449;4193;1481528535;4
6641;14702;1481541378;2
10736;1853;1481549752;2
5898;21097;1481511588;14
11071;16925;1481521210;16
20906;6128;1481546995;18
19760;4560;1481528991;18
11109;7392;1481526247;2
7268;9482;1481531703;4
10684;8150;1481534372;8
1348;6644;1481514469;4
242;17536;1481529987;12
9891;24511;1481518757;18
24256;9765;1481545776;4
12229;1548;1481528335;16
1500;8001;1481514964;6
9666;26317;1481549169;8
9890;9262;1481540962;14
104;27033;1481549314;10
12380;16888;1481517203;16
14697;20713;1481519343;12
21;24658;1481541688;8
15407;4856;1481548340;18
8514;22269;1481540612;8
1918;18130;1481548321;8
14219;3403;1481516276;12
11842;1293;1481529936;16
6334;1516;1481522156;4
23082;1289;1481513076;8
10371;4037;1481518730;12
14182;2844;1481525777;4
19532;6250;1481516196;2
6421;3648;1481551079;12
3692;1877;1481512621;18
22141;5358;1481522102;12
2344;6676;1481511809;10
4176;26471;1481526688;2
10982;23303;1481547314;14
5119;10207;1481538294;14
8748;7814;1481521710;8
3283;5001;1481524033;8
3620;1915;1481535343;18
14659;22647;1481515490;12
9769;6655;1481517913;4
1960;7899;1481531918;12
18328;6501;1481512143;18
20782;1992;1481521061;4
15703;8388;1481550551;12
11777;10983;1481523697;6
11153;176;1481543274;14
9738;5512;1481545507;8
7364;6838;1481516744;16
19211;17275;1481535193;12
4691;7800;1481537431;16
8429;10886;1481516712;12
5816;8421;1481537855;16
22307;23727;1481525500;2
18307;8582;1481515222;10
12233;17335;1481525936;2
1499;20446;1481528849;18
8385;10603;1481515761;12
9208;8692;1481523600;16
27312;3726;1481534482;14
211;208;1481544290;18
5119;11603;1481541885;8
1857;26477;1481539113;10
3068;20655;1481524635;18
8505;3942;1481511356;4
11911;6561;1481520720;4
4605;10028;1481531914;18
3949;6168;1481518350;8
13879;23727;1481535506;6
11407;22969;1481542193;18
22494;10308;1481538230;18
24354;394;1481534851;8
425;2383;1481537924;2
11860;17190;1481513292;8
10254;2398;1481530091;14
12872;14625;1481527585;4
7339;6666;1481513133;8
5647;18198;1481528769;2
15328;6993;1481534904;16
81;12227;1481537158;16
5356;3491;1481536279;14
7442;15518;1481524668;18
10574;10330;1481513282;18
18804;14910;1481512121;14
21445;23496;1481548283;6
24061;14661;1481521142;6
15298;26034;1481512601;12
14986;16122;1481524226;6
1061;27230;1481534038;8
7316;19825;1481532558;12
4978;1954;1481523727;14
355;23614;1481522608;4
2159;10831;1481547894;14
8161;21495;1481522524;18
25394;8922;1481522414;6
20071;5520;1481528517;8
5942;8818;1481524354;6
5375;13559;1481538852;2
192;24969;1481544481;14
2640;20526;1481518737;4
23524;1533;1481513300;8
8168;8522;1481533842;14
27388;8329;1481520603;10
1040;14567;1481517156;6
6443;13562;1481516936;6
20686;27490;1481525264;10
14252;18344;1481522428;18
1392;6196;1481531452;14
267;19417;1481511852;12
25043;3561;1481515596;8
6667;3688;1481537462;8
9239;7947;1481544074;6
8308;23855;1481542013;16
21803;26069;1481509947;8
21303;11684;1481539842;12
15303;7773;1481544601;6
10613;5716;1481513658;4
17510;21223;1481538990;10
3370;7998;1481519236;16
17397;6012;1481533905;16
10924;7249;1481522268;16
9333;1698;1481537178;18
25443;10908;1481546619;18
8586;3542;1481547906;16
9668;1005;1481524814;14
10511;17550;1481514155;10
1793;17054;1481545020;12
6386;27414;1481511727;8
12141;6717;1481515187;12
21462;11859;1481511507;18
8479;985;1481529913;8
12760;26107;1481544285;4
8895;9359;1481511437;12
11408;17539;1481519068;2
15009;19857;1481531922;4
27551;12887;1481516905;8
4707;8562;1481515158;2
18472;14707;1481548247;16
4311;5506;1481527235;14
10633;15488;1481544837;4
4245;26244;1481518595;4
1461;16021;1481526722;6
1590;1087;1481522766;8
14203;21308;1481549690;12
8539;4883;1481526476;2
4733;3778;1481538108;14
12058;6829;1481527604;18
16049;21294;1481524848;18
9990;16127;1481540838;10
3716;6815;1481542767;4
14807;11605;1481525550;2
16141;19817;1481520117;8
354;8949;1481538184;18
15514;27334;1481535019;14
5853;5358;1481527221;16
18152;5723;1481533219;16
1766;154;1481521098;16
14628;6818;1481522032;8
20944;67;1481528177;18
4234;11376;1481536908;16
1198;5919;1481536899;12
17477;3397;1481526647;4
7490;15106;1481515698;16
6364;5806;1481516077;12
18810;27051;1481543790;6
20338;23330;1481529102;8
8221;10095;1481519701;6
17031;11814;1481550835;12
1156;7183;1481531586;2
11886;12416;1481530940;6
18868;233;1481531425;4
8251;439;1481523655;14
1235;4104;1481526786;4
6951;254;1481518771;8
7170;6409;1481528704;2
53;5968;1481513190;2
4331;901;1481533456;8
20464;5117;1481516819;8
10609;17036;1481531283;12
19992;10910;1481543691;14
4545;8235;1481528967;2
25084;8322;1481535798;16
19305;23022;1481512015;14
11239;2774;1481523602;4
17791;64;1481536314;2
18840;23621;1481519261;10
11953;10697;1481540956;10
1989;7464;1481541573;16
6290;9675;1481521353;18
14910;9915;1481512338;12
10352;6499;1481539876;4
8034;10544;1481520549;6
27023;12696;1481512447;6
20311;10623;1481510825;6
351;99;1481523449;4
24252;10712;1481542590;16
24742;20361;1481523530;2
5243;7853;1481533152;14
3154;76;1481519894;2
25543;343;1481516036;2
1456;3165;1481550131;10
9323;15999;1481550054;2
5815;18892;1481538839;12
1134;18321;1481524991;8
9509;5784;1481538844;10
20878;7813;1481543348;10
2338;20937;1481524337;12
11955;12178;1481544569;6
25359;18185;1481527880;16
1851;7693;1481545055;12
10022;27100;1481542045;4
10605;2361;1481550419;16
18861;23452;1481542791;14
3532;4043;1481522848;14
6456;6642;1481518428;16
10321;11481;1481533653;12
1462;4983;1481549899;8
9103;10199;1481538042;16
1659;1673;1481529916;14
27052;12118;1481514948;14
11805;5266;1481528074;14
2131;12185;1481524857;12
22134;1033;1481543655;10
27547;14563;1481529544;6
5876;27315;1481547039;6
17040;10520;1481530124;12
6324;26189;1481550762;8
1601;27129;1481511205;8
11859;11013;1481527466;12
27157;10371;1481533233;2
1219;5017;1481542062;12
18871;20974;1481543090;2
10163;21729;1481550809;4
17583;3026;1481522144;14
27428;22447;1481529685;2
9239;18881;1481533286;14
9300;1717;1481513652;12
6206;11062;1481510552;10
24977;6534;1481534531;16
10410;21388;1481542358;14
25195;6204;1481514647;6
6306;12143;1481549613;18
1985;26070;1481549493;8
7590;11373;1481518346;10
15932;4199;1481530508;8
1764;3155;1481544373;12
11031;6524;1481514096;8
24680;23488;1481541655;6
12653;8692;1481532538;6
22497;1957;1481538837;10
24250;1305;1481537047;10
10004;13238;1481533115;8
11884;23062;1481539235;6
5690;14928;1481523802;6
5914;3912;1481537442;4
20454;6374;1481531619;18
3775;7513;1481528884;8
4104;23752;1481514866;8
1166;8143;1481537684;4
4768;10811;1481531713;4
19815;7768;1481549082;8
20887;9435;1481547368;12
19559;1336;1481514848;6
1389;2527;1481537925;14
17268;18046;1481526518;4
5389;21088;1481528858;18
27423;22494;1481522463;16
26147;11121;1481536441;8
316;14810;1481533538;6
9992;22939;1481519946;4
27331;16303;1481544187;10
18900;19944;1481527635;2
11908;6505;1481547206;18
1157;24695;1481538843;16
12322;27558;1481549612;18
6433;11032;1481524396;4
7352;25056;1481523576;8
10573;17788;1481531076;12
9901;20692;1481511847;4
23887;13872;1481527890;2
20418;8948;1481543409;16
15299;8161;1481530884;18
5985;6167;1481534989;16
22959;2744;1481548763;14
5506;18177;1481535188;2
11268;24937;1481510455;14
7521;19789;1481541841;6
19207;12358;1481523720;6
27415;6600;1481528961;2
4506;22794;1481546523;10
17386;27329;1481542748;10
17003;17025;1481513823;2
14257;8471;1481535321;12
8434;25164;1481543480;14
144;8993;1481511065;14
21270;19060;1481516567;14
5391;16304;1481527797;6
11475;23543;1481548607;6
2793;13138;1481540581;14
21294;4270;1481551071;10
8444;6404;1481510243;2
3640;2948;1481516412;10
5045;8441;1481532329;18
1625;4290;1481544488;14
23789;4699;1481523766;4
20035;17586;1481539648;8
3386;6136;1481512002;4
7899;3155;1481538047;14
7389;5400;1481509875;16
3083;11811;1481545984;16
1776;15733;1481545281;4
20358;6197;1481527457;18
2390;1511;1481523634;4
7095;9189;1481524798;4
19759;25175;1481518576;16
6716;6859;1481531189;4
8502;3910;1481532651;16
929;3745;1481549615;16
1960;22613;1481524073;12
17400;875;1481537332;6
12572;26195;1481538178;10
5485;5479;1481522401;2
8137;6704;1481536825;16
3972;4656;1481525577;4
4573;7143;1481543441;4
1515;16098;1481538877;12
6121;18844;1481521627;12
4053;1663;1481547915;12
23865;8403;1481510800;6
1449;25385;1481529873;14
17004;23152;1481547402;16
1333;1568;1481522074;2
5640;17007;1481549763;10
7675;17211;1481525099;14
26265;27086;1481529288;14
6578;7517;1481521615;2
22957;2315;1481537505;14
12028;408;1481532667;12
7556;5808;1481536262;2
10183;1106;1481518384;14
7246;22649;1481534979;18
24691;19880;1481533104;18
981;5736;1481551038;4
6688;7082;1481513799;8
6770;6404;1481524893;6
10268;6542;1481543982;10
23152;20461;1481545077;10
9133;9532;1481537958;18
1631;11729;1481546413;8
4656;15931;1481537316;2
6840;103;1481525019;6
22624;3373;1481547164;2
6965;6566;1481510892;10
19224;1746;1481541457;16
5514;10603;1481532104;10
20693;9740;1481544773;14
9436;9133;1481530536;6
18088;9573;1481533146;4
9900;3739;1481516844;6
6789;2962;1481509612;14
1372;6933;1481515819;2
8095;3468;1481543988;6
22582;13763;1481538462;4
18310;15478;1481514996;16
1349;24428;1481544391;6
9067;19087;1481537369;4
9635;6236;1481512958;16
23524;14163;1481514242;4
12186;5905;1481512381;10
1518;1029;1481525964;10
5637;17173;1481536250;6
8150;9408;1481545683;2
12642;1370;1481537781;14
5501;1679;1481546475;8
8561;881;1481545493;14
6158;12413;1481543577;4
23891;8951;1481530273;6
26480;27492;1481533665;4
1912;26211;1481529054;12
7698;15738;1481549817;4
215;1145;1481528337;14
6559;7171;1481527299;6
4053;11595;1481516662;16
3291;13777;1481549903;4
5773;1890;1481511323;16
15242;1216;1481512256;4
8136;24962;1481544294;8
7006;8869;1481511326;2
3324;889;1481523987;8
5839;11392;1481544401;14
5698;26069;1481550129;18
19712;7898;1481550802;4
11092;1773;1481510974;2
18117;6116;1481544591;10
2811;22647;1481534259;18
11013;27228;1481544039;8
11023;360;1481519830;8
931;3707;1481536254;10
5097;15762;1481532727;16
25528;2767;1481536465;18
16914;8168;1481528806;16
14808;18814;1481536801;6
7850;7804;1481535761;14
14800;6554;1481528332;2
10537;6551;1481524312;8
12711;22313;1481514659;14
962;11218;1481528246;14
27377;27397;1481551045;2
4978;6497;1481531249;4
23177;11222;1481550610;14
27279;20302;1481524416;6
221;10613;1481514386;16
7781;20846;1481543796;12
26314;9123;1481524553;16
6372;7044;1481517864;14
13114;21717;1481518221;16
6639;7315;1481542020;12
7598;19498;1481548054;12
3686;16187;1481517441;4
9757;22574;1481538437;4
22530;6020;1481533514;14
20541;23098;1481536226;12
10648;1067;1481539014;8
17789;5724;1481518507;2
32;2124;1481531934;6
6840;13454;1481545570;2
20589;11061;1481516512;8
5978;25069;1481521479;6
8873;17782;1481532789;10
23852;20399;1481512241;16
21074;7013;1481537164;4
8307;12219;1481514124;6
1413;6796;1481517200;12
4954;4668;1481535170;10
26188;10676;1481510436;6
16909;11119;1481524598;14
5927;2889;1481526713;18
7642;7417;1481520142;4
18165;5954;1481519201;10
9262;6959;1481543598;2
12280;6665;1481514576;2
15083;8575;1481548516;8
22303;3898;1481544979;12
22135;23877;1481533805;8
9164;11909;1481511229;16
8650;4326;1481546913;2
9666;8050;1481531613;10
24682;24921;1481510072;4
10999;27415;1481532591;4
1773;27543;1481528671;6
19813;1705;1481517592;18
19091;26373;1481519019;2
11224;19221;1481547968;2
8324;5041;1481547700;12
3574;11102;1481540087;18
168;1548;1481540460;10
1161;3728;1481520540;12
27459;6585;1481528938;10
11234;7870;1481528525;8
26138;5999;1481546582;6
17168;3267;1481517660;8
7962;16863;1481510574;4
6118;6147;1481512023;14
14108;19879;1481545769;8
18177;15135;1481549509;16
987;9470;1481530665;2
15371;23861;1481516026;8
6684;17472;1481538669;8
8749;1195;1481550954;6
24252;1846;1481531157;12
21361;23665;1481517844;16
14135;26476;1481528953;8
20656;25069;1481524660;16
2848;5983;1481533946;16
10831;12040;1481528449;18
7596;10469;1481547181;6
6577;1185;1481536215;12
1635;9885;1481541775;6
10202;23026;1481526042;2
9502;4666;1481531314;10
5051;9432;1481534770;8
22531;1584;1481532652;16
6478;4891;1481520715;8
10205;12147;1481526239;18
10010;7167;1481526931;18
4317;4505;1481535541;14
6239;4987;1481545203;8
7372;21320;1481516382;2
9519;12121;1481548015;14
1459;11091;1481531330;6
18181;9645;1481530587;16
7707;14429;1481537005;4
21092;10597;1481548172;14
17518;7269;1481531297;12
27543;9105;1481514794;4
20370;12600;1481538885;8
24357;1537;1481547677;2
5778;7895;1481528391;10
17333;3952;1481510848;12
9892;9831;1481534563;8
11396;3419;1481525390;8
13345;14253;1481513634;10
26139;4854;1481550964;10
11777;21719;1481544611;4
20958;12327;1481511305;16
27451;4521;1481539135;16
18876;4674;1481516204;14
9167;19432;1481532155;6
26069;291;1481525007;18
22606;2832;1481518488;10
2952;24417;1481543294;12
11797;2324;1481522874;14
6522;19300;1481544923;2
22926;10067;1481528892;12
13977;25232;1481530318;10
14566;3283;1481540692;14
3004;1663;1481520604;14
10609;23646;1481543785;2
11148;14631;1481514525;2
23350;4824;1481522746;18
4759;27315;1481517514;2
5914;9775;1481515379;16
11124;6584;1481527911;6
3790;7064;1481525854;10
9553;3288;1481519324;4
24087;20106;1481510005;14
5507;18097;1481520506;18
18197;6124;1481515292;10
129;8230;1481540484;2
7174;5690;1481528485;4
22271;13851;1481525807;14
8939;6540;1481518383;6
11761;12211;1481531309;8
18158;20586;1481529926;18
12766;7806;1481512285;4
9830;6135;1481540164;12
10123;23319;1481533486;4
2940;2323;1481546206;16
11730;23894;1481525290;16
14860;8887;1481515254;4
19870;10106;1481525435;16
10786;4605;1481524039;12
19967;26091;1481509557;4
1301;26315;1481527975;18
19274;10388;1481522222;18
12710;20881;1481547248;12
3257;2140;1481518930;16
15012;9165;1481530023;18
11057;6620;1481525931;10
20589;2350;1481515916;2
4302;7090;1481541370;2
25365;19921;1481525982;12
8015;11592;1481517401;16
5752;17849;1481516154;18
17391;4037;1481549128;18
10352;7633;1481510203;14
27446;26319;1481533885;8
7595;9876;1481546380;4
568;17400;1481520016;10
11266;21224;1481519904;14
8348;20769;1481527898;14
10684;21321;1481526951;16
7433;12785;1481530023;18
10028;24508;1481509826;16
8497;5630;1481512089;12
8453;18347;1481521279;6
19545;27483;1481531199;16
7976;8553;1481521423;14
6220;22972;1481544059;18
27455;9460;1481544228;6
9267;6127;1481529351;8
8633;4198;1481543567;18
10556;4778;1481517261;12
3792;22934;1481528914;4
5968;9158;1481525976;18
22431;19062;1481539801;18
7034;23165;1481523797;6
9163;8746;1481545010;16
2777;1956;1481544047;10
20365;1460;1481521287;8
23883;15459;1481534965;12
14434;2807;1481545813;14
3630;8397;1481545761;4
7111;8380;1481543786;4
2790;16849;1481536226;16
1162;11691;1481522189;12
6455;1446;1481523070;6
17419;2780;1481546842;16
1892;20336;1481539151;16
23349;11892;1481530213;8
8891;10774;1481515609;16
3547;10359;1481511409;4
6916;20418;1481528517;18
11238;1124;1481523212;16
12101;3575;1481523074;16
15486;24087;1481521340;8
5868;18091;1481529072;4
6861;686;1481545480;6
6808;7101;1481537405;18
19833;7371;1481543713;10
5850;9436;1481549641;8
14244;4212;1481540659;12
3594;3544;1481543338;10
8320;7830;1481519946;8
19212;6614;1481531067;12
9283;1515;1481511424;2
10573;30;1481525320;18
22454;12185;1481524275;18
6211;9438;1481518357;10
1576;22963;1481521134;14
14446;8967;1481534631;10
8478;2818;1481519574;4
14151;20589;1481527708;10
5978;19559;1481540426;16
3352;4922;1481544068;16
21224;10411;1481547583;10
21483;7333;1481526466;2
4912;565;1481513833;8
20543;10913;1481522725;12
12707;8799;1481518923;8
27269;4962;1481531980;10
15212;6432;1481510244;8
14167;13794;1481536270;14
27422;11240;1481525587;10
5250;7600;1481522396;12
562;5041;1481534505;18
8642;21096;1481518952;4
1915;6264;1481540427;2
6361;8134;1481512380;12
6285;9609;1481511092;18
10385;16874;1481532727;12
24352;23177;1481516202;14
1496;3397;1481536880;10
12870;4351;1481524832;16
6117;22530;1481533965;10
7439;1858;1481538928;18
3597;8638;1481546649;14
15765;22971;1481514801;18
1628;23168;1481512899;8
10410;8902;1481537433;2
15253;20119;1481538162;16
6809;14136;1481539239;14
10080;15380;1481531119;10
182;393;1481548505;2
438;24063;1481513764;4
1373;14120;1481528012;6
11388;6684;1481543886;16
19559;7478;1481540835;8
14439;19860;1481544243;12
10099;17024;1481550999;8
11096;20154;1481545374;4
8827;5974;1481547024;14
8527;5033;1481521454;8
5649;10203;1481521145;6
4299;19867;1481550266;14
11131;5723;1481545074;6
15989;11921;1481547149;4
9776;1837;1481539232;2
18508;1331;1481546755;2
27047;10803;1481542547;16
8473;1287;1481545438;18
6610;19710;1481524389;18
10796;148;1481545700;2
6395;11039;1481531571;14
21462;15018;1481528641;18
25411;27176;1481530760;12
23304;10180;1481533837;12
962;3022;1481522653;16
1274;17389;1481515242;12
14696;7628;1481514132;2
23302;14439;1481521513;12
9554;21214;1481530468;16
12138;6664;1481515198;2
12699;5981;1481549697;10
9113;131;1481545725;2
15378;6412;1481515805;6
1676;17883;1481533721;6
9284;20852;1481530269;2
16368;6581;1481540848;16
6550;1089;1481540664;14
5760;8599;1481513753;4
18423;27405;1481510089;10
302;3409;1481535473;16
8498;891;1481528555;10
5364;6680;1481528361;14
17019;10459;1481551060;6
8892;11007;1481521086;6
27380;12289;1481510303;2
4781;6186;1481532073;6
4481;25386;1481523616;8
9417;15012;1481540980;2
967;23753;1481539001;8
4199;24649;1481535721;14
21312;19595;1481519302;16
23858;3020;1481523925;8
8568;21386;1481523889;14
6443;8973;1481509677;6
23616;2152;1481515777;14
5841;6894;1481529776;2
23662;21311;1481526243;4
14909;17310;1481531333;8
1123;15078;1481521053;8
15517;8285;1481535404;6
14137;7916;1481525682;16
7809;11412;1481536358;2
9198;14209;1481523731;14
4020;6108;1481524695;2
6592;5755;1481549625;8
7584;3512;1481546223;6
7095;25326;1481543000;6
10324;1076;1481538476;4
18074;19492;1481538279;6
16136;10885;1481536824;4
20338;6320;1481524716;10
13678;9191;1481526288;14
25382;22459;1481550211;12
7974;18299;1481519306;10
1576;18809;1481545753;16
15119;17573;1481540319;14
6675;353;1481520833;12
9024;404;1481542584;8
7249;10764;1481535831;14
20530;19763;1481544369;12
8444;5824;1481540559;16
6858;25066;1481528459;10
8352;4253;1481537941;2
9802;1566;1481524686;4
18080;20930;1481525835;4
435;7161;1481528863;4
11125;7998;1481550329;6
20126;2022;1481523290;18
18898;6516;1481510957;6
19945;3499;1481520696;12
10499;10108;1481549658;2
6636;3888;1481537087;6
2118;5939;1481545444;12
1055;20919;1481527464;6
19812;8236;1481513950;16
7182;323;1481550241;4
8642;13177;1481514558;18
8969;21209;1481533537;16
1602;19423;1481533323;16
19936;3715;1481514880;10
19781;4327;1481549475;10
1919;20974;1481528484;2
12328;78;1481535915;14
6150;1280;1481527247;16
6315;6800;1481521531;16
4251;9801;1481550344;8
6854;4740;1481527850;14
24088;6289;1481526768;8
7707;15305;1481545601;6
14119;11859;1481526879;8
1194;17211;1481516453;2
19302;27460;1481531042;2
1163;19284;1481547498;8
1868;24481;1481545898;6
18067;3134;1481534683;8
16297;7300;1481550114;6
21306;5942;1481542743;12
9963;84;1481544611;10
25442;11790;1481550641;12
10845;26164;1481536127;16
304;15313;1481530531;2
14571;2350;1481533767;4
1318;15027;1481550876;12
1207;7075;1481515045;2
1690;6317;1481523517;18
8149;26156;1481538667;4
10799;8767;1481513591;18
15101;3116;1481531153;2
8014;17269;1481527871;4
12745;11066;1481540060;2
9214;10832;1481518076;14
10508;11720;1481540413;16
1837;19296;1481516503;18
7853;10612;1481547556;14
9671;27418;1481527999;18
8475;9531;1481522694;18
18534;25518;1481550407;2
10811;25067;1481540854;18
2129;240;1481535897;10
7893;8144;1481544598;12
12064;1552;1481547204;14
13184;18764;1481518748;8
10411;7400;1481519665;14
7342;4567;1481534337;16
4533;27163;1481525788;6
10998;23123;1481517649;18
5045;17037;1481516472;12
6136;5375;1481532717;10
2908;25320;1481547020;8
1636;7542;1481512147;2
8522;15739;1481536446;10
1845;22966;1481510752;2
6780;12146;1481546445;16
3028;25160;1481523363;10
19908;6024;1481528342;16
1599;8530;1481536885;6
19506;15324;1481532349;8
5720;4213;1481532859;6
14950;11143;1481532543;10
20357;4756;1481509549;14
8248;10809;1481530992;6
6522;14924;1481546537;14
7781;5469;1481547651;6
2931;1173;1481514676;4
8417;9508;1481540122;18
14985;20038;1481515314;12
23040;14153;1481534473;14
1493;25358;1481538782;2
15474;15765;1481546154;4
6470;16932;1481516984;4
23167;10706;1481520932;8
10007;8130;1481537299;6
3692;4777;1481516428;2
19079;10534;1481514172;10
10734;19053;1481517369;6
26159;3545;1481544989;2
969;2606;1481511353;2
6574;5602;1481546013;2
1120;10197;1481517325;16
1681;6218;1481522652;2
1139;19210;1481536262;12
19888;7170;1481514971;8
14911;10501;1481546234;10
5808;3398;1481545846;8
2869;7781;1481531314;14
6290;16098;1481533256;12
334;4810;1481513160;4
23831;12696;1481523885;2
9223;8355;1481548685;18
5945;20084;1481537452;4
27281;14892;1481513045;2
8582;23123;1481515928;14
6762;5673;1481513397;12
13924;560;1481533207;12
7569;14916;1481537172;12
7082;1773;1481514792;18
10984;4730;1481538211;4
6781;11107;1481547116;2
5641;9491;1481551099;14
16129;10665;1481543331;18
16133;9311;1481524869;8
2774;7441;1481520981;12
25177;6816;1481531123;8
9778;20461;1481529948;14
19832;8986;1481539480;6
7242;7164;1481535506;6
5871;18818;1481512876;14
12576;21723;1481515260;14
16118;7365;1481538641;14
7602;16648;1481519436;8
8461;19967;1481510769;12
951;2746;1481523912;6
19573;19824;1481515328;12
20546;15992;1481548403;2
21410;27318;1481519341;8
562;2019;1481520752;18
1562;1258;1481526264;10
26476;21798;1481523211;6
15516;6370;1481540269;16
17389;20865;1481531213;4
8144;26185;1481513209;10
2353;1419;1481514605;2
27387;8658;1481526514;4
20949;9321;1481521946;4
7844;25493;1481539544;2
14197;8371;1481527891;14
36;3610;1481538737;14
15767;9804;1481515330;8
6948;3294;1481544820;2
5032;1101;1481525519;8
26149;16936;1481547647;12
21283;27127;1481513799;8
17849;8866;1481534598;4
15250;8119;1481511963;4
1279;14134;1481535755;10
21711;14553;1481527643;2
6629;20048;1481547974;14
563;22495;1481525507;8
22219;15324;1481539335;6
23098;1321;1481526763;6
5735;14202;1481536102;2
11623;8236;1481539106;4
5401;1484;1481533134;16
24257;6942;1481529276;14
1726;8813;1481526325;12
907;9473;1481516346;12
2012;23468;1481539694;6
27126;7801;1481543188;14
8025;13184;1481516613;16
24471;5888;1481527592;4
21227;8337;1481529012;14
10500;12143;1481535363;2
5330;8728;1481519667;14
17337;3448;1481525831;14
6198;3943;1481547093;2
7605;3411;1481522791;10
5703;17456;1481517594;16
19;18938;1481521695;14
24257;11384;1481510854;2
1794;8891;1481524493;18
119;17143;1481514689;6
9770;3258;1481521560;2
4754;7961;1481536788;2
12420;20098;1481519124;16
11834;1583;1481526591;8
11031;356;1481530030;8
8138;9217;1481540888;18
6783;16118;1481519309;10
16124;25165;1481513800;18
24472;1684;1481534321;10
20395;8120;1481528247;8
12098;8945;1481544850;12
17030;8477;1481523059;2
4286;20189;1481520152;8
7780;3927;1481526556;18
1122;973;1481543815;10
20486;18323;1481544716;10
10210;21715;1481544045;18
6831;8597;1481526394;6
11043;10124;1481524827;8
24568;3561;1481515845;4
19917;21723;1481511968;12
17607;7099;1481514223;16
12871;10267;1481543345;6
9498;4751;1481515289;8
1801;24;1481543227;12
9282;11799;1481525671;6
20089;14586;1481537881;4
215;6951;1481522002;4
7893;6642;1481510289;10
165;14628;1481535643;12
6898;10075;1481539518;18
8341;5511;1481525726;4
10398;5919;1481542218;4
10609;9438;1481529691;4
7845;17398;1481549279;16
19957;26474;1481549401;8
18194;15380;1481529507;4
6591;4274;1481539602;16
2123;16125;1481539410;2
18873;6683;1481519548;18
16838;2791;1481516047;2
1865;27506;1481541131;18
27446;10327;1481537287;6
26219;5972;1481536099;6
561;8021;1481516777;2
25522;887;1481534786;14
27132;8233;1481526628;2
14924;8798;1481518480;2
6411;9891;1481511442;8
3293;24744;1481537546;14
14514;2031;1481550638;16
6135;14665;1481520711;10
5943;6168;1481529170;4
7022;5762;1481536804;6
1970;20194;1481526003;2
14246;20039;1481532892;8
5034;4215;1481518302;10
301;8134;1481535877;12
3620;5892;1481512978;6
565;13879;1481545718;14
19760;14871;1481542919;2
11594;2283;1481526968;2
23054;9570;1481513000;6
26104;6149;1481509627;12
7454;15078;1481539988;2
5968;3903;1481518418;8
7017;21223;1481551117;6
17407;6684;1481523758;4
15005;8321;1481548690;18
7070;5033;1481527490;4
9995;7031;1481525800;6
20446;4226;1481538572;14
14572;20108;1481516093;18
11232;9802;1481547166;8
17151;10650;1481531976;18
27387;9991;1481532936;16
9390;19043;1481511880;2
8030;8464;1481534824;10
1607;4993;1481537860;12
10555;1496;1481521172;8
26068;13814;1481525436;18
12947;10622;1481540445;4
2355;13075;1481534089;8
19859;10722;1481536302;16
11076;22501;1481545220;4
3410;25083;1481527769;14
4255;10914;1481511016;12
14926;9278;1481547995;12
4779;11057;1481522682;18
4053;6520;1481545677;14
7584;2037;1481515064;2
7871;14681;1481510259;6
6277;4824;1481526680;16
26189;10412;1481538156;4
17043;12620;1481538120;6
10094;8587;1481515727;12
6721;11416;1481518498;4
21800;6108;1481529105;8
11034;22499;1481523037;8
4413;5635;1481538457;12
23620;2121;1481542398;16
2798;25412;1481538844;14
1720;18909;1481511873;4
6858;10496;1481532083;6
9151;4560;1481528994;6
5733;27486;1481550709;12
10122;13763;1481546560;6
4199;25340;1481545174;10
20953;8277;1481529456;18
19071;6613;1481530017;2
12411;19806;1481548199;6
8878;10891;1481512552;12
27059;1359;1481533837;6
1115;6461;1481539309;4
9113;5023;1481519581;18
889;12797;1481535029;8
1386;17478;1481544110;8
4346;10981;1481530551;2
13774;9000;1481548417;4
10566;5438;1481545670;6
4666;1096;1481543052;6
11398;2758;1481536090;2
18423;8239;1481510517;14
1884;22613;1481546795;14
20040;5812;1481525701;16
6935;12651;1481531250;12
7341;4987;1481516299;12
306;10199;1481517487;2
10384;10028;1481539291;6
19723;148;1481549165;18
12765;2464;1481523654;18
12027;9759;1481536022;18
20038;13124;1481532682;8
11891;14878;1481528661;18
5778;20531;1481538805;16
1536;9296;1481550965;12
1345;4767;1481524334;8
3907;18072;1481516008;14
5812;13776;1481523633;16
14632;20980;1481545053;2
27262;5117;1481519716;16
14908;11135;1481524941;18
11271;13972;1481527558;18
17333;8141;1481520167;16
2145;10600;1481523612;2
369;18342;1481545280;12
2963;9628;1481533568;10
3268;5600;1481528038;16
1777;20109;1481546313;8
21312;3596;1481528655;2
6217;2879;1481524088;16
13976;17878;1481523242;6
21000;10889;1481538590;2
19952;11049;1481533729;8
9972;19983;1481514693;6
20519;17183;1481548756;14
4180;23862;1481527222;4
8509;1668;1481523983;14
1108;1906;1481534514;14
5080;3116;1481512433;6
15306;8573;1481520873;12
13726;2170;1481524768;18
13944;8416;1481550669;18
4874;1460;1481541516;18
5424;1226;1481546634;8
10727;7513;1481529923;18
11037;10202;1481543603;16
4503;5649;1481540956;8
17282;24252;1481547521;12
3597;6811;1481533867;2
4897;15129;1481517836;12
6608;10416;1481528811;14
10504;11129;1481512480;12
3422;7876;1481550431;14
10176;1641;1481541200;6
7470;2417;1481519638;8
4550;2758;1481549568;14
22924;10371;1481537439;18
11224;7786;1481520080;6
7835;4329;1481530503;16
21715;20756;1481512154;16
207;4006;1481537007;12
436;7637;1481534855;4
10014;3095;1481525526;8
5643;3952;1481541028;4
8030;8568;1481522130;10
11759;3610;1481514838;18
26139;17512;1481548828;16
18111;24939;1481524160;8
4681;7878;1481531611;10
9446;25502;1481545190;16
4880;23468;1481528871;2
19944;1514;1481540114;14
2839;1011;1481510373;14
24394;4907;1481510342;14
20340;49;1481539750;8
27480;10928;1481549497;4
24173;24164;1481544935;14
8953;17517;1481533338;4
22459;2394;1481547698;14
11266;11042;1481529589;10
4743;301;1481516200;10
3953;11598;1481516075;4
8008;10070;1481539590;2
6999;5756;1481548567;14
8296;7948;1481543095;6
4585;24347;1481541591;12
14242;14640;1481531371;2
7596;20157;1481532078;4
128;3686;1481530021;2
17003;9862;1481518592;12
12809;17879;1481536791;8
25059;25433;1481538378;2
22988;5881;1481538450;18
14197;25377;1481539058;12
9248;5403;1481530146;16
2805;10515;1481548454;12
27048;16143;1481523077;12
6334;288;1481518940;14
7887;10087;1481518518;8
1095;2769;1481533002;8
10997;27314;1481534796;14
7308;10437;1481522751;10
7806;27166;1481531673;2
421;21297;1481544539;2
17305;9831;1481523072;12
1145;27482;1481517073;18
25384;1186;1481520441;10
8130;1350;1481516002;12
12783;7901;1481547029;14
27550;2419;1481548025;16
11908;937;1481521375;6
7940;919;1481544483;16
1224;9199;1481545830;18
6499;8024;1481518914;12
7371;11416;1481517688;2
2747;25359;1481520997;6
14699;1930;1481516742;18
24327;27199;1481522716;10
4927;4221;1481526977;18
18883;1700;1481545382;2
9444;10070;1481512139;16
1779;10810;1481540617;16
22303;19941;1481542862;12
3266;26164;1481537026;10
11884;11567;1481527474;16
2422;23170;1481550847;12
11821;1497;1481548536;18
18903;1033;1481534141;10
10376;12614;1481519496;2
19935;24724;1481549519;6
10270;6145;1481513701;14
7292;5884;1481543791;4
24370;20980;1481526594;2
4560;13314;1481515509;18
12090;7145;1481541042;12
15225;13112;1481548977;16
20293;1236;1481541476;12
21714;24673;1481530641;16
15371;422;1481530958;16
24378;12870;1481531540;12
18813;6206;1481524350;4
12101;26216;1481533392;6
14488;1934;1481516262;12
8638;6987;1481511753;8
968;19860;1481535911;18
8400;3393;1481523131;2
23173;3019;1481547636;18
8695;8370;1481530335;14
3600;24410;1481513341;6
19496;14240;1481549578;18
18873;12887;1481509785;6
10195;9793;1481520061;14
27552;19806;1481519798;12
18046;17390;1481514148;14
1423;23452;1481511032;14
4591;6620;1481509814;16
5712;225;1481540398;2
10122;3925;1481539895;16
6186;9751;1481520880;16
10525;23737;1481509863;18
5391;9652;1481537954;4
8230;18817;1481532072;8
8656;10604;1481531129;2
240;24665;1481543285;6
21493;9984;1481542813;2
8495;15021;1481514816;12
5530;17335;1481509706;6
11768;27028;1481539542;14
8482;27449;1481531801;2
10089;6140;1481532997;18
15021;9390;1481512976;10
14128;12068;1481529009;12
9665;7;1481535856;18
11056;7254;1481519537;16
19090;12421;1481513558;6
4508;6573;1481536777;6
20529;25187;1481515437;4
26110;6361;1481549281;6
7551;17564;1481517382;12
24968;7397;1481528503;14
5387;7857;1481537780;2
11120;1210;1481523453;6
10516;10427;1481534189;2
11997;21313;1481540913;10
14537;7398;1481527207;2
11393;1388;1481512957;2
11229;18337;1481535376;12
9319;10211;1481545951;12
7605;10305;1481532438;14
16007;2121;1481527278;6
8352;10564;1481521624;16
23620;6177;1481514982;6
6600;3378;1481536861;4
5937;15021;1481525712;4
136;8968;1481538728;6
4045;6336;1481511749;10
15935;7503;1481537323;6
4211;26068;1481523863;6
18882;12818;1481523514;12
8015;12396;1481515664;10
3000;8324;1481525307;10
17439;27196;1481524819;2
19;23865;1481509545;6
10676;14923;1481533814;10
21445;10606;1481528205;18
17389;1442;1481536387;6
2145;14562;1481537592;14
310;4736;1481539536;18
15475;15369;1481537518;12
27325;2291;1481547677;10
245;24257;1481530995;18
189;941;1481529296;10
8094;3418;1481511780;18
19075;7397;1481533706;14
7709;1763;1481519361;4
6991;1453;1481531953;4
396;3643;1481527178;4
4053;3261;1481528359;14
24138;3253;1481527379;4
136;5088;1481516026;8
14167;10615;1481522197;6
15296;11239;1481509684;8
9321;11598;1481515337;16
4507;8491;1481530272;6
20789;8701;1481534192;14
312;18836;1481530893;2
21472;7038;1481540755;4
3262;2287;1481544721;2
3851;5249;1481542452;10
7144;6359;1481543141;4
6647;8454;1481535212;2
19753;9482;1481527194;4
20999;9505;1481517120;6
24651;8301;1481546655;18
19868;19309;1481535484;14
265;8973;1481530290;2
7553;24413;1481528830;18
25518;6655;1481509609;6
17268;5097;1481520637;4
20090;4746;1481543510;14
4235;12040;1481542140;18
24327;7031;1481538839;16
1984;1742;1481512012;2
3747;14986;1481545821;14
5740;21292;1481516757;2
4991;14129;1481511520;18
4825;10739;1481519586;14
20240;6819;1481526832;2
8371;25376;1481515351;10
23303;1988;1481515474;12
8338;26312;1481543555;4
7819;27161;1481547332;16
4274;8334;1481530143;4
9314;25162;1481530666;6
11953;14916;1481526628;14
17478;26319;1481516069;12
23334;3907;1481531382;10
5122;23634;1481516044;12
12568;15379;1481535551;14
11636;17552;1481545405;18
6215;27230;1481521499;14
8152;6219;1481516773;10
12041;4782;1481545466;14
21267;9976;1481538165;18
11697;27171;1481510157;10
941;11792;1481540780;6
18185;8389;1481520360;8
2428;11911;1481549196;10
3080;21305;1481527463;6
7093;9405;1481540632;18
9955;2315;1481541203;4
1145;16912;1481526973;4
12290;8027;1481518908;16
8092;5050;1481517970;6
14239;27539;1481515076;10
2125;11131;1481544510;2
9821;20133;1481520960;10
16180;6244;1481526779;6
24349;13786;1481532907;8
7296;19781;1481514621;12
17279;14566;1481538525;16
3976;2981;1481543454;6
1210;14155;1481525154;4
6214;21253;1481530572;14
11717;3626;1481510927;18
6329;8396;1481526727;10
4253;20598;1481518679;14
7341;20356;1481535655;16
2022;11714;1481549385;10
9967;8987;1481543631;6
20408;22430;1481514769;10
21499;9664;1481529506;8
8150;11668;1481541340;18
12287;7871;1481546639;16
11805;12652;1481524571;18
11767;8473;1481539966;4
7883;1903;1481533775;12
6327;13785;1481547044;10
16183;9865;1481515970;4
17884;14403;1481515978;2
5490;10031;1481520180;8
2400;8987;1481542652;6
24666;4185;1481547863;4
19058;1594;1481523640;4
171;6343;1481512102;16
8560;2834;1481521515;2
7616;8332;1481541907;18
21387;11611;1481519311;18
7802;6634;1481538974;2
14803;10879;1481521244;4
267;21089;1481547942;6
4481;6771;1481541859;6
7300;6015;1481534506;10
22483;25180;1481536388;18
20439;6278;1481538732;2
14862;11206;1481520409;2
6995;3616;1481538056;6
12581;7263;1481526995;16
19917;2798;1481511843;16
11125;15307;1481541299;12
11125;13180;1481515591;6
13620;1400;1481510102;4
26105;10670;1481515259;2
9648;26138;1481543113;18
7841;9246;1481527826;10
10239;49;1481549228;14
10114;25522;1481532530;10
9956;17392;1481513684;16
7330;11407;1481538123;10
2139;1906;1481548904;2
8644;12308;1481529902;6
8306;4583;1481543091;14
7057;14264;1481511137;10
6107;6997;1481543347;12
9673;20930;1481521404;8
19281;7319;1481544028;18
2842;13882;1481523215;2
15102;10813;1481532337;12
13184;12238;1481532783;6
274;4212;1481511844;14
8035;14556;1481536146;8
10711;3539;1481529499;16
14282;1158;1481528960;10
11257;27334;1481515811;14
4952;4049;1481513409;16
19302;12631;1481536671;8
8183;6170;1481512741;6
25086;6569;1481518453;12
10264;13262;1481539930;8
8221;10888;1481542685;4
13986;2147;1481518338;10
5783;23330;1481509877;12
345;9666;1481542076;12
15407;4223;1481520213;16
5942;11409;1481525955;4
4283;20754;1481543529;2
25547;2387;1481513610;16
9359;12642;1481549664;4
17537;8754;1481517536;16
19761;12372;1481519574;4
13;7033;1481536433;8
4267;18191;1481526293;8
233;18893;1481546937;8
3855;25261;1481514349;8
375;27550;1481523228;4
2382;1220;1481528919;2
1972;12870;1481522360;6
11739;23082;1481514908;10
11092;23177;1481535626;18
6368;27403;1481542882;14
13681;19938;1481529887;10
13201;7638;1481530132;10
4207;18049;1481547849;18
11173;14439;1481530210;4
20401;6192;1481533074;8
21807;26315;1481512574;6
27457;11399;1481546329;12
11826;1089;1481524581;16
6205;1445;1481527054;4
18879;1911;1481542691;6
3978;11264;1481547012;2
10212;25161;1481511376;8
27100;23024;1481524325;16
1071;5826;1481539412;2
14799;27460;1481531691;18
20984;11210;1481524325;18
14821;1229;1481542901;6
1026;2980;1481514516;14
8298;23158;1481533529;10
8895;11905;1481528294;8
15516;4782;1481533065;8
7607;23831;1481526015;16
23333;8497;1481546492;12
17003;24996;1481524628;18
3290;13770;1481533418;18
13861;13780;1481529362;18
6485;6982;1481544904;18
13995;25078;1481525513;18
2838;6119;1481548550;18
4549;6004;1481537900;12
16797;23034;1481513834;16
9383;8575;1481542395;14
6863;1668;1481531145;8
13806;4607;1481537484;8
16046;7361;1481521828;16
20679;1091;1481545116;14
6410;15216;1481537510;4
1385;13781;1481518642;14
328;10122;1481514953;12
8356;6502;1481550767;16
3561;9285;1481537840;10
9317;12241;1481529036;8
22310;9874;1481544303;4
5732;9262;1481510860;2
11247;7867;1481514851;10
17585;8766;1481518912;14
7361;11177;1481538194;18
6107;1111;1481521689;16
3771;5804;1481527152;12
4547;14451;1481534471;10
27470;4957;1481519929;16
8277;21413;1481542335;4
24651;7041;1481535294;12
5004;22927;1481510671;12
10659;1850;1481529232;4
11003;6801;1481524012;12
26317;14866;1481533557;16
20014;21228;1481524817;10
9764;8329;1481520942;10
5612;14129;1481536768;6
1535;14561;1481530197;10
4877;12644;1481531491;14
3984;10727;1481550116;16
10194;5021;1481546294;6
5896;10555;1481550516;4
11158;7072;1481530818;12
4522;8157;1481520986;14
11238;10082;1481529016;2
12699;15348;1481522120;4
10289;24087;1481513861;14
20713;10620;1481537773;16
14159;9954;1481548381;4
2735;20118;1481524084;18
1066;1443;1481534868;16
2881;23082;1481533570;8
11128;406;1481521324;10
7313;1037;1481531083;6
9468;17394;1481512165;10
13028;4315;1481519762;2
14282;25373;1481550860;6
1064;390;1481519059;12
5096;25543;1481523495;10
10087;7172;1481532522;8
23550;5346;1481519202;18
17390;1383;1481539825;16
9672;26100;1481518669;4
18262;6927;1481540695;2
9663;19923;1481521500;2
11880;11108;1481514175;12
10915;23302;1481543376;12
12519;27294;1481542040;16
3267;8904;1481537982;2
11758;17269;1481520586;6
7605;13877;1481546995;12
10572;14631;1481509971;8
23166;8480;1481529939;4
10217;23486;1481542208;2
12396;1251;1481547941;8
5385;22964;1481536055;16
8991;6820;1481541694;6
8003;1;1481527003;14
8378;9205;1481516767;14
3939;16872;1481530389;6
2606;5739;1481543794;12
7820;12287;1481537518;14
17285;5501;1481514864;10
7313;6829;1481543869;12
23666;3778;1481524702;6
2743;3406;1481536507;12
4179;3410;1481549330;14
2395;5884;1481516137;14
25002;3512;1481519746;8
8332;10522;1481543502;2
1459;11824;1481543325;4
4055;37;1481524649;2
7388;3124;1481518236;12
26333;5856;1481537702;10
3625;18156;1481509795;10
9971;27156;1481525179;12
8031;10638;1481549210;12
12744;20372;1481518485;2
8972;12643;1481514406;16
27176;20075;1481514064;16
13870;1425;1481540948;12
5126;17006;1481548363;6
5551;17535;1481548079;2
2745;15733;1481532304;6
14972;3014;1481529781;2
17292;13985;1481512643;8
14801;13113;1481536710;6
6118;3018;1481525965;14
3583;17513;1481518925;6
3411;17026;1481536066;10
27428;10687;1481547878;18
9371;6411;1481509920;12
4883;1342;1481543983;14
20910;21807;1481528943;16
23151;22795;1481546927;12
7040;622;1481547843;4
19762;25179;1481539337;2
2763;4729;1481527868;10
4732;16903;1481512249;12
12809;8485;1481539836;18
1669;1415;1481549048;10
4545;3253;1481512122;18
3622;4040;1481547712;14
10683;11886;1481540884;10
8910;10045;1481538285;2
326;19878;1481547326;4
8703;2748;1481540445;6
10566;7437;1481515601;6
25394;25269;1481526075;16
18424;14906;1481520877;4
15721;21094;1481529437;4
2158;4644;1481550791;4
24675;15379;1481514396;8
27156;10289;1481547811;8
20311;18192;1481525828;10
7029;14124;1481537936;12
11143;7277;1481549990;14
5946;1897;1481530375;6
2136;5028;1481522889;12
1077;21481;1481521182;16
14079;5102;1481550848;2
12797;1558;1481512023;18
25513;5883;1481546405;4
11033;21803;1481541626;18
13817;12654;1481535062;4
8129;16049;1481550661;8
14121;7253;1481549302;2
9059;6602;1481543812;14
19985;18958;1481528918;18
9341;25443;1481531083;14
15227;8560;1481534426;12
6941;1962;1481542743;18
196;2839;1481516880;14
16797;25543;1481549825;2
5418;23069;1481541252;18
8848;16117;1481537549;8
8667;3748;1481514104;18
24128;422;1481534127;10
24285;26313;1481533076;4
6221;7104;1481532942;14
2739;20367;1481522047;18
2132;27277;1481530597;18
8382;14699;1481523088;8
6780;4334;1481521777;6
7533;17281;1481520808;10
3392;22527;1481545583;8
3258;10022;1481530831;2
5889;12726;1481514127;12
18533;18343;1481534567;2
1719;7264;1481544405;14
16891;11591;1481518172;2
12713;11003;1481517192;18
19834;9783;1481531553;12
4213;8546;1481518232;18
1662;20311;1481541736;10
8594;4995;1481537722;16
19818;11233;1481519922;4
6414;8278;1481542594;16
8132;25188;1481548465;18
1608;7684;1481530607;8
1890;9243;1481548518;4
2177;5478;1481538681;18
11695;7581;1481519524;14
2464;23865;1481525342;6
23168;7168;1481533896;12
17429;1694;1481520586;14
3592;10008;1481531937;4
25076;21843;1481542790;18
8816;12241;1481511784;16
1044;1223;1481534649;2
23036;8685;1481522468;10
7614;5240;1481526445;12
4503;7413;1481534871;16
2910;4209;1481510329;4
6621;15154;1481547567;8
25518;24373;1481514352;16
20193;7674;1481550055;8
7585;14495;1481534817;18
27034;6443;1481543228;16
2373;3781;1481521111;4
170;10310;1481527091;14
1664;10880;1481529005;14
5301;15368;1481510314;16
8025;11857;1481550068;6
3721;7882;1481544371;16
4820;113;1481532629;12
8465;5514;1481537550;14
12798;5628;1481540114;18
14169;16140;1481539419;6
14538;6608;1481546159;10
27310;21308;1481517476;4
25528;6299;1481542755;18
18131;16126;1481524874;16
5263;24354;1481533631;12
3219;9839;1481521439;12
15323;17405;1481523289;16
5257;11751;1481519639;12
12521;2797;1481518239;18
22931;4991;1481536023;18
8516;18874;1481531648;18
997;16890;1481543635;12
4541;8483;1481537565;16
1602;14149;1481512983;12
10764;11767;1481549533;16
913;107;1481530103;18
6909;2378;1481520719;10
12329;10237;1481547212;18
7438;22613;1481520438;4
6597;10265;1481529287;4
1399;27458;1481525400;16
3956;4582;1481533670;8
17297;9681;1481531636;12
22969;1026;1481514149;8
177;27479;1481511064;8
7389;8958;1481544492;16
8498;5867;1481516581;8
4300;10507;1481526525;4
20365;11630;1481543400;2
14429;16531;1481519537;8
1887;21212;1481543736;18
8832;24137;1481530009;18
5331;16122;1481525618;2
1872;8380;1481542031;18
3269;1134;1481517879;16
25441;6252;1481515101;6
8595;1427;1481528955;16
5952;13189;1481516015;18
4892;11067;1481510600;8
26149;6605;1481537691;6
23180;3751;1481515353;18
27036;7714;1481530413;16
7043;19865;1481515133;6
15017;305;1481515632;10
24346;889;1481532452;18
15745;27485;1481516434;6
4987;15519;1481525513;8
12756;6923;1481519922;6
2328;17402;1481540725;12
6466;921;1481531732;12
15356;7355;1481517884;14
2868;1798;1481528537;18
25379;22490;1481549543;2
22643;3281;1481520690;12
64;14198;1481522435;14
13949;6983;1481542970;14
3597;3975;1481526581;2
10610;4956;1481521612;14
14545;4017;1481548000;18
10827;3413;1481532197;6
5770;25365;1481548562;18
1347;4288;1481517508;12
25161;20316;1481522596;8
5250;14935;1481520670;8
10728;1445;1481529688;10
14238;10564;1481529130;10
6686;26189;1481538986;2
15012;263;1481515030;10
10603;3023;1481544747;8
8762;20038;1481534426;16
24326;19873;1481515887;18
11780;14705;1481519901;2
17031;6715;1481536112;18
3425;5946;1481523050;2
6666;15319;1481533183;12
5625;3978;1481548632;14
14566;11905;1481547308;12
25159;27395;1481520760;6
26473;3897;1481517563;10
953;25514;1481535577;12
1448;1726;1481531425;10
23646;10814;1481547082;4
12046;8943;1481537905;12
10668;13078;1481518733;4
19872;20192;1481518950;6
5638;3488;1481526890;4
9026;9831;1481546913;4
18157;17135;1481544664;2
9412;4021;1481540328;6
6524;17146;1481516826;2
8494;18836;1481517925;8
9446;6975;1481540397;2
1107;2361;1481517318;4
5122;11850;1481531744;6
2809;22502;1481523591;18
1918;14643;1481509883;16
24088;4542;1481538094;6
10727;12147;1481536603;8
6319;19053;1481547587;14
20963;6110;1481548413;6
1216;11110;1481537113;4
14977;8530;1481538994;10
43;11242;1481525580;6
6417;4695;1481531865;8
20409;6883;1481510583;18
15016;6655;1481545569;4
25432;17461;1481511105;16
4849;5991;1481512410;18
15103;3015;1481535102;18
23544;4326;1481536433;14
6703;3001;1481521903;14
9123;10251;1481534151;12
5812;10116;1481543392;12
12182;10686;1481537358;2
8703;216;1481538721;6
9662;1664;1481534847;4
27182;26038;1481549109;14
8126;4006;1481541707;8
4274;6001;1481513971;14
1490;4304;1481543634;16
17887;19828;1481529968;6
23033;5041;1481524744;6
8494;6191;1481540161;14
24726;6019;1481546946;8
23791;1961;1481536685;8
8766;7892;1481514329;18
2790;8403;1481524013;10
4003;14643;1481526841;4
381;5084;1481536606;2
8586;14707;1481516396;4
1931;12947;1481521889;2
6579;22456;1481509828;10
8881;23024;1481514318;4
12293;13195;1481532640;16
5926;14698;1481550856;2
13910;20156;1481521943;4
3983;3922;1481527877;8
25284;10684;1481533963;12
5970;8990;1481534236;18
7278;20947;1481533103;16
218;6154;1481527572;10
8646;19313;1481548137;16
17418;18337;1481550511;2
27457;147;1481540622;14
16532;6457;1481540442;6
14105;22662;1481534853;8
7052;21461;1481528091;12
411;7387;1481530339;18
18310;25341;1481533927;10
14899;8753;1481542743;16
7559;17863;1481527376;16
1404;421;1481524174;10
23622;5930;1481542323;4
17425;9836;1481529082;12
3009;15450;1481511509;14
12230;8044;1481541145;6
7873;12784;1481518166;2
20928;17419;1481512814;10
8462;19374;1481547528;12
1427;13855;1481524638;10
26312;7885;1481550101;8
15228;9178;1481539612;6
10206;3029;1481548783;14
11361;13078;1481537783;18
104;22680;1481523942;12
25331;19833;1481526428;14
7407;5896;1481536259;4
8541;10251;1481540279;16
8585;11618;1481514635;12
161;5417;1481541464;16
318;1264;1481529334;8
9308;11033;1481517107;2
4697;9809;1481535792;14
17135;20194;1481528511;6
16099;14905;1481528616;2
2815;5773;1481519258;6
18508;19789;1481537324;14
15239;6329;1481523898;4
25023;5706;1481542068;14
24284;9820;1481517997;6
9391;20365;1481536071;4
11772;13803;1481524138;4
9358;6384;1481546487;6
6504;12089;1481525907;16
25361;13085;1481511466;12
1581;1318;1481541519;4
1551;1873;1481536558;2
1880;7598;1481539464;14
344;12183;1481520435;4
20982;24446;1481513944;16
7852;7529;1481531906;2
7496;3620;1481515053;8
8433;1106;1481517056;12
8636;19228;1481530923;8
1118;9169;1481522084;10
1493;6002;1481523952;4
23622;20775;1481528516;16
10026;7771;1481521171;18
6726;6648;1481542974;4
16935;7792;1481527721;18
17135;6803;1481548870;6
6115;20626;1481531331;16
24750;27087;1481543343;12
11390;27462;1481547711;2
6175;6316;1481543959;14
2877;7939;1481541746;6
20464;7340;1481533998;10
1956;236;1481519876;14
6783;65;1481538378;6
12796;20575;1481532791;12
12575;8580;1481510251;18
9743;20224;1481533461;12
20416;17211;1481544740;10
15319;12285;1481550565;6
12335;13810;1481546777;10
6804;2841;1481548614;6
3091;3554;1481530202;18
18194;19311;1481546550;14
25056;22969;1481511224;16
14048;13813;1481533176;12
24417;9631;1481548587;4
1530;1959;1481529354;6
11014;2840;1481524007;16
11062;8122;1481529574;12
10876;18102;1481549925;6
5875;21400;1481550132;6
21289;8828;1481521483;4
10616;27446;1481525852;4
16131;11625;1481548547;4
10801;5492;1481539102;10
15961;27098;1481543413;2
21840;2526;1481530089;16
13680;10543;1481527871;2
9485;20790;1481544068;4
16180;15297;1481550812;12
22650;9475;1481512745;14
9342;7070;1481536861;14
15479;20934;1481529586;18
13976;20357;1481529881;12
5431;19074;1481522889;12
24564;19878;1481533065;8
915;8321;1481543997;4
19764;6121;1481526096;6
8512;10715;1481539643;4
26482;4991;1481527868;6
1380;14105;1481513566;16
9433;23162;1481511879;6
10800;375;1481544467;16
19041;4349;1481539023;12
13004;7523;1481539450;6
3559;6971;1481532942;4
11174;1009;1481530410;12
17576;25401;1481541906;14
23004;6215;1481525532;8
11138;12521;1481520535;4
1514;25187;1481524697;10
7248;3972;1481523939;2
25512;5353;1481521224;2
7512;17866;1481526379;2
9665;3593;1481527437;18
20037;7523;1481511959;18
20408;8952;1481531353;10
3407;9412;1481524240;18
1958;12002;1481526206;18
4336;4928;1481519094;8
24533;7901;1481514167;14
12370;19277;1481547609;18
6863;23849;1481539640;18
9429;7670;1481550398;2
13778;13812;1481530435;18
566;22579;1481527200;8
12033;358;1481531676;10
18859;14448;1481531214;10
11801;19897;1481548907;12
8356;18857;1481538459;6
24472;14495;1481529283;4
9970;7709;1481545363;6
9848;1634;1481513215;2
13796;6028;1481521167;16
19723;10066;1481523393;2
20527;7628;1481532512;6
4359;16201;1481543543;2
4553;9253;1481517280;2
143;4025;1481524338;18
8535;1520;1481543272;18
3369;24360;1481545439;6
4481;999;1481531305;16
27298;4703;1481540751;4
5050;2794;1481521519;14
4943;276;1481516988;8
426;14001;1481540560;14
4766;11153;1481536758;2
10291;14653;1481540051;14
7940;20972;1481524996;6
15784;4707;1481520369;6
6363;3970;1481524938;8
19935;3460;1481518390;12
310;16909;1481548057;6
6279;1890;1481531693;16
5811;17396;1481548699;6
17173;20979;1481526026;8
9713;4853;1481541496;16
14872;201;1481534305;16
15319;26480;1481544019;14
9457;176;1481519313;10
6346;2173;1481524649;16
1397;21809;1481512934;2
8692;27098;1481510087;10
17455;16124;1481518374;12
9188;11114;1481511096;2
4205;15329;1481519124;10
3594;3261;1481526408;6
7402;17537;1481535477;12
15189;1630;1481520543;10
6629;21739;1481548395;2
23142;9510;1481541323;12
17376;7856;1481550192;18
11402;27018;1481541708;10
4593;3584;1481523532;2
2365;11090;1481529435;14
8585;26306;1481510884;10
16137;23823;1481550071;18
7014;16804;1481510610;8
11107;5429;1481544309;2
13777;9182;1481517874;12
1635;21723;1481547851;4
18214;3570;1481516812;8
6010;8326;1481517443;8
21509;17298;1481542515;6
1894;6370;1481512335;18
22942;16847;1481527279;6
25380;4594;1481512211;10
16927;3678;1481536574;4
7335;15369;1481527044;2
2156;26039;1481535407;18
5360;14149;1481518609;14
6304;10891;1481541990;2
1495;8326;1481524184;10
25158;20044;1481531679;12
18938;16181;1481540436;18
20857;9992;1481519375;18
7298;1777;1481540461;8
14079;9438;1481536204;16
9533;3937;1481528659;18
335;27421;1481549033;12
14586;3619;1481528979;12
24430;2123;1481535023;12
2373;19210;1481517729;18
21488;7262;1481529321;12
9796;27157;1481519846;14
1900;22144;1481536425;10
2807;3776;1481527946;10
4530;11034;1481544224;2
19813;20076;1481549365;14
22965;5815;1481536004;10
1113;3028;1481533791;12
11801;10796;1481541145;6
5960;27483;1481525071;12
19803;4016;1481548258;14
17416;1275;1481513368;14
14911;6142;1481539570;18
14557;10516;1481511583;2
10324;24428;1481544727;8
7156;2800;1481530333;2
24017;14252;1481539067;18
12780;2371;1481519044;14
13974;7873;1481526632;6
2819;25024;1481521277;18
24659;1042;1481523589;8
20878;1551;1481523328;14
14692;27424;1481514891;6
14202;114;1481519760;6
7330;7973;1481513412;12
6308;10230;1481550425;6
6568;4290;1481538630;2
17516;23535;1481511916;12
9528;4228;1481544473;18
4748;8777;1481539072;12
14283;4837;1481510300;16
26184;4022;1481541777;18
14963;14982;1481525143;18
21484;20328;1481549559;16
6139;6287;1481548703;4
7624;10315;1481514990;18
6343;3274;1481539412;14
27019;1546;1481534232;12
8367;98;1481513651;10
7965;19805;1481532632;6
14583;159;1481519466;14
6580;6916;1481528333;18
6625;25025;1481526354;12
19781;4676;1481547470;10
5720;3939;1481516304;10
1497;16798;1481518626;2
8336;12762;1481527710;6
6919;7834;1481513380;6
1253;11098;1481523634;6
564;13929;1481516578;4
11230;25535;1481549896;14
24087;23813;1481525897;8
2350;11910;1481547510;8
3511;11104;1481514204;6
24359;10929;1481528082;8
10162;10260;1481537688;14
4525;8277;1481534990;2
5047;1354;1481535241;16
21844;1290;1481544732;8
27422;15252;1481517387;10
18207;432;1481520186;8
6200;17376;1481537844;14
8895;19066;1481510721;16
11214;4854;1481537047;16
21844;13185;1481511459;18
14922;17771;1481528370;14
3702;1697;1481527203;4
24710;6176;1481515225;2
12772;20360;1481531835;16
1628;15243;1481548424;2
10274;9946;1481548190;2
2784;2740;1481533910;12
9863;19538;1481532959;18
5017;7624;1481520477;12
20136;1379;1481535399;2
10218;1274;1481543160;16
15734;9636;1481543570;12
15159;20358;1481548282;2
20094;25072;1481540356;8
18842;7712;1481512951;16
4013;19780;1481529652;16
13123;9394;1481521519;18
25543;6464;1481531308;2
14551;24511;1481542276;12
27487;1742;1481530453;18
6378;20453;1481517177;10
22301;8388;1481521747;14
7774;8008;1481536195;10
1052;15216;1481510614;12
10604;12293;1481522777;8
20910;7619;1481514531;16
8442;6207;1481532006;10
22582;17878;1481537235;14
12425;20412;1481523184;14
14125;23341;1481533809;14
18399;25261;1481529717;4
11692;19822;1481523544;6
12762;22161;1481543964;18
8422;8310;1481546053;4
20785;7886;1481544886;8
14576;3583;1481523314;18
5727;12696;1481550126;16
19970;8985;1481510560;18
25401;6722;1481510782;10
9660;18264;1481527024;2
6582;90;1481518263;16
25180;1264;1481535879;2
22643;17881;1481511397;12
13724;8832;1481509643;18
5934;2286;1481543937;14
24685;3693;1481534434;4
4345;23729;1481544997;6
6802;4824;1481521706;8
9828;19067;1481523618;14
18078;11989;1481516209;18
3640;9414;1481534061;8
3739;5403;1481541795;4
7878;6720;1481531073;6
6919;8364;1481518566;12
25181;8832;1481517664;18
24927;4729;1481534638;14
5439;4272;1481538292;8
8567;12062;1481519904;16
4359;9027;1481517676;18
19059;9228;1481518684;16
10188;13887;1481546516;10
18328;11948;1481526542;2
1166;2795;1481521897;6
24470;8890;1481534326;14
27411;7715;1481536856;6
1624;2133;1481529919;8
19970;8973;1481536545;2
8126;4842;1481515693;10
3282;22577;1481529782;10
17037;10542;1481548263;12
439;3279;1481528498;12
21497;7157;1481515036;4
9510;3554;1481525558;12
12913;693;1481530518;10
1592;8240;1481550903;8
4741;9358;1481521182;10
1379;17253;1481544808;4
22463;20590;1481534508;18
5920;12032;1481524785;14
6174;9100;1481538142;4
961;4771;1481521268;14
9060;7299;1481544750;12
5119;9019;1481547003;12
3263;199;1481512597;4
129;4037;1481522265;8
13772;21042;1481533115;18
14627;11013;1481526144;14
21076;1655;1481529533;18
274;10540;1481509945;14
17862;21717;1481518874;10
5079;26163;1481527660;4
9487;1459;1481548698;18
24140;11018;1481544669;10
9528;22496;1481533540;8
11697;23515;1481542335;16
7933;8983;1481514377;12
5989;16635;1481511315;6
7560;6457;1481511900;10
15368;11685;1481538515;18
2288;4850;1481546745;16
1547;16916;1481539932;14
11759;439;1481548602;6
3615;8240;1481543373;6
2385;6296;1481515781;2
11612;13028;1481511814;16
11120;5398;1481548353;18
7694;14538;1481527859;14
17533;6211;1481545577;10
16709;7188;1481509588;2
339;19801;1481539470;16
10098;2157;1481523359;10
3964;25431;1481517808;6
10279;4691;1481517057;12
10163;915;1481509666;8
26262;278;1481522335;8
22642;6246;1481518910;8
13910;17031;1481538363;2
24977;986;1481516335;8
923;6232;1481530011;10
12036;1659;1481513856;6
3691;19770;1481523878;16
8752;10879;1481524317;14
10181;27455;1481545850;12
9167;7490;1481522753;2
10767;8422;1481544598;16
15118;22446;1481519284;6
17887;5889;1481523753;12
15092;27504;1481522520;10
1266;5741;1481541095;12
4669;26074;1481548511;8
2129;6402;1481515163;18
4045;6990;1481525100;12
11846;21482;1481514239;4
19552;4018;1481540986;12
15519;7994;1481512916;4
20111;10162;1481510029;14
12944;1031;1481544164;6
24426;2401;1481525327;10
20355;27551;1481531394;8
599;231;1481545268;10
9205;4558;1481545090;14
4530;11241;1481512011;14
1766;14710;1481521156;16
27136;5000;1481544630;4
162;20995;1481531710;18
15235;7287;1481541390;12
14269;9414;1481513084;18
1461;20951;1481537771;14
5969;10108;1481541296;12
18456;1770;1481513978;16
567;26138;1481516729;18
1914;10066;1481535084;12
19986;11095;1481531545;10
20006;25073;1481522866;16
2964;19571;1481535412;16
7891;339;1481512004;4
4741;2170;1481541585;18
1042;4965;1481527030;8
5712;2274;1481548512;10
11403;4743;1481511505;12
2276;22468;1481543130;4
13939;17474;1481522203;16
111;16132;1481515428;14
27287;15162;1481529182;10
11691;27553;1481533286;12
11955;3382;1481529925;2
10712;12783;1481513389;6
23648;224;1481511151;8
17393;142;1481532508;10
1872;8919;1481528533;2
1493;7371;1481514167;2
12093;6767;1481532774;10
177;17398;1481509963;14
18067;1656;1481538352;12
14209;3741;1481510325;14
5039;1876;1481533940;8
10837;11146;1481536686;18
9341;14428;1481549558;12
3749;5997;1481546716;10
25467;12326;1481549616;2
3939;5733;1481549148;4
21297;6144;1481542776;4
6579;4864;1481549800;12
20586;16295;1481536166;10
7897;14780;1481534804;4
8168;7446;1481548863;6
7332;22614;1481522214;2
12314;24668;1481546856;8
1911;15767;1481527241;10
17564;4580;1481513256;10
4571;10211;1481537761;12
16891;6868;1481528538;12
26260;2032;1481521176;16
1900;11953;1481518637;18
9020;26041;1481525559;10
3286;5997;1481520039;14
7267;18263;1481533282;12
12117;14429;1481543150;8
4915;14878;1481537897;6
146;23056;1481549622;12
1404;3904;1481516548;4
25402;6554;1481537266;2
6800;19764;1481533534;12
12347;1325;1481520024;18
22588;5922;1481510632;14
20807;6860;1481547636;14
4577;1985;1481539678;16
10673;407;1481545389;6
8583;8865;1481523095;2
8970;27011;1481525076;4
6182;8303;1481544796;14
8544;11399;1481511308;6
4702;3352;1481546321;4
17412;2813;1481535000;14
3533;17673;1481542058;10
2012;16910;1481522801;18
4879;14240;1481510719;4
6301;21302;1481544065;2
8876;2832;1481543870;12
15934;5949;1481534226;16
2772;8947;1481532974;14
18807;8144;1481525440;8
27546;8561;1481535818;2
9814;6410;1481528385;18
20852;15452;1481513276;2
11220;25087;1481545128;10
2322;12419;1481551104;16
23850;1713;1481545596;18
11374;6300;1481523100;8
1161;21361;1481522428;4
412;12380;1481522193;14
25286;7435;1481513309;8
4254;6968;1481521737;8
9474;10722;1481519303;6
18466;14553;1481535736;10
25083;2793;1481509577;10
6802;19813;1481550313;16
21091;9188;1481526912;16
8509;12227;1481520831;18
17362;9272;1481511157;10
6155;2820;1481546471;10
12282;9649;1481538617;18
133;5;1481526486;16
34;18201;1481526516;2
18339;21472;1481530332;2
2374;27488;1481539680;10
19795;27007;1481528901;10
27425;20525;1481543621;10
23031;5719;1481539509;18
4524;7863;1481521702;2
3021;14430;1481532448;14
8093;17549;1481541363;8
4916;17021;1481527925;8
1324;20245;1481539634;4
9736;20129;1481515202;12
20485;4765;1481528737;16
1591;1252;1481531620;16
15522;11035;1481545919;8
27280;21385;1481536990;18
19425;17350;1481531812;2
4567;4580;1481540581;8
5862;5930;1481517980;10
27430;10785;1481510942;10
8512;8972;1481545018;16
5927;19252;1481520217;2
4301;26474;1481527999;8
23159;1366;1481516702;16
23697;5090;1481517555;18
3401;2522;1481518008;8
1982;1580;1481525277;14
1764;7522;1481529545;4
23033;27550;1481512845;12
13724;27397;1481519888;10
25073;25265;1481528391;16
9673;3533;1481544573;10
8106;4585;1481512341;14
27276;22293;1481548336;4
1163;8355;1481523550;18
8381;21;1481548712;14
12101;11238;1481531743;14
4747;19954;1481510130;6
9246;10764;1481523421;12
3975;6641;1481535827;16
5738;17023;1481536890;16
25061;24136;1481516435;4
18836;14891;1481529643;2
260;27411;1481516412;12
4702;25061;1481512561;8
23650;9394;1481528754;16
388;9869;1481543876;14
21312;27280;1481544786;14
2149;10087;1481529028;12
6312;11719;1481537910;18
15308;6838;1481515792;10
2153;11795;1481547302;18
185;10832;1481521919;2
25533;1930;1481535893;12
19066;19056;1481529267;14
12093;3568;1481523525;14
5941;5412;1481511558;16
21803;1800;1481550043;2
20361;4860;1481530682;14
8445;27156;1481529402;14
10031;17400;1481547345;2
15988;20041;1481533974;12
24682;18098;1481521733;14
2800;3507;1481539740;16
2387;44;1481540483;14
7246;27089;1481533007;6
11760;7110;1481514576;6
14243;25400;1481517712;4
26240;10473;1481535509;6
7561;11063;1481549326;6
21462;8940;1481548066;10
15517;1735;1481516246;18
14108;43;1481523136;14
1852;8004;1481549156;8
1110;14621;1481517159;2
2996;16934;1481516190;10
8547;3005;1481540316;12
3393;18262;1481521512;8
15703;16656;1481535415;16
14950;19898;1481548675;10
12048;4175;1481550197;12
10527;18195;1481539906;12
9188;27312;1481516103;2
11747;18871;1481542544;14
8121;6224;1481534689;6
4786;10594;1481539353;4
1143;19055;1481520821;14
13222;25011;1481524385;16
2121;9279;1481522403;10
19207;15470;1481540422;2
1148;19828;1481546130;16
26313;3931;1481550271;14
9544;16851;1481541522;16
15448;24272;1481513374;10
2730;1905;1481538007;14
7389;15754;1481542600;8
24734;12309;1481545066;8
10605;1631;1481517223;10
6716;3684;1481544900;8
5035;12353;1481536378;6
177;14662;1481551005;8
16093;25055;1481509879;14
246;19814;1481548714;4
6472;377;1481533769;8
27293;2423;1481516487;6
26309;6792;1481521806;2
5089;4557;1481530101;18
27029;15020;1481550986;4
3419;7612;1481530532;12
19170;18847;1481517579;2
7790;26184;1481509794;2
14702;8136;1481534051;16
23621;14163;1481516497;12
7645;27034;1481515445;14
7781;14434;1481531848;8
15009;7065;1481524384;10
9347;19881;1481514217;18
4196;23034;1481512525;2
7535;8415;1481533937;4
9831;11565;1481541379;2
996;371;1481510281;8
12873;13930;1481530987;12
1282;6944;1481541636;10
10106;8357;1481523418;6
19070;7519;1481528458;8
19061;17782;1481545246;2
11824;4850;1481525613;12
12094;22293;1481525411;16
8280;7912;1481541535;14
5948;6600;1481532618;8
3986;3946;1481540331;8
4741;7394;1481516089;18
2996;1729;1481524719;4
23519;1148;1481510191;8
9508;371;1481548083;18
7004;6355;1481514544;14
15131;12764;1481533244;6
5775;26084;1481535733;16
3385;11125;1481527433;2
17271;16336;1481528291;18
1523;9456;1481526438;12
4301;1462;1481523681;14
20137;10363;1481510778;6
3707;8320;1481542179;2
22472;14577;1481510025;18
1409;25053;1481522805;16
3612;1038;1481522384;10
1736;15745;1481528631;16
23108;8404;1481540255;4
7532;22169;1481543629;12
7851;1164;1481522993;10
23823;6948;1481513436;6
937;20367;1481517163;2
11558;899;1481515781;18
15935;7340;1481543396;4
18809;4576;1481551052;4
24691;4357;1481522600;2
5329;8109;1481549998;4
5645;4783;1481533155;14
1379;12698;1481511585;8
8137;9969;1481522175;12
3781;9519;1481520700;12
9797;9628;1481541231;14
19945;7031;1481530295;18
18863;2129;1481539059;4
24669;10838;1481548373;6
20704;5491;1481534851;4
9347;23328;1481526987;6
11209;27393;1481544468;2
15012;13883;1481544584;16
4179;12872;1481532180;16
19970;5028;1481517657;18
10417;18072;1481540824;18
6851;11111;1481529272;16
155;3598;1481543370;16
14006;20756;1481513465;12
7084;1022;1481530097;2
21492;27475;1481528120;16
25443;7605;1481543783;18
27007;20416;1481531268;2
15514;10091;1481543666;4
409;12631;1481511286;4
8686;7470;1481550509;16
25369;6477;1481543604;12
1393;1196;1481527182;4
9519;14189;1481549464;8
10597;17384;1481514864;6
14822;9190;1481534497;14
23642;3643;1481542173;2
3699;15471;1481518935;10
24584;1123;1481518769;6
23763;14996;1481529783;8
7457;2422;1481513770;14
18355;6278;1481542707;14
17162;10887;1481527642;6
4842;7092;1481539485;14
23115;6593;1481511570;8
27322;26480;1481540525;6
1028;18337;1481517819;18
14252;4327;1481513408;6
6415;1035;1481536902;10
3617;26076;1481546495;8
25261;25405;1481531541;14
12036;6359;1481511488;18
27479;6557;1481530654;6
3728;5356;1481521240;14
3578;10696;1481511423;12
20848;20598;1481535293;2
6480;8575;1481520730;2
311;365;1481541687;12
6950;2866;1481539782;14
2144;25467;1481514545;16
8248;7162;1481521644;6
20979;12787;1481531924;14
1912;9514;1481529352;14
7589;7844;1481509908;6
6484;4314;1481510815;10
6420;10329;1481540387;10
17157;11749;1481533953;14
3716;4007;1481539353;6
16916;15485;1481510539;2
22306;8584;1481524134;14
8132;2177;1481536171;8
5920;15765;1481512163;4
8909;27061;1481537243;10
15446;14431;1481512197;10
9984;8657;1481510745;8
10922;19550;1481537725;8
9522;10366;1481548699;14
21837;13950;1481550187;10
3047;15216;1481537153;2
14139;11697;1481548071;6
6231;9963;1481533128;12
15491;20335;1481521608;8
358;25269;1481513373;16
4219;13196;1481537736;6
1366;1026;1481526437;4
4029;27426;1481535750;6
9534;8934;1481519947;10
22259;1262;1481516602;14
22498;17436;1481543567;6
15459;7852;1481514973;10
11480;15988;1481511957;18
61;5281;1481523441;16
21718;12408;1481531392;18
14189;2798;1481531160;8
1951;10218;1481549027;2
11053;5499;1481509614;12
1581;14004;1481513755;18
6321;4762;1481526727;16
10355;13823;1481527405;2
7638;6194;1481524375;2
26084;8108;1481549954;16
8879;15127;1481543848;10
4963;2418;1481525697;8
5865;5782;1481549215;6
19869;14243;1481546128;18
14135;15024;1481511180;2
7639;12780;1481532159;12
3697;24142;1481534985;10
3070;20115;1481541862;12
8795;7526;1481532136;2
7365;6451;1481516963;12
16014;3600;1481541607;10
7865;25389;1481512908;10
15516;8806;1481536413;16
5990;2155;1481516002;10
16036;23317;1481521613;16
11809;5714;1481524678;14
13758;4242;1481537843;12
23348;4869;1481534798;4
6127;4223;1481527273;14
14913;6010;1481524405;6
8346;3389;1481512931;8
304;6186;1481528627;2
13131;21410;1481529316;8
21840;22641;1481544615;10
11396;8162;1481548465;16
8301;10248;1481522797;4
3942;8968;1481517199;18
27188;3757;1481517964;8
3028;8127;1481539984;8
27098;20994;1481513592;14
1741;1958;1481549718;12
1074;22461;1481550261;4
1697;1714;1481536938;14
6366;15090;1481515835;10
6830;160;1481533446;16
24745;11767;1481541096;10
9856;294;1481526741;6
13562;2398;1481540457;8
22159;15082;1481516814;6
8997;5363;1481546294;14
6612;8839;1481515759;16
21303;6487;1481526659;18
233;9210;1481512316;4
24423;25001;1481519470;4
12519;20297;1481522537;18
6620;5469;1481529750;18
24665;8318;1481509834;12
11786;5778;1481550052;14
10110;2832;1481540572;14
1726;7290;1481516392;4
7812;27185;1481518876;14
17503;27378;1481529660;12
12799;2786;1481539810;18
4222;10847;1481530070;2
6353;3385;1481546233;18
20130;11075;1481525741;14
2996;7341;1481540567;10
7557;3946;1481523530;6
7361;199;1481545391;10
17171;15519;1481536322;4
27184;14494;1481512116;6
19938;9358;1481515994;2
23178;17388;1481532359;4
4920;17293;1481514192;14
17878;11053;1481544020;6
11147;2527;1481526661;6
12101;19716;1481533228;16
9757;9839;1481517855;8
1091;1888;1481510414;2
10328;7270;1481547233;16
11891;6465;1481520873;14
20900;11747;1481539193;4
7287;7559;1481525690;4
5641;9552;1481534768;8
20245;21374;1481539926;16
4572;5117;1481521433;16
26478;9008;1481543414;8
10120;2287;1481542451;12
5734;21403;1481546112;2
3031;11903;1481524722;10
8514;5958;1481527184;12
2762;9765;1481525526;14
22526;8390;1481530861;2
11226;10782;1481539778;14
21217;8107;1481521852;12
7615;1875;1481536180;18
3979;14573;1481533970;6
7103;20995;1481527494;8
4853;8921;1481549894;8
1228;17449;1481528160;2
1742;6941;1481541829;10
9636;12097;1481522024;4
22133;24469;1481546859;10
13202;23760;1481524048;6
617;11236;1481521404;8
16308;11997;1481529089;12
1;19739;1481537319;12
1689;8876;1481528978;2
25061;11725;1481536366;8
12307;1127;1481540540;16
22996;8118;1481524761;16
22443;2802;1481521020;14
5845;9738;1481519665;4
17332;7427;1481550771;8
16139;6278;1481550522;12
5263;146;1481528688;8
19491;7861;1481529999;10
5773;8900;1481536967;16
12002;3584;1481531916;2
7107;6646;1481536313;12
4282;6931;1481511286;10
25380;10852;1481549446;14
9898;27549;1481515202;18
20758;6560;1481517623;12
7066;23302;1481550220;4
24427;7915;1481521345;18
11270;4281;1481539543;16
12156;7614;1481539243;14
3779;1745;1481537651;18
18050;26473;1481527186;8
12401;11102;1481529949;18
6206;8238;1481544519;4
6026;10525;1481544837;12
9546;6285;1481521458;12
22627;1112;1481547616;6
23756;11105;1481509517;6
22455;1558;1481512204;18
4866;10434;1481516335;4
23009;27047;1481517520;18
11398;3726;1481535364;12
12697;20370;1481537750;8
412;13112;1481550840;10
10544;18809;1481528626;2
26048;15101;1481514755;4
6967;20117;1481517036;2
10210;10209;1481542193;8
10395;20342;1481549806;14
8943;4740;1481546143;10
24352;6018;1481517721;16
24369;6136;1481533565;14
4903;6289;1481543080;2
1298;6942;1481516394;6
15763;8986;1481527903;12
8194;13907;1481544768;16
7589;19908;1481515933;18
3979;6785;1481532490;16
26319;13946;1481538671;14
11148;991;1481523972;2
5863;23084;1481529814;6
1864;13344;1481527844;10
23864;7598;1481526399;10
13219;14207;1481539048;6
20367;141;1481522593;6
12279;27099;1481515803;18
11748;6012;1481530192;10
10686;1142;1481537288;4
20900;426;1481528190;8
20418;6249;1481545852;10
21842;12774;1481518868;10
5427;5886;1481517931;18
337;7302;1481527151;14
5089;14252;1481549465;16
2354;6642;1481526609;8
10887;4966;1481511633;6
20365;9425;1481546278;16
6328;22992;1481538973;12
7520;6909;1481525320;18
19984;6216;1481509786;14
21270;9290;1481535018;4
3982;23695;1481539557;6
9877;4249;1481535147;6
20486;15027;1481550674;4
7870;10574;1481539327;14
6142;2169;1481519777;10
9198;6917;1481511301;8
7860;15018;1481536751;2
3161;1927;1481538985;12
9363;19885;1481538868;2
1514;7567;1481542917;14
25328;7776;1481511489;16
8110;8510;1481519550;8
11575;1707;1481517062;2
26318;6260;1481541503;2
17455;17429;1481537685;2
8140;15238;1481524071;18
21716;3690;1481516099;16
20327;2643;1481536804;12
12653;1720;1481522992;12
2290;20526;1481530161;6
11792;4545;1481512064;10
23489;22315;1481538881;8
977;6838;1481550013;16
4253;10832;1481513320;8
9500;3418;1481541889;14
9973;7453;1481529789;14
22293;7334;1481540259;6
7271;6141;1481514263;18
23762;10367;1481511435;6
6709;10246;1481528055;18
24161;15777;1481510439;8
17456;18156;1481527512;10
1066;14804;1481518560;2
5330;15491;1481513961;8
564;965;1481521311;16
22479;15024;1481522343;6
2024;8523;1481515589;4
12027;2989;1481523301;10
20138;7547;1481550550;14
20021;25000;1481533303;2
12580;5856;1481537413;16
23739;7779;1481534867;8
7066;7073;1481520950;2
11175;4586;1481532135;16
17537;353;1481528344;14
6974;20948;1481510314;2
20951;12562;1481546322;6
24133;9570;1481546246;8
20712;17439;1481541081;18
10381;26070;1481510977;12
19042;6181;1481526903;4
19471;1844;1481532803;10
5980;12188;1481517574;6
7707;1197;1481542726;12
3736;3924;1481534090;12
11892;7838;1481512141;4
16008;23697;1481528855;16
3057;8362;1481549219;12
8916;15032;1481541341;14
5806;27379;1481550748;12
279;10486;1481528448;12
24133;17289;1481530029;2
9568;5713;1481534833;18
17879;12774;1481541144;2
16640;23365;1481512008;8
4751;7147;1481512271;18
7675;1722;1481548935;4
3992;17458;1481514597;2
26031;5842;1481513435;16
3124;2273;1481514283;2
9416;7832;1481525371;18
6925;24164;1481530075;10
10358;9548;1481518636;18
83;24423;1481539803;6
23341;2839;1481534351;6
26148;3266;1481541435;16
9678;14926;1481544096;10
7267;13883;1481532914;4
5675;18960;1481541053;16
27199;23366;1481519761;2
17486;27207;1481516511;4
15749;20866;1481548012;6
25193;3791;1481529389;14
11630;27057;1481522680;8
18908;4841;1481526610;6
3745;3757;1481543067;10
10610;17428;1481549294;14
8319;4917;1481534241;10
3024;10315;1481519382;12
26076;1349;1481517620;2
19285;16199;1481544496;10
6986;21300;1481544095;18
7355;7888;1481544463;16
184;408;1481538038;10
1847;10813;1481543756;14
7954;4003;1481535469;4
4687;5866;1481533493;16
14555;19885;1481534874;16
276;25169;1481524407;12
12336;18861;1481528943;2
21837;24956;1481538136;8
8369;17484;1481528139;10
374;24971;1481513054;14
19872;14803;1481549694;2
116;9426;1481512029;10
14186;2981;1481528035;8
17552;21721;1481528384;2
9567;9359;1481512680;14
27400;1592;1481512636;8
6596;973;1481538699;16
9004;1292;1481548477;10
17797;8827;1481532184;16
9494;26084;1481527016;2
22995;16858;1481527729;10
917;24475;1481537246;2
8847;17386;1481517932;6
26313;3116;1481533826;6
11717;25537;1481522032;2
8365;1056;1481548270;10
6929;19967;1481525452;10
2527;10634;1481523601;16
6868;9153;1481518466;2
11087;349;1481528473;12
4740;20907;1481547873;8
23115;22142;1481515025;14
1035;2124;1481534141;16
3898;10611;1481511431;2
17794;1010;1481537732;8
11067;18810;1481516268;14
10543;16136;1481523108;18
8900;9473;1481523038;4
9674;10362;1481518879;8
9801;6144;1481547434;16
20337;19235;1481543381;4
5725;1910;1481546991;12
9362;6656;1481541973;12
15139;3421;1481509687;6
18867;8964;1481516029;14
6922;25370;1481550561;2
6600;15376;1481539974;12
12943;6170;1481511185;12
13199;5829;1481522506;16
1424;3047;1481542194;4
18216;3593;1481530253;2
1588;11231;1481545481;18
8892;326;1481529828;18
25397;17310;1481519426;6
7371;15746;1481525937;14
27325;2273;1481532237;8
6581;8942;1481541839;16
7280;12035;1481531498;6
17388;6407;1481548781;14
10875;6826;1481522274;8
4259;8444;1481511041;8
14559;13882;1481518446;8
8527;5433;1481531915;2
6858;1666;1481530681;12
12652;9456;1481540188;2
5883;6192;1481541074;12
3376;23355;1481529169;6
20013;192;1481525692;10
1168;27140;1481511288;18
9101;7334;1481535101;4
325;25528;1481536946;14
419;18195;1481529805;14
26302;6214;1481533890;2
1738;5637;1481521981;16
12074;7143;1481544254;6
2156;10212;1481523362;8
9734;8970;1481527438;2
3027;6431;1481525008;2
16377;22678;1481535930;10
10516;115;1481548327;10
20367;27013;1481514881;16
7890;15375;1481527693;2
6581;6838;1481521966;12
17337;12370;1481512605;18
1848;1601;1481544372;10
1969;21230;1481526260;2
22989;23849;1481516107;8
1766;27182;1481539972;14
19277;27007;1481514487;8
8439;11623;1481533046;14
13763;14258;1481524915;8
7833;6191;1481550043;14
24984;12042;1481531694;4
4358;21374;1481533999;2
24356;14153;1481511125;16
4726;11140;1481537796;8
4823;18113;1481539868;18
12712;19571;1481516333;12
5995;6327;1481540630;16
1034;7099;1481529183;12
7885;8307;1481515485;2
27549;6519;1481542468;14
24714;4524;1481544765;10
3399;22446;1481541090;6
21397;12012;1481543841;12
9361;21747;1481537154;14
4543;19819;1481510704;8
12333;1302;1481535115;4
6001;6204;1481528350;4
23860;6563;1481534619;4
9529;6988;1481523640;14
20545;27298;1481542031;2
10780;4265;1481521911;6
1598;1536;1481539159;18
9684;8470;1481540888;18
7532;24672;1481534623;14
5477;9465;1481542616;8
15105;25080;1481548859;8
6671;1551;1481519193;16
27283;23173;1481512545;12
14641;5126;1481509941;2
12090;4227;1481529103;8
12401;12695;1481519927;18
3630;27548;1481540246;12
10670;19908;1481538286;6
7623;8480;1481550284;4
10983;6937;1481548213;12
8697;3640;1481548987;6
18341;8166;1481517762;14
14650;6481;1481539847;2
6828;7577;1481524479;2
11834;23466;1481515678;12
4987;27035;1481527077;12
3536;25169;1481539327;8
3091;6285;1481524806;2
27429;17266;1481513992;6
20792;1378;1481517305;12
5870;8992;1481522273;12
27314;212;1481523424;12
7242;18314;1481530520;14
27055;239;1481543503;14
2878;1432;1481518237;6
15777;14166;1481511257;6
17879;8369;1481533002;10
19301;9770;1481539485;4
3637;22464;1481539432;18
15403;19935;1481531076;18
20245;2985;1481515972;18
19040;24955;1481542820;10
13262;8381;1481549272;10
10437;15734;1481511092;12
10492;334;1481518517;10
6832;23761;1481512026;8
27156;27039;1481544780;16
1114;23666;1481535563;10
8319;6693;1481521410;12
14660;1889;1481539316;18
145;24259;1481534732;14
5492;1313;1481530171;16
7610;10810;1481510892;14
12757;6589;1481528104;12
8442;6246;1481512097;6
7442;9821;1481533107;4
1589;5360;1481519102;2
6241;22532;1481519593;8
6665;17019;1481536467;10
9333;6315;1481532761;12
16936;6795;1481514933;6
11630;25447;1481513377;10
6942;15139;1481534860;18
3409;2832;1481541668;14
9710;4300;1481527784;16
10378;24281;1481518047;6
13780;27453;1481518775;6
10096;12047;1481547450;4
14999;26163;1481527007;6
7180;27508;1481514361;18
8877;19571;1481549683;4
19749;4324;1481542462;12
6791;17578;1481514571;4
10511;1518;1481526785;14
23175;12798;1481519037;6
106;18883;1481535447;4
14866;14003;1481548477;18
23854;23162;1481544725;14
7002;22493;1481514973;6
16368;6303;1481521414;2
7912;27393;1481535407;2
17264;17482;1481509659;14
14203;8555;1481542515;10
14048;5728;1481515014;2
9519;6169;1481542074;2
7051;12355;1481536319;16
1064;11991;1481515177;14
10615;4608;1481550075;12
2843;3077;1481523088;16
7169;27288;1481547919;8
19582;1157;1481513084;2
6349;957;1481549741;8
6939;15480;1481512547;12
25532;27310;1481531370;14
14660;981;1481511893;16
18911;9341;1481529029;10
6673;9833;1481530143;2
4184;9546;1481535083;16
23754;19087;1481543713;4
13784;20288;1481509704;12
21218;8361;1481527863;18
148;6402;1481530523;4
6328;8230;1481521645;4
26150;26480;1481539488;18
11627;9437;1481536512;18
5700;6577;1481518212;6
7804;11412;1481510111;6
7054;901;1481545035;2
11696;16799;1481537955;14
15414;5758;1481544406;4
4542;3723;1481519993;18
9894;3770;1481527049;14
9063;7934;1481530630;18
6431;8425;1481538036;18
17508;9063;1481533542;10
8089;19225;1481535514;6
139;12770;1481522866;14
25414;14803;1481538895;16
21498;14927;1481541181;6
25182;4318;1481545670;2
901;14653;1481520738;12
4644;10833;1481549703;8
1903;6161;1481512613;18
18802;9963;1481537620;6
4583;5900;1481548744;2
8555;8866;1481519535;18
1235;8151;1481512759;4
8959;8398;1481548580;10
6464;3942;1481524869;10
4758;13913;1481541739;16
1869;5375;1481528498;14
7569;20301;1481541058;10
3592;16016;1481535754;4
15081;3079;1481550374;8
27412;20347;1481530215;10
6017;6777;1481530906;2
3412;21252;1481524321;6
2160;6833;1481546874;8
14548;19536;1481545412;8
9193;396;1481543054;14
18325;12230;1481515717;6
15079;6108;1481524414;8
5770;5107;1481517606;8
13758;19281;1481544831;12
22142;8485;1481541601;4
5992;27397;1481516216;4
7503;14962;1481529512;4
132;14879;1481539441;10
15374;10224;1481514695;14
5932;10218;1481539099;14
8340;12099;1481530853;4
12028;6306;1481533336;16
9856;11067;1481540564;8
19494;19801;1481535341;2
14906;9531;1481549715;4
17407;4675;1481516355;10
15419;12178;1481526155;14
9948;4995;1481548756;18
20695;2274;1481527471;4
347;14657;1481519762;4
21003;15448;1481515018;18
10222;13822;1481531744;12
21288;16141;1481537588;14
22464;17547;1481544374;6
17473;2281;1481544671;4
12182;27312;1481534064;6
19560;6833;1481548035;18
18299;315;1481522329;12
27449;26219;1481549491;6
27207;12951;1481526097;4
13345;27453;1481512621;18
3020;5944;1481516608;2
1742;321;1481547238;6
3011;14866;1481532828;4
3728;20674;1481538918;16
5389;3786;1481535981;18
23037;17531;1481530642;4
17797;18312;1481527324;4
1744;3717;1481529661;10
3789;10256;1481518491;6
132;15013;1481531438;2
14544;10907;1481537783;10
10416;10722;1481512075;12
2400;19066;1481549560;16
4484;7829;1481543330;4
25164;1076;1481532331;2
25411;2331;1481531144;14
23032;20291;1481546858;2
10703;5420;1481510267;12
6670;4361;1481509838;6
17891;12141;1481540165;14
18508;19305;1481526946;16
17498;6856;1481537379;4
3263;7480;1481528481;8
1494;1153;1481528344;12
7270;1742;1481521172;6
20405;3916;1481528823;16
1495;6215;1481528020;8
7870;16023;1481548490;12
1206;2166;1481549178;10
14799;9660;1481531562;14
24685;1066;1481525395;12
4754;14558;1481526961;10
396;17472;1481535983;18
13212;8678;1481517639;18
11059;7398;1481512500;12
19300;3249;1481536386;16
15909;45;1481523488;4
10240;10102;1481550917;16
20098;8382;1481527156;16
6984;8950;1481511000;4
3163;14437;1481542416;2
7072;9956;1481537086;18
17377;24680;1481539850;2
23550;12228;1481519907;12
6976;9178;1481526116;14
5415;23157;1481543383;14
9815;10619;1481513524;10
6873;14807;1481541255;18
5855;7474;1481535001;6
11104;14575;1481526648;12
22938;1601;1481511994;6
10089;16188;1481515362;18
20691;7249;1481541901;8
18245;6210;1481518485;8
2173;1337;1481541796;14
9567;5945;1481532001;18
19046;6890;1481531791;14
8418;12057;1481516985;4
3628;197;1481530253;18
27468;3993;1481537103;18
20130;107;1481511935;12
14255;5870;1481516479;4
4806;1255;1481534590;14
318;10271;1481531811;8
7451;20673;1481516279;16
9675;15109;1481543466;4
19487;7480;1481515433;14
25050;21719;1481535359;4
27098;15471;1481532628;4
11175;22452;1481518355;2
15995;8975;1481549032;12
27297;11249;1481512103;2
17485;9432;1481546950;10
14261;10104;1481536906;8
4504;6376;1481516247;16
15781;12641;1481547384;8
19967;9449;1481545710;2
1523;9413;1481550580;12
15499;25051;1481545461;18
10905;7846;1481523906;2
6449;26219;1481550319;12
17881;7878;1481536477;2
2392;23083;1481509550;12
12219;10610;1481524590;6
11019;6385;1481519987;4
7098;2377;1481550368;10
17579;23117;1481521524;16
6434;18198;1481546254;6
7632;8511;1481538243;18
1223;10230;1481534545;6
25511;5858;1481544552;8
1838;6795;1481538428;18
2273;4832;1481529966;16
14634;16856;1481532540;12
7173;17783;1481519617;8
19042;16862;1481549919;16
6772;20244;1481509577;14
12025;1659;1481545726;8
7443;935;1481510446;10
1662;27442;1481511761;8
7065;17455;1481526792;12
23060;12771;1481524082;18
10374;6460;1481533219;10
5438;9974;1481550889;12
8647;25319;1481528035;16
2408;4990;1481535159;6
9518;24969;1481548327;14
12574;13195;1481519573;12
12178;4302;1481521490;18
1906;20979;1481530339;6
24346;6232;1481530935;10
13218;11144;1481510621;4
13771;18328;1481532571;2
23519;11400;1481522207;12
18764;20975;1481543909;8
22143;17442;1481527627;12
3897;154;1481522727;14
17298;20473;1481547163;16
17465;15348;1481548835;2
9412;4194;1481517421;8
4978;5023;1481546980;2
27448;18876;1481517177;18
23328;4545;1481525316;8
6414;3964;1481518381;18
12647;9971;1481540511;8
8122;11039;1481540390;16
7849;27463;1481533885;12
23521;1645;1481521166;6
18952;11955;1481524885;18
1204;8494;1481513169;2
8864;10252;1481531487;4
12069;3703;1481546281;6
12220;3719;1481543652;6
8931;8813;1481514276;16
1993;20926;1481511659;14
1014;4657;1481518189;4
20473;4541;1481511352;16
8534;1108;1481531486;6
2774;5711;1481547172;8
22532;7770;1481523181;14
20118;4239;1481533088;10
8742;2453;1481539560;8
19873;14167;1481523626;2
11411;69;1481510964;6
11211;943;1481533313;10
16037;14690;1481538172;16
5003;9997;1481536282;6
23830;4239;1481521337;16
27551;288;1481516970;6
18834;12157;1481525404;18
1052;18858;1481515833;6
6343;20484;1481549096;16
5748;18534;1481536853;12
25342;15287;1481548770;2
10231;1500;1481513082;12
6812;1066;1481548032;6
11414;6301;1481550141;16
15033;4192;1481520826;16
9872;16647;1481542710;14
22644;22976;1481530508;2
13861;10255;1481531996;18
20078;23446;1481540849;4
16014;19573;1481537369;12
11851;4574;1481522735;6
6457;23356;1481546206;12
8122;10749;1481544715;12
3275;17536;1481521008;18
2389;4978;1481524891;12
282;19857;1481536604;16
15754;6304;1481514052;14
1251;25069;1481538604;16
6009;22962;1481512442;8
7999;1347;1481533599;12
14264;13872;1481545071;10
13124;22662;1481510988;4
1886;10689;1481535306;2
6915;3627;1481522850;8
6317;23542;1481517759;14
6684;16932;1481516130;12
24782;7893;1481547657;4
10874;11954;1481527142;2
1864;11700;1481511494;6
17471;17518;1481519196;2
4336;11068;1481537611;18
10183;7436;1481518438;8
2788;9369;1481541937;18
1182;13873;1481536626;16
4304;6153;1481522751;4
19741;6688;1481527603;18
9803;14921;1481545411;2
25468;27484;1481548557;12
7516;12119;1481528501;14
9405;12785;1481511118;16
3638;1368;1481538808;8
1347;10874;1481549422;10
18880;3283;1481541749;6
19421;6201;1481517942;4
9013;9064;1481527915;14
7057;25265;1481538369;18
4306;16132;1481525899;2
9470;6468;1481550265;8
11172;6798;1481521569;14
4976;23519;1481521390;4
7327;12137;1481511312;2
14805;1707;1481535517;8
23892;1984;1481537777;8
26306;11917;1481531657;16
26072;1286;1481546675;4
6630;7707;1481537348;8
21922;2983;1481520264;16
2026;2404;1481523077;16
6472;2163;1481523106;2
6224;2842;1481549295;18
6618;27492;1481530780;6
11009;26166;1481519473;4
18960;14494;1481543960;12
266;1686;1481540987;10
35;3704;1481543612;8
17309;4622;1481527897;2
27405;27556;1481522300;14
4184;15375;1481519741;18
27179;3575;1481535779;18
9985;8285;1481534465;8
1664;14689;1481547649;10
17264;1578;1481526958;10
8983;4008;1481547619;10
1483;14880;1481549723;14
10546;8937;1481547822;12
4997;11795;1481524489;16
21490;1672;1481513675;6
24648;3975;1481532447;2
9648;3953;1481547695;12
5928;8872;1481517363;8
3420;20156;1481515469;18
6567;7783;1481525664;18
26145;27206;1481519174;4
14920;6215;1481517042;14
2726;24396;1481526890;14
1306;26036;1481517210;18
20895;6830;1481550503;18
3422;17873;1481538878;8
4823;9;1481535763;14
9739;88;1481532699;16
9865;17417;1481511589;14
11895;13949;1481510865;12
9013;1157;1481532655;8
26165;9917;1481510171;16
17337;20071;1481541534;10
19581;1173;1481542628;8
14586;25054;1481535868;6
8501;9468;1481523572;8
9345;5487;1481518612;18
2396;1603;1481531727;4
18508;5379;1481510638;8
11175;20361;1481511681;18
6589;398;1481513754;10
18338;20225;1481550979;2
24481;14638;1481541138;16
10202;19067;1481516222;2
17035;27554;1481511111;14
7406;27089;1481519722;10
23630;19558;1481524652;16
21678;27487;1481544791;18
7480;9946;1481545275;10
14697;5776;1481543556;2
12799;8233;1481529169;10
12283;16933;1481518499;14
10281;1043;1481516233;16
14113;6555;1481521773;2
6031;11022;1481530809;10
4285;401;1481544075;16
8443;7087;1481537266;4
430;9873;1481538728;18
3060;9835;1481535664;10
10623;10068;1481546564;8
17006;21042;1481510379;10
25156;16803;1481513421;2
20290;27288;1481519484;4
3260;11387;1481535040;12
14136;11821;1481515281;14
21223;561;1481536879;14
2611;2814;1481529932;2
5824;23357;1481538804;14
13790;11215;1481514802;8
24373;27177;1481546288;18
21229;12374;1481534239;6
25194;7252;1481529230;10
24;5821;1481530589;10
3493;2892;1481544398;4
14632;10894;1481539019;10
16903;3068;1481516216;16
25061;7829;1481531418;14
11216;1576;1481550635;14
897;14494;1481516403;8
1680;5297;1481533445;16
7565;14168;1481539470;6
6797;24965;1481515573;12
14963;25054;1481539992;10
5043;10806;1481510669;4
8959;15377;1481546085;18
14880;7957;1481511504;12
16118;6985;1481531466;10
19806;17442;1481512919;12
11476;1490;1481514185;8
24394;7104;1481521182;10
175;21004;1481549704;14
17550;14798;1481509599;14
4297;22497;1481525962;6
27029;11989;1481512579;12
5532;19881;1481517477;12
27132;2819;1481544391;4
6127;10907;1481544326;18
18850;14564;1481549759;4
22678;8869;1481518354;8
3269;16916;1481532664;10
24688;11015;1481541856;10
18946;10617;1481537688;10
7408;17151;1481526238;4
15017;58;1481541756;10
25467;3122;1481541385;4
13255;5100;1481527369;12
13873;81;1481522398;8
11134;9023;1481538976;4
15375;162;1481516202;8
20284;21379;1481551041;10
4243;25487;1481510834;18
5285;10320;1481529500;10
7881;9214;1481525009;10
17498;25379;1481525906;12
18900;7781;1481536174;16
10423;218;1481544365;16
17406;5900;1481520998;16
1977;3266;1481519640;10
1532;12409;1481536019;10
21731;13874;1481525430;2
7844;1738;1481514395;6
5686;10178;1481523103;4
23357;1276;1481540377;12
1815;6306;1481525290;12
3583;1607;1481529906;12
8195;5041;1481517049;14
15491;11269;1481525460;8
17539;10721;1481525091;2
8488;13903;1481518432;10
12227;20120;1481519546;8
4915;16377;1481543243;16
16888;1699;1481521459;18
11953;4539;1481522536;18
23669;25412;1481537651;10
10197;4840;1481545747;6
7009;3134;1481511700;8
7645;2979;1481518221;2
4322;14127;1481546717;16
3589;9468;1481542480;2
951;27432;1481533685;18
12407;15994;1481537179;8
3684;6657;1481512163;2
27430;8319;1481516633;4
10734;355;1481536215;16
6783;389;1481549409;16
6717;7768;1481524751;6
20040;20288;1481546763;2
10161;9963;1481514967;14
11790;5488;1481545471;6
14259;8587;1481533981;16
1515;10253;1481511246;4
4551;10217;1481536885;10
14653;17043;1481548955;16
21678;2142;1481538870;16
7368;6988;1481525685;16
5699;560;1481531679;18
23443;323;1481531970;16
20292;4752;1481512937;18
6115;20683;1481538638;8
20754;9999;1481550885;14
14428;4974;1481512280;12
8139;8095;1481527506;16
23443;7435;1481514213;2
6389;5857;1481513506;8
326;7039;1481525396;6
6615;12087;1481549655;2
27284;10738;1481519117;4
21373;10998;1481543714;14
22263;6583;1481510094;16
213;8795;1481514285;4
25077;25390;1481529263;16
6883;3601;1481546381;14
1277;3978;1481510608;4
23728;3398;1481534918;10
25190;8658;1481521665;4
17384;21401;1481523512;2
281;3602;1481516896;6
4568;3933;1481522128;16
2396;8514;1481509793;6
1729;9970;1481520883;14
5938;7589;1481534053;12
8221;22926;1481550749;6
4504;12037;1481538316;6
17213;4209;1481529640;2
26185;17157;1481536925;6
8145;25468;1481540816;18
4801;20890;1481523183;18
5409;9018;1481540493;6
1545;6155;1481543215;16
9165;22502;1481547996;6
19840;6812;1481550722;18
4333;12094;1481523658;10
5949;5491;1481529152;2
8688;21268;1481512387;2
18197;3283;1481519718;6
15733;9286;1481542448;10
2944;16932;1481527036;8
335;22929;1481516112;18
4245;12083;1481540417;12
9313;4948;1481524240;12
8704;10092;1481540894;4
9404;10595;1481523606;2
967;16931;1481534176;8
12591;7466;1481536318;6
8596;12788;1481538326;16
8502;3286;1481543764;12
8131;6489;1481525523;4
5472;21758;1481546179;8
23729;6481;1481541459;6
3071;11219;1481524865;6
22650;1700;1481516673;18
4705;1325;1481546622;16
12781;14892;1481546313;12
2762;923;1481549859;12
18048;11389;1481541570;16
8894;1885;1481548439;8
17573;1909;1481517818;6
4994;2908;1481536375;18
10475;24690;1481526673;16
11624;10025;1481534441;2
20588;341;1481513307;6
7438;22443;1481540568;4
6325;22468;1481547974;12
15351;7595;1481510897;10
8768;8349;1481513448;18
207;27128;1481534972;16
6811;8370;1481538305;16
27061;22131;1481510986;10
349;18213;1481530472;2
14587;1342;1481516160;18
9773;17278;1481525007;6
1321;966;1481520631;10
1552;15036;1481548600;10
394;15086;1481529175;8
3924;15023;1481510373;12
15748;1212;1481519799;10
201;8826;1481542669;6
15339;9429;1481520296;18
9839;5106;1481541787;6
11149;4597;1481538645;4
7427;5003;1481518090;14
17233;8237;1481534695;16
10072;12366;1481545136;10
20643;23318;1481550491;6
9562;9360;1481510592;8
4902;1384;1481525411;14
27099;10913;1481509506;4
23859;9002;1481538369;16
1252;3418;1481529896;10
23662;9544;1481514666;12
14437;1640;1481515846;14
3120;14929;1481532262;12
11814;24480;1481514172;18
4995;2016;1481525763;16
2848;5771;1481546087;8
5420;14416;1481549093;16
10593;7883;1481528144;16
14437;22989;1481522950;8
9770;20429;1481515065;8
162;23663;1481511922;12
23832;22606;1481509939;2
27208;2274;1481547786;6
8022;18173;1481534728;8
17405;8646;1481530933;6
1852;9015;1481509936;2
15513;11127;1481521579;14
10609;17335;1481521466;2
8919;10112;1481520430;8
347;19990;1481548172;6
10638;10986;1481538896;4
137;18247;1481540761;2
25443;7453;1481522708;8
24176;17032;1481532425;2
24481;4704;1481512395;10
17015;4481;1481537902;12
16813;15081;1481513613;10
19209;23167;1481532057;2
6456;1313;1481511884;14
7446;23108;1481520852;2
1048;17352;1481538833;10
6932;6440;1481547547;16
1588;16135;1481513245;12
6928;8984;1481529028;18
20707;6310;1481512201;12
6223;9971;1481550753;10
6947;10891;1481540877;10
19067;6311;1481520077;4
3703;10716;1481548188;16
21415;6272;1481544273;6
8723;25374;1481521395;16
27492;15229;1481519233;2
6600;7964;1481538842;6
11098;15072;1481520934;6
10410;20548;1481533953;14
9828;15026;1481537281;8
13;18836;1481531917;2
23824;18900;1481536462;6
5611;2785;1481546000;12
4833;25442;1481540222;18
430;8478;1481516183;10
23327;2463;1481550275;18
1206;18091;1481521391;12
6368;25055;1481545639;8
9682;3019;1481529850;4
6127;11059;1481522934;10
1562;9324;1481517057;12
24989;5701;1481541478;18
3075;14915;1481523897;10
8124;4937;1481531142;8
6380;23060;1481532882;2
85;19593;1481530684;2
10772;20191;1481511107;6
23647;23318;1481539257;16
1962;23339;1481510063;8
8336;13887;1481550851;14
10412;3026;1481525074;4
23161;12100;1481537789;16
6465;5293;1481526410;2
6804;7680;1481512930;10
2780;3578;1481530021;8
8450;17458;1481524086;16
16125;11697;1481523114;12
6948;20011;1481519489;8
8510;15101;1481526908;14
1645;2345;1481516609;4
6709;10197;1481529526;4
3287;8336;1481541392;2
14713;12627;1481536798;18
23318;27408;1481541819;2
1404;2169;1481520171;12
10694;5402;1481547503;14
9888;9155;1481545733;2
15999;9822;1481546673;16
19789;6125;1481516312;10
20052;26189;1481544688;16
25170;21233;1481512171;2
6135;18212;1481524005;12
4999;14197;1481510569;10
1201;10717;1481533157;2
8325;8693;1481525741;18
11042;15998;1481530438;14
6147;18841;1481519394;14
5301;12282;1481537595;14
11785;13183;1481515481;16
19088;25195;1481538803;14
17396;6669;1481529329;8
1708;8538;1481536569;16
4033;25405;1481546578;18
10007;20090;1481550145;8
6276;11804;1481542846;10
20952;4902;1481550104;4
1890;27188;1481543934;16
4596;21444;1481533633;8
15015;16199;1481532544;18
21758;7290;1481541343;10
2329;19043;1481536914;2
23142;7253;1481522283;6
16333;439;1481545462;14
27510;3127;1481529090;16
5917;11985;1481517181;12
20862;23662;1481526470;8
2963;21218;1481532358;14
375;18908;1481519595;14
15020;17362;1481529998;4
12358;8545;1481523397;2
1693;321;1481511971;10
11793;23164;1481535664;18
20955;996;1481536623;16
22976;8296;1481538619;14
9757;1333;1481543365;4
1390;26138;1481536324;14
14435;24690;1481532236;12
19038;16804;1481527141;6
4875;6487;1481538827;14
6611;12232;1481518366;18
10446;2415;1481528407;8
10795;6609;1481545543;14
5886;12335;1481523201;12
13080;1812;1481521807;14
9635;7940;1481521096;2
998;16178;1481513587;6
7875;10518;1481543853;8
8955;22997;1481527945;10
23118;27547;1481522641;14
17299;11052;1481520490;16
23003;20572;1481543470;10
3125;6723;1481548370;4
12766;14242;1481530858;6
1139;6973;1481533971;12
20693;26308;1481521293;8
4355;9750;1481543461;12
1578;10073;1481517622;4
16362;11097;1481532631;2
7029;16051;1481546405;12
17040;1408;1481523111;18
6186;19299;1481527585;6
19801;2984;1481547376;14
11786;15470;1481528118;10
20713;1307;1481550496;6
3268;5083;1481544576;6
23753;18201;1481521499;18
12641;13818;1481546821;4
18850;14198;1481536017;4
9659;14632;1481520914;6
27053;19790;1481544382;14
5044;20316;1481520609;12
11089;1874;1481520574;2
4734;1640;1481518362;10
11763;25087;1481511705;12
14807;27054;1481548102;2
13195;11625;1481523180;14
6974;23149;1481523771;14
16931;10360;1481543910;18
18876;24724;1481517831;6
6174;20869;1481549341;2
23066;7522;1481533627;10
24664;4840;1481528858;4
14796;19321;1481520905;14
345;23087;1481529793;2
14950;199;1481511558;12
6303;5548;1481546660;4
1036;14820;1481522038;4
7290;11043;1481526778;4
972;4510;1481519828;2
7336;6988;1481525189;10
15119;1110;1481542002;14
10811;16314;1481522738;8
1515;8352;1481524185;10
10208;20973;1481527525;8
21838;7782;1481534573;10
6808;2646;1481548759;16
3774;1694;1481519049;16
1644;1440;1481533605;12
4932;1841;1481541255;2
19056;19802;1481517220;2
24;11953;1481545142;4
1384;17040;1481531557;4
356;11266;1481528865;16
6966;5888;1481510995;2
6815;6379;1481533964;8
4575;8963;1481513307;6
6719;2868;1481543907;10
17878;3951;1481546783;2
18173;10500;1481535544;18
4216;5674;1481528495;2
5240;17378;1481549952;4
14543;19848;1481509581;8
6728;6380;1481536937;4
8748;15375;1481529289;6
1278;9279;1481540096;10
1309;13972;1481520668;8
6811;6142;1481512412;4
1074;31;1481510896;16
27158;8902;1481544693;16
89;6987;1481544920;10
13255;14615;1481523118;6
9152;19531;1481532455;2
18213;294;1481519967;8
8752;23112;1481551085;16
6660;4216;1481530018;6
17420;8408;1481514123;12
24923;8486;1481533436;16
4574;16296;1481549642;2
13941;17467;1481515327;18
8896;12762;1481547254;4
2940;13987;1481526420;8
7187;8536;1481535609;6
8468;18876;1481539840;4
18859;15226;1481510971;14
7034;11214;1481530414;16
4284;6873;1481517871;12
24357;5287;1481521857;10
4228;3461;1481544539;16
10465;20406;1481510992;14
22942;4361;1481536546;2
18958;20404;1481522506;14
9955;2177;1481513661;16
7008;5725;1481511625;16
11599;27520;1481517473;6
9482;21080;1481513796;2
6826;1223;1481513511;12
2750;13188;1481517521;16
11696;6830;1481546702;14
16851;11848;1481527885;10
4977;27459;1481547562;12
19215;5515;1481543188;2
12585;18131;1481536242;6
13802;22489;1481535275;16
6536;5920;1481524035;12
13995;4586;1481544599;6
3697;11031;1481527552;14
6150;140;1481522024;2
8443;11271;1481520984;4
2763;27143;1481527399;18
17176;24687;1481516616;10
8581;7533;1481528838;10
1362;19984;1481550258;4
23866;19936;1481524805;8
17375;68;1481537367;6
1035;7958;1481539662;8
19068;15373;1481546206;16
18815;1289;1481536958;16
357;11176;1481517757;16
15767;20135;1481538508;8
4747;3681;1481522543;6
11781;1836;1481522127;2
20996;1881;1481543627;4
11044;2163;1481547619;6
5673;8492;1481522585;6
15736;18871;1481523271;8
1678;21487;1481512597;14
21500;1261;1481518399;6
19829;7444;1481539478;10
24375;1389;1481514244;6
5511;1934;1481538298;4
11611;27462;1481536270;18
3091;9847;1481516624;12
1724;6970;1481523374;14
4188;21711;1481510847;8
24680;16353;1481520164;4
14584;3085;1481517595;18
1319;1133;1481532936;18
281;10930;1481542389;12
20103;19598;1481511371;18
8563;1211;1481538117;18
6882;3916;1481529250;16
3428;3271;1481519332;6
3790;1494;1481516097;16
24932;10309;1481544909;14
13855;18815;1481525701;18
17384;6688;1481510648;12
23886;1737;1481512196;16
10252;3888;1481533132;6
1421;15744;1481536991;4
21492;9671;1481511326;12
6485;23645;1481531711;10
11049;3257;1481514258;6
5609;1058;1481536019;16
3888;5284;1481546597;8
12282;7462;1481529834;8
15354;15019;1481537239;18
13288;339;1481514977;14
4184;10928;1481548946;10
9631;13454;1481539536;4
10256;18893;1481546651;18
15013;6199;1481512937;8
1049;20547;1481530881;8
9438;22533;1481535760;18
23140;17250;1481518461;14
14244;9487;1481550561;6
24695;4506;1481514220;8
12417;17880;1481511349;14
6295;8349;1481544707;6
3368;11014;1481538522;2
21500;8987;1481522922;6
8698;5114;1481542591;2
15391;8649;1481548376;14
6981;16801;1481512907;16
6982;12133;1481513041;16
3120;23120;1481510925;16
10676;8485;1481545386;6
13123;13774;1481529258;16
2333;1595;1481530342;10
8003;8236;1481511673;14
1384;7034;1481530794;6
7632;8500;1481545427;8
15296;8058;1481548918;2
14282;270;1481518383;8
8375;6529;1481521774;10
20692;17279;1481538225;4
4784;18200;1481533833;8
1350;11157;1481525870;4
14245;1390;1481526390;16
8818;19816;1481528478;2
58;10598;1481517040;6
8928;6891;1481522535;2
10532;19494;1481525343;8
6201;4350;1481538304;2
11404;10089;1481533714;14
16797;21804;1481511197;8
11083;1932;1481521363;4
5421;10268;1481524014;14
7319;6977;1481539138;8
14700;5611;1481530356;6
20949;8922;1481532346;10
1130;17578;1481548738;14
10443;2750;1481534764;18
12519;17331;1481519701;4
7859;3264;1481539077;10
7089;3513;1481545426;10
176;23614;1481523429;18
6958;10175;1481517815;4
9357;22960;1481516457;18
23024;10322;1481526426;12
19535;4578;1481525449;2
6970;20536;1481517972;16
16362;19726;1481522690;14
162;15002;1481532871;12
5908;11781;1481522800;12
4565;10779;1481510213;18
26308;16311;1481515060;8
12591;10849;1481547238;18
11104;20372;1481523681;8
2377;27280;1481526166;12
20303;10983;1481523291;14
17579;6302;1481517360;14
1763;6363;1481514538;10
7396;2821;1481512501;14
1849;4184;1481532610;16
19498;12219;1481532637;14
20544;306;1481547535;14
5695;440;1481527992;4
303;3602;1481531037;18
7853;2809;1481536407;18
19815;21002;1481550793;8
14932;9545;1481539365;10
12116;2387;1481546776;18
23054;7686;1481539987;4
19040;14895;1481544292;10
11501;3248;1481519921;2
23496;2606;1481510255;6
7396;4860;1481526327;6
7638;5528;1481541158;14
17514;11742;1481544047;6
9750;15012;1481543282;14
19286;8866;1481512685;2
281;6108;1481512751;16
347;13560;1481542570;2
1798;4303;1481524287;8
11758;7615;1481548265;8
1671;20544;1481537483;8
11598;7389;1481520568;4
336;15996;1481539998;8
5418;3425;1481528832;12
10161;8941;1481510280;16
12214;10566;1481518456;18
7621;17584;1481541625;2
1441;17033;1481531969;16
7711;14916;1481546287;12
10358;14117;1481538694;4
4727;17151;1481528902;2
24568;999;1481548865;16
25190;13183;1481514363;12
8916;7001;1481515773;18
16885;19080;1481537525;10
1039;22508;1481542116;12
6504;2880;1481532678;2
22451;4608;1481518798;16
21472;22576;1481545508;10
15002;5364;1481531562;16
1924;22431;1481526413;12
2133;22445;1481524973;6
11739;5245;1481537531;4
16333;5840;1481549694;12
8449;8602;1481533798;2
19985;7594;1481518658;6
4592;17002;1481530395;12
17467;4041;1481540478;16
10668;6973;1481518983;14
21498;6122;1481536790;8
22576;9674;1481534990;14
20952;9602;1481523261;8
956;9885;1481548742;8
278;20453;1481535985;18
17375;6852;1481528565;2
20326;27283;1481527912;18
15752;16178;1481538892;16
23741;951;1481526715;16
26104;18262;1481538489;10
7867;6306;1481528774;16
20935;9239;1481526746;16
19216;17395;1481522116;8
3133;15104;1481512166;10
18913;20400;1481536361;8
13219;46;1481539150;14
11253;17516;1481537006;10
6274;4314;1481537311;16
9739;430;1481540504;16
6321;7460;1481512392;4
12145;1274;1481538591;6
8595;10359;1481530225;2
6266;23444;1481531181;16
2809;1355;1481538853;4
10506;9878;1481527691;16
2177;20410;1481538066;8
24956;16891;1481526024;10
8046;7905;1481541451;18
7014;10200;1481528865;10
1073;9418;1481509576;10
20068;6650;1481522533;6
7359;8332;1481546747;2
7881;7633;1481526526;4
4276;6960;1481535455;18
9670;18840;1481518412;12
26205;10224;1481549923;16
22135;9518;1481526380;10
12120;18051;1481545600;6
19374;7577;1481546731;4
5721;15021;1481524422;8
17417;8643;1481539769;14
351;19881;1481514265;14
8191;10525;1481535147;10
14428;10031;1481525141;4
17006;5654;1481536367;4
65;1885;1481541806;12
11601;11851;1481522143;6
8474;25359;1481538112;18
8756;2612;1481514657;4
5887;1522;1481530850;10
7620;10891;1481546466;2
7357;8930;1481540776;12
11135;12568;1481521361;12
4727;6126;1481518296;2
1693;21084;1481529946;10
17921;22577;1481539450;16
6606;25077;1481524423;2
1119;3271;1481528306;6
976;19726;1481526398;2
5331;5637;1481512210;12
27377;4019;1481543012;18
7283;10597;1481533728;2
20310;8308;1481546076;6
4356;5912;1481547106;6
18198;2277;1481545925;4
8747;23350;1481510185;18
8413;4545;1481539079;12
23853;15992;1481544414;18
24997;24471;1481546690;10
5710;7643;1481514372;4
22991;21498;1481526986;16
9567;9318;1481526132;18
13882;8086;1481519027;2
11034;6144;1481524114;2
2799;24931;1481513680;10
9316;893;1481531797;14
19840;1663;1481530189;16
3003;1706;1481513792;16
9310;7544;1481542135;14
15999;27378;1481526271;10
8166;1838;1481544338;4
369;21490;1481513939;12
17901;18821;1481532164;14
14434;1038;1481509979;12
9573;19487;1481523285;18
12577;4551;1481545733;10
6581;5762;1481538866;8
2749;24654;1481510110;6
12591;27334;1481517014;14
5636;20735;1481535493;14
2464;18107;1481530190;14
10601;9677;1481550356;8
1367;27509;1481528877;6
27001;20972;1481531824;4
22989;9631;1481518610;4
9793;193;1481509901;8
25399;14640;1481526789;18
13884;18901;1481540279;8
20090;7967;1481536651;12
1885;19088;1481518008;8
5388;1312;1481513610;2
432;253;1481514400;16
18893;20978;1481516411;8
10263;12035;1481533319;16
10068;2143;1481541842;4
23877;7867;1481541447;4
6582;3374;1481536482;2
6544;23831;1481537933;8
5021;17209;1481520240;14
15012;27036;1481545990;8
13798;352;1481510070;18
13297;982;1481535923;18
1299;18763;1481510692;2
1366;7493;1481509978;18
6208;13987;1481538667;8
25195;10613;1481538054;18
22432;20412;1481546077;18
419;18048;1481540603;8
7034;15230;1481534256;12
1407;247;1481510695;10
20355;24369;1481512970;2
23651;11624;1481549845;8
11945;7529;1481520549;18
3067;9623;1481533672;16
20999;3637;1481514350;12
19207;7994;1481522823;4
11222;9149;1481531181;14
24;27506;1481538207;2
16913;7884;1481547618;4
9904;27126;1481513172;4
6702;2881;1481547025;8
203;17886;1481541134;16
9488;23335;1481541645;16
1167;2390;1481545317;12
4256;15236;1481541352;10
9739;13726;1481548679;6
46;6974;1481535012;12
10719;17285;1481520441;14
14495;427;1481514605;8
6711;7962;1481527347;4
2402;9357;1481541870;14
5039;23644;1481539823;14
6529;19581;1481548826;10
10406;9279;1481513932;10
22274;24782;1481532998;4
13888;9679;1481545805;16
3930;11104;1481524232;12
2880;27118;1481520993;2
4985;14289;1481520655;6
3726;7503;1481517156;18
5887;10355;1481545329;4
11592;5630;1481543839;18
6813;5722;1481546551;8
2367;144;1481542379;14
19533;18463;1481550708;2
25401;20769;1481528650;8
1954;7956;1481520234;16
4912;11725;1481529618;2
1661;18131;1481509615;10
6411;2645;1481518205;2
1362;2816;1481510157;16
18247;17363;1481534823;4
2794;19060;1481539190;4
2767;976;1481549277;2
100;11788;1481526161;2
3987;19764;1481537710;16
9314;5297;1481517897;10
401;11127;1481548052;4
1569;5018;1481516265;6
4920;6605;1481535397;12
20708;23098;1481542139;6
10699;8961;1481526698;8
10405;9677;1481517765;14
19311;7525;1481541850;14
6459;10878;1481526684;2
8421;23625;1481529681;2
27451;20292;1481543879;2
20853;6889;1481546690;14
13772;20543;1481549222;8
14437;1246;1481543054;16
17266;12220;1481538339;4
8338;7481;1481543465;14
14717;9416;1481535916;8
27464;8016;1481522564;4
8698;7711;1481533357;4
9165;20520;1481542845;16
2735;12871;1481531680;2
19026;10543;1481539303;18
5419;1534;1481536399;2
1554;20108;1481530181;14
4585;16298;1481545630;4
21401;12870;1481544970;2
875;5919;1481547891;18
3572;15225;1481546300;2
8760;22490;1481538759;12
17439;5432;1481536647;16
16936;16034;1481514911;14
241;17550;1481531359;6
4245;1732;1481536919;16
9364;11201;1481532311;14
14152;12232;1481523502;12
2396;25381;1481550593;14
2931;6142;1481541226;6
25377;693;1481537408;8
10704;10102;1481551022;12
23355;9860;1481542720;8
27399;5637;1481543659;4
1668;11986;1481545477;8
8891;2024;1481515588;18
7602;6731;1481542689;12
10621;16307;1481516438;8
5780;1013;1481542448;16
2840;26301;1481528524;12
25035;20195;1481523341;12
11730;7088;1481543448;18
6958;1419;1481534722;8
19225;27451;1481545362;4
1813;27014;1481530248;10
1877;8994;1481513725;6
19576;9842;1481548575;12
15407;14546;1481521185;10
24668;10702;1481517137;10
12091;16929;1481539460;8
8357;10204;1481543924;14
10180;4865;1481513522;18
1136;25078;1481543194;14
1983;8991;1481541744;12
25195;8405;1481511105;16
6304;25431;1481546145;6
4026;9569;1481511318;8
4801;11793;1481544930;12
19594;7510;1481517080;16
25405;11374;1481522846;8
12785;14949;1481540568;2
23026;4803;1481550846;2
20878;10881;1481532691;2
23346;9822;1481516953;8
25537;25059;1481511047;8
11215;13906;1481532058;10
11093;6310;1481525445;18
7441;301;1481550477;10
3295;14142;1481533975;10
222;1714;1481521797;18
24971;7609;1481523105;10
7815;4240;1481510510;12
18764;9666;1481527855;18
20303;5439;1481510892;4
20907;17461;1481516606;18
11208;10412;1481516173;16
19560;27449;1481529734;4
10375;7965;1481542236;6
10241;6942;1481535375;6
4956;4729;1481520964;2
17464;9256;1481517404;4
14659;23166;1481537028;6
8877;8822;1481545101;10
6476;1901;1481535488;14
15023;22989;1481545832;2
19207;10407;1481519969;4
14260;25194;1481529616;18
12624;2816;1481513292;4
10511;19789;1481539161;4
10576;24480;1481526610;16
17758;7351;1481516229;18
5642;21808;1481515689;6
21736;146;1481550832;16
10605;8678;1481548118;18
17026;13876;1481522260;8
8530;9365;1481519082;6
3853;2361;1481513810;4
20429;13945;1481534249;6
9028;3397;1481528512;8
4325;11807;1481535816;6
15086;21806;1481521088;2
8694;4278;1481545583;10
3087;12418;1481533906;10
82;13297;1481523712;10
25011;1316;1481533928;4
1623;9508;1481516352;16
11885;16812;1481517843;4
22603;27131;1481547041;2
7882;17782;1481517477;18
18839;17419;1481548948;6
11956;3164;1481511714;10
6782;4013;1481549253;4
17399;6482;1481510720;6
3061;15084;1481511276;14
6731;10412;1481542192;4
4750;24089;1481509987;2
4836;1456;1481510826;18
27268;13080;1481534593;4
24570;7863;1481548047;4
19777;6582;1481522941;12
14004;19551;1481537060;8
7158;9465;1481532422;12
18198;8695;1481544367;6
277;22621;1481515806;4
6433;11094;1481516647;10
8121;9028;1481519124;4
6723;16351;1481520799;10
567;19285;1481528460;10
27187;50;1481510204;14
15350;3001;1481520560;6
5691;22928;1481540185;8
12871;5742;1481511771;14
9549;7158;1481544848;6
1113;11269;1481527866;18
23023;5357;1481515558;14
4011;21411;1481519610;4
25320;6617;1481542265;4
12576;27137;1481527098;10
4685;20355;1481542692;6
16889;3081;1481541723;8
16851;6267;1481537430;16
1113;4266;1481523949;10
8754;18865;1481529033;16
328;9315;1481519324;10
17211;20359;1481523091;16
21367;6444;1481516825;4
20480;10771;1481522958;10
9660;21323;1481525875;16
2816;20015;1481515316;8
14620;1361;1481527252;18
26110;14562;1481542028;10
25192;1611;1481529478;2
13803;1181;1481528987;10
5240;5400;1481522014;12
1848;5697;1481529724;2
5997;17021;1481547613;2
14202;20099;1481539938;18
8597;5594;1481532102;12
19870;13809;1481515808;16
18879;1320;1481537867;8
2978;15312;1481532106;18
25087;6276;1481529378;18
4313;1389;1481534020;18
9310;1681;1481548851;14
10824;989;1481510946;4
1145;1906;1481521879;10
10894;2621;1481544613;12
18815;1501;1481518996;18
1744;9891;1481515045;2
11915;9290;1481529013;12
18897;23191;1481525940;4
19531;2792;1481529199;12
2362;2385;1481509638;12
366;4003;1481529238;10
11384;22621;1481550974;6
7781;27187;1481516956;2
10524;12762;1481548881;6
22996;14433;1481525145;6
12370;19274;1481550219;14
20609;22645;1481547439;18
19028;22991;1481537708;2
12674;4336;1481536284;6
18883;22431;1481519105;2
8310;16816;1481531776;12
16856;16297;1481551045;14
5980;10066;1481526654;12
6140;18198;1481510987;2
16799;18082;1481544848;4
9286;9423;1481511881;18
7293;19544;1481510939;14
24954;1904;1481538414;2
4197;8903;1481525894;4
27483;9809;1481517105;2
3599;5928;1481540640;16
1799;24294;1481532645;4
6925;22571;1481513447;4
1037;10205;1481528478;18
15079;24962;1481521743;18
10074;6273;1481548779;10
7403;9166;1481543482;6
6689;4167;1481522942;16
8461;3622;1481548436;16
1376;4763;1481521804;12
113;1446;1481542442;12
23114;24659;1481541053;12
18178;41;1481539608;6
5846;4876;1481526624;2
3485;6287;1481545555;2
20339;22923;1481544110;18
25156;10218;1481514325;16
8533;12285;1481530245;14
13260;1381;1481545346;16
1908;3622;1481518522;6
347;3065;1481540268;4
23852;1121;1481515240;8
1107;22626;1481524265;16
27164;4683;1481542857;16
1688;5103;1481526482;4
236;275;1481513054;2
14695;17269;1481547918;4
12866;13777;1481535114;12
1513;9064;1481534282;14
6023;27118;1481537963;12
2640;19830;1481528548;4
5265;17548;1481532684;4
26263;15777;1481524477;8
25158;14715;1481542408;10
8548;10409;1481520033;16
6134;2823;1481514655;18
6667;17261;1481530890;18
9483;3637;1481549073;2
14075;23161;1481510337;18
24570;15328;1481545184;10
7465;361;1481538500;8
3621;16879;1481546593;4
13871;21361;1481545135;16
6265;22960;1481539307;6
9429;4289;1481510756;14
6803;22992;1481530175;18
24700;7425;1481544613;12
2394;2732;1481510855;12
13772;5360;1481514058;12
9891;960;1481539740;8
17364;11270;1481543697;16
22182;10561;1481520680;10
22624;7800;1481535548;18
10123;1206;1481512354;6
5775;6272;1481515692;14
5929;3572;1481521631;2
4590;11596;1481542349;6
380;7714;1481519158;12
20472;7848;1481543233;4
6214;17788;1481534397;18
9953;1988;1481537338;14
10118;27008;1481517010;8
4244;12358;1481529141;16
4664;21091;1481547917;6
2122;7596;1481524647;16
1444;5840;1481518717;6
17384;20999;1481547404;8
15103;22644;1481543927;4
15117;13899;1481537075;16
26308;7966;1481545700;16
14636;4899;1481527042;8
8397;9741;1481530147;12
6473;195;1481525305;6
8929;8345;1481550212;16
9420;4781;1481518353;10
13004;8425;1481536964;6
9409;284;1481515775;12
1332;16119;1481523761;14
13812;1191;1481540057;14
1789;21365;1481538687;12
7804;24671;1481533617;16
15747;8434;1481510062;12
11880;561;1481532888;14
21365;1504;1481513493;4
11021;1046;1481511979;4
5692;3387;1481526976;14
10180;6134;1481534581;12
9949;22270;1481538340;12
4278;5471;1481517299;2
4191;9395;1481517596;16
5901;1980;1481544665;8
9162;7897;1481544731;12
19826;23762;1481533673;16
6404;272;1481544106;6
19374;27195;1481523281;4
4007;19497;1481546675;10
11408;16888;1481537874;12
23823;1581;1481522050;14
3262;166;1481515846;10
19040;14802;1481529507;16
10313;11635;1481532230;4
23062;19908;1481544528;18
7763;18319;1481520367;12
20290;7186;1481544031;18
6939;439;1481519346;14
19546;2023;1481524467;14
8050;3599;1481529372;2
23010;5263;1481511095;16
5717;17892;1481544801;6
14622;8336;1481518796;18
6495;6822;1481524742;10
17361;5967;1481528159;6
3910;20634;1481540218;2
11252;970;1481536159;12
1070;17845;1481544325;10
9457;3349;1481540885;14
25370;2023;1481523085;6
11696;1552;1481514122;6
2910;4814;1481545769;14
14891;6871;1481540341;8
1033;17256;1481534386;16
4544;2759;1481532214;8
6421;25004;1481523498;6
7503;18214;1481526081;8
12352;5721;1481511341;14
7452;4926;1481518277;10
432;1285;1481544644;10
16130;14894;1481544637;8
6924;12322;1481537497;12
248;20967;1481544890;12
10717;12099;1481540723;12
3457;1915;1481524291;6
3611;12643;1481541924;16
6860;22614;1481525302;6
19302;388;1481530131;18
12184;2013;1481530816;14
3630;17439;1481545845;12
17310;6877;1481546439;14
108;12072;1481532372;2
6610;11915;1481539104;14
6431;9668;1481547678;14
16098;20935;1481530386;8
17024;19039;1481548740;2
11404;1455;1481546313;6
5706;11371;1481547729;18
10037;27286;1481511399;4
23466;20756;1481532342;4
2524;4929;1481532461;14
10470;7054;1481513818;14
15522;7031;1481529941;4
6338;2419;1481544714;12
11902;27174;1481547034;10
7847;10324;1481540631;2
978;5718;1481527268;4
16931;7335;1481535634;6
25545;20958;1481524166;14
10092;15762;1481515740;16
4688;1019;1481531927;14
17880;6540;1481515542;10
22794;23024;1481535274;2
1646;1338;1481515542;2
7672;20462;1481521476;16
9312;967;1481526913;6
12311;1594;1481515183;4
19814;21315;1481527473;16
1873;10835;1481511963;8
15488;17580;1481516308;4
7442;6137;1481540446;18
7809;3120;1481541005;8
17885;27206;1481547213;6
2735;5824;1481546989;6
79;2021;1481527810;14
23891;23176;1481545205;8
6554;14871;1481512537;12
12296;13774;1481512153;18
439;322;1481531957;16
1339;9749;1481539351;12
6356;17302;1481529765;4
6164;4335;1481545138;12
9419;17157;1481545736;18
26127;10506;1481518405;18
11410;25707;1481530892;16
4224;18845;1481520382;18
9192;18113;1481518073;10
6585;363;1481548256;2
15935;26329;1481524019;10
10617;25389;1481529150;14
2750;6003;1481547190;8
9424;8583;1481531643;6
7093;10183;1481543730;16
23059;4321;1481523997;4
8574;1215;1481546006;2
6817;11055;1481548069;16
1349;23168;1481521852;12
20994;19053;1481523804;6
7943;4301;1481532026;16
17169;7366;1481509581;6
15161;3983;1481512896;2
14248;16640;1481513329;10
15378;23177;1481518144;18
6714;7844;1481531944;18
24929;23054;1481540320;10
4782;4773;1481518542;6
9277;8579;1481534915;2
7599;6132;1481517570;14
7460;15766;1481524370;2
20091;10029;1481526921;2
1450;1190;1481531701;6
6250;23057;1481520855;10
5260;6786;1481517450;4
3778;10426;1481510627;8
15018;6938;1481530046;10
4288;6486;1481534607;2
4974;18946;1481515628;8
7925;14782;1481548653;8
6824;4353;1481519387;2
21808;9526;1481526541;14
3940;4281;1481527908;6
18914;12880;1481533214;8
3678;10494;1481522062;8
20357;8299;1481522464;14
120;14799;1481534339;14
23354;27453;1481534415;14
22270;19061;1481525987;4
5281;10291;1481544130;6
8392;19857;1481545152;6
5118;27488;1481543072;10
15240;19494;1481535449;10
7142;17146;1481531684;8
7939;27322;1481537191;18
173;5515;1481511085;14
9995;1606;1481546266;16
7938;1116;1481523373;4
4504;22992;1481517678;10
18099;1175;1481535871;16
15018;11157;1481522672;8
329;292;1481540978;6
4223;14807;1481530512;2
6146;23522;1481531133;14
25050;20532;1481524708;16
7075;7585;1481528641;14
2756;19422;1481537723;18
8299;1232;1481540592;16
2340;4485;1481529498;4
11025;6550;1481512177;6
19827;24680;1481533580;8
17306;16321;1481548945;6
1144;1956;1481516161;4
7643;18103;1481520032;14
14150;21403;1481515408;12
4351;10515;1481523162;12
27535;3289;1481543047;2
18438;6634;1481541177;4
6468;27282;1481513263;18
24087;17271;1481527198;18
2774;7326;1481526469;12
10649;7058;1481538017;2
91;3995;1481528292;2
15222;9064;1481524825;6
288;7683;1481519873;16
5981;1600;1481511565;16
5974;6417;1481540347;16
7640;4278;1481523907;6
19958;1277;1481516340;16
6682;1771;1481545009;6
7326;10007;1481540106;10
5551;12326;1481537372;8
16808;17282;1481537123;16
2523;10114;1481535562;14
13864;24707;1481526844;12
10591;9307;1481513308;4
9765;16203;1481517281;16
23542;4697;1481535393;16
12337;368;1481515243;4
1204;19063;1481517319;8
16049;4990;1481535612;18
1222;6229;1481535905;18
7547;14120;1481522042;12
1416;6523;1481520135;8
14040;10814;1481524406;8
25166;11728;1481520349;18
13075;15235;1481518300;4
4776;5815;1481520874;4
2789;19299;1481530329;8
14573;103;1481533981;12
15295;16045;1481534704;10
117;8461;1481549317;4
6216;8168;1481535090;10
3933;4013;1481530439;10
328;24172;1481548247;4
6155;21465;1481522582;14
20076;2150;1481510088;14
21412;20519;1481532873;12
18818;24953;1481534183;2
14154;8324;1481525288;12
26395;19536;1481546046;6
8539;8321;1481527618;14
17386;15409;1481547185;18
22984;114;1481531704;6
27469;2136;1481531022;4
8839;1812;1481550363;12
6408;27086;1481511582;12
335;23900;1481509731;16
2940;20014;1481529305;4
1588;20460;1481522707;2
4844;15471;1481544595;14
16780;17149;1481518252;6
4040;18958;1481547253;4
7964;24672;1481515274;4
14701;11216;1481537872;4
10179;2880;1481550222;10
6762;3020;1481534718;18
12235;11719;1481510393;10
4731;15100;1481527262;4
425;18072;1481542790;18
1587;14263;1481545240;18
22442;15326;1481528787;6
13238;10687;1481543996;10
21097;16180;1481540685;12
1408;22293;1481535827;2
8655;9980;1481525563;4
21717;12558;1481533899;14
22539;13863;1481513446;6
7994;4704;1481520369;6
11745;11903;1481514557;12
7962;2880;1481529130;16
20398;13788;1481548345;10
4690;5516;1481516302;16
8815;27162;1481528442;12
9017;10240;1481520173;16
25522;15980;1481543630;2
12146;8413;1481537371;16
4219;5827;1481516079;12
1391;15101;1481545729;16
22274;4625;1481511866;14
270;9997;1481544181;16
2837;21798;1481536897;2
4575;10420;1481543117;2
10189;27204;1481515082;18
11625;19960;1481509907;4
7252;3775;1481534391;14
13256;26260;1481512235;8
16123;8848;1481540533;8
12247;17198;1481527248;10
364;4285;1481541340;6
6176;11620;1481521967;18
25156;2018;1481512126;6
6794;15083;1481529163;10
4678;4998;1481524883;2
5753;5704;1481532320;16
1520;12137;1481533957;14
7277;27205;1481542926;2
4564;21716;1481539024;6
14565;8141;1481520895;16
7415;6704;1481531717;4
1384;7538;1481520707;8
14932;4806;1481542135;14
14263;2908;1481536017;10
1853;10600;1481534312;18
9530;7044;1481525055;16
6253;7170;1481523535;16
10761;21494;1481511631;2
10217;103;1481522925;6
3020;14141;1481537334;10
107;19077;1481532367;12
19864;20117;1481527175;14
429;2453;1481526988;6
104;23823;1481537281;6
11588;9406;1481539134;4
19923;19308;1481516311;8
6247;7092;1481526002;8
13973;25075;1481550850;18
128;15213;1481534915;4
15407;24326;1481544903;10
5474;20024;1481533344;18
10194;3792;1481535969;14
9471;23115;1481518914;10
18213;6160;1481543445;18
6987;9809;1481541415;4
16925;1015;1481541675;10
6862;12039;1481546280;18
14552;12709;1481514661;6
6372;20547;1481519229;10
1859;27520;1481543201;8
145;8342;1481525042;12
22550;27285;1481522307;2
20070;23653;1481532179;8
2399;5678;1481518353;14
15313;20148;1481518989;8
20911;23021;1481531115;8
15107;16813;1481549090;10
9408;19422;1481545581;4
21454;1678;1481521243;10
12162;9403;1481520247;16
13806;27457;1481523259;4
16891;9194;1481534087;18
4571;17279;1481527037;8
7356;5631;1481518732;12
8873;426;1481520519;14
25181;7269;1481516770;14
19546;7849;1481512374;14
6637;9003;1481513274;6
6197;19308;1481540679;4
19288;8138;1481539243;2
3985;4787;1481524053;4
22;24061;1481513984;8
18307;16811;1481530457;16
10355;17035;1481536577;18
9317;2164;1481549593;16
4321;2145;1481515257;2
14707;4925;1481537427;12
10849;6628;1481548289;14
20372;7109;1481534745;8
14138;5841;1481519558;6
24478;14655;1481544443;4
6193;11778;1481540550;10
27040;2768;1481511853;16
8122;9513;1481522123;10
8809;179;1481524431;14
10289;23116;1481536158;6
374;23031;1481514481;10
8758;1029;1481530833;16
15024;3971;1481511461;12
5868;1912;1481511629;18
14648;2453;1481511917;10
1001;13973;1481533203;12
7613;6276;1481517597;6
12146;6454;1481540278;14
21834;17894;1481548544;18
21296;5282;1481545695;10
7085;7689;1481530382;6
1881;2148;1481527024;6
17792;15703;1481531585;2
5353;6816;1481540499;12
8238;6116;1481522279;2
6944;20116;1481532526;8
5039;11105;1481534835;2
4246;11631;1481542649;6
15768;10114;1481511535;10
6585;17757;1481548965;8
19588;12411;1481539216;12
7263;18845;1481512586;6
8759;4838;1481529097;4
19988;6476;1481533402;16
23003;3742;1481522085;16
20459;7399;1481518513;18
26185;25194;1481514232;18
6309;6726;1481512966;4
10517;125;1481532545;14
2391;4335;1481516256;16
10824;19847;1481536472;6
6473;6785;1481515456;8
8462;4045;1481520863;2
20686;26259;1481548012;16
16093;19055;1481550828;10
1293;4303;1481518705;8
1848;22298;1481534899;2
23518;14812;1481548425;10
27185;5387;1481512206;12
11267;9973;1481529008;6
17477;12794;1481520171;16
12037;6235;1481540535;6
20104;14689;1481548622;10
8005;10877;1481519897;18
11859;5784;1481514080;10
11842;13981;1481526915;6
7870;5760;1481529297;16
21383;11110;1481514801;12
10523;2452;1481521275;12
18348;6410;1481513857;12
9228;20688;1481533691;14
6287;16296;1481549882;18
1440;209;1481535751;10
23098;12787;1481522976;16
10800;2800;1481517582;12
27546;18834;1481528418;10
15987;13241;1481526061;4
8992;3286;1481537207;8
22959;16321;1481540899;10
20572;329;1481525021;8
8907;10802;1481521168;14
8995;20785;1481536704;2
7715;17534;1481526176;10
22621;27402;1481514611;10
9443;13201;1481541249;2
17351;9549;1481543040;16
20118;406;1481536418;10
7853;6241;1481544205;14
5333;20522;1481550944;18
1395;26502;1481511358;16
8867;2353;1481530823;10
20240;4337;1481543203;18
563;5650;1481533770;2
11150;17850;1481511330;16
19807;16800;1481531062;10
3975;7007;1481549316;10
7925;9548;1481540695;6
5124;23037;1481533052;16
24139;7172;1481547517;6
18155;7335;1481529861;2
5051;7778;1481526657;16
10226;11851;1481522182;2
23108;18182;1481550420;16
1531;6449;1481548096;2
11404;6875;1481519913;4
17293;4761;1481544322;2
21233;7630;1481548438;12
11239;17334;1481544794;6
17527;6966;1481532973;4
26051;3031;1481522083;6
235;21378;1481529523;8
12071;3953;1481536868;10
10360;14701;1481531283;8
6945;20925;1481520081;12
11135;11143;1481530585;6
4697;14571;1481518848;12
16377;11175;1481522414;4
27032;3402;1481546362;8
25493;2383;1481524003;16
9996;10262;1481541358;6
6310;6184;1481540775;2
14663;4167;1481510760;4
23106;6415;1481536895;2
12226;6367;1481544760;18
25069;14926;1481537300;16
7146;27327;1481530340;10
8510;19550;1481528474;16
11005;12411;1481542406;14
5408;4608;1481524583;14
1254;15421;1481530766;18
27492;10566;1481542522;16
7555;17444;1481533760;18
10489;8298;1481517097;6
5949;6371;1481549697;16
16045;19939;1481512949;2
17002;27538;1481509852;10
1180;6671;1481548903;16
17001;9978;1481550862;8
21231;16894;1481514099;12
10519;22995;1481525937;2
1173;3740;1481531421;10
14964;17272;1481511305;18
27382;25193;1481522033;10
10634;26187;1481510028;16
10329;8117;1481536715;12
11378;16811;1481543599;8
6217;19778;1481523309;2
6704;11121;1481538056;8
10216;23166;1481522446;12
19454;1663;1481547283;10
9164;16195;1481522811;2
7679;11020;1481526176;10
11599;14189;1481522439;8
1744;25059;1481528880;6
18883;4210;1481533819;6
27209;5884;1481522820;4
12370;26473;1481548104;2
17576;13859;1481549245;6
17379;1874;1481513503;12
6497;11609;1481528244;4
11558;10075;1481550372;2
17150;4019;1481512507;6
2817;8536;1481530495;18
351;17337;1481523561;12
12650;23033;1481544310;6
11111;21233;1481530830;4
6178;7;1481548620;18
8953;20536;1481518713;4
8023;4694;1481540272;4
11125;2352;1481523067;14
19092;1431;1481515492;16
6168;16534;1481512947;2
19802;12222;1481533196;10
12117;7837;1481513508;8
2732;26317;1481521195;16
6654;3508;1481535035;16
9737;1854;1481541088;6
1150;7898;1481539956;2
6519;5686;1481542241;12
9747;22178;1481531078;18
15931;17548;1481533934;8
66;2786;1481516278;18
14243;6376;1481533891;4
9077;7978;1481525462;2
3961;7567;1481521351;12
1424;12567;1481511675;6
6382;6541;1481539846;10
17360;7535;1481536862;14
5857;7714;1481521861;10
20658;6557;1481516818;4
6464;14812;1481512503;18
6962;16932;1481517498;16
6924;15102;1481544550;2
25369;6967;1481513956;2
20070;4566;1481525969;12
59;5967;1481517265;8
1980;10699;1481536760;4
7679;8757;1481519026;16
1334;7354;1481521796;4
8543;18858;1481516870;12
13790;21452;1481526717;18
6630;9885;1481542225;10
6641;18871;1481542859;14
7524;12815;1481522637;2
19826;1572;1481519476;6
18897;1115;1481548752;8
8657;2025;1481542874;8
7274;5901;1481533105;4
20831;4351;1481513846;10
9159;2034;1481512653;16
13288;12328;1481550080;4
5363;5041;1481510540;18
8562;1926;1481518288;16
10679;12624;1481514773;2
8494;23116;1481524472;6
7964;7628;1481522083;12
8513;8880;1481543238;2
20526;122;1481543444;6
10112;3742;1481510922;8
1011;22966;1481531590;8
5485;963;1481532603;18
16182;9821;1481549583;6
14999;10107;1481516178;10
27232;13200;1481533922;8
8634;114;1481538553;10
7463;2773;1481548084;16
27424;10099;1481510672;10
4264;9279;1481535389;14
11213;9566;1481543400;14
6148;18857;1481512147;14
20341;7642;1481532434;6
19831;23160;1481546148;12
6204;20757;1481531767;12
24521;389;1481513368;4
17488;8047;1481537067;16
11224;27468;1481521766;8
4836;4253;1481521408;10
1365;7948;1481549277;4
3284;16181;1481531440;2
8274;14158;1481525101;12
1708;9189;1481511955;6
2149;11033;1481510740;2
10885;6616;1481548221;6
7261;133;1481535411;16
24279;3015;1481528476;6
14878;6866;1481526753;18
6572;5372;1481511760;4
8376;27439;1481548763;2
5695;27376;1481529551;14
6720;18873;1481541076;18
8427;27535;1481549695;10
2782;22462;1481513640;6
17583;20073;1481511254;12
20681;9686;1481515303;10
6373;15518;1481523915;6
4703;8300;1481511244;2
1602;23448;1481521737;8
5711;16191;1481543830;6
4176;10183;1481515811;12
18050;20411;1481542559;6
1006;7792;1481514491;18
4675;23524;1481510022;4
11790;263;1481516265;8
5958;6767;1481510263;2
10922;8028;1481548616;4
6355;20369;1481515899;4
6943;21472;1481531929;16
2150;26240;1481532894;2
22996;21322;1481513088;18
9342;10046;1481534415;8
19301;3902;1481523028;14
12730;3744;1481522791;8
5403;3155;1481513556;16
16041;9797;1481533662;14
19486;19859;1481536782;18
6329;22582;1481549164;4
4031;19065;1481536928;2
19199;17439;1481540736;10
18117;25194;1481539794;4
17250;10540;1481540056;2
15117;11870;1481512123;10
1491;2966;1481515150;8
3067;24663;1481526625;10
1049;18865;1481534991;14
248;6644;1481523343;8
25179;20415;1481516962;2
11132;8325;1481528724;14
14894;19419;1481531164;2
16861;7392;1481527120;10
8977;14700;1481534950;6
1196;21307;1481549347;6
17530;21415;1481538531;2
27261;7190;1481541736;16
19207;2337;1481514890;8
10611;20674;1481511985;10
1302;21404;1481538655;12
14403;1035;1481533180;10
3945;4799;1481546888;6
7420;11217;1481512658;6
9059;11759;1481534185;4
17577;9972;1481523129;4
11026;2879;1481536516;14
24253;20084;1481533517;2
7591;4251;1481536923;2
7253;686;1481545348;12
9311;13972;1481548621;4
3127;7099;1481546031;14
13198;1494;1481534539;4
10023;12649;1481530718;14
6977;17261;1481531753;10
10614;22274;1481535543;10
5044;11065;1481537615;14
25379;1956;1481535951;8
6700;915;1481522734;18
20759;9741;1481543605;16
3964;7545;1481525209;2
22502;10357;1481535235;8
11761;5930;1481547185;4
3387;7188;1481549810;14
19867;23823;1481522351;14
172;19559;1481529746;14
1620;20316;1481510544;16
3559;6655;1481518350;12
26309;18342;1481535972;16
9949;14191;1481512116;2
14932;14552;1481550762;14
5046;23335;1481526703;6
9547;7773;1481534947;6
14537;9472;1481541598;18
12781;1260;1481525339;8
17265;8753;1481525010;10
4907;4827;1481547742;18
4039;6652;1481520238;8
11834;4699;1481545396;2
6144;9983;1481548838;16
12376;20369;1481543202;16
20015;4209;1481540675;4
16136;9248;1481517247;10
2893;20923;1481511272;16
19897;10093;1481541971;12
17032;3415;1481524053;6
100;6799;1481530079;16
23540;27035;1481515319;8
7955;6465;1481545646;10
22871;1915;1481550874;2
16141;11177;1481522231;16
14692;8540;1481546049;16
23630;17871;1481529222;2
12162;7639;1481550118;10
25331;8165;1481542918;4
8697;16307;1481543972;14
25177;4778;1481540443;12
7999;8175;1481518976;6
9554;10184;1481538509;6
7261;19283;1481518135;2
1503;23885;1481513019;2
17258;4334;1481523941;6
9104;15483;1481536120;14
7525;408;1481520980;18
27185;16377;1481528163;2
19529;14866;1481545296;14
26314;19829;1481543747;12
8524;22976;1481532994;2
2777;7680;1481539811;4
9799;20530;1481548172;8
90;8397;1481513395;2
1268;1289;1481550933;8
349;3254;1481521008;16
13773;9980;1481535078;4
27188;27057;1481540326;18
8640;21922;1481524159;14
11783;14183;1481528774;12
25012;12398;1481544070;10
18810;15916;1481535988;10
8686;1723;1481550836;6
7364;8983;1481534969;18
1763;14692;1481522216;6
3532;11692;1481511198;14
1209;19052;1481520176;12
4758;11253;1481510391;6
27;1274;1481520926;14
21491;21316;1481515826;8
3060;3630;1481537170;18
27173;10356;1481518578;2
5858;11043;1481549707;16
7387;48;1481511407;2
25364;2115;1481514254;2
57;32;1481545511;2
8512;8299;1481516800;6
19207;1959;1481522303;16
17480;8034;1481548688;4
7038;20692;1481549216;14
12188;25068;1481509536;6
1961;26029;1481525668;2
10219;22468;1481541740;16
3622;3265;1481519948;12
1298;10914;1481538601;14
1270;16912;1481515243;6
18862;24950;1481511105;2
13861;1366;1481548771;8
23813;12641;1481534456;12
7572;20339;1481521948;16
1256;5676;1481523612;14
2643;4481;1481513192;8
16320;20945;1481530065;16
9532;8478;1481534993;14
9997;6150;1481538783;2
406;12326;1481518199;12
19296;13985;1481519122;10
10925;4747;1481538259;6
17287;19061;1481515378;18
21270;18508;1481531709;12
12557;4878;1481518297;16
14106;10209;1481511886;12
7773;17527;1481517534;14
5685;6687;1481518190;14
11960;23350;1481521546;4
8889;5859;1481540482;14
14560;6961;1481532947;14
3081;10260;1481509905;10
11953;4948;1481533854;10
13909;21212;1481544313;8
10258;17294;1481521318;10
20573;14859;1481543971;2
12770;7892;1481531976;6
19425;135;1481517265;4
4485;8279;1481511501;12
12321;19872;1481542393;18
15164;7546;1481532375;4
7456;5809;1481529889;8
5934;19935;1481534144;14
9164;1901;1481527390;12
12085;9193;1481540753;14
9734;9009;1481515173;18
9938;4937;1481510576;8
2169;10890;1481543686;8
7172;9062;1481516428;16
310;6300;1481515871;16
8250;4874;1481529330;16
9987;6114;1481544604;14
1689;15300;1481533402;4
1843;25528;1481548587;10
12116;20137;1481536962;14
9516;4274;1481547256;18
17269;10847;1481510319;6
8682;7834;1481547062;12
12647;20117;1481542204;18
27013;1431;1481511985;18
17135;21397;1481532242;14
26260;4220;1481534652;18
11790;3612;1481549815;4
4661;17611;1481522275;18
26157;12347;1481524494;2
24279;5921;1481515521;6
2978;9536;1481526013;16
5432;5364;1481540842;12
45;17036;1481518057;12
2156;5695;1481511591;16
14498;2169;1481536129;4
9288;22971;1481544120;4
15783;10567;1481531773;12
15296;9550;1481526734;18
22248;19090;1481513871;4
25035;13913;1481526745;6
9666;18341;1481524998;4
27008;27382;1481542376;10
8461;1398;1481514205;10
24375;8135;1481547269;14
364;12708;1481522339;4
2163;7803;1481529858;12
15072;8647;1481510728;14
15188;7883;1481515772;4
11021;14889;1481535141;2
17312;12796;1481550253;18
428;5737;1481520484;16
12374;418;1481543412;2
6668;25179;1481520946;14
272;20735;1481517019;2
18325;1860;1481527644;12
5724;17154;1481549821;4
6734;7529;1481513623;2
7586;251;1481542680;6
9635;7433;1481541001;6
423;100;1481510289;2
6259;16131;1481547894;2
5421;3919;1481525424;10
20869;925;1481511466;2
6283;7689;1481528805;12
59;27293;1481512214;2
25179;21223;1481512824;12
6798;19091;1481545595;4
12794;6539;1481539094;16
16891;7590;1481531861;10
3745;7709;1481549752;10
17894;22497;1481545479;16
10890;21300;1481524399;14
11811;21085;1481535108;12
25197;7847;1481512677;16
4565;25513;1481520001;14
14445;1283;1481536315;12
9418;10632;1481525395;12
3411;18047;1481528043;18
18069;20416;1481538128;18
19860;19276;1481548715;12
7583;1183;1481533985;4
17507;17442;1481549243;8
9573;21297;1481536693;8
11155;2137;1481527920;4
27486;11911;1481513512;8
9744;10879;1481541815;4
268;8777;1481519978;4
3600;5045;1481546860;2
16808;5426;1481512823;18
20356;9855;1481540542;12
12027;27449;1481540595;4
15350;11041;1481544751;18
10618;3904;1481518931;6
6476;8799;1481528768;6
10009;5972;1481551093;4
22487;14712;1481534604;6
12061;6477;1481518218;16
1716;1042;1481540464;18
6186;6965;1481548746;18
7109;14780;1481515564;12
5759;27474;1481510934;14
6889;17442;1481533662;12
7841;24133;1481519328;10
9487;12155;1481514618;4
27477;3002;1481548145;6
11612;9060;1481525973;12
16828;9856;1481514306;10
3391;10194;1481548009;18
8346;1992;1481526923;8
11916;1930;1481519322;4
8921;10599;1481524089;6
6693;19028;1481516887;2
8295;18344;1481545080;4
20684;1717;1481516245;2
2610;12237;1481529630;12
7172;16320;1481549499;2
27330;25810;1481510411;16
5886;8640;1481531119;18
3921;4025;1481528080;2
140;6625;1481522729;2
5522;20692;1481545085;2
65;14209;1481537379;10
15508;20869;1481542592;10
5681;17436;1481538244;6
8382;2333;1481538881;4
4587;22501;1481525222;18
14439;8094;1481538875;6
6229;1884;1481541366;16
24254;27002;1481521846;2
3786;6031;1481538124;4
13973;4964;1481530963;8
11720;5922;1481531385;14
2031;23114;1481551130;18
19211;15297;1481534261;2
14288;22983;1481512859;16
8909;9974;1481511293;6
12697;3065;1481550614;2
3693;4937;1481514951;14
9158;2355;1481537391;6
27266;1565;1481544464;6
1133;12002;1481525853;16
24511;1552;1481529098;2
2874;2386;1481524085;10
3409;23448;1481540262;2
9412;3626;1481521788;6
3324;3789;1481550077;18
17425;11138;1481517583;14
20591;27440;1481522521;10
229;10256;1481521821;6
3599;10721;1481519004;8
3588;24651;1481545914;6
10810;4627;1481541906;10
3937;10004;1481544998;4
20370;254;1481530664;6
7610;1537;1481524249;8
14892;14623;1481514321;14
19910;4548;1481541191;10
24932;5124;1481511408;2
12380;13788;1481546061;4
27007;3060;1481533215;6
12742;10521;1481525147;8
21444;9241;1481526900;12
5386;15237;1481523412;18
13345;4920;1481533913;12
378;1116;1481511355;12
24090;5698;1481543511;2
15253;23;1481541567;16
23004;877;1481517349;10
13241;10425;1481529830;10
138;20066;1481518540;16
10609;23466;1481551049;10
22163;25331;1481525555;18
4562;7272;1481530701;2
1300;8595;1481534843;10
5504;24426;1481532214;8
23490;23317;1481518830;16
1976;10282;1481529088;16
27182;10606;1481545264;6
6489;16320;1481531916;18
20098;5379;1481535999;12
19969;1907;1481519350;10
9900;25075;1481530091;18
27376;10101;1481533495;14
19945;20091;1481535584;18
23757;1004;1481523876;2
187;8667;1481533101;12
21221;26163;1481546042;2
18876;17351;1481513091;16
11060;19233;1481543105;12
6602;8647;1481531788;12
344;5409;1481520426;2
8194;1404;1481536478;4
26280;4993;1481535855;8
13930;8223;1481520495;18
20930;14157;1481535372;8
25341;24695;1481521275;10
7778;6512;1481522627;14
3955;6884;1481520633;12
6503;26314;1481535412;16
15105;19850;1481539447;10
15322;2141;1481515639;8
6614;2413;1481513263;16
12591;1977;1481516235;12
1627;26281;1481544456;4
2526;21093;1481534729;2
15768;22942;1481510023;12
7820;13344;1481549564;6
23327;13792;1481519624;18
5388;19219;1481532594;14
9656;4804;1481545229;4
9664;1448;1481540599;16
1595;4217;1481525127;6
9105;20157;1481534166;12
9788;11041;1481522581;8
21501;9813;1481511843;4
7916;10470;1481526995;4
4211;112;1481524343;18
11397;1738;1481516527;2
7145;5678;1481514579;18
2605;4677;1481544902;8
3977;1899;1481547371;12
22959;879;1481537385;18
11811;6483;1481546724;8
17413;14547;1481546233;12
13859;10175;1481549321;16
967;25501;1481523394;10
7957;4557;1481523205;10
134;19486;1481550036;2
3584;16202;1481549961;4
6430;14574;1481535294;10
2335;7552;1481511259;6
10614;8521;1481546665;6
1074;1431;1481525344;2
10125;7864;1481526038;2
10489;27283;1481523345;16
7076;12237;1481528928;8
6026;60;1481530821;2
6565;6523;1481511702;10
27019;3990;1481531493;12
1341;57;1481512011;8
25258;3781;1481519055;14
4727;4336;1481538352;2
11910;6813;1481548772;2
11220;4895;1481545542;12
4985;1332;1481517575;14
18182;12562;1481546816;6
10813;20925;1481515674;2
6276;7684;1481510489;16
4220;17376;1481544420;2
9681;18876;1481546876;12
25055;11814;1481511621;4
8527;14194;1481550283;6
6284;6226;1481545151;8
11005;9016;1481511507;10
12795;7070;1481547995;14
13949;14800;1481542050;16
8348;7392;1481522768;10
3325;20157;1481511242;2
15736;21462;1481521914;6
25021;9659;1481540230;8
23729;7802;1481536963;16
21254;27428;1481547699;6
26128;27410;1481532291;8
18438;10689;1481531401;2
13901;13197;1481514997;2
1792;1192;1481510353;10
11802;10650;1481543304;6
6278;7441;1481519275;14
4825;3962;1481528987;4
10220;3501;1481511900;8
1351;7569;1481525758;6
7483;7847;1481532213;18
3622;27557;1481539751;2
5825;11601;1481525696;10
18834;6891;1481518558;8
7715;1137;1481523207;10
2328;20153;1481526265;10
6989;12032;1481529643;10
6389;1353;1481511768;4
4214;11776;1481538642;8
4353;13776;1481530707;10
3561;7047;1481518010;4
9013;12283;1481525108;8
9281;26302;1481542810;4
5775;11728;1481523284;12
8399;24752;1481525579;16
18321;10363;1481548086;16
11696;4355;1481517521;16
11563;21042;1481526350;4
2274;10998;1481513616;18
12287;5875;1481538467;12
357;8376;1481534860;16
7023;18305;1481519155;14
8834;11132;1481515521;16
26128;23054;1481547085;8
1281;130;1481543897;18
8303;12183;1481542605;6
3962;14108;1481534143;14
9454;396;1481534473;2
14654;6471;1481521711;12
10699;5007;1481532877;18
5393;4837;1481521903;4
7636;15648;1481534966;10
25507;11004;1481519284;4
21308;19069;1481514943;2
1142;18836;1481529207;14
9407;5547;1481548595;2
16196;22178;1481528468;18
10813;10600;1481513433;16
25047;19990;1481539084;12
5480;13495;1481530409;16
7159;5257;1481528163;8
5511;17498;1481527670;4
15347;15323;1481545367;10
5485;402;1481531486;18
19024;259;1481533610;2
13177;1331;1481537236;18
2273;20071;1481524676;2
1837;13128;1481533353;12
14914;14553;1481543435;4
4903;8223;1481527839;8
4573;9528;1481537075;4
66;9299;1481520494;10
1984;23466;1481534615;2
7797;4995;1481525107;8
16293;1584;1481533891;6
12763;18144;1481520496;4
10295;25080;1481524083;8
19207;9746;1481542746;8
19583;11807;1481523670;10
1000;14565;1481544086;18
14432;14434;1481515486;18
3640;1978;1481524018;18
10924;14283;1481541107;6
568;1841;1481513168;12
6614;6249;1481522022;14
15022;11751;1481513408;12
6411;57;1481524196;10
14157;23445;1481529221;10
11001;6449;1481527028;4
6938;20846;1481541646;2
7911;27382;1481533294;6
27434;6947;1481510871;8
5507;6138;1481541967;8
9180;5613;1481534090;12
1299;25516;1481547266;18
1708;8439;1481530413;2
10103;1890;1481531137;18
9472;5906;1481526307;10
1422;23019;1481511593;2
24373;24471;1481538303;18
23160;26262;1481531467;8
15465;8807;1481510194;2
8119;350;1481536396;2
11808;4566;1481525394;6
3071;7190;1481540031;8
7510;16295;1481531633;6
273;25487;1481523591;10
1504;25326;1481535741;12
27472;8969;1481520904;14
17673;7251;1481549541;16
20287;2813;1481534429;10
17439;6789;1481538216;8
10636;10562;1481527587;2
1191;4484;1481519831;16
5886;1510;1481518469;18
23347;9458;1481548797;2
82;7360;1481530587;14
4265;7051;1481525641;6
10191;2120;1481513400;16
5702;3088;1481509667;14
5840;17332;1481535347;8
13907;8195;1481525579;12
4242;13075;1481547580;12
23884;3116;1481543377;2
17295;4274;1481521441;10
10814;17901;1481533002;10
21400;13986;1481526833;14
5415;1262;1481529167;18
8439;26112;1481538921;10
20074;21322;1481523144;14
15238;7296;1481544988;6
8398;1229;1481528427;14
7773;3401;1481514696;18
20419;20979;1481529146;14
17280;6022;1481529903;16
15103;16053;1481513614;12
4027;8928;1481531419;10
8748;20156;1481528553;18
14246;2344;1481525757;14
18865;26085;1481529144;14
12425;6330;1481513151;16
16863;18823;1481527280;16
3624;13944;1481511822;12
27088;26319;1481517069;4
5987;10276;1481532386;18
20287;24472;1481530503;2
13771;23542;1481527873;12
3495;7268;1481530696;8
15916;4905;1481515907;12
27459;11388;1481532094;2
11985;1887;1481545497;6
25434;10878;1481512611;8
382;2033;1481538706;10
4585;7797;1481539838;10
12120;2166;1481521688;2
1245;7077;1481537259;2
17015;19792;1481519295;12
11243;11479;1481536663;14
5417;3992;1481539996;6
20093;25706;1481520855;4
19941;17390;1481544959;12
1920;1014;1481538160;10
14273;1977;1481515573;2
9515;10010;1481514612;10
9538;4689;1481509968;4
2023;22178;1481529637;8
2795;4008;1481544971;4
15419;346;1481542787;16
8754;10638;1481541759;6
10802;12744;1481547428;12
6578;1768;1481513192;8
17168;20707;1481523121;10
990;8751;1481548545;14
182;4361;1481536646;4
26150;7902;1481519399;16
23468;10459;1481537139;12
9294;5833;1481536961;14
27060;1483;1481530351;14
6998;6441;1481518607;2
5401;3124;1481544735;14
24669;23059;1481514852;8
20869;5411;1481523071;16
1258;14194;1481521409;14
13861;8959;1481531749;16
5997;18804;1481538625;12
27556;10749;1481537367;2
9315;8371;1481519141;10
11108;10459;1481533280;2
7689;27057;1481521972;14
3275;9209;1481536910;14
10616;3382;1481520967;18
5929;3707;1481534503;12
10647;16824;1481540078;6
10833;5517;1481540905;12
19091;6614;1481547139;2
1645;16179;1481515595;18
4585;13184;1481538944;4
12391;14623;1481543586;8
4744;4197;1481515968;2
1990;6367;1481535049;8
6275;6420;1481518669;18
20975;17399;1481529850;16
1320;893;1481544976;10
1427;149;1481510195;4
1117;883;1481516276;16
15980;27126;1481513554;18
7836;23525;1481547337;18
6891;8004;1481541425;12
10199;8187;1481530921;16
382;1584;1481532388;18
14270;7247;1481524910;18
19487;13798;1481511446;12
17148;11702;1481536046;18
5980;11137;1481538417;4
3751;7964;1481517194;10
5002;1742;1481521069;18
23832;8406;1481510553;10
5742;3904;1481516600;2
9987;6657;1481547711;4
2621;4740;1481527614;6
3997;15162;1481546589;10
1942;3547;1481518113;10
7607;19074;1481531163;16
13238;19779;1481517776;18
927;25156;1481526635;12
10572;9241;1481542060;18
8758;12788;1481541481;14
23449;4952;1481541454;18
5954;6390;1481521895;14
15996;18857;1481546965;12
11687;6939;1481548593;18
12631;38;1481524537;4
3422;22995;1481518953;14
7273;6555;1481535122;10
5413;11795;1481516008;14
13943;3287;1481515172;2
25068;27342;1481537208;6
10674;7258;1481543868;18
438;13943;1481513769;8
24650;14962;1481539057;4
8933;3095;1481544529;16
349;8949;1481524293;18
163;10116;1481525915;6
1276;24258;1481549184;14
14653;5128;1481511045;18
22614;16837;1481543808;10
24532;4531;1481512269;8
1342;1042;1481543627;18
12674;17873;1481549831;12
2020;81;1481522115;10
9841;5725;1481510772;14
11267;10851;1481514579;4
6504;20848;1481534551;12
6590;20587;1481518807;4
6332;10509;1481543072;4
8742;5628;1481521086;10
8916;18198;1481528817;14
14248;19506;1481526211;14
9956;14431;1481516135;14
3379;23356;1481517034;4
10602;11950;1481522873;6
6655;6575;1481528215;4
4600;12146;1481529496;10
25195;9067;1481516892;16
921;27013;1481550343;12
27261;22921;1481519326;6
8995;4705;1481534980;10
7815;10560;1481526117;6
15761;16911;1481546971;6
8833;3572;1481517707;2
3698;9192;1481519968;16
3624;17507;1481543159;16
4862;970;1481518189;2
2728;22460;1481540919;2
5439;20065;1481533982;2
17388;11795;1481518413;16
20113;5713;1481532414;12
27042;4044;1481514560;8
9455;10190;1481543312;10
8555;11110;1481541774;12
15734;27378;1481519264;6
8017;9470;1481549422;6
6953;20852;1481548092;16
11214;20086;1481539710;2
17049;15786;1481541180;4
8558;15763;1481543663;6
16813;7440;1481539483;8
8462;18837;1481528734;16
24681;5823;1481520842;4
2839;19233;1481542301;6
5783;10194;1481550810;14
9747;20911;1481513245;4
1153;23695;1481538263;18
4331;899;1481539216;2
10434;1189;1481529755;10
74;5935;1481513820;2
25078;17581;1481517573;4
9420;9511;1481521837;8
9458;13241;1481540596;16
27295;6283;1481534278;14
3495;9975;1481533443;14
17301;9878;1481542512;12
2018;24139;1481544637;6
5702;11730;1481537239;2
1962;5352;1481525129;6
4544;24584;1481531327;4
21212;277;1481545305;6
7935;10597;1481523484;8
5773;26185;1481537088;2
7939;6417;1481522108;2
20369;8746;1481529378;12
4516;19471;1481536686;4
3628;12378;1481542217;14
4056;8036;1481531723;18
111;13772;1481511944;2
22579;10809;1481528635;2
17198;154;1481526738;4
10749;5475;1481515087;12
9421;18908;1481537178;10
10044;12023;1481524896;12
9805;2836;1481515133;16
5677;12282;1481521279;14
10258;15521;1481529331;6
124;3073;1481531620;16
5705;190;1481523816;14
5265;7562;1481533929;4
1342;12159;1481542285;6
3915;6649;1481531362;8
15935;24690;1481523323;10
11614;6274;1481517411;6
11255;26469;1481528164;16
6975;1091;1481534635;10
23789;3255;1481546629;12
11004;19283;1481510677;16
27473;22921;1481522403;10
1726;115;1481528676;4
7009;19948;1481532652;8
10292;8353;1481513755;4
10912;1349;1481533639;18
6986;15339;1481545493;18
18342;20063;1481547287;18
5629;11152;1481520072;6
6457;15228;1481522982;12
6450;1267;1481535560;4
13197;8249;1481514184;18
11035;17791;1481520886;16
1623;1567;1481549808;12
15309;1628;1481539373;2
7680;16936;1481541261;8
5045;20773;1481513025;2
85;16558;1481513228;14
23085;1545;1481543424;12
5778;12920;1481510080;8
20404;12063;1481521116;2
6203;14550;1481531238;8
15349;14445;1481545501;2
18533;2527;1481546415;6
17475;19897;1481544120;12
3278;7264;1481546796;14
2523;15222;1481514046;10
11945;9528;1481514742;14
20089;8462;1481520758;18
5803;19864;1481512139;2
121;18158;1481528760;6
6551;20341;1481543021;6
1892;15235;1481517515;18
26329;27404;1481545799;14
20656;18860;1481541106;2
20460;5884;1481537998;8
16656;14639;1481535868;14
14796;5904;1481518719;14
26068;10499;1481545994;2
20972;294;1481523991;10
6217;10027;1481542426;4
6862;10728;1481550934;6
25193;9520;1481509916;14
14961;1487;1481512124;10
8832;23087;1481513406;18
17510;19304;1481527387;10
6318;11157;1481544883;12
14199;20636;1481534920;16
25368;16916;1481525810;2
15215;14263;1481515206;4
88;20707;1481522137;4
9058;10543;1481518013;10
6578;4178;1481523831;10
19571;13880;1481541417;6
21378;6275;1481550168;8
8532;10192;1481550819;12
22292;8526;1481543456;16
4967;2174;1481528725;18
3743;14884;1481547584;10
9314;8274;1481544134;12
24252;6614;1481533796;10
14550;354;1481541554;2
1011;1744;1481535709;10
110;5128;1481527637;12
15351;5842;1481519969;4
186;23787;1481530386;6
7064;9938;1481550756;4
22510;8115;1481531136;8
12796;4214;1481534341;6
14657;17502;1481519502;16
8296;19764;1481545658;10
17349;1146;1481531800;10
6451;27522;1481514438;16
11094;6810;1481523825;2
17449;1636;1481522899;12
23159;1664;1481518528;2
6317;21728;1481536471;18
21365;23364;1481534681;12
18340;27475;1481547665;6
1355;958;1481528508;6
4676;16045;1481520180;2
27431;19076;1481546855;12
15326;25065;1481537291;4
6017;23328;1481525675;2
17169;27462;1481538918;2
6294;15533;1481543704;14
8118;12022;1481514841;8
20485;11941;1481550805;16
6017;167;1481539994;4
4756;2157;1481517544;14
22263;57;1481525458;18
9290;2879;1481519320;2
1294;5260;1481518577;12
6925;23333;1481530695;2
18180;15188;1481543190;8
2746;8685;1481543881;14
17030;25358;1481549077;18
3714;417;1481533494;14
1112;1444;1481521846;12
24511;8588;1481541591;12
21374;1261;1481543833;12
24743;16828;1481530569;18
10270;18303;1481523484;6
3032;14274;1481534406;4
1135;4224;1481530540;10
21231;183;1481550624;12
9418;5808;1481527521;12
9024;27344;1481536775;16
5400;20890;1481519610;16
18871;11401;1481512592;12
6620;15463;1481528630;2
4589;2821;1481517563;14
25163;4593;1481550005;12
22983;10263;1481511423;10
13217;4848;1481544933;16
10639;2844;1481539502;10
10526;23123;1481536471;8
7997;8658;1481516737;18
19923;897;1481541179;14
4768;12414;1481515019;16
11247;27521;1481546510;12
22539;25160;1481531747;10
1514;3352;1481527887;18
19372;23262;1481512394;18
9166;25706;1481524738;14
16652;10670;1481544085;6
6145;9077;1481542386;2
1311;12709;1481544668;16
6764;8031;1481536039;4
19625;5699;1481512924;2
3513;23444;1481530345;10
10097;24178;1481537725;12
11603;5952;1481541948;2
6506;12642;1481511493;14
14242;8075;1481515259;14
10348;2413;1481550277;6
11064;15918;1481518092;6
27458;6167;1481536177;2
7895;8973;1481515592;16
9534;6459;1481531583;16
4662;7531;1481544491;18
20336;1855;1481533628;4
5039;15482;1481535681;10
16199;5101;1481537031;6
20913;25042;1481537270;14
4930;2942;1481512326;16
25261;14810;1481520259;18
8230;23444;1481523509;4
13943;27205;1481509706;14
11772;12142;1481515429;18
13778;4263;1481546448;14
3981;20154;1481523316;16
15018;4304;1481523868;12
11685;4055;1481515333;4
8364;4750;1481542109;16
24475;19549;1481538257;4
5952;8328;1481536509;10
10388;4527;1481520527;6
6454;5277;1481520458;8
15237;5895;1481547334;8
7163;13559;1481511501;12
16321;1890;1481540589;8
1520;13907;1481540100;10
20038;25194;1481528610;6
6826;185;1481521428;12
18963;9535;1481525515;8
14648;11143;1481522383;16
17264;19225;1481517931;4
20444;27012;1481522975;18
17457;2396;1481510014;16
15721;81;1481518203;12
339;19274;1481539265;2
9791;11896;1481532158;16
22582;24540;1481546840;4
6308;6664;1481513934;4
10734;2352;1481540207;2
20425;17025;1481527712;6
7000;8914;1481545020;6
14190;9200;1481520088;12
20989;4795;1481512464;18
25055;17211;1481546577;6
10782;3010;1481520668;10
11720;10517;1481533279;6
1699;22927;1481535682;6
14904;22971;1481527358;18
7097;3488;1481540105;16
6004;8642;1481516935;2
17425;1123;1481524132;16
23445;1847;1481519754;16
19054;23337;1481542365;18
19807;9112;1481524525;4
25363;18154;1481511491;2
26318;20949;1481513046;8
11039;6467;1481519447;10
433;23730;1481530664;2
214;17564;1481520024;12
15998;17292;1481541849;10
2729;11904;1481536760;4
8472;965;1481518970;16
6149;11618;1481533566;8
8888;2742;1481531775;4
7563;3411;1481548763;12
25391;8121;1481522754;16
12762;1929;1481515688;8
308;27391;1481519290;8
20337;12412;1481523555;12
2384;22996;1481509921;6
14907;12297;1481510942;10
2371;14810;1481525645;4
1420;12784;1481533537;14
9310;19590;1481536535;10
3749;5509;1481536139;2
4852;19950;1481547054;10
6344;11407;1481543463;8
4930;17045;1481512598;14
5084;24462;1481509859;12
26304;4930;1481513411;14
23450;11236;1481520229;4
27104;6485;1481549218;18
2989;6591;1481537771;8
23161;20463;1481535589;18
4240;7138;1481521097;2
20679;15229;1481525032;18
19275;963;1481535494;4
931;21801;1481511470;12
24733;8966;1481517603;12
27452;18192;1481538235;10
20126;16021;1481524339;6
24017;1915;1481543357;6
17337;23060;1481526792;10
58;11037;1481518657;16
16140;432;1481513675;16
17350;14191;1481516367;16
2801;6691;1481547263;6
7959;10102;1481545051;18
23115;15107;1481520871;14
15372;14793;1481517429;12
17488;20361;1481530727;12
4010;21416;1481521561;4
16136;26105;1481527457;8
4552;4314;1481531677;18
9861;7442;1481523482;18
9300;8160;1481535654;6
23805;1206;1481519619;2
19053;6377;1481547395;6
980;15995;1481544041;8
15248;6265;1481517158;6
8147;4911;1481515641;16
7089;8945;1481516068;16
8551;25085;1481518356;14
10462;8988;1481527229;10
25087;9367;1481525586;10
19936;4924;1481548880;18
3380;27467;1481534652;10
5905;12215;1481543404;18
25291;7267;1481546276;2
5488;9803;1481540075;8
24970;12781;1481535280;18
24708;20114;1481538552;4
4278;4277;1481520953;8
7083;7189;1481511142;16
8828;27174;1481538890;14
6811;24392;1481516830;2
4020;12221;1481547114;18
4994;5692;1481536871;14
6712;9668;1481528117;10
15231;282;1481521397;10
5261;1530;1481518988;6
14557;5106;1481546802;6
12374;14689;1481545184;18
1221;1059;1481530737;10
5973;8419;1481548296;16
16834;16007;1481521896;2
22969;6890;1481527942;16
2393;19911;1481545586;6
7336;18107;1481509876;10
24670;6959;1481522075;6
5551;4025;1481528260;18
17169;7819;1481515915;10
9815;3488;1481527880;18
1083;181;1481513798;2
7770;27550;1481532828;12
1534;6931;1481512960;4
18115;4627;1481512604;4
3073;9103;1481521371;16
12041;21495;1481529731;2
7355;5108;1481530651;12
25063;11848;1481536804;14
14165;19795;1481516937;12
10388;8551;1481534685;4
27424;8657;1481550291;6
23338;6890;1481521553;14
11019;2523;1481539366;14
23486;7843;1481525181;2
20347;19712;1481511241;6
7834;10875;1481519612;10
8956;4657;1481537917;8
5634;1180;1481547815;16
17593;3277;1481548070;8
19559;10851;1481546219;18
3851;6596;1481520315;12
3002;11834;1481526192;2
19585;18112;1481527879;16
24327;10538;1481510688;8
5374;15748;1481530315;12
12921;3467;1481536831;18
11482;11121;1481544169;4
15119;27097;1481547119;4
25074;11950;1481543639;6
27375;1113;1481526404;4
5411;9167;1481538130;10
5930;9547;1481525151;14
24394;20484;1481527088;6
10108;3396;1481522410;14
6999;2294;1481547476;14
3556;8795;1481548468;16
9808;5413;1481515972;14
9528;7567;1481547619;14
15;26138;1481528775;10
13826;20687;1481524757;4
9015;6879;1481516790;12
19837;25386;1481532705;2
20113;5990;1481538971;14
3505;1661;1481543210;2
3008;10264;1481512307;12
9771;1588;1481530467;2
7342;20127;1481550754;4
15748;19045;1481526949;10
11225;4105;1481535165;4
21231;10728;1481544681;2
27387;4723;1481526477;14
13078;15980;1481518236;16
17607;19800;1481541029;18
15461;27443;1481549559;12
6859;14124;1481510709;14
9645;8390;1481540732;4
9756;2415;1481518818;12
5401;6696;1481518053;8
16863;11811;1481543524;8
19950;25003;1481518988;12
10107;10292;1481517673;16
12619;11105;1481529819;6
8921;9768;1481539194;14
9315;3280;1481540824;8
7848;20072;1481529793;4
6286;14621;1481516373;6
5492;6582;1481543177;12
4669;21077;1481542929;4
12289;1209;1481526148;8
4505;5634;1481526030;10
22602;20642;1481511161;12
8506;21407;1481515926;12
5742;3723;1481529884;2
8301;22966;1481536431;16
14282;18822;1481517379;6
1977;27410;1481526026;8
9204;15244;1481539197;6
9156;10764;1481532026;18
24239;3022;1481543013;14
370;4022;1481514783;14
1366;3267;1481524840;14
6969;4787;1481541070;10
9665;17537;1481526097;18
2893;11481;1481530246;12
11209;1314;1481547783;6
18946;12089;1481537853;2
14156;6205;1481535414;18
23085;21321;1481534231;6
8983;347;1481530248;4
22955;4750;1481536167;16
9001;8849;1481549877;8
101;1022;1481545214;14
9481;7347;1481528145;12
8389;10089;1481547326;4
975;3095;1481516039;4
12336;4741;1481522717;12
5871;14143;1481530971;8
8526;16118;1481533905;10
7624;20036;1481532977;18
10726;10422;1481512811;18
20972;19585;1481550498;16
5430;7443;1481543496;12
18763;26039;1481527593;16
16118;5101;1481537387;2
9367;8405;1481543032;10
6454;11943;1481526455;10
10508;9246;1481526679;6
6472;11850;1481545275;8
9516;2415;1481542330;14
9218;25327;1481509663;16
1084;9663;1481523914;6
337;3373;1481526958;14
5883;25707;1481531545;4
5937;1971;1481538012;16
14899;1841;1481549749;16
19937;3271;1481526649;6
18423;22178;1481525849;18
9997;25321;1481527148;8
8366;12307;1481513185;6
7319;10289;1481530887;16
9467;12411;1481531765;4
10599;12069;1481511740;6
8322;15533;1481541537;4
21216;12711;1481523378;12
14116;6890;1481528576;8
13238;3075;1481530442;10
184;16131;1481530454;12
1639;22527;1481516968;16
6195;6895;1481512921;16
4246;391;1481531556;16
8139;6005;1481540647;8
12245;1384;1481541251;8
13238;7157;1481527479;10
3945;6375;1481547676;18
3161;8505;1481523958;6
22133;5388;1481537378;18
4990;3769;1481514766;10
27470;26313;1481516648;4
19497;2274;1481524559;12
18049;18843;1481536560;12
10496;14183;1481542091;8
15085;14159;1481541443;18
14573;5840;1481512614;14
27393;8753;1481545216;8
2284;6136;1481535157;4
6332;11211;1481532297;18
16051;19217;1481537566;12
7418;11236;1481537035;2
6336;23468;1481543256;14
10100;4955;1481550299;6
25040;7004;1481514224;12
16144;14878;1481516671;12
20006;8018;1481526178;12
4914;7051;1481538711;16
13560;1979;1481522602;6
212;12072;1481550427;2
9159;17901;1481522308;2
7645;1307;1481532673;8
1177;7390;1481518950;18
3071;20341;1481516275;14
15189;20443;1481548092;6
7836;11137;1481537509;14
3021;4876;1481517626;2
8651;23515;1481533971;12
10921;7632;1481524210;12
11947;22142;1481528344;4
22503;24923;1481530757;8
333;4312;1481543012;8
9454;4841;1481514630;8
27403;17550;1481528968;2
16140;8866;1481515680;8
3880;27022;1481521820;12
1364;25360;1481515647;18
10120;10182;1481549700;4
23737;27554;1481525022;8
9062;8035;1481512174;12
11148;5612;1481541799;16
20735;1299;1481524422;18
5992;7605;1481517262;10
1567;1971;1481515507;18
19208;2335;1481511928;6
9498;8140;1481516834;4
20867;1321;1481533257;14
27061;10107;1481511440;6
7797;14136;1481541026;16
13196;18336;1481510292;2
15322;6508;1481531999;12
6391;19576;1481510504;10
27285;11952;1481551090;12
2366;7881;1481532524;18
9975;11618;1481543934;2
21739;24733;1481541355;16
15403;15327;1481531590;8
27444;27118;1481526971;12
19880;7046;1481541744;6
9531;21488;1481528051;8
8321;2736;1481545075;8
975;7360;1481534105;14
7097;1030;1481544777;16
5914;12317;1481527654;12
4687;3934;1481526124;4
9848;7907;1481541993;4
1301;39;1481526756;10
8576;26108;1481529580;16
11019;5993;1481540773;14
22258;16320;1481547413;14
11068;13825;1481548161;16
9829;4898;1481532951;8
19798;12295;1481521491;2
7418;17266;1481538216;2
17770;2131;1481532375;16
3294;1226;1481540757;12
11053;6658;1481528297;8
14811;8827;1481548619;18
11090;12262;1481522191;2
20444;11476;1481543781;10
1955;12576;1481546915;12
10675;8599;1481529333;4
7812;10685;1481516029;14
12235;14920;1481517906;8
14614;2837;1481522321;12
10108;27161;1481543468;10
18092;9206;1481541232;8
14167;15287;1481549424;8
1623;24714;1481512737;16
16022;17407;1481542687;10
5428;24997;1481533033;6
2345;20404;1481530635;6
27458;2035;1481522959;4
12287;16936;1481539055;2
6888;10810;1481532227;12
8439;5084;1481549477;6
20455;1483;1481517960;2
16368;9113;1481527599;14
27017;24989;1481523952;16
275;291;1481516685;12
346;1764;1481547049;12
9830;8436;1481528206;14
18834;6176;1481530330;14
8806;2875;1481549155;8
8545;14712;1481526519;4
27460;7059;1481529456;6
4748;20417;1481514021;4
10727;20995;1481520006;12
16933;20409;1481535372;16
423;7404;1481538376;14
4578;7355;1481524220;14
12244;4658;1481525635;6
905;19848;1481547354;10
13078;7829;1481521944;12
18071;7935;1481549601;8
11084;12868;1481529793;16
379;24180;1481509719;12
19060;14977;1481533657;18
1921;21840;1481515136;10
9869;18910;1481538662;2
22627;7627;1481548153;14
10562;14209;1481530018;10
20790;21384;1481548886;6
6557;3749;1481522408;12
16826;9155;1481549014;4
939;17879;1481540594;6
1583;2463;1481514982;8
6662;4873;1481519453;16
7087;4195;1481538595;10
20846;15239;1481527873;18
24239;8421;1481516146;4
16182;22535;1481520249;18
23546;1302;1481544881;10
20963;25507;1481515567;14
11173;7843;1481546388;10
21312;427;1481512383;16
1889;10638;1481543489;18
20691;6825;1481532773;18
25492;1398;1481519803;2
2876;10601;1481551137;16
9903;23856;1481516961;18
1029;18177;1481516155;18
15086;1172;1481522196;18
13341;9848;1481517378;2
13826;1379;1481550015;6
23849;21841;1481512463;10
5973;19946;1481523052;2
4541;13928;1481550242;18
3369;6204;1481534524;2
23532;227;1481531133;6
176;24349;1481525644;18
24665;23621;1481511223;14
7688;1440;1481530825;18
19772;12880;1481521584;12
5892;7776;1481524214;4
15516;12410;1481547303;4
1338;25178;1481528492;8
7881;20037;1481523567;12
9217;14551;1481526661;16
8576;6664;1481523904;14
11827;17552;1481537527;8
27459;210;1481530582;18
14230;6500;1481547814;8
12012;1194;1481510803;10
3072;10778;1481511435;10
8982;6580;1481531740;16
19285;4241;1481545429;4
20147;6981;1481514084;8
2775;20754;1481528605;12
10821;19946;1481540750;16
1028;14571;1481514904;10
4553;8253;1481542872;12
1844;16880;1481540815;18
72;10983;1481514850;14
1218;4921;1481531811;8
1270;20404;1481542037;12
10007;6956;1481527417;10
7236;6655;1481544568;2
4781;15008;1481525292;14
24445;19819;1481529202;16
384;5869;1481515274;18
10311;19599;1481534033;18
4747;185;1481543263;18
77;20015;1481530112;6
7590;6178;1481520181;12
3029;25056;1481520934;18
6657;442;1481516561;12
8014;3265;1481519106;18
1547;17293;1481538587;2
17848;9916;1481550136;14
1293;24654;1481540032;18
12646;9602;1481543234;10
20528;22274;1481511582;12
4015;2409;1481529492;8
9528;27207;1481529096;4
14258;19050;1481510490;18
20704;1791;1481543938;12
5773;20909;1481519501;10
19422;10717;1481530309;10
1638;8466;1481548788;12
8478;102;1481537906;12
26038;1902;1481533299;4
11742;8925;1481517025;10
6374;3899;1481529901;10
14136;17207;1481522576;14
9054;14636;1481535070;14
19090;9758;1481517362;2
4797;7823;1481550180;6
4575;5709;1481520352;16
2132;6931;1481545452;14
16902;20067;1481518481;18
1684;16134;1481515960;8
21498;6533;1481527740;12
27548;13859;1481545405;16
24928;353;1481536198;8
4785;10916;1481547512;12
2379;4243;1481522195;18
19079;10245;1481546077;12
913;21091;1481550429;6
13800;12118;1481511868;6
26161;3378;1481546175;14
5508;9329;1481542165;14
17462;6358;1481530445;12
8809;27287;1481517504;2
10008;10268;1481546527;6
24929;4741;1481522405;16
6701;7456;1481540781;8
11222;12573;1481529245;12
20629;9975;1481516576;6
27402;5105;1481545753;10
6208;10473;1481540582;6
7531;1056;1481516244;14
7076;9652;1481536685;18
3620;185;1481513132;6
25265;3707;1481510824;10
26072;24133;1481545764;12
3269;7462;1481525598;8
5359;5929;1481542924;16
9015;9058;1481542513;8
26394;13681;1481533449;16
6810;10665;1481512466;12
19860;1137;1481525819;10
1093;24669;1481524843;10
4990;13199;1481536561;10
3006;1349;1481546192;14
8468;18820;1481511593;16
2805;6283;1481527115;16
19718;11177;1481519615;6
18092;6434;1481548887;2
19092;15216;1481531439;12
8519;101;1481516547;2
17262;6001;1481541121;16
27104;24742;1481527820;14
12654;9155;1481530154;8
9512;5084;1481528896;14
19914;8933;1481545250;16
2526;11147;1481518792;4
17291;7884;1481524152;2
20951;24724;1481548172;10
11477;8753;1481534280;8
5547;17307;1481512663;14
4803;6271;1481518707;2
11694;4582;1481512763;16
25380;6196;1481534904;16
6567;2115;1481520282;12
21314;17330;1481547134;6
8030;7251;1481520512;14
3702;16810;1481512805;6
6792;9201;1481523274;18
9242;3070;1481525740;6
19916;11144;1481535394;18
16856;16810;1481517316;2
5813;7584;1481537027;18
2783;16828;1481540494;6
4697;5432;1481548696;18
5355;24173;1481533423;12
1410;1664;1481518958;4
1205;20895;1481526823;6
20098;19881;1481543971;6
8471;25169;1481545177;16
7002;6639;1481551044;6
7052;21404;1481513129;4
23524;5392;1481545290;18
6024;11094;1481543409;10
1654;10032;1481526151;6
19840;24141;1481532666;10
2982;26395;1481530252;4
6825;36;1481525596;4
16797;12328;1481511517;14
22159;6497;1481519150;14
20459;1193;1481550641;18
6114;78;1481544152;10
23486;14001;1481514334;8
6360;1723;1481550677;8
9868;16134;1481541181;2
1426;6160;1481528186;12
12181;22147;1481537830;4
9645;24707;1481514522;10
14430;19571;1481512210;2
14566;10915;1481531316;2
5735;5440;1481550094;14
6913;20127;1481538584;8
8759;17269;1481532840;2
1953;9357;1481538097;4
16824;1162;1481518410;6
14261;3985;1481524111;6
148;11691;1481528400;14
19420;19955;1481516694;16
15747;23118;1481551108;6
8279;24659;1481513629;8
1153;5109;1481510780;12
1195;16852;1481543557;16
7076;7062;1481539345;18
2018;6628;1481545062;12
1390;21371;1481512433;6
9272;5379;1481544203;6
5334;1867;1481526487;8
14586;382;1481543579;10
13888;21389;1481547481;4
7263;6421;1481550696;16
14899;1002;1481521177;10
20946;10317;1481542591;14
6245;7700;1481511251;12
16890;16780;1481549740;16
1425;1306;1481516540;4
436;7760;1481536758;16
219;25075;1481535113;12
5714;986;1481526181;16
18808;8172;1481538758;18
27133;2403;1481538386;4
21295;21302;1481536377;4
10596;7609;1481525365;18
977;1801;1481542721;8
6804;1737;1481511489;18
4243;10470;1481516325;6
23439;10916;1481515955;16
26329;21485;1481510062;4
27490;20846;1481513772;4
1300;8005;1481544189;14
322;24137;1481519729;14
3248;9602;1481537925;6
1262;19549;1481540918;16
4951;23521;1481536551;14
8880;20933;1481532046;4
1219;1616;1481521541;6
288;2147;1481512493;2
6022;19061;1481547162;2
1036;21382;1481517311;6
15287;7173;1481509819;8
219;7251;1481533848;6
11234;23023;1481545300;18
8360;4826;1481530414;2
11786;27330;1481515954;16
21485;20411;1481540036;4
12567;4259;1481530366;2
23012;10889;1481547532;12
10566;16011;1481535384;6
20539;6853;1481528164;18
22796;26041;1481520983;14
8560;302;1481522932;10
7272;22131;1481532311;4
15074;5817;1481515825;10
7413;25190;1481550760;10
3738;20692;1481537505;14
6581;27182;1481522953;8
22479;1495;1481544100;4
78;7840;1481532548;18
3277;12421;1481525390;16
12284;17391;1481516565;4
3856;17471;1481519358;14
18323;2738;1481511608;18
5477;7427;1481547696;8
13114;19079;1481530290;16
21802;14108;1481521458;14
7857;7485;1481548905;8
19050;114;1481512118;18
27428;8454;1481549099;14
14132;12519;1481512836;6
4902;8472;1481547303;16
25288;5356;1481529529;18
5739;10556;1481542648;8
5736;13758;1481523418;4
11944;22312;1481536411;18
295;16810;1481542488;14
9194;4733;1481539536;16
15994;17266;1481518261;16
17262;6472;1481518990;16
15985;15762;1481550088;18
17891;12161;1481533663;2
15448;15119;1481514401;16
380;17886;1481531612;2
12244;8508;1481515651;2
11810;1009;1481547175;16
9010;22929;1481509580;8
19272;4829;1481537607;4
9556;4879;1481533152;4
5875;6583;1481531485;4
11810;5124;1481539863;10
5392;9820;1481533847;6
9836;8540;1481543576;12
15073;26104;1481521401;2
16119;12002;1481517740;10
6157;26161;1481512375;2
9969;26478;1481549064;8
6365;13772;1481526360;2
23861;20976;1481520555;18
122;27506;1481547010;8
6664;251;1481511865;12
24257;14445;1481546268;12
18340;16913;1481513518;16
2810;20081;1481541863;2
44;6344;1481512409;4
8364;5490;1481531347;14
91;13786;1481520047;14
15735;20420;1481549147;16
3260;11230;1481542332;18
27551;10239;1481520334;12
10032;13298;1481535254;18
1797;21406;1481511169;16
8748;20935;1481525573;16
12795;11892;1481531518;6
14444;7797;1481531163;16
17333;5262;1481545058;6
1343;2133;1481546690;14
17477;1194;1481547527;2
27197;19225;1481547329;8
7624;2835;1481513050;6
17395;10492;1481518763;2
6499;14123;1481529145;18
2152;17149;1481515626;14
6714;12627;1481549373;16
5471;23339;1481523123;12
1112;27386;1481524406;10
1878;23100;1481521365;2
11778;4807;1481527742;10
8758;6456;1481513705;14
25501;1961;1481528179;18
10182;23020;1481516455;18
9759;6724;1481549567;12
23893;115;1481539929;2
6335;5098;1481530999;4
7258;15461;1481542498;18
341;20754;1481529096;4
10195;25283;1481524068;8
6569;24710;1481546505;10
8248;8561;1481522818;16
8597;61;1481524858;2
5879;6385;1481546027;16
9346;19790;1481522567;2
4266;79;1481520027;8
8971;7672;1481527542;10
25440;12871;1481546748;8
7001;15932;1481531027;16
27404;4669;1481532759;16
25269;1446;1481544933;6
12150;1933;1481535906;12
3076;10525;1481510599;10
11780;6674;1481538512;8
15450;3971;1481523336;6
4697;2325;1481549122;2
1493;8108;1481522042;14
15154;11234;1481531000;18
22640;9794;1481544078;10
24282;2737;1481523814;12
9960;984;1481534080;4
14659;2962;1481510124;2
18323;6917;1481548560;14
19554;9961;1481534544;12
179;2809;1481549203;12
3648;9021;1481516524;10
7988;27125;1481510829;10
23823;20006;1481539070;8
17534;27309;1481522557;8
20636;15085;1481512162;18
3;5829;1481548765;4
2152;25400;1481541983;16
5520;22506;1481534986;10
163;12813;1481524949;16
10987;7529;1481528314;18
6966;8970;1481549276;14
396;15931;1481545025;18
14927;18857;1481526417;16
7017;24457;1481521975;16
2365;11905;1481519459;2
25250;7783;1481520268;12
4573;8562;1481527185;4
16178;438;1481529986;4
2464;23319;1481521194;8
4214;9993;1481549450;6
24277;25401;1481539523;6
10323;22796;1481532676;16
400;14802;1481533711;4
16558;27291;1481529567;2
21369;12627;1481536255;18
9162;15025;1481513366;8
1843;7620;1481524984;6
5756;11024;1481548737;10
6706;7597;1481528522;18
3950;1722;1481537003;4
5043;7501;1481524889;14
12337;7890;1481530974;16
20831;3974;1481526333;6
5949;4560;1481514572;10
20901;4055;1481536344;18
18424;6665;1481518805;18
11244;4834;1481532172;2
4907;10281;1481519131;12
6217;10665;1481549553;4
8828;4179;1481531507;10
42;27311;1481527276;18
5725;5421;1481534868;16
16035;12216;1481546238;16
20415;20339;1481518750;4
6470;7510;1481534475;2
12576;25344;1481531988;10
25512;1685;1481516720;4
1390;15996;1481519145;8
17399;6186;1481528537;14
5517;11389;1481550319;18
11596;998;1481539709;18
14778;3408;1481548441;8
82;9357;1481514303;16
7813;158;1481547848;10
6886;14918;1481539859;18
907;2753;1481544325;8
9345;14620;1481524398;8
9483;9808;1481528299;14
17564;16652;1481517957;6
7781;14923;1481550654;10
8816;6856;1481519496;2
1321;21406;1481523284;2
2143;9751;1481522500;12
328;1183;1481529939;12
14119;23892;1481511866;12
6508;3773;1481527717;4
16133;27469;1481514461;14
4781;9011;1481511668;18
5400;2948;1481530506;10
17705;18802;1481535461;12
5906;6305;1481548732;2
2420;6566;1481525548;8
13913;14713;1481522648;12
16008;24649;1481522260;10
955;3942;1481519607;4
5817;14624;1481511706;18
8599;9437;1481514316;12
10103;20239;1481541914;8
5819;2635;1481522542;8
4212;18818;1481549652;14
23191;10320;1481526821;4
20459;20938;1481544769;6
19543;1291;1481541613;2
9831;2635;1481519520;8
27408;6727;1481524837;6
5765;1057;1481530255;14
44;8894;1481520346;4
148;24989;1481527415;12
20359;6820;1481511810;8
4315;7822;1481538404;4
2023;27085;1481538488;14
9006;10164;1481530806;18
2868;2809;1481545571;12
13681;1046;1481538339;6
6781;24668;1481513687;8
26084;100;1481526417;12
16894;18185;1481516459;18
9996;10417;1481550652;14
17862;20412;1481535877;8
4925;7522;1481550814;2
1685;13822;1481520001;4
15025;3757;1481537073;6
18098;1499;1481549065;4
22571;413;1481537150;12
3704;22303;1481537971;6
13852;23304;1481524770;6
6465;3692;1481517636;6
5890;7267;1481511132;6
175;18052;1481544843;2
27481;10712;1481543494;18
4485;7973;1481535454;12
1814;3936;1481550007;16
2727;15100;1481534576;4
2966;8941;1481522694;2
6192;5296;1481525533;16
7399;4526;1481514998;4
24666;9240;1481551035;16
2730;27491;1481519907;4
7976;1925;1481538631;14
27009;25391;1481528532;4
10697;3725;1481541393;4
20963;17405;1481548016;2
2036;15989;1481520243;12
2525;19039;1481530410;14
17379;5117;1481550799;2
12812;5487;1481539630;10
13188;1935;1481511625;2
4879;12656;1481519836;14
6944;20341;1481532504;12
2283;875;1481539558;2
6285;4733;1481550355;8
8539;12376;1481527917;8
118;10814;1481545986;12
6947;21081;1481532448;8
16808;22267;1481512494;12
12558;14628;1481538493;6
7079;10117;1481511724;8
8253;23164;1481534856;14
3538;7048;1481528009;8
8543;5651;1481514375;18
8022;8946;1481518107;2
8324;13973;1481535721;2
1015;47;1481513452;6
1406;8429;1481540168;14
19915;17428;1481543679;14
24989;6826;1481550716;4
6233;14577;1481532556;12
27465;16304;1481516052;14
95;16037;1481546330;2
12698;4349;1481542617;18
8436;25065;1481536554;16
25341;6840;1481516830;14
19822;26474;1481511971;2
7451;15307;1481540874;16
22588;19799;1481518264;10
8745;4743;1481511911;8
7417;11951;1481510801;12
12120;5040;1481543347;4
20681;14777;1481537739;2
6831;23142;1481520469;8
12799;7312;1481520522;18
15189;3556;1481534967;16
6922;7162;1481536182;12
3248;12648;1481521352;6
152;12756;1481536828;18
19555;9672;1481536037;18
27133;25442;1481519233;4
16879;7103;1481542432;12
10734;1677;1481520096;14
27464;8332;1481538739;12
324;8934;1481512486;8
10523;7804;1481521208;4
7915;19546;1481512512;8
1306;8539;1481540912;12
5478;24294;1481533083;10
15031;13085;1481520575;6
8572;2321;1481512808;12
11056;2962;1481543789;8
1339;24672;1481542502;18
17351;14548;1481528177;12
134;5654;1481517526;10
10729;20866;1481542973;18
7022;8753;1481511417;4
26102;20978;1481545402;12
253;7936;1481514051;10
11790;8508;1481523611;12
15116;15295;1481540309;18
6948;19950;1481546994;16
14165;23449;1481526393;12
10796;11248;1481549945;16
27318;11793;1481518164;8
27158;11985;1481549141;16
12557;7477;1481540397;8
14586;6371;1481520074;8
8549;6395;1481529049;2
19539;11213;1481529551;12
10028;5879;1481533902;10
5900;6365;1481515753;10
11057;13203;1481528744;4
20050;10326;1481524165;2
8320;9994;1481539216;10
25388;24672;1481523613;8
22509;5651;1481545019;8
7258;406;1481545659;8
21231;16185;1481525137;6
9422;27134;1481521621;4
9484;20919;1481538533;18
15419;22317;1481520017;10
5873;4753;1481530360;6
1958;18859;1481511195;10
6781;18898;1481516355;8
10411;27449;1481540797;16
12147;6969;1481544818;6
3998;22485;1481550641;16
10700;1523;1481537183;16
4953;1885;1481544840;8
5364;3370;1481520403;18
24172;21485;1481530136;4
14823;11041;1481542358;12
108;9837;1481548373;16
23166;15131;1481515604;12
8506;20340;1481537371;12
10226;14574;1481540619;18
328;11256;1481541170;4
7340;21401;1481549860;8
15475;12519;1481550746;10
16123;3936;1481514280;14
7881;10023;1481528768;14
200;22989;1481520334;14
14515;24252;1481514815;18
19422;7636;1481536512;6
20303;5334;1481532775;2
10412;1768;1481517935;6
4362;2819;1481512673;12
14780;8973;1481546806;6
8693;24568;1481520677;4
8323;22606;1481531179;18
7559;7328;1481514278;18
18216;20318;1481532340;8
3686;10281;1481511338;12
6172;4011;1481532923;4
6218;5974;1481517111;6
15326;19223;1481511973;2
24984;10632;1481513800;6
23618;6485;1481525769;2
8144;19960;1481540353;10
10501;155;1481518581;8
8976;5745;1481514700;14
8500;7443;1481536375;8
4334;18511;1481537249;2
7713;22133;1481533383;12
8456;6665;1481510750;18
307;2982;1481531538;8
9525;6894;1481519702;16
1851;23862;1481530286;12
24925;14631;1481548014;10
1020;2952;1481532008;12
19535;18344;1481526505;12
20091;12333;1481509964;12
2777;46;1481550384;4
4022;25326;1481539195;8
14706;24679;1481550162;18
23069;23618;1481546883;10
18105;9367;1481543455;18
20846;26329;1481509690;10
9955;10829;1481550918;10
887;17511;1481541019;8
7057;14650;1481537460;10
23061;15154;1481539621;12
17800;25;1481549294;6
5647;14194;1481541502;14
3692;8879;1481546977;18
4297;11398;1481537556;12
3989;15214;1481540874;4
17268;16362;1481520604;4
13855;4255;1481531088;16
20425;7264;1481534817;16
5281;7439;1481550226;14
23112;1885;1481550869;10
11413;18812;1481535129;10
4263;15421;1481526076;10
11856;9144;1481543664;14
3643;4814;1481532607;10
19921;3715;1481512552;12
21367;5635;1481509779;16
6357;2012;1481516078;2
4747;9007;1481547264;18
22961;23867;1481550622;6
9768;9776;1481535373;18
26192;8756;1481537714;14
17155;26111;1481527343;6
9408;10213;1481511712;4
12116;2328;1481512084;2
1271;6249;1481517521;10
1366;27548;1481518713;4
6160;7554;1481548804;16
8782;2834;1481518013;4
6334;20073;1481525819;6
1719;1623;1481521465;6
26259;2953;1481514948;18
25382;6586;1481519473;8
1300;4692;1481545223;8
2018;6370;1481543513;14
6216;136;1481532624;18
23729;4988;1481546873;18
20072;8417;1481511439;8
1693;22934;1481525640;14
7397;24182;1481519211;12
5981;18887;1481548697;8
2367;27178;1481510601;8
23486;10724;1481540849;18
180;1625;1481529273;8
10023;6114;1481542911;8
11041;23364;1481532016;16
27396;6515;1481547718;12
12347;143;1481518542;4
10223;563;1481538735;4
11087;9421;1481547246;10
21802;1792;1481540696;10
20397;26333;1481510540;10
4980;5355;1481509745;18
15098;24655;1481547626;10
9174;1800;1481530736;6
1154;2159;1481547541;8
1719;12308;1481525494;12
17148;22653;1481531201;12
7847;2416;1481547434;8
15932;14701;1481536565;2
24172;23179;1481510495;18
19851;18198;1481544164;12
9976;7634;1481516302;2
6224;14004;1481533943;14
9686;1209;1481513388;6
6461;6477;1481528585;14
24449;6204;1481515572;14
1089;4782;1481521483;10
105;25379;1481545179;2
26317;19759;1481538593;12
1080;14416;1481548741;10
7311;8971;1481523684;14
26040;3410;1481537422;8
18346;11065;1481538830;18
20987;11374;1481535880;6
6486;9241;1481515462;2
27344;4193;1481535386;4
6589;10112;1481509656;8
8507;3623;1481541670;12
11027;21216;1481530808;4
10795;2967;1481548209;12
14190;6156;1481510242;18
6679;5817;1481535314;14
10810;6519;1481516347;12
3687;17198;1481522089;14
6928;19818;1481528720;8
8785;12138;1481533825;8
6261;15215;1481518977;14
12557;5122;1481530966;14
3776;27134;1481548609;8
18194;11096;1481529265;4
6733;9894;1481545898;14
10822;7290;1481519408;12
27266;16136;1481548813;18
22441;11897;1481525224;18
9422;4802;1481520481;10
16915;19544;1481511471;18
14931;18113;1481537089;10
21387;3427;1481523514;8
5912;23348;1481544346;10
23622;7906;1481521673;10
7584;5883;1481518290;4
5916;17302;1481540026;2
14428;415;1481528379;18
3850;10111;1481538605;12
12747;7016;1481528788;10
7542;2954;1481524980;8
24446;1538;1481512120;16
18810;9490;1481542242;16
7016;2640;1481522620;10
13202;24701;1481542004;16
20522;11727;1481539856;2
7159;24425;1481546566;4
27404;14442;1481549527;10
18130;24354;1481543357;16
2765;19527;1481546832;6
18207;1906;1481527018;2
16317;3791;1481546476;4
24962;8336;1481517323;14
13454;8384;1481514575;16
15918;4020;1481548885;2
22263;14004;1481538980;10
12074;22132;1481528597;10
2165;23451;1481517109;2
9253;24931;1481511548;4
6870;23751;1481510562;18
17547;17282;1481550858;4
11247;11268;1481539480;8
8948;27003;1481515380;16
23033;2377;1481535638;18
3766;9968;1481543322;8
10599;4854;1481519179;16
8873;9869;1481545115;16
18078;7317;1481535395;14
15030;1605;1481543360;2
11758;14282;1481537453;14
5749;19545;1481512886;10
8995;9313;1481513523;4
26310;6863;1481512438;8
4866;7451;1481513398;16
3459;1562;1481541926;16
23054;12748;1481530737;6
9971;17894;1481542602;2
27171;7011;1481523930;8
17007;5760;1481509673;10
25011;25162;1481522391;6
1725;8579;1481523247;14
3389;8341;1481512937;16
25502;27334;1481546845;6
19984;8808;1481545289;14
4979;1591;1481545630;10
18301;11626;1481526985;2
1424;8338;1481548330;4
11051;3948;1481530279;18
6623;10027;1481519282;2
27162;14537;1481525367;18
7988;19252;1481539849;8
11126;20523;1481544296;12
11094;6361;1481526499;8
94;11244;1481515170;6
2337;14871;1481509591;10
14050;6811;1481547430;14
4219;14573;1481542104;14
9462;5641;1481538882;16
1927;26;1481534930;4
5654;15013;1481518008;18
9765;17507;1481518333;4
7501;14658;1481543212;4
1876;212;1481529782;4
7495;17846;1481526186;16
15988;20369;1481534784;8
16189;7095;1481541274;16
6614;3906;1481513431;18
8485;16179;1481521052;18
1150;17049;1481516277;2
7768;2149;1481519110;16
11251;26119;1481511511;8
18264;17901;1481523087;12
10891;14403;1481547903;6
22;14154;1481520010;8
9185;10216;1481547755;16
11054;23823;1481530546;18
19986;9474;1481538521;8
1596;15229;1481522917;10
8430;3902;1481518243;4
11030;25045;1481515626;10
16041;11960;1481551103;16
8876;12315;1481539325;14
4267;14710;1481541309;6
18839;17038;1481532777;14
8540;8994;1481526155;10
22430;11961;1481543510;12
6792;12763;1481515464;4
17160;6620;1481524739;14
3590;9970;1481523910;4
7963;4996;1481517731;6
9063;4854;1481513079;4
429;17548;1481537224;16
17465;27521;1481518742;14
11231;8886;1481509945;4
25291;18442;1481529446;16
13290;12336;1481527846;8
9196;195;1481536137;10
7830;10847;1481528533;12
4036;9288;1481533476;18
4586;11747;1481523747;10
1303;10761;1481549548;8
4977;6329;1481517694;8
27434;16912;1481531985;14
17582;27386;1481546710;6
17435;402;1481518020;18
9361;9752;1481510977;14
2610;27548;1481518753;16
10821;19792;1481522414;14
8369;11610;1481522677;2
20147;19374;1481542012;8
11743;9713;1481519542;10
7163;15011;1481525694;16
22489;4902;1481540047;10
10524;19506;1481534854;2
11227;7925;1481525272;12
1897;1198;1481534510;8
1980;4348;1481549806;4
20023;14962;1481521016;4
12770;21486;1481522511;12
221;1371;1481533619;10
1585;9948;1481546275;4
1099;18814;1481514621;10
22533;13343;1481514220;6
23319;1004;1481518792;4
14288;5594;1481546164;12
3604;6198;1481519610;18
6803;6003;1481538392;10
11255;9285;1481513467;4
1424;376;1481532876;18
18897;19272;1481531104;8
18802;17146;1481509539;10
8897;5356;1481549109;8
6244;4809;1481528235;4
18103;2795;1481547948;8
2621;13263;1481546517;8
9853;5021;1481550560;6
374;413;1481548396;4
6678;3392;1481545413;6
1216;3023;1481533362;4
9486;20342;1481529856;14
17019;267;1481520991;2
2334;6186;1481522413;6
17403;8952;1481520388;8
9458;16053;1481535063;2
11905;364;1481538407;14
21711;11565;1481549235;18
2823;20473;1481528921;8
1629;4246;1481543705;4
2134;24701;1481517806;16
296;15016;1481512294;10
11797;27465;1481540453;16
27321;19209;1481526978;12
13;19041;1481544060;14
16635;1135;1481513443;8
141;4979;1481511016;4
8917;1686;1481531552;8
20151;23039;1481527363;8
1513;25434;1481521909;12
2151;23149;1481541417;4
8894;27200;1481548629;2
8161;6503;1481515401;10
2776;7251;1481525428;2
25370;24674;1481542891;2
27461;22968;1481529369;8
9863;18511;1481534395;16
10641;19526;1481533975;8
24665;1315;1481530081;4
23003;23740;1481522978;4
13911;12649;1481540015;12
10907;388;1481515665;12
27163;191;1481536836;14
5487;9208;1481519387;10
9203;6155;1481512711;18
7348;140;1481510787;14
6659;1530;1481517975;10
14863;23548;1481535253;8
27055;27318;1481532536;2
7565;12058;1481548155;18
2840;8927;1481546247;16
20191;8752;1481524238;12
5041;12648;1481528532;16
8870;8591;1481531413;6
15122;21289;1481550302;2
2877;18897;1481512700;12
8498;1215;1481524270;4
12092;7822;1481525499;10
24923;15104;1481543197;4
12186;8236;1481529058;14
27283;4854;1481510234;4
18335;7510;1481541923;12
6666;9391;1481534156;12
3491;21218;1481525584;10
12571;1115;1481517350;10
224;15079;1481517150;10
5677;6672;1481535896;18
11155;17263;1481526366;6
2031;178;1481542976;8
8984;9193;1481517297;4
10436;19992;1481549338;4
25058;1024;1481544505;12
10282;5506;1481543673;4
4579;8029;1481534753;4
7865;19950;1481511497;6
12812;20519;1481519614;12
24394;3418;1481540753;12
20116;22315;1481531643;12
1277;8743;1481525458;12
214;2396;1481511098;16
8408;27000;1481546599;16
6563;27048;1481538756;4
79;7801;1481524281;4
20645;24665;1481550186;2
6647;21387;1481533272;12
5703;16650;1481522591;4
10271;1058;1481533711;10
3252;8870;1481509864;4
3062;17306;1481527296;8
5102;5332;1481512525;10
3855;3589;1481524404;6
10823;16194;1481538233;14
17575;19211;1481510780;14
1566;9023;1481530587;18
8456;11697;1481547628;6
17881;27510;1481540140;4
11053;18105;1481515528;4
10507;425;1481549675;4
5375;27379;1481535499;4
1799;195;1481536182;10
10724;183;1481533350;4
8436;232;1481519381;4
14152;5359;1481543659;8
6147;21415;1481515641;8
9323;5259;1481521758;4
14906;10633;1481535914;12
16295;8869;1481527697;16
3952;18180;1481535241;10
7076;10017;1481528319;6
1375;21252;1481535775;12
5502;7967;1481527391;6
311;909;1481542455;18
27543;19590;1481515351;16
11988;18325;1481549511;12
7443;27209;1481509849;12
20131;9281;1481535913;10
2611;4678;1481529705;2
1362;9898;1481527050;4
22938;622;1481535656;4
24061;15011;1481529888;2
5609;1308;1481519724;4
3426;5699;1481532041;18
12038;18050;1481525440;10
27507;10204;1481513695;8
13209;4006;1481549215;10
4049;9155;1481530399;10
26219;10431;1481531925;16
9518;20327;1481525167;4
1146;145;1481529303;10
25508;27426;1481541706;4
17009;218;1481546977;10
20445;5430;1481550203;2
27535;3648;1481517483;14
20532;6566;1481513785;12
5499;3421;1481525643;14
5870;11124;1481513075;4
26203;27267;1481521018;4
3349;4184;1481526003;8
221;17036;1481512340;4
23543;23151;1481519966;12
24397;4548;1481529855;2
4586;22644;1481518076;14
14152;3639;1481547597;18
17482;3586;1481516941;14
3424;25050;1481536568;8
368;5993;1481543514;18
10981;19989;1481517586;18
8954;22453;1481528473;4
14949;21413;1481548962;10
12558;11143;1481519781;6
12046;11363;1481550712;4
16195;27442;1481536339;6
10094;21731;1481517439;10
21297;1688;1481523018;10
16195;37;1481509757;10
4813;8372;1481517675;16
2833;20631;1481551087;6
1164;17845;1481542626;18
6576;6372;1481523389;6
3900;8320;1481531746;6
2404;6580;1481525915;14
6477;12414;1481510730;8
23447;22995;1481520417;8
12757;6136;1481509774;10
8991;5267;1481530662;12
19285;6436;1481516597;4
19967;3402;1481518035;8
16531;15075;1481527505;10
16780;5406;1481519442;2
5636;6929;1481522980;2
25430;27330;1481544428;12
10606;8053;1481510773;2
10411;18332;1481527020;4
20303;423;1481526645;14
14197;8961;1481524756;2
23151;90;1481513098;18
3260;4033;1481525826;16
9979;2173;1481529104;4
18209;27329;1481530397;10
25331;5748;1481541129;16
10772;8088;1481516975;12
1224;24142;1481539013;6
3127;24955;1481531269;6
8514;15375;1481535925;4
26159;9566;1481518100;4
99;10486;1481530677;16
8285;25500;1481521423;6
13874;244;1481534391;4
15092;7109;1481531942;12
4505;8684;1481531968;4
8236;10822;1481546881;14
6593;1067;1481549024;12
11870;13826;1481529283;14
3568;9156;1481526928;10
25367;7062;1481549350;14
12309;12761;1481518095;14
27161;4104;1481522405;8
2323;25178;1481544643;10
27098;18165;1481519829;18
22527;2776;1481516960;4
9491;11945;1481516686;16
2420;24666;1481541616;18
2415;8963;1481512841;6
24563;18815;1481513009;4
7937;4967;1481522726;14
1520;2804;1481513186;18
4506;21504;1481523041;12
12869;8597;1481543203;8
19753;60;1481532379;10
9512;7051;1481511262;8
5868;24655;1481531274;12
13856;19800;1481546255;18
4236;7368;1481542917;2
23646;9830;1481540095;4
18160;15508;1481542794;8
19970;7895;1481535053;18
20921;27196;1481546214;12
23696;22310;1481533546;4
7348;11951;1481511577;6
13222;24451;1481534646;6
12788;8483;1481529951;2
3408;14793;1481539552;18
19070;4596;1481510329;8
18173;3123;1481527780;10
4814;24738;1481538517;12
1170;253;1481543207;16
13820;6770;1481521259;6
8183;4776;1481512236;6
1591;24745;1481549709;2
27410;9529;1481548025;16
3690;15463;1481527813;4
6024;1034;1481547398;16
174;6272;1481533181;6
7612;21316;1481547180;14
15015;8884;1481532011;16
6382;19966;1481521032;14
23318;25044;1481541620;2
27280;7269;1481544252;2
16813;27471;1481517028;2
20356;17885;1481528653;18
9790;23034;1481526763;10
18216;7417;1481542316;8
3399;15073;1481517397;14
3586;26240;1481522541;8
26037;958;1481545567;10
5641;27102;1481529393;12
7062;8723;1481537659;12
17211;10431;1481545587;6
3280;21218;1481530612;2
24471;1344;1481526144;6
24133;7403;1481539281;14
23534;9999;1481544881;10
27374;8530;1481512633;14
1396;24327;1481528891;18
10831;10249;1481510493;6
3388;19900;1481529497;10
22469;7453;1481512767;14
9835;2742;1481515317;4
17242;3687;1481514585;12
12295;6018;1481548595;16
253;19780;1481546987;16
2780;10413;1481549511;18
7526;11024;1481509602;10
13798;23738;1481526444;4
9180;24724;1481547945;6
23469;11244;1481521750;2
2835;1141;1481515689;6
9749;6555;1481523362;6
5422;11630;1481517825;10
23036;6327;1481540513;4
8316;9498;1481543151;4
3741;9155;1481532030;10
6823;15084;1481523829;4
4190;25035;1481524208;4
7006;24679;1481542150;14
16351;5439;1481510233;4
11786;6661;1481542072;6
5673;22497;1481519158;8
11744;1180;1481544216;2
26128;18946;1481542002;12
20460;11610;1481541161;14
1148;20402;1481515533;12
7909;24724;1481520716;14
2453;11859;1481510474;12
10712;6790;1481526290;2
4357;4049;1481520673;4
20099;9874;1481537689;16
16038;6127;1481545983;10
19283;8474;1481535101;12
15159;24088;1481513416;6
17414;5023;1481538352;10
19859;5752;1481527428;6
8516;23020;1481534023;12
6668;6878;1481514384;18
14188;6442;1481513347;2
20538;1338;1481534776;16
4321;992;1481525166;8
8416;25046;1481525684;2
1879;3726;1481515288;12
25186;8150;1481529858;6
17032;27038;1481546098;8
21472;10014;1481516218;10
9749;12240;1481522883;8
2168;22795;1481519523;18
6477;6219;1481513375;6
1578;6505;1481519824;14
7325;20359;1481529664;16
5873;24139;1481523459;8
9523;14795;1481516657;2
22993;1687;1481531317;18
16913;21216;1481513472;6
5860;12099;1481518270;8
27477;12318;1481520728;4
13113;8445;1481530521;14
4298;9739;1481537330;2
14511;6603;1481514943;8
21722;8795;1481519783;8
5476;7265;1481528358;6
12026;18463;1481549648;16
10513;5881;1481549922;10
26333;9863;1481515188;6
15765;23123;1481522074;6
8406;7964;1481516800;18
21845;25374;1481549790;8
22996;11376;1481513416;16
9491;1959;1481541776;14
5842;25545;1481536168;18
2797;1813;1481512463;8
1881;7399;1481536561;14
25537;7302;1481541946;6
22606;8411;1481545485;8
3771;19530;1481517596;8
7764;1262;1481522979;16
2033;27413;1481549184;2
12023;11022;1481512716;10
14575;10026;1481549319;16
7598;19869;1481531064;16
9679;22316;1481539305;4
23340;1003;1481543118;12
10596;14884;1481541135;16
7850;6366;1481529957;6
8549;1713;1481532076;14
1687;8982;1481522843;12
8973;16709;1481549817;12
23831;27179;1481543078;10
19223;12650;1481511069;18
4287;24326;1481528794;10
6255;8580;1481511176;14
8249;3410;1481510388;10
7489;20949;1481526225;18
20090;6953;1481521687;16
21385;12297;1481523002;12
13802;16851;1481536057;18
13909;24954;1481537871;4
19533;14190;1481527499;16
17032;8414;1481545263;8
8436;148;1481532392;10
6525;27423;1481529189;10
19535;9713;1481531621;14
7850;6592;1481512257;10
6651;8668;1481526689;14
11745;15225;1481547200;6
24681;7422;1481519271;8
20067;2152;1481548456;18
7583;2453;1481523065;18
9811;20025;1481543484;4
9670;21833;1481519905;18
4905;23832;1481522340;6
17041;10814;1481545111;14
4658;5862;1481548007;10
1592;13758;1481524708;2
10655;11897;1481524149;8
6936;11036;1481531220;8
6202;13128;1481536238;6
12228;6614;1481539087;6
19419;16118;1481509822;6
10205;19939;1481538386;2
2960;8411;1481517407;10
354;11811;1481510018;12
1736;5886;1481531900;6
567;26105;1481530054;16
6634;5402;1481514196;8
27414;10291;1481512646;10
5736;20403;1481526256;4
24294;13212;1481531459;8
5124;12058;1481531164;14
25;17231;1481542486;14
11041;9662;1481529826;18
17240;19914;1481520311;4
318;371;1481536351;12
19489;10781;1481515417;10
9218;21371;1481520039;18
13884;1231;1481530924;8
5976;9004;1481542425;12
5401;4800;1481548033;2
27231;19027;1481535639;12
7866;4698;1481528452;8
7763;17474;1481525054;2
25547;14634;1481521133;4
5809;7510;1481542674;6
272;7629;1481518849;4
24396;3589;1481536371;18
6567;15235;1481527199;8
15072;8414;1481541911;6
6659;11397;1481524106;6
1904;1725;1481517325;4
6674;2429;1481516013;14
21809;3542;1481549049;12
10064;19038;1481510725;18
20972;25400;1481534684;18
23023;10721;1481546384;2
27381;26392;1481511424;4
19233;4820;1481522373;4
10210;4903;1481528689;12
27124;10021;1481523287;2
14980;8129;1481522817;10
16303;5817;1481534729;6
27135;23318;1481513919;6
25513;10104;1481533367;10
24479;21311;1481545319;8
24670;20145;1481548571;12
8580;9896;1481516457;8
5879;8665;1481515789;2
21000;14441;1481514705;10
23000;14121;1481515838;6
20920;12069;1481531523;18
24565;9748;1481545432;4
12868;20934;1481529777;14
3468;10238;1481528358;10
10924;7883;1481538715;6
25076;20078;1481549048;2
11827;9664;1481519444;8
25163;65;1481540799;8
13775;27487;1481544730;2
10539;7879;1481543900;6
11944;22972;1481535937;4
17373;6032;1481525544;16
1316;7453;1481525514;2
10601;9170;1481545642;14
350;1546;1481542940;6
6482;8688;1481529226;10
17705;7;1481511302;18
19850;2762;1481534160;8
341;6005;1481545949;16
2525;10907;1481527002;2
20062;20151;1481515910;16
2950;7349;1481521199;2
12398;7815;1481526988;12
4838;3508;1481530422;4
22293;10009;1481511136;18
22996;10246;1481550449;18
7353;14655;1481544118;8
23040;5942;1481530116;12
11245;17501;1481541183;16
9413;25165;1481535826;14
4705;4663;1481549832;10
9667;284;1481547342;6
11237;13679;1481539002;12
20759;22999;1481536930;18
24279;81;1481539953;12
268;7520;1481541782;18
25526;25356;1481517249;12
5949;8160;1481513721;4
10178;8553;1481547171;14
11140;26098;1481549415;18
25400;4905;1481516988;18
21472;23645;1481510735;2
11202;25003;1481520448;6
9476;9248;1481530718;4
5828;3400;1481539736;12
9281;7043;1481512853;2
5474;9763;1481548171;14
10466;3736;1481519725;10
6647;10813;1481535589;16
6682;1638;1481524804;4
9423;15099;1481525053;16
18131;12945;1481550491;4
9470;12181;1481509547;16
27030;9160;1481527455;10
1842;21283;1481520839;14
9282;7686;1481519232;12
1199;1354;1481546054;6
27280;396;1481547367;8
4978;8388;1481536458;8
9277;22479;1481536912;14
26074;6391;1481526831;10
1894;5551;1481521428;10
10328;20342;1481540167;2
13770;6714;1481542369;4
5423;6349;1481540130;16
379;12651;1481545824;2
7339;8764;1481531092;6
1045;10411;1481533409;10
2881;8534;1481513359;12
362;3419;1481517544;14
3682;10781;1481526779;8
12031;27311;1481541943;2
12866;343;1481532957;10
14620;1153;1481526400;6
6819;6465;1481512781;10
8028;14260;1481522395;16
25040;7490;1481510841;6
6934;26155;1481524325;12
1026;8370;1481515717;16
165;9216;1481541826;16
20081;11029;1481528243;6
11478;20907;1481521589;4
5397;20945;1481546309;8
5850;2605;1481531684;4
1866;19872;1481533388;18
18216;7863;1481546468;8
17415;12378;1481549403;6
16321;16531;1481529737;14
14620;1856;1481513242;18
10385;14922;1481547568;6
19798;5509;1481528762;16
27414;7833;1481534566;6
5765;1913;1481530497;14
3373;26473;1481547434;18
6311;1338;1481513335;8
9861;12278;1481537769;18
23446;231;1481521176;12
19756;23446;1481524882;8
8474;9481;1481524538;6
15019;10094;1481522972;16
5354;4241;1481542947;10
6437;19594;1481512337;10
1021;7858;1481550352;16
4509;17848;1481520330;12
16130;9843;1481528203;4
5948;3080;1481523525;14
6368;957;1481537434;8
17155;4233;1481547639;16
21000;4805;1481544943;16
8947;108;1481540932;12
7829;7609;1481543672;8
12619;26471;1481524003;10
18071;20073;1481548430;4
1415;3687;1481523810;8
10676;10247;1481536343;10
27411;4343;1481546049;2
6715;12786;1481519858;8
16872;3016;1481538624;2
8138;5421;1481531978;10
18891;5429;1481531848;8
11131;4206;1481525680;4
1714;9484;1481547174;16
10874;18305;1481536650;16
16910;25400;1481530327;18
23299;20529;1481538227;2
433;1855;1481510490;8
396;4330;1481517807;2
5635;2775;1481528602;16
8410;21254;1481523972;16
6145;12098;1481540551;18
6473;11215;1481526366;2
7162;14643;1481525832;18
6942;1177;1481521246;2
13211;17529;1481535855;14
21446;19276;1481523935;4
18814;15934;1481545821;16
1446;8591;1481528243;4
11085;10655;1481520623;18
19529;5810;1481526385;12
9867;2352;1481510930;18
959;10257;1481537984;2
5390;17503;1481515803;12
12293;8703;1481538617;10
1230;15409;1481541212;4
16044;21454;1481538203;6
27209;20045;1481543316;10
14219;15746;1481516351;2
2286;9532;1481543053;10
3275;11612;1481523961;6
2725;8516;1481537344;18
6890;24934;1481549821;2
14125;14777;1481550981;16
3463;26148;1481532335;4
23754;1005;1481536660;2
19737;3598;1481539700;10
8577;10320;1481510702;8
1733;9162;1481546384;2
20045;2645;1481511099;6
3388;8638;1481538667;6
23327;11224;1481516240;18
25449;8456;1481548025;8
14777;4813;1481537941;16
12031;8345;1481541438;2
1571;15085;1481514202;16
4038;19806;1481527808;18
6349;3449;1481531418;4
6415;2453;1481544471;4
9609;22487;1481524225;2
7436;8430;1481533632;2
17255;19495;1481547814;10
24687;10812;1481528776;8
3147;3625;1481548311;6
4893;10087;1481521929;16
14911;23519;1481549847;18
15414;7407;1481532478;4
3026;984;1481525762;8
3485;10197;1481512259;14
19573;10497;1481547882;6
4958;1145;1481542360;8
1454;1648;1481548837;14
6460;10997;1481539737;10
24442;18185;1481525726;12
1195;25052;1481514293;6
11904;20739;1481520623;8
8143;4045;1481516696;14
4328;20775;1481545929;14
17482;17449;1481521602;14
10715;11377;1481547240;8
7612;11849;1481545127;16
6469;8138;1481542501;18
10736;20951;1481550430;6
1319;40;1481532848;8
4571;7966;1481533294;16
4221;8122;1481510486;10
7443;14553;1481539313;10
23630;5469;1481540834;14
4360;10522;1481547783;14
19070;4768;1481545189;10
21404;3990;1481538813;6
23299;2415;1481516958;16
2747;6800;1481512492;12
3513;23496;1481541855;8
3717;10887;1481538382;14
5883;9413;1481527364;18
23055;10988;1481540003;14
12700;3259;1481544711;10
11268;11846;1481542748;6
5420;14980;1481547882;12
4737;14117;1481537485;8
1221;20096;1481519561;16
6266;10418;1481529877;2
8407;20132;1481524672;18
9564;9199;1481539291;10
13182;5428;1481510338;10
5930;9981;1481523614;14
1493;560;1481521879;10
19226;8923;1481525912;12
9383;24689;1481532303;2
8468;8890;1481536392;14
5032;17509;1481511218;6
16888;13984;1481531704;8
25360;15448;1481520559;4
10927;16314;1481529279;2
2464;10177;1481523492;10
12649;6326;1481548206;8
3689;9539;1481549440;14
11414;19828;1481531688;18
19935;20359;1481523432;2
20708;25341;1481532297;8
7390;10851;1481544320;2
19919;4850;1481529821;4
6331;13913;1481539975;2
27549;17893;1481513232;6
27429;2402;1481535213;12
15476;12794;1481536611;2
19847;17534;1481536782;16
11602;22642;1481531583;14
18808;21370;1481546891;2
8387;6470;1481548074;4
6489;23727;1481544841;14
1914;7576;1481532239;14
12282;2294;1481529934;8
2140;10258;1481528383;16
7300;18901;1481534105;2
9647;27027;1481536441;16
5757;12134;1481514598;8
7478;2291;1481539581;2
1837;7437;1481514542;14
23098;15935;1481541075;14
9248;27031;1481521888;6
11955;11823;1481542570;18
20967;19320;1481510804;18
1453;24279;1481537450;18
155;15032;1481521860;8
20545;4916;1481520429;8
20683;1056;1481544446;12
20980;2866;1481530256;10
10927;9560;1481526073;16
7858;23180;1481543706;18
1292;5384;1481526019;10
11807;9159;1481546042;12
18823;27207;1481545768;12
8235;3625;1481518588;14
2021;18876;1481511119;18
1773;20925;1481547606;16
5037;20041;1481547573;18
11236;8958;1481520017;14
4549;1230;1481539602;2
24965;13346;1481532204;2
12152;13;1481537568;18
377;18811;1481532264;4
6197;10611;1481509514;14
26107;15932;1481540241;6
10623;27394;1481538361;10
9371;9626;1481535222;18
1771;5734;1481538391;16
1433;8919;1481514027;18
10473;25443;1481512543;18
19823;24064;1481536608;6
1227;25441;1481517452;12
13187;4032;1481514738;12
7779;152;1481527367;10
17902;19837;1481539642;18
7710;14003;1481542485;6
18820;355;1481535678;2
19296;4642;1481533247;14
125;10733;1481531452;16
6383;10561;1481529788;4
2164;5044;1481516913;18
13788;18534;1481547684;14
20591;4844;1481525526;10
5434;20999;1481524832;16
1600;15253;1481546386;18
11258;17278;1481527388;12
20083;8668;1481510214;14
6378;19213;1481514296;8
10780;24142;1481531122;12
25379;27309;1481535313;12
5332;11941;1481532888;12
7692;14190;1481538163;10
7942;13943;1481527347;12
10538;19091;1481534357;12
13297;4557;1481519282;18
15485;23175;1481517494;12
25364;23350;1481536566;6
2174;163;1481514315;4
19945;20120;1481517174;10
7034;9778;1481540047;18
19277;19869;1481541202;14
7251;987;1481548027;18
1274;11692;1481532364;6
12067;10835;1481523868;10
10928;1111;1481539526;18
19908;5429;1481519622;6
20014;7962;1481549322;16
4544;4654;1481517432;18
3772;5977;1481522228;2
4707;6016;1481515837;14
5286;9414;1481540222;10
15071;4959;1481529513;2
11782;7555;1481520756;6
403;1380;1481542099;2
617;19814;1481527807;4
17880;8994;1481527810;16
12308;387;1481546925;12
20245;2837;1481523352;6
20336;26313;1481543487;12
5047;439;1481527709;18
4919;6484;1481522388;8
1450;185;1481526794;10
3257;5951;1481550692;8
10371;27329;1481517471;12
17501;5333;1481521066;8
2806;19836;1481525682;10
22489;8469;1481525885;10
24679;20517;1481537734;16
17539;5023;1481511038;10
20547;22996;1481523496;18
11;24659;1481533779;8
2023;14708;1481522425;14
4298;23020;1481530571;4
1987;5721;1481516089;4
20073;5918;1481538480;18
20010;20953;1481540315;10
27544;38;1481529570;14
19080;27175;1481534594;18
20039;2014;1481521150;10
10639;6246;1481510871;14
11014;5803;1481547698;16
9199;381;1481540776;16
5967;5104;1481535983;10
15104;12869;1481543943;12
10671;4683;1481530918;10
11092;26039;1481510877;14
6725;25319;1481533808;6
17757;22928;1481512740;16
15470;20143;1481531583;2
12749;7334;1481510606;16
23889;21842;1481538529;12
19859;11100;1481531402;6
8738;5489;1481509801;8
9832;3961;1481532473;10
3376;10655;1481527998;14
6655;1767;1481527427;8
2787;24356;1481533816;18
418;8863;1481524889;8
20643;16798;1481536362;4
26110;21500;1481541622;14
11240;8240;1481518933;12
411;4314;1481549097;18
112;14159;1481541671;18
14578;2344;1481545595;8
16180;7890;1481549345;18
14924;10221;1481530162;18
19571;23646;1481511887;10
14904;14561;1481534625;8
7146;27405;1481522870;16
20481;9061;1481550474;4
1497;12698;1481546062;14
15015;17054;1481545543;10
174;10011;1481547389;6
9199;4048;1481510737;8
7596;173;1481514676;18
4272;26148;1481538056;18
25467;10734;1481521191;8
16117;8417;1481541098;18
23858;6683;1481516721;10
12022;23729;1481516102;2
14163;18212;1481544439;6
1993;6515;1481551062;2
19056;14438;1481535530;6
20773;10354;1481517226;14
12305;5632;1481513583;8
12871;985;1481535580;14
148;10553;1481534200;14
4809;24428;1481539232;4
6366;1235;1481523326;14
23541;9830;1481511668;8
1732;3641;1481527593;2
10354;6195;1481541721;18
24529;4954;1481518455;6
20981;16022;1481513428;4
20968;24457;1481547618;6
7870;27520;1481533060;8
21002;7458;1481509853;2
6025;5999;1481529131;16
5717;1322;1481525859;12
10824;20109;1481529404;4
22535;7520;1481526615;4
12765;3075;1481539705;10
10319;3996;1481533444;12
5411;6167;1481550360;4
2347;17532;1481529137;14
21503;9407;1481521273;18
11134;3163;1481529395;6
20572;5919;1481546129;2
10181;12353;1481537681;4
20298;20865;1481548741;8
10575;88;1481539154;14
7018;26159;1481510745;8
1045;6559;1481510972;10
10822;409;1481518977;12
23467;15079;1481537749;2
19372;8523;1481522389;6
12561;5502;1481532520;8
23356;5398;1481542634;10
8052;428;1481535177;14
25284;14555;1481524193;12
26477;12027;1481531625;10
16819;13204;1481518336;14
2274;24088;1481518581;14
10801;12624;1481510480;16
12421;19826;1481511732;6
11058;3363;1481524470;14
14157;17213;1481525190;8
12289;12355;1481529547;8
25369;10203;1481543786;16
6231;8370;1481514048;2
7640;24950;1481535092;2
24674;11053;1481509555;18
325;7874;1481532988;10
19833;20398;1481520979;18
9005;15733;1481524011;12
3377;23026;1481546025;8
25250;12745;1481536501;14
6543;20963;1481537051;18
10542;10804;1481530821;4
4990;17242;1481516619;2
20865;2838;1481528832;18
27312;20114;1481531914;16
9846;11477;1481539729;2
13859;1520;1481530336;6
18764;2320;1481529370;18
10099;3325;1481526120;16
10715;27136;1481517119;14
10460;3370;1481534148;2
9516;15393;1481535257;8
1374;14199;1481515680;10
8874;3125;1481542431;8
20325;11080;1481533666;8
12743;6663;1481537559;2
5411;15114;1481536750;18
23349;3251;1481537511;10
4740;14252;1481547228;2
8368;9959;1481538622;6
6208;9949;1481539303;10
17363;18464;1481528880;10
6408;1090;1481538841;2
12140;13970;1481517284;10
27131;6155;1481543893;2
8996;7351;1481510331;10
9854;21307;1481516052;6
23753;14884;1481540514;8
5695;1061;1481550683;4
3262;5728;1481511903;18
16913;1137;1481512859;10
1856;10310;1481510390;8
359;14922;1481548876;8
20907;10308;1481550217;12
6526;24426;1481521064;2
2379;163;1481526363;4
8161;10702;1481510397;18
15703;12772;1481521177;2
10001;7781;1481510841;14
4360;1030;1481525485;4
16180;27018;1481543105;4
2287;3259;1481511282;10
16874;11941;1481531948;12
3997;9023;1481528067;8
14952;10921;1481521160;2
2140;16849;1481530036;2
6989;18074;1481512288;16
5696;17254;1481546998;2
25000;5356;1481547730;8
23108;3095;1481512447;10
9283;8761;1481525234;2
22640;2402;1481544226;18
10555;19780;1481529667;6
20423;881;1481518873;8
4501;3773;1481545870;14
16100;23041;1481515642;18
6736;7262;1481535715;4
14155;6190;1481545430;12
20109;8148;1481521102;2
12315;4229;1481540560;12
11800;6733;1481533053;2
20339;13852;1481540338;16
10419;983;1481545994;14
17255;6597;1481542366;18
18817;6458;1481539659;2
9737;8963;1481521028;8
19887;6450;1481547914;18
13976;6793;1481525834;10
3127;18188;1481548542;2
19960;7339;1481519346;10
27040;14420;1481550378;12
12322;7819;1481511435;10
5973;14271;1481532733;4
2408;20328;1481543154;14
3749;14139;1481511232;12
26262;12230;1481543169;14
21442;22963;1481524947;14
1440;2346;1481547184;16
8001;10804;1481530425;14
25068;21078;1481520605;18
8579;14655;1481544368;14
9429;10022;1481514801;8
24569;11222;1481509717;18
25434;11860;1481529573;6
20530;8951;1481523383;4
11226;10159;1481539982;4
9551;7781;1481510387;16
19321;7108;1481536127;18
1326;17456;1481519603;10
14258;6949;1481550796;8
7529;6578;1481544009;14
2422;8813;1481541257;18
9003;4352;1481542014;2
18809;17351;1481529485;4
10249;1841;1481538980;12
27002;6190;1481544882;16
1220;3586;1481540178;2
7696;27405;1481524410;10
13426;4925;1481513330;14
16843;8383;1481534947;6
17593;14445;1481537772;16
4413;3616;1481540121;6
5441;20336;1481536494;8
8564;1026;1481541292;12
6187;27539;1481528001;14
9003;4927;1481519094;12
5983;3283;1481522604;10
26329;4187;1481533283;12
2407;16017;1481529791;16
8492;3697;1481533469;16
8565;5910;1481511841;18
21229;9155;1481510680;6
27200;3594;1481543954;8
10411;8785;1481547998;8
20111;23748;1481545218;8
24668;25183;1481515095;8
15252;20284;1481534560;10
18046;16862;1481548828;16
18199;1346;1481538634;2
19272;2355;1481511820;4
20986;16184;1481517389;10
1644;20038;1481541102;16
5698;6501;1481512765;12
22928;15317;1481534267;2
8867;20987;1481541726;18
1707;12284;1481541504;16
11608;19777;1481537474;18
8760;34;1481520784;16
8394;9025;1481533295;10
6873;4882;1481532878;12
7047;4256;1481516498;12
1372;25176;1481517800;8
10044;26500;1481537072;10
7552;5892;1481528063;14
5429;14887;1481511766;6
14254;5002;1481512628;16
22485;23740;1481541839;14
9863;4849;1481535983;18
1024;8344;1481534629;12
6325;2420;1481546028;14
27312;392;1481546378;16
26149;430;1481544800;16
19088;1058;1481520747;6
931;17396;1481534153;2
6134;1456;1481549540;6
19718;2746;1481542114;16
11068;9520;1481530459;4
22252;12102;1481541852;10
22940;24930;1481537923;6
10847;10123;1481548643;16
9257;10259;1481512531;2
18511;8955;1481535909;4
3913;437;1481526006;10
3905;50;1481510975;16
15346;14155;1481518108;16
24658;10535;1481517915;8
3851;12073;1481517598;4
1574;20609;1481547842;12
18247;3163;1481543445;16
8545;11065;1481535933;2
19228;24719;1481538051;16
8837;22254;1481511319;14
24326;3371;1481516555;4
10694;9844;1481512186;2
12032;13822;1481521445;10
25059;3012;1481538376;12
23066;23486;1481548338;16
4588;5262;1481538689;10
3407;10837;1481535099;2
3605;10499;1481521499;16
7837;7967;1481513754;10
2321;11607;1481521697;2
9421;14050;1481539362;16
13884;27204;1481534004;12
21808;22987;1481517179;16
26091;5845;1481532318;2
1893;27394;1481545227;4
89;18862;1481519032;4
1265;12362;1481510330;4
24281;7885;1481546086;14
9317;6132;1481518968;12
9884;2380;1481548457;2
9221;12279;1481546795;6
9671;23178;1481548179;16
12118;1001;1481524422;10
12311;8135;1481532468;6
2734;10926;1481518340;10
9026;5034;1481549989;10
19269;14980;1481515309;8
13184;8761;1481517876;14
7536;7686;1481513581;18
15079;8285;1481518845;12
6173;4578;1481512827;18
10409;27552;1481533730;16
10768;24918;1481532924;12
1259;25185;1481536597;12
19520;6673;1481539681;6
2773;6000;1481543292;8
20098;8941;1481525152;10
15119;5768;1481531710;4
5079;1812;1481536192;18
6464;6941;1481523919;6
25327;10704;1481522122;12
25045;11588;1481529637;2
14191;23066;1481520505;14
11115;10655;1481542378;14
19492;3915;1481538607;16
4991;10766;1481544810;12
959;5936;1481546426;6
4265;24709;1481517047;4
4022;17421;1481510851;18
4977;23302;1481512366;12
20193;27209;1481533438;8
19303;12062;1481546127;14
7388;10322;1481542132;8
6615;11027;1481537464;8
15648;17007;1481511228;12
27409;20146;1481529296;12
8757;18820;1481546090;8
11810;20999;1481523505;14
1798;20225;1481539358;4
25468;3932;1481523570;8
11761;1044;1481536222;10
7387;16647;1481540451;2
4756;15980;1481521068;16
8561;17882;1481520558;14
13780;5764;1481544529;6
6485;19852;1481536505;6
24139;8144;1481511909;14
22447;15734;1481543285;6
11602;8121;1481544141;2
3692;2369;1481545315;18
23328;9229;1481537041;18
1303;6268;1481528867;12
5693;27188;1481515854;4
1456;20987;1481533942;18
3778;5113;1481538906;10
8813;10573;1481518708;10
1934;20997;1481537119;10
6170;10413;1481526020;2
14192;15761;1481525879;16
5710;2802;1481529248;6
15239;19800;1481543238;4
1267;1798;1481531741;12
4049;17705;1481545897;10
4257;8386;1481513336;8
11016;24376;1481534981;18
20857;10028;1481513854;18
16834;23057;1481545422;14
10506;6921;1481534565;2
3459;1113;1481520102;8
7604;13724;1481523818;4
6234;13977;1481521491;4
8938;5012;1481523647;8
9345;25492;1481521387;8
7261;15499;1481542341;6
22626;15508;1481545970;10
1095;23340;1481525972;2
12571;15297;1481543848;14
10921;9077;1481548873;6
6277;6019;1481545486;4
8553;24326;1481514013;4
20922;8899;1481547206;16
15786;11795;1481525967;16
5675;2148;1481543607;16
8382;1729;1481540188;10
23335;3467;1481518275;2
8235;1663;1481528665;2
1005;4582;1481519012;4
13889;7852;1481514425;8
21386;12296;1481527173;16
11953;3622;1481549979;16
23161;16049;1481537430;14
10220;3119;1481535699;6
1217;20911;1481510344;10
25265;7779;1481531135;6
3595;5689;1481546393;16
9100;1400;1481524548;10
2745;16912;1481543065;6
25263;3410;1481545422;12
4216;6701;1481511350;4
423;6975;1481533358;16
18843;17550;1481530388;14
14705;1348;1481537865;6
1855;4348;1481529017;2
12887;5099;1481515287;6
16832;5885;1481538103;18
20948;20908;1481510554;18
17170;14821;1481519059;8
23832;14151;1481519889;18
3017;24063;1481529549;10
9018;7317;1481524489;4
8300;13461;1481533794;2
24369;11393;1481536493;2
6643;13873;1481548363;16
3648;6198;1481521223;10
5427;1608;1481522738;10
1848;3414;1481513911;6
5469;6873;1481546459;14
11626;10014;1481520885;14
13677;3982;1481514188;2
21412;1598;1481525170;18
3599;5761;1481523662;10
374;1019;1481526340;18
27299;10734;1481521150;6
1861;23807;1481535187;14
17552;23114;1481541158;10
7017;7319;1481543294;12
27184;13884;1481533244;18
8408;27467;1481543555;6
19281;3421;1481542781;10
13200;20656;1481515861;14
11123;25535;1481522086;2
3546;4952;1481532450;2
23177;6380;1481539728;18
337;25050;1481527343;4
12150;13802;1481541282;4
27205;174;1481525953;8
17289;12696;1481526857;6
10928;37;1481525352;6
5904;7372;1481527658;14
13126;899;1481511865;4
12337;2156;1481520796;10
6232;1719;1481512531;2
14134;1360;1481530214;14
9885;23625;1481519390;16
7268;3381;1481517387;12
6229;12337;1481540315;2
2173;234;1481541441;8
5604;1079;1481541878;12
3771;7264;1481542349;8
19022;19797;1481513887;10
9887;7556;1481514531;10
9550;8872;1481543051;8
24564;923;1481549064;10
20035;20100;1481548496;4
2027;17901;1481515722;12
10185;9408;1481532111;6
1861;2320;1481520388;18
9194;13879;1481549338;8
19489;8921;1481543863;16
27137;12092;1481525139;16
5885;27389;1481513621;4
9901;22464;1481519674;10
6135;6275;1481531210;8
6870;8943;1481548058;10
6267;7959;1481532311;12
25187;19760;1481520831;18
4825;12744;1481517356;16
11695;27087;1481549099;4
1517;25265;1481529244;4
13238;10270;1481517480;12
27157;11005;1481540405;12
1164;4734;1481542754;2
1645;3627;1481516426;18
21718;7416;1481534748;4
2890;23663;1481546903;10
1952;10913;1481544464;16
21384;1862;1481549871;10
20453;1324;1481510536;10
7343;8689;1481517379;18
268;3011;1481521129;18
6353;18314;1481544978;4
14821;10875;1481513656;6
7085;23737;1481529880;6
26155;21404;1481509550;2
10366;11147;1481511676;6
5715;7489;1481517341;12
24449;7818;1481529150;8
294;20443;1481515436;2
2128;15102;1481548846;14
564;380;1481526629;10
1228;18899;1481523831;2
3029;12085;1481536394;4
19213;18155;1481546413;4
3006;27400;1481531992;18
11396;13790;1481532127;8
12700;17402;1481541061;8
3539;12177;1481514371;16
10359;4529;1481547774;4
11915;19956;1481540020;4
2761;8552;1481533111;6
22463;1224;1481522781;4
27318;17023;1481542129;8
26211;7090;1481544269;14
23262;20339;1481511794;14
16119;27098;1481523422;18
1360;2781;1481522596;12
9159;5329;1481520247;10
8977;10282;1481511523;4
20355;4834;1481518374;12
18934;8444;1481520017;10
6009;17035;1481512550;4
7852;16789;1481527226;18
945;2336;1481545630;16
7171;7637;1481524975;6
27281;10641;1481536501;16
27479;19090;1481538427;4
15310;23024;1481526583;18
9963;2825;1481525266;6
9200;11802;1481545827;6
11400;2845;1481543936;14
14514;15296;1481523657;10
115;23034;1481515719;10
26164;3913;1481544077;8
3640;1955;1481531831;14
9757;19588;1481519600;14
7911;15494;1481534080;6
8121;25036;1481512919;2
19272;6769;1481520309;2
9821;8923;1481517671;10
17289;1777;1481536540;8
6688;8191;1481544748;4
1015;5709;1481550755;10
8561;3745;1481548240;2
12648;1229;1481535378;6
3375;17535;1481547522;6
9807;2814;1481514619;18
4225;8432;1481536381;4
24660;7843;1481542911;2
10007;1687;1481544777;2
5377;5421;1481521447;6
4997;1960;1481550480;2
21407;9565;1481546489;10
18165;1046;1481515793;14
1927;20695;1481511372;8
12033;8894;1481525357;2
9192;261;1481511512;2
25362;2942;1481517977;4
12601;19950;1481534162;8
6386;8916;1481542369;18
19966;18180;1481541237;2
8406;5397;1481534924;14
6443;12063;1481548615;12
10738;10023;1481520376;18
2762;10191;1481518504;12
20587;21840;1481536198;18
17211;24017;1481520468;16
1223;15748;1481545718;14
11082;20124;1481518404;10
16127;1499;1481533336;6
1555;23003;1481514727;2
24719;200;1481533421;14
17384;17264;1481518897;14
26185;6523;1481534678;10
943;18903;1481523893;2
20881;17121;1481543235;6
23856;4276;1481540390;2
1512;8393;1481546861;4
3607;5844;1481548667;18
21485;8895;1481516571;18
9150;3641;1481541839;6
20300;7688;1481527338;12
4866;1632;1481520911;18
20786;20685;1481548292;2
1572;8744;1481533865;14
11212;7242;1481529964;8
17421;20367;1481544925;8
3992;20414;1481547565;14
22931;204;1481536409;18
19432;19749;1481525325;2
9860;9104;1481548835;14
8507;4504;1481544596;16
24179;16297;1481540895;10
15188;13887;1481513330;10
22468;3068;1481534287;10
1361;12425;1481529971;14
1036;8462;1481538199;6
3505;6951;1481542177;4
27343;14209;1481534684;18
18321;16044;1481545847;14
10543;17512;1481548874;2
1311;5701;1481529376;2
5332;19307;1481525058;18
426;16101;1481513541;2
10182;3011;1481532748;2
7355;174;1481542841;14
18905;23652;1481521866;12
6467;11856;1481544965;18
11212;26185;1481544875;10
24742;21401;1481520404;12
1302;975;1481549534;12
18344;1024;1481513930;6
5518;11776;1481520272;10
18260;17481;1481530131;8
4699;5428;1481545363;14
1381;8237;1481544955;2
5297;8147;1481529312;2
3727;17894;1481517345;18
15980;27027;1481535376;18
27285;1382;1481534382;14
17213;24521;1481537859;14
10244;1129;1481511682;2
6898;375;1481520048;12
1200;5672;1481547968;14
10328;27332;1481514929;2
15327;2781;1481514350;4
3766;24665;1481529721;4
6858;620;1481512661;18
7977;5032;1481522030;6
18152;6677;1481517504;18
6615;1490;1481536527;18
1687;14614;1481533829;10
925;15237;1481509807;12
12039;11226;1481521397;10
259;883;1481531829;6
3124;1597;1481539259;8
20108;9247;1481537449;8
2121;85;1481531349;10
11255;18049;1481532436;6
17566;2126;1481546744;4
7686;20122;1481518876;14
7910;13758;1481514911;12
10107;14118;1481531678;8
19889;9016;1481540377;4
8148;8384;1481512563;18
26114;14416;1481518019;14
27175;23622;1481540212;12
6808;13681;1481518283;2
409;11053;1481522669;2
7087;9286;1481550539;12
12063;12076;1481531154;18
246;27179;1481550059;2
20923;13772;1481520699;6
3778;10982;1481547034;2
4510;8880;1481526974;16
8835;19531;1481510651;4
2463;5510;1481537923;18
14434;20128;1481542961;14
23885;4355;1481532432;18
13220;4775;1481536723;16
4274;6998;1481528258;10
4010;8172;1481528261;12
9502;11607;1481538963;2
5970;4606;1481526041;16
7637;4193;1481535084;8
5993;6839;1481550689;4
12648;5421;1481518366;2
9886;21728;1481510254;6
19088;14930;1481523810;6
2010;5731;1481532650;8
6118;25501;1481515911;2
8767;1698;1481522036;16
17054;2344;1481539538;8
12572;2635;1481525971;12
19547;10250;1481520742;10
9169;3468;1481516874;18
6121;15036;1481548151;16
21363;254;1481534433;2
23026;3325;1481516885;2
8386;3383;1481546636;2
2117;16198;1481546168;18
1433;9668;1481528537;4
10681;6689;1481529331;8
5813;14442;1481523506;18
20357;9447;1481547172;16
206;3744;1481537015;6
10878;15464;1481538145;6
3506;14801;1481545992;2
1435;26101;1481547997;10
8588;17425;1481519080;14
6721;26034;1481547187;2
7840;20520;1481513041;18
15099;9362;1481512941;2
8865;21086;1481524144;16
19297;406;1481528323;4
17531;3459;1481512417;6
17564;9290;1481518590;18
8230;5096;1481533696;16
18804;6795;1481522420;12
6727;1269;1481538943;16
20959;21922;1481540846;2
7844;8231;1481544119;4
12002;3273;1481509926;16
21921;5018;1481542190;2
2830;8999;1481516126;12
8635;2350;1481516708;4
14947;6620;1481538073;16
11766;11112;1481511806;4
3259;3407;1481510657;16
567;4321;1481511059;8
19526;14196;1481540370;16
9346;12222;1481523694;12
9478;4351;1481539611;4
5250;6872;1481509604;18
15909;6287;1481546538;4
5509;243;1481542319;10
19958;9358;1481550910;12
12415;14433;1481526339;10
15479;1978;1481536677;6
9806;2287;1481548321;8
5697;9950;1481519899;6
20643;20424;1481511044;8
27318;25516;1481524809;2
27392;5685;1481535006;4
27439;5905;1481537168;12
8555;5685;1481517244;18
23062;7778;1481540251;6
15308;10030;1481536212;18
25368;17418;1481516546;12
9986;299;1481543890;10
13869;7938;1481546613;18
20015;14561;1481535758;2
15985;9455;1481545252;6
1960;15224;1481547632;14
14977;4219;1481516077;16
16045;13217;1481536741;18
8326;3394;1481533971;18
24;10424;1481549248;16
1712;11631;1481529609;12
23048;23813;1481530816;6
24479;10186;1481511962;14
15371;4777;1481519375;16
8693;15522;1481546255;18
6715;328;1481524439;14
8867;5743;1481537742;8
19773;23891;1481519161;4
20459;10206;1481536389;2
23647;11113;1481530494;6
15244;7416;1481538994;4
20128;18111;1481537923;18
24179;2396;1481514179;16
1221;1927;1481520683;4
6456;8518;1481524062;6
6383;7623;1481533053;18
7699;164;1481521656;10
8410;22586;1481532715;18
21501;11014;1481522041;2
8890;17475;1481528263;18
25172;4902;1481524271;2
13940;10544;1481549793;4
2120;8385;1481531727;4
17512;14681;1481538198;18
19780;22431;1481522085;14
3403;20759;1481534513;2
16139;5814;1481520431;12
25140;3007;1481529059;4
11216;17337;1481549781;10
27508;7311;1481548111;8
14123;26474;1481548040;4
7005;7081;1481520193;2
22306;14701;1481535568;8
4547;9153;1481542609;14
7911;21461;1481531498;10
11610;325;1481544433;12
8166;9519;1481530093;14
7512;2773;1481536492;10
9674;1264;1481515974;6
17331;9664;1481549715;4
5529;19303;1481537986;18
15348;6299;1481512446;8
12583;2839;1481513545;18
26068;6781;1481517537;18
17386;4813;1481535851;8
20049;1790;1481543061;10
17274;22930;1481541685;10
23860;8987;1481549241;8
1319;3066;1481515173;14
4822;12747;1481539414;4
4880;27388;1481549896;4
14190;10737;1481520445;8
1675;13929;1481541158;2
8808;2115;1481517197;4
5490;9856;1481542076;4
27013;9562;1481515065;2
23448;23451;1481516057;18
27061;10562;1481526592;10
10634;27002;1481543444;14
8997;12709;1481546122;8
22452;10781;1481510574;2
20289;4287;1481549656;16
12029;11113;1481512680;6
12647;13979;1481546905;16
25402;19045;1481533117;18
20935;19871;1481516690;4
7491;12352;1481551037;6
10192;14569;1481517951;16
17568;3961;1481513256;16
6946;1079;1481511928;2
3949;3267;1481544779;6
21739;6861;1481539256;8
23328;3979;1481531505;18
10830;6675;1481513971;8
10906;22169;1481531097;4
14804;9842;1481545738;10
5103;2776;1481522302;6
14860;998;1481526504;6
13197;25071;1481535325;8
2330;15476;1481538818;10
9324;7546;1481513861;8
22131;2427;1481550970;18
21451;25012;1481523438;14
19936;2167;1481510724;6
3012;5017;1481526481;12
3462;15073;1481540255;10
4570;18049;1481523943;8
9280;6999;1481516944;12
9854;12036;1481534279;2
6727;20006;1481544880;12
22964;1619;1481534368;16
6876;6569;1481540585;14
4158;6767;1481513341;14
19798;340;1481510865;16
20446;10514;1481549980;8
20539;564;1481532041;10
26301;23352;1481532055;8
25044;143;1481523097;14
12426;14711;1481545080;14
25189;3792;1481520176;12
11693;1500;1481531894;12
23346;23622;1481514572;12
14637;23737;1481545708;6
15918;25389;1481511761;18
21085;7266;1481534501;4
5089;23662;1481512199;8
8368;2810;1481540497;18
19761;2526;1481533914;16
7618;5826;1481536062;2
19212;10517;1481520929;4
6253;2397;1481521608;8
20712;1065;1481521726;18
7155;16041;1481522495;14
19792;7336;1481532388;4
15994;26308;1481537712;14
18416;116;1481515690;8
6338;7470;1481548990;14
20510;21384;1481531395;8
11219;12742;1481541218;18
12031;2350;1481534408;4
1371;12416;1481544349;16
4666;10320;1481530034;4
27196;13977;1481542434;8
6620;22680;1481548088;14
10804;6181;1481529683;10
4936;17395;1481512855;14
25166;11154;1481541119;18
5902;9792;1481514621;6
5927;27452;1481544472;8
8165;16936;1481514417;6
6779;10262;1481536597;6
5104;6586;1481519125;12
12417;2118;1481524725;16
2833;9165;1481523439;4
22984;9676;1481523112;18
6178;4533;1481532660;4
24183;2376;1481547231;14
3269;7258;1481536085;16
23877;25531;1481542991;6
1098;7005;1481538907;12
8280;6469;1481546448;14
7567;23013;1481514682;6
6137;15114;1481529429;8
22270;24249;1481510461;16
14887;17877;1481512973;4
14564;15302;1481528196;4
6723;6462;1481521076;6
27377;19053;1481528063;6
3273;13261;1481531840;8
173;8740;1481530891;18
23119;4902;1481516124;2
9368;24989;1481540776;16
1080;7869;1481516804;4
620;9465;1481530157;16
3461;10252;1481517748;16
3060;7089;1481530062;16
2727;24254;1481528909;8
26;13912;1481546793;14
1741;11233;1481538340;18
24748;2726;1481547631;14
7481;13080;1481539462;12
22796;14923;1481519564;10
4943;4347;1481531604;2
25284;3133;1481525509;16
8682;6874;1481513578;18
3592;1292;1481530499;18
15520;15989;1481538561;16
344;7264;1481523727;12
13286;9467;1481548663;6
11895;27553;1481537654;12
19060;25411;1481545758;2
12182;10659;1481532335;16
6408;8684;1481545540;16
23117;9860;1481533345;14
6762;2753;1481524920;14
4773;4222;1481533710;4
6000;20290;1481526370;12
9652;12132;1481545148;16
10371;8450;1481521906;10
6865;17500;1481520071;10
5770;19225;1481512246;8
5083;6504;1481534549;18
26474;9751;1481512988;14
5861;25361;1481527641;8
8131;18305;1481547027;16
426;17903;1481538835;18
1198;6566;1481543539;10
26333;14120;1481514529;18
14950;10679;1481530592;4
7371;5880;1481511218;18
17794;9752;1481539367;10
16317;10185;1481513751;10
1487;27037;1481515968;8
25541;8965;1481530636;14
22263;2408;1481518499;8
7801;21482;1481525609;16
4963;130;1481544320;12
9744;2759;1481549764;12
25522;18193;1481525465;18
19985;7897;1481518139;4
5841;3723;1481531756;8
20673;17601;1481534840;6
9211;6858;1481538072;10
2978;15215;1481523656;8
17552;12646;1481511260;14
1053;11248;1481511707;6
1341;5877;1481529411;18
5109;4974;1481533945;14
4691;14696;1481536584;12
22131;20120;1481539622;14
26159;8798;1481533298;2
6431;14563;1481512027;2
10640;21504;1481517680;6
8483;18178;1481547138;12
27048;1315;1481548615;14
8289;1372;1481541075;18
6779;22180;1481536558;6
8538;8194;1481516994;12
17444;3419;1481541972;6
3591;14004;1481518395;4
23116;8879;1481526704;2
6391;342;1481549780;10
1127;7536;1481535291;12
6417;6559;1481530712;8
7297;11220;1481540948;4
5029;16023;1481535316;2
18815;13004;1481546690;18
9219;20629;1481523736;18
8237;21454;1481540773;2
10828;9551;1481516095;16
10781;6666;1481512550;4
4593;5508;1481509721;14
7475;1595;1481538155;12
4784;26119;1481539329;12
3054;11098;1481514233;10
8927;9467;1481549972;14
1057;8165;1481531410;8
16892;2746;1481520189;4
1269;21254;1481543792;18
21398;7523;1481521385;6
25375;13790;1481542418;4
1865;1416;1481527921;6
5641;8346;1481543740;12
14931;4216;1481524701;18
1015;20643;1481549696;8
14559;10598;1481530751;6
2331;19508;1481522952;18
11605;1300;1481545023;8
2725;16302;1481516633;14
10761;11202;1481517235;2
12775;15213;1481534682;16
1101;10243;1481534052;14
24997;8550;1481541528;10
3694;15243;1481524685;10
24501;17388;1481543843;18
5954;7109;1481517480;18
8132;9288;1481530446;16
6282;6606;1481532172;2
1713;9837;1481522368;4
9371;8884;1481535759;16
1362;1014;1481549528;18
15131;20048;1481525997;14
2350;5247;1481519314;18
4021;939;1481519427;18
3010;18511;1481519032;18
8921;5403;1481543518;2
23620;7903;1481540235;8
22929;13495;1481544907;10
18883;11821;1481522110;2
18882;7510;1481515180;8
10928;382;1481542614;18
22576;21462;1481549205;18
3118;6581;1481513654;18
6213;27162;1481547825;12
27299;326;1481540523;2
8333;8555;1481512152;10
4867;18865;1481513054;8
12240;13003;1481533059;14
1140;6210;1481545293;2
7980;12421;1481532759;2
48;8369;1481536266;2
19945;10189;1481548399;18
18195;19300;1481512032;12
4056;21084;1481546221;6
6186;15248;1481541073;12
8160;27101;1481527514;8
11783;10305;1481514738;14
19919;19737;1481528464;8
3736;11616;1481531109;14
18952;17922;1481517485;14
2025;1485;1481550684;6
13620;71;1481548685;16
19277;15347;1481549991;12
21484;7107;1481522615;18
6352;8317;1481533126;8
19304;19045;1481530339;18
9206;94;1481529172;2
19936;12695;1481544771;8
8051;22177;1481535361;6
403;7368;1481544053;14
5857;11698;1481524795;4
26155;1031;1481515614;10
13820;14562;1481540432;8
23886;167;1481550590;18
10504;5978;1481527442;2
14558;3691;1481522520;4
4316;273;1481538915;6
24977;23757;1481512176;8
16017;23697;1481547914;12
6787;22662;1481539832;6
27474;5639;1481529733;2
10610;913;1481538683;6
1966;11794;1481513480;4
2144;2173;1481518579;4
11691;7476;1481538975;10
276;2746;1481521830;12
7008;26205;1481517567;2
16123;15300;1481520369;6
19836;9239;1481541740;2
11212;21802;1481530919;18
1164;22301;1481537462;12
20133;7615;1481529569;18
5831;10495;1481536140;4
22452;12774;1481532577;10
19298;11705;1481548536;16
18177;11236;1481545555;18
20473;4244;1481548283;8
23666;12118;1481526506;6
5096;14429;1481537605;4
1580;6631;1481536139;6
20959;5377;1481520809;16
1743;1315;1481545964;6
6591;25280;1481531623;14
20473;10311;1481530342;4
13890;5491;1481539335;2
15450;7541;1481544317;2
4979;8415;1481532615;4
21729;20144;1481543779;18
11231;10002;1481541808;10
27046;1429;1481509551;10
4053;9306;1481547313;16
17028;4691;1481513519;8
5100;21736;1481548210;2
16021;6858;1481536095;6
1293;20094;1481524577;14
8432;8474;1481523525;10
14876;3070;1481541952;4
6702;1719;1481541528;6
14494;284;1481530667;4
8473;2793;1481522385;10
10411;19803;1481543902;12
15014;6310;1481518408;2
26138;7166;1481540405;14
3937;8221;1481546592;12
12745;983;1481517802;4
3778;6400;1481515737;10
1558;10239;1481530162;8
1976;10014;1481539610;12
6401;10272;1481546006;10
7415;19949;1481536169;2
23885;5507;1481516040;8
6827;8047;1481516365;4
19797;4338;1481542109;6
1413;6733;1481542544;10
8345;6592;1481531973;18
14238;6826;1481544626;16
19306;5585;1481524854;14
7379;18823;1481540450;16
76;25545;1481512144;14
12233;6143;1481539887;2
10359;17887;1481544131;4
314;23666;1481533329;16
8572;19543;1481536399;14
4610;21462;1481528566;2
10115;7435;1481535989;4
19648;3583;1481511800;18
27172;2340;1481527758;12
9878;25040;1481548807;16
4906;6221;1481516934;4
8358;17025;1481532483;10
9856;24347;1481548088;18
7836;181;1481523689;4
10828;4182;1481526922;18
1873;15322;1481513989;2
181;1382;1481524408;10
2838;1322;1481548088;18
17296;1446;1481550746;8
13126;1878;1481524083;2
25537;6451;1481542959;6
20085;26107;1481548536;12
18194;4733;1481514065;2
7876;11803;1481537271;2
124;18838;1481519226;10
5117;27342;1481525455;6
5080;11944;1481530726;2
15488;5924;1481533537;4
5762;18046;1481521100;4
20310;16856;1481518523;4
1642;1435;1481529980;2
22147;8024;1481549274;4
20466;20744;1481543686;18
9277;18896;1481525204;4
14708;18764;1481533006;2
15476;8955;1481539425;10
6986;25503;1481550706;18
4735;560;1481520920;14
22976;92;1481522027;12
11033;66;1481537159;6
19199;20367;1481522087;12
5279;6686;1481534679;16
1157;7356;1481530096;10
195;11245;1481537753;8
18808;12187;1481518220;4
9872;7894;1481512302;10
15348;8354;1481537568;6
19436;14201;1481517048;18
3856;22432;1481550359;4
17454;10387;1481544758;6
15761;3988;1481523142;18
27016;12065;1481512754;16
2810;9635;1481519011;4
11811;11131;1481516812;12
23727;1765;1481533904;2
9468;17673;1481543822;18
10096;21226;1481546506;8
4324;6459;1481516802;14
8322;8005;1481521376;10
14859;2931;1481519942;8
6542;7473;1481511792;8
3601;1162;1481541393;12
18868;11606;1481531968;14
134;20129;1481544523;4
8929;15231;1481511087;4
273;17586;1481539976;4
8446;11684;1481543268;16
24672;10418;1481537347;6
101;19492;1481551066;6
9199;23741;1481530341;8
10109;10808;1481521432;10
1989;19840;1481531573;4
11098;22934;1481550155;2
23024;23175;1481514603;18
4484;15463;1481528836;12
10809;21232;1481510334;8
12283;1639;1481517250;10
5909;7469;1481544293;4
90;22500;1481533640;4
567;7697;1481518486;6
26094;560;1481523134;10
439;11256;1481514027;6
25052;1547;1481530014;16
15010;4930;1481520527;10
362;4849;1481542304;14
256;2848;1481529065;2
20590;2021;1481540286;6
2981;11392;1481533194;12
3985;11233;1481547565;18
10205;12305;1481539917;14
10699;27294;1481537619;18
7439;8519;1481510775;10
24062;20693;1481541728;14
26101;20575;1481523916;10
14621;11085;1481538274;14
1102;14999;1481524873;4
10000;16852;1481515548;6
4806;205;1481531191;14
11150;6639;1481513659;16
11100;10012;1481534495;12
18213;17891;1481535124;14
17873;429;1481549453;14
6617;5672;1481527288;6
6723;3016;1481510230;12
3703;2016;1481522251;14
6574;6891;1481514979;8
435;1537;1481515847;4
24687;14132;1481512636;6
10434;14575;1481548243;6
10321;17582;1481537864;8
9885;6839;1481548099;12
24966;6374;1481522438;4
6122;25367;1481524347;10
11234;3162;1481530813;10
12766;9242;1481548160;6
4240;17019;1481544945;14
1432;4871;1481534401;14
10424;4863;1481548575;14
19224;23652;1481547240;10
20006;1814;1481517694;6
15324;7997;1481528895;18
8650;16298;1481536513;10
22942;11080;1481525572;4
17406;17149;1481534556;2
18906;8689;1481516208;8
1181;6826;1481519674;4
1024;16902;1481539997;12
11256;7976;1481523951;2
16884;19419;1481538702;10
4865;9309;1481523772;18
16302;1086;1481512269;14
7760;10517;1481510535;6
25066;7496;1481544105;18
14270;1932;1481519959;18
4191;1208;1481542555;2
10875;21003;1481515344;4
9820;9362;1481526478;14
23348;1886;1481530031;12
7903;25543;1481540050;6
13782;12760;1481543761;6
9305;5644;1481527183;4
3629;3047;1481524723;12
7617;1575;1481521613;8
2800;1265;1481514982;14
996;5956;1481512237;6
15015;9192;1481515295;4
1408;1975;1481536180;18
12818;11040;1481511772;8
5722;6537;1481541012;2
4875;6571;1481532988;14
1134;19883;1481513059;2
9522;5817;1481532683;14
19830;8305;1481524045;2
15996;392;1481512595;4
5651;10005;1481548610;6
1375;27008;1481517277;12
16033;22930;1481539592;18
17421;18157;1481544420;8
8701;3988;1481545936;14
14702;9161;1481535392;18
26102;4019;1481512843;12
6264;3467;1481539260;6
18901;1816;1481530735;2
3621;15484;1481516378;16
3290;2781;1481548447;4
7937;5857;1481526166;8
5392;10216;1481521347;18
7834;6384;1481543128;16
2376;14437;1481517017;16
6117;7101;1481547631;14
8510;23640;1481541117;14
9413;21805;1481511762;14
27288;2879;1481548127;6
5279;4268;1481519118;6
1746;3593;1481531743;2
22468;27095;1481529277;14
11700;6529;1481546092;16
4253;6623;1481517709;10
11728;4761;1481516638;6
18898;25284;1481545781;16
6966;7036;1481547672;10
8977;1212;1481546655;14
4864;11605;1481543376;4
21311;11851;1481545640;4
3583;14255;1481510572;8
17921;10710;1481548688;6
967;2826;1481519697;18
11267;9272;1481542606;18
17577;22463;1481521118;8
25535;12812;1481531613;6
17579;20689;1481516584;14
20636;1796;1481545854;8
16795;19952;1481524422;14
11815;14920;1481530801;6
27157;11249;1481520472;2
23352;17361;1481523198;16
25549;4274;1481542390;2
6631;25070;1481545321;18
4544;4562;1481516357;16
27376;1667;1481525607;8
270;27294;1481548575;2
2810;4013;1481540754;2
356;17922;1481531263;18
5626;6284;1481537272;10
3996;4959;1481516901;10
23543;1446;1481538641;2
3000;7543;1481525181;12
19922;23339;1481526499;10
17788;2999;1481546448;6
5420;24180;1481542209;12
15407;4008;1481520973;8
25000;19046;1481539605;10
23302;10713;1481528641;8
5247;20444;1481544866;4
11884;7473;1481536061;4
4605;8882;1481519369;12
6435;10813;1481543869;4
8775;16905;1481516298;6
2036;4695;1481510460;2
8347;25021;1481525574;10
4558;20007;1481510149;6
5600;10293;1481524298;6
20399;4244;1481512529;6
5471;5872;1481528413;16
5528;7797;1481528959;18
7956;10804;1481541387;18
170;24255;1481525809;14
7056;7800;1481546909;14
10259;23891;1481526951;6
23741;1263;1481524236;8
7408;6988;1481528308;4
4825;238;1481542023;16
11858;21303;1481511383;8
6171;3266;1481533088;8
19092;6521;1481534895;6
10713;9217;1481512519;16
9738;13344;1481534667;10
17384;21727;1481542917;2
18839;23630;1481533753;4
3935;1646;1481528785;2
9429;27288;1481532324;14
19964;27395;1481516627;12
8541;25291;1481511659;14
1492;7595;1481523796;6
9986;11112;1481544799;2
10206;105;1481542868;14
4882;23115;1481515336;14
13770;9815;1481531705;14
1733;5707;1481515652;8
9490;27407;1481543147;8
23040;6473;1481525056;8
6613;18905;1481514099;6
9799;9897;1481522353;4
16801;6605;1481546546;18
10737;8511;1481544859;18
25177;8395;1481546638;6
19827;10591;1481512406;6
2025;12092;1481513805;8
13861;5101;1481532342;18
12287;164;1481538741;8
9368;14420;1481514776;6
25286;10655;1481533821;8
20967;27386;1481511655;18
3995;1970;1481524826;4
20454;19939;1481544903;14
8440;2018;1481515779;4
26166;12770;1481529408;2
15356;2174;1481533265;8
15926;31;1481537477;4
5999;10928;1481523746;18
10981;9868;1481522175;18
1075;2015;1481536192;10
6472;6171;1481535730;10
1662;3057;1481515152;6
1034;6440;1481513635;2
19079;23520;1481527684;8
7562;2998;1481536328;18
8484;18880;1481516870;10
18464;17790;1481511843;10
5999;13781;1481515860;12
223;12136;1481520280;8
17502;20968;1481529329;16
4906;20048;1481513016;12
15648;3162;1481519149;14
6503;23031;1481546824;10
1588;20010;1481532520;18
4993;10647;1481511595;16
6185;12759;1481512015;10
8566;8849;1481549856;14
5768;24742;1481532512;14
9149;14709;1481544397;10
17265;13262;1481522927;8
16296;401;1481524473;16
10386;10104;1481534248;16
20075;3985;1481515455;6
5437;5676;1481513018;10
11787;1975;1481524402;18
11403;11086;1481524472;18
4679;11033;1481514157;2
8751;10535;1481545511;12
5126;7621;1481520505;4
21445;23665;1481551046;6
10465;15237;1481542256;10
19061;19868;1481524000;12
432;1764;1481518632;8
6105;2348;1481509636;16
19578;8802;1481538172;16
4251;2283;1481514717;18
15304;17921;1481519158;14
11220;11267;1481512730;4
8563;24140;1481546488;10
22651;6970;1481543448;4
7357;10064;1481538189;4
6557;12871;1481530601;12
16184;7643;1481510213;8
12558;6112;1481539867;4
20127;6272;1481523276;8
6586;10813;1481515944;6
19840;8742;1481530933;14
2141;403;1481545907;2
6117;17506;1481513660;16
6763;14434;1481535153;14
11178;10110;1481536796;10
17790;27042;1481529321;2
20518;3066;1481512769;8
21292;19756;1481541979;6
7505;23741;1481523025;4
7303;4032;1481535021;8
3736;9431;1481526991;16
15990;5045;1481522920;10
26315;146;1481511258;6
6951;11718;1481524509;2
11179;1053;1481545499;18
9566;9488;1481537092;4
18904;6829;1481540421;8
27058;13815;1481528701;8
5479;14659;1481539766;8
21715;20681;1481520443;16
2954;23616;1481519184;16
22180;4213;1481529274;8
2739;1038;1481542509;8
9363;7637;1481529726;8
4167;2391;1481517372;10
21294;8916;1481548758;10
6420;5411;1481542222;14
18902;6711;1481546540;14
1610;20358;1481536405;12
25055;7319;1481529286;10
5422;921;1481512226;2
3286;5805;1481529558;4
8088;7575;1481531176;6
8356;22487;1481549509;14
23524;11566;1481547823;4
4918;14198;1481545932;10
7438;17790;1481538755;18
11270;19805;1481536042;8
12809;10244;1481522768;10
21403;4743;1481526331;6
3275;12139;1481522870;16
11009;5697;1481541988;2
17389;17239;1481531036;18
1607;10355;1481541859;16
1080;3013;1481517772;14
6300;6229;1481539293;12
24179;4762;1481527780;2
17790;6195;1481526301;4
24327;10331;1481515635;16
8758;24180;1481512834;2
1204;77;1481542403;6
18214;9982;1481519729;16
12158;5759;1481521286;2
22317;20021;1481543058;12
9834;3601;1481532697;18
26329;11917;1481538191;4
127;8441;1481549961;12
947;24062;1481544092;4
23750;3595;1481542843;6
8866;9540;1481545298;10
4998;3417;1481548665;18
1648;19210;1481549604;18
10924;8990;1481533928;8
12297;1131;1481548820;4
25049;10532;1481544113;8
1127;4877;1481512024;6
10093;20073;1481514411;14
7347;3419;1481530004;4
10310;7572;1481544415;2
8885;10460;1481511160;8
12360;4731;1481533580;10
12333;17517;1481523220;4
2320;5334;1481516808;10
10189;19918;1481520793;6
4542;9008;1481520228;16
5598;18349;1481523822;2
8319;17501;1481528188;12
27184;4585;1481550775;18
6355;20401;1481510704;4
1989;9061;1481523746;12
23140;6471;1481546776;16
27162;1033;1481533267;16
23060;24571;1481520401;2
6441;26312;1481535262;8
14565;11943;1481527027;12
9982;16184;1481519565;18
12262;23507;1481539541;10
7601;1102;1481549240;6
14170;9756;1481539734;10
17231;20686;1481535749;18
19274;25165;1481515636;2
17148;3406;1481521018;4
12074;9436;1481532551;4
7101;9960;1481533883;2
5676;8777;1481518951;8
14779;6789;1481537382;16
3947;9534;1481520469;14
3428;6867;1481546139;14
19971;9431;1481512551;10
11620;12308;1481537117;8
6968;3609;1481521780;2
20135;14874;1481537379;2
10375;20532;1481537462;4
25414;6158;1481514924;12
6592;14951;1481522904;16
244;7073;1481543348;18
15521;6442;1481542292;4
6871;27200;1481514583;12
8441;20674;1481548729;14
15021;13854;1481541160;18
5607;12577;1481527268;14
27432;18813;1481511550;14
25190;5719;1481551004;16
6998;15079;1481515254;16
1227;5926;1481542969;2
16838;6132;1481523299;6
8337;20062;1481543183;2
114;10325;1481546812;10
5935;17381;1481536471;10
8750;5355;1481550693;10
9201;10013;1481545021;14
4301;4657;1481533355;14
21499;18843;1481532903;2
19210;11050;1481542911;14
5402;20607;1481537929;2
10533;23517;1481541870;4
8372;6360;1481536115;18
7622;27489;1481548713;6
11400;7575;1481520705;6
9026;9443;1481536471;18
19505;7350;1481518726;14
1927;18512;1481528131;4
20340;12069;1481533261;8
7546;6474;1481525134;10
25405;9813;1481536639;18
27281;7048;1481532070;10
3410;12159;1481547633;10
1017;9272;1481532279;18
1351;5771;1481513673;14
1375;243;1481514532;14
16185;3778;1481550851;8
8290;14269;1481516879;8
2129;7172;1481526208;10
3266;8456;1481526183;6
5896;8942;1481530490;12
16013;6401;1481527332;14
5908;11635;1481524938;14
4917;8356;1481535744;6
13909;7299;1481524105;16
1963;10073;1481541830;10
8016;997;1481537203;10
4270;17454;1481544103;6
2402;11156;1481519396;16
2802;27133;1481548416;14
12015;21759;1481532026;4
11565;6638;1481539779;18
4558;23536;1481519734;6
9736;27459;1481515517;18
10332;1491;1481536047;2
2381;1382;1481514360;10
27471;4723;1481525237;10
10905;20045;1481515460;6
6996;17550;1481520399;18
18810;278;1481545224;14
4268;6797;1481535291;14
1845;374;1481540256;18
6293;26322;1481538773;16
6155;5864;1481531789;2
8763;14583;1481523087;4
27289;5018;1481528950;18
9153;9216;1481524287;18
24410;23141;1481534687;2
196;10327;1481534453;18
11957;440;1481538670;16
8107;7276;1481515519;2
7855;7495;1481538124;10
20908;9953;1481543537;10
15243;9652;1481516090;8
17299;12134;1481525708;6
3070;10247;1481511826;6
5730;9221;1481513347;12
20532;2149;1481533877;16
11032;7582;1481518469;6
5817;12642;1481520287;12
27386;24427;1481530222;16
9474;7882;1481519314;2
8327;1662;1481534514;6
11908;3741;1481545017;12
19951;1441;1481539140;10
11177;8091;1481514276;8
1632;18873;1481531396;16
17363;11779;1481526476;18
15082;21402;1481523832;10
8578;21465;1481516661;6
22926;9443;1481542108;4
14446;1812;1481532246;14
170;2727;1481531298;2
16887;10231;1481544671;14
19878;26164;1481518230;6
14812;2735;1481509502;16
350;22269;1481512515;12
10767;4730;1481521372;12
25487;15308;1481525920;14
11250;12943;1481536984;18
5707;6295;1481541290;12
17790;18070;1481545305;8
8138;1746;1481536505;2
7886;2996;1481522222;2
6506;1101;1481526031;18
8330;17601;1481533739;18
27472;22965;1481540889;2
25192;4751;1481549163;10
5952;20827;1481537213;6
257;22451;1481519062;4
7369;27464;1481532772;6
9012;27046;1481531896;6
23038;16198;1481525252;8
10984;19559;1481527041;8
25258;14798;1481518888;8
21080;9833;1481546504;4
7087;4319;1481511291;2
11696;20682;1481546071;16
6891;24370;1481535697;4
5000;3626;1481547942;2
3901;7263;1481542551;16
15324;14690;1481541412;8
11959;6279;1481516870;18
12600;7094;1481516873;10
2132;3977;1481522783;10
8910;3382;1481518894;18
20338;17878;1481534626;16
8549;4658;1481542614;4
22498;17867;1481521536;2
9151;7162;1481509506;14
22297;18102;1481510457;6
6007;7399;1481549961;4
13869;9567;1481512462;6
7282;19965;1481529632;2
13341;14929;1481516400;8
5412;11784;1481516372;6
14185;1433;1481531210;8
24929;1504;1481537911;14
6990;8253;1481545259;2
2947;25518;1481538112;4
26216;7941;1481521483;12
10921;2998;1481511166;2
14587;9841;1481544743;2
21231;20068;1481533029;10
7294;17460;1481514313;2
18864;21295;1481526886;18
13826;14697;1481543047;14
3116;15030;1481549986;8
3374;6734;1481547517;10
7983;243;1481535218;12
11725;2419;1481518060;10
2348;7266;1481536661;12
25363;421;1481509904;2
20121;1885;1481550371;14
4245;9552;1481547017;12
9215;3620;1481548516;14
5627;11949;1481541868;14
3415;26207;1481526811;12
5032;19228;1481539270;10
19421;21715;1481520545;2
3534;7260;1481527499;16
11795;10906;1481535176;6
2726;2321;1481514979;4
15102;27393;1481532357;8
6455;1668;1481511415;2
288;20695;1481550197;18
10530;4921;1481549675;2
2988;9290;1481528767;16
13112;157;1481530517;12
15242;2125;1481532416;8
1160;10739;1481534130;8
4700;7098;1481517173;14
20055;3165;1481540761;8
9609;977;1481532166;18
15328;7849;1481548984;16
20417;11846;1481543109;14
21731;12307;1481543701;12
10014;11829;1481533327;2
20126;945;1481532750;2
16805;16097;1481517783;8
17415;5877;1481534795;18
994;21465;1481514066;6
9996;5641;1481530211;10
1444;4732;1481542919;2
14193;20573;1481549449;4
304;1876;1481535911;14
12378;1988;1481543250;6
3541;13184;1481533516;18
7831;3495;1481531409;10
9888;7595;1481509654;12
6159;17462;1481546033;4
1982;24239;1481544108;4
19299;17363;1481535165;6
21085;16046;1481534482;10
3595;7886;1481543253;12
17274;8356;1481527034;2
4875;5987;1481519326;18
3999;24744;1481528460;4
5352;15033;1481513994;12
8587;24182;1481514096;6
1299;25023;1481515798;4
10930;20063;1481519862;2
1875;5711;1481514626;4
9458;20369;1481540018;18
3778;12417;1481516542;4
9514;17;1481531093;10
11700;9025;1481525317;6
7633;27480;1481526970;14
6238;275;1481545340;2
23037;104;1481534072;18
1362;5293;1481539369;12
8363;14713;1481523091;12
12426;1206;1481546845;16
6726;1714;1481521839;14
1794;16931;1481532603;10
3559;10270;1481518220;8
1495;12283;1481551001;10
12099;6627;1481514283;10
6451;6550;1481530925;4
4732;3022;1481522701;12
2868;3300;1481514678;12
4747;9486;1481528687;14
434;107;1481548354;6
26037;3624;1481530416;8
6156;887;1481539269;4
1801;6274;1481514402;8
26036;7917;1481517346;18
1002;18840;1481524881;18
11155;23159;1481529575;18
9365;23853;1481510627;8
19866;18764;1481536903;10
17002;12048;1481520846;10
2281;9109;1481517598;6
2960;13341;1481526668;6
23013;1277;1481510312;10
4267;2878;1481534728;10
15089;18261;1481545644;18
5876;13820;1481525070;6
5843;2427;1481544134;6
1777;20995;1481516667;4
20935;15785;1481522709;4
8032;3400;1481514925;8
7963;19420;1481539305;8
15235;10459;1481514491;6
17207;11083;1481547900;18
11056;1663;1481546766;8
1676;7053;1481544693;6
5826;1647;1481528338;10
7835;12288;1481538750;14
11991;8665;1481510433;2
20976;5360;1481545858;14
10847;11133;1481527306;2
21085;1451;1481542443;4
12646;12421;1481510601;12
10720;9738;1481537373;12
19739;1206;1481540994;8
15931;7404;1481543822;6
8998;24359;1481536290;6
10412;3458;1481521445;16
12099;24924;1481545713;16
4946;5330;1481527203;16
3428;22145;1481515434;10
2775;1160;1481515591;8
10037;1723;1481545988;2
6221;242;1481539337;18
9483;24354;1481549328;18
1230;149;1481510381;8
24423;27544;1481519648;12
4882;1055;1481519756;6
2013;18350;1481535592;8
6290;119;1481520923;4
27331;1406;1481525504;18
1452;3704;1481544938;4
15083;15482;1481512867;16
17848;14899;1481525734;2
10358;3459;1481542612;16
3294;17211;1481549303;16
24738;435;1481530250;4
24563;22989;1481549717;4
7937;9843;1481519116;4
23892;7764;1481530515;14
12244;4505;1481512233;14
14437;22311;1481517495;6
4812;1148;1481539296;6
11621;24164;1481549872;12
8958;9648;1481535873;2
19955;1201;1481547063;14
12211;2032;1481533370;18
11364;20127;1481541429;14
362;15431;1481510640;12
6879;19233;1481529989;14
12033;8893;1481546054;12
9975;4246;1481519661;14
9991;20794;1481519597;18
5745;6589;1481548126;12
883;17176;1481531246;16
10107;24679;1481514251;18
8986;4895;1481538906;10
10666;23341;1481523729;2
9664;15467;1481513742;18
17532;5842;1481532826;18
15304;6169;1481518084;6
10635;10362;1481549775;10
8135;7891;1481510897;18
5695;7456;1481543337;4
9846;17173;1481538548;10
19490;6691;1481512905;8
9166;21;1481510725;8
4189;6143;1481536209;2
6500;8649;1481515247;18
11244;17289;1481548206;6
17049;19799;1481518742;14
11063;5487;1481523606;2
11253;3791;1481520358;18
10890;2418;1481516095;16
8539;23049;1481522988;16
9526;2422;1481549401;14
8636;5512;1481543256;6
25493;1361;1481540514;4
7171;4672;1481544528;14
11623;13196;1481525366;14
17273;19044;1481548163;10
25062;1696;1481523051;10
10114;3291;1481544819;10
26155;6581;1481517151;2
16535;18416;1481513823;6
7190;21003;1481544741;6
3079;9217;1481516106;4
19923;20137;1481548623;8
6140;27542;1481536110;12
23488;8480;1481522403;6
20910;20261;1481529561;6
7299;11231;1481538009;16
5473;18310;1481541894;18
4572;17330;1481549995;18
1089;4521;1481511428;6
5472;20289;1481529849;6
8492;3004;1481523406;16
6807;19489;1481532532;4
13924;225;1481541143;10
18182;24281;1481523803;12
5847;5032;1481523704;6
7524;9009;1481539819;16
20464;4245;1481535353;18
5949;5880;1481535545;6
6469;6918;1481528064;2
17307;10513;1481537827;2
22445;1025;1481543034;14
4765;19298;1481512398;16
12158;10922;1481535265;2
3616;3556;1481532293;10
4919;6249;1481522464;12
20769;9867;1481545266;6
5831;1973;1481535095;4
7270;3539;1481512107;4
17240;15298;1481550715;4
10120;16138;1481512349;8
22258;12698;1481532487;6
16650;16117;1481512421;16
6826;3074;1481541876;4
7276;5850;1481533994;12
15352;25265;1481536747;18
23621;5908;1481527507;12
14545;18533;1481509811;4
8683;18816;1481534937;18
3911;7817;1481518342;6
3914;8349;1481524584;12
1565;9160;1481517345;14
8746;27542;1481527718;6
10291;10293;1481516376;12
13679;21503;1481529741;14
4749;390;1481543811;18
14116;6164;1481519213;10
17601;1287;1481512203;12
7636;4757;1481542213;12
23355;10808;1481541871;6
6439;8160;1481511292;14
11266;51;1481521942;16
8417;3766;1481550000;12
308;18188;1481513889;4
12565;20414;1481509937;18
27468;9425;1481523645;12
2986;7551;1481534450;8
25507;6791;1481549176;14
1376;17572;1481548805;2
12799;5810;1481516200;16
1393;26144;1481513743;18
6811;27280;1481538660;4
6566;7623;1481529347;10
8541;16134;1481525898;8
5609;1351;1481513090;16
7461;2640;1481528292;12
27096;3460;1481520759;10
14713;10912;1481515555;6
6387;27466;1481526171;10
10775;10020;1481527090;6
12146;4571;1481525606;8
19594;6734;1481523388;6
9156;27131;1481544584;18
11943;5293;1481540448;4
6715;8141;1481525470;16
1196;4920;1481512212;16
3986;7498;1481514520;16
2985;6265;1481545357;12
42;5037;1481519602;16
7512;27134;1481518599;16
7418;19087;1481539344;4
6118;5096;1481531643;14
10381;23059;1481525214;18
20910;23115;1481530951;2
10824;27508;1481545956;10
1461;16049;1481521987;10
6696;10677;1481547324;10
22923;8291;1481525454;2
4243;6603;1481546363;14
8870;2135;1481537643;18
24347;19814;1481517300;12
13870;11748;1481529858;8
8382;4238;1481519503;4
21737;7876;1481537432;6
27005;14625;1481521739;16
8646;1496;1481539631;10
4290;4957;1481538879;2
9012;251;1481518891;14
10274;8992;1481513270;12
21739;27051;1481519411;18
14494;9455;1481548069;16
10603;5039;1481549794;4
22653;6552;1481550391;14
7825;10087;1481525853;6
15748;10208;1481546255;14
8504;9267;1481526908;2
11800;26107;1481538484;18
6008;18152;1481546002;6
9885;6961;1481531828;14
6696;1864;1481511349;16
145;9533;1481533328;6
10271;1362;1481539364;2
23176;11595;1481532699;10
26111;1699;1481546868;6
23191;402;1481525425;8
16198;3062;1481515960;4
14201;8581;1481513477;8
11609;17583;1481529115;14
11125;25068;1481540403;6
4559;368;1481524761;14
20937;11093;1481510238;14
14550;20243;1481546588;10
27014;7783;1481537969;16
20128;9798;1481525085;2
14207;12244;1481541837;18
12813;12310;1481522884;8
11143;21492;1481540315;4
16117;12065;1481530697;16
6337;9563;1481539298;12
10822;4700;1481515543;2
17284;10045;1481541576;2
23640;17265;1481515489;10
11123;1662;1481544601;8
25388;6713;1481548662;16
15788;25367;1481529763;18
8395;4569;1481528496;10
3061;12372;1481528962;12
4297;18076;1481517535;6
27296;7674;1481513788;2
16531;17847;1481536764;4
4286;1452;1481537559;12
9169;4313;1481522772;6
6857;24706;1481537082;6
11249;8908;1481532695;4
3723;8385;1481509773;14
7450;7903;1481517495;4
1213;27551;1481529333;14
25197;8951;1481546181;8
12335;16886;1481550292;4
6669;4571;1481514871;18
1837;17244;1481519268;2
5879;7142;1481533441;16
27037;3686;1481515733;16
27209;2032;1481542742;14
9990;12103;1481544407;12
27281;27136;1481524855;18
5044;14559;1481532802;8
18081;16840;1481549922;2
9819;26127;1481538142;18
27313;17162;1481521920;18
241;6358;1481545845;16
10561;9228;1481528161;4
10045;1057;1481537960;10
22479;14167;1481550086;4
7831;12578;1481534593;6
11152;12090;1481512599;18
12871;9415;1481530248;8
4531;3401;1481537263;16
19556;11250;1481550496;2
8974;367;1481528596;14
4805;4352;1481517698;6
3940;5936;1481517599;18
7387;15015;1481545891;4
14448;12731;1481535284;16
24687;17531;1481540457;16
4734;1941;1481526649;14
8550;6909;1481522718;10
26156;190;1481550519;12
23865;22509;1481534798;18
17363;16909;1481550410;16
6317;12372;1481524544;18
4767;2030;1481516942;14
7350;1073;1481531543;6
27318;19910;1481539139;8
1293;17258;1481513160;10
22501;560;1481543405;4
26333;83;1481514436;18
16308;15099;1481543601;10
10101;1772;1481535943;10
7905;12731;1481550343;12
8646;10829;1481548092;16
5821;2130;1481541745;16
11803;16848;1481545700;4
23113;5678;1481538289;6
19883;7512;1481524108;10
16929;8743;1481533933;14
965;188;1481543526;2
17256;15226;1481512611;14
15188;14437;1481541483;6
13902;4306;1481532621;16
19828;413;1481517216;2
25400;7319;1481524149;18
23525;9804;1481524985;12
18842;9989;1481531331;2
3940;5632;1481536064;12
27232;6221;1481533552;8
20240;8665;1481523761;4
8485;4757;1481517983;18
10894;5284;1481542061;6
19932;6655;1481515579;4
26263;19208;1481536833;18
25343;12355;1481543227;18
18464;114;1481547711;14
3510;16105;1481547505;6
6010;21731;1481530863;12
6883;8498;1481530876;8
6783;7909;1481520851;10
249;8997;1481549957;16
23642;8938;1481533034;12
23112;25392;1481546819;14
1056;6304;1481550553;14
4560;6428;1481530800;16
20429;17334;1481509644;2
24508;4267;1481522167;8
4299;20089;1481529963;6
27486;26068;1481531201;16
23354;27279;1481511476;14
8573;18895;1481546748;12
5097;6497;1481538282;16
12714;16927;1481549083;12
7281;2981;1481518306;14
6716;1078;1481546361;10
8517;5515;1481544619;10
11620;5282;1481526894;12
3416;18857;1481537369;2
6290;18845;1481545614;10
18907;21596;1481550785;16
327;11903;1481520502;14
25185;73;1481540801;18
8957;21306;1481537158;8
7443;5441;1481546067;12
12714;20146;1481549908;18
1338;26395;1481534689;16
4184;10831;1481535919;12
10806;13128;1481535578;6
2334;27004;1481541762;12
2117;6377;1481541850;6
14992;17169;1481518300;6
4283;1019;1481523297;12
6200;26474;1481546943;14
15079;17416;1481517503;18
10930;27461;1481543914;6
9887;4801;1481534482;2
10211;7974;1481543594;6
978;7099;1481537566;8
3083;21282;1481535776;10
14121;19233;1481549868;12
133;19220;1481541289;4
1799;20943;1481526524;6
25512;5744;1481512589;10
3568;17154;1481550480;14
11603;7267;1481518000;14
9997;1646;1481537117;14
18884;13863;1481549325;10
19945;14634;1481545268;16
8375;6893;1481521160;6
138;7912;1481537017;8
6694;43;1481527912;18
13775;26259;1481541034;18
27052;11214;1481516650;6
18175;22931;1481510772;8
1200;16049;1481541192;2
8750;1452;1481514796;18
20704;3014;1481513905;10
9533;19236;1481523024;12
14642;11361;1481550949;6
148;17171;1481536975;18
8335;17397;1481514833;8
8413;8658;1481522475;18
2733;9500;1481540507;4
1965;24529;1481513658;2
4897;22508;1481549437;8
23763;6122;1481543853;6
23621;7576;1481532796;2
23024;4276;1481547418;14
7510;5080;1481521979;16
10184;6711;1481526403;8
5690;8411;1481523004;10
20114;14580;1481524829;4
209;3639;1481528534;10
7560;77;1481549303;8
27489;1368;1481523513;16
4667;27014;1481525322;16
26139;25113;1481520603;14
6011;18102;1481544888;8
8802;4787;1481547074;14
9414;21223;1481537861;10
5841;27295;1481524127;10
1224;19947;1481532414;4
3057;10831;1481532283;8
4827;10071;1481519219;10
8302;3295;1481542649;18
8646;6387;1481521952;18
6537;14663;1481546490;8
12730;2338;1481533801;14
9751;11145;1481518913;2
3978;4685;1481520842;2
16195;4830;1481543196;4
7364;4810;1481546269;18
6412;26111;1481544887;2
22495;4551;1481520037;4
4596;8885;1481524256;8
6222;21233;1481535338;4
20424;6623;1481517118;12
60;4545;1481517581;8
4703;7504;1481513133;18
18068;11035;1481511518;18
11951;14428;1481518309;2
8987;1145;1481548676;14
11398;3566;1481510728;2
16531;3495;1481548001;10
18886;9365;1481539043;6
17267;11177;1481514958;4
10598;12347;1481517667;14
12767;5696;1481546064;4
24662;12178;1481537149;4
22942;5878;1481515625;16
25389;4263;1481530019;4
6782;9875;1481546639;12
15378;25324;1481532267;16
1048;5714;1481549654;2
20600;9266;1481527773;6
17513;15075;1481527990;14
1491;1776;1481548530;2
22926;10197;1481545307;18
17027;3888;1481532581;6
8150;5490;1481546756;16
6595;8350;1481542568;16
25373;7111;1481523219;4
23517;122;1481536719;4
7938;24376;1481544603;18
7675;112;1481512182;6
1070;3642;1481525763;12
12286;11947;1481512095;4
8023;22614;1481526934;6
11249;5840;1481527252;10
20479;15027;1481524948;10
1593;27432;1481535006;12
20195;9668;1481527068;4
1656;5110;1481525600;10
214;6396;1481527340;12
8517;11391;1481544505;8
14878;8338;1481535493;10
1179;1700;1481543241;2
10409;9100;1481528684;8
6115;5958;1481515556;6
1182;8363;1481518944;6
25512;7012;1481510556;14
25087;19061;1481519826;2
26104;20138;1481542935;14
19941;8910;1481521798;8
11000;13945;1481512693;18
406;20775;1481546069;16
19092;23447;1481536848;8
15513;22588;1481541000;8
25128;21232;1481524784;12
23823;16802;1481533294;14
4227;20460;1481535340;10
6870;17428;1481511918;16
9170;21807;1481544359;4
20917;201;1481548950;16
5283;5821;1481543073;4
4524;20012;1481543722;16
15097;6119;1481548806;12
7555;3943;1481544186;16
10614;19749;1481511610;18
23021;19423;1481549104;8
13809;3005;1481525642;14
9463;4313;1481524251;16
7868;6335;1481534833;8
10684;11153;1481540318;10
2015;21843;1481535369;2
59;5991;1481539487;6
9645;9509;1481539168;2
13263;15122;1481518819;18
1388;258;1481519669;18
13226;9307;1481519929;16
3727;8373;1481535890;16
143;27088;1481530316;4
22504;7762;1481537667;12
7362;20794;1481547204;14
437;12699;1481541176;12
422;22489;1481518229;18
17333;382;1481539951;10
1452;4608;1481533034;2
22179;1128;1481533636;2
620;5037;1481509761;4
9862;3154;1481527823;2
11859;3903;1481543256;4
19789;16188;1481545144;2
10556;20979;1481527948;8
27158;21729;1481530796;2
1522;26035;1481549999;12
5730;2742;1481548025;4
21799;12816;1481512268;2
8649;9645;1481526382;14
13903;8795;1481550436;2
10109;23738;1481532654;16
1884;7689;1481547578;10
7857;8802;1481519760;4
6268;7572;1481549175;12
1246;7452;1481520895;8
4009;1891;1481528459;12
4362;7613;1481544573;2
10800;4991;1481513442;4
1148;6498;1481513821;6
10632;972;1481514760;8
10680;8570;1481544712;8
21497;21300;1481518606;6
4348;5479;1481524549;2
6583;11406;1481551038;2
9002;5874;1481537740;10
15407;1093;1481550454;12
6459;16006;1481542634;14
18177;1694;1481512454;16
23012;23518;1481511839;4
568;27298;1481522818;18
15376;24089;1481548453;14
10506;1601;1481548180;4
8865;4945;1481526138;18
5490;311;1481537935;4
3407;20044;1481549646;2
17537;17335;1481516489;14
6542;5750;1481530244;16
1389;17291;1481544501;10
5248;28;1481542682;4
8433;5397;1481545812;14
9804;6880;1481523747;8
5833;399;1481550029;14
12046;2808;1481530991;2
4003;8531;1481510926;16
8233;6124;1481514742;2
1003;17877;1481526957;8
8319;137;1481517196;8
14927;3068;1481524469;2
12571;287;1481537441;2
7692;9165;1481518235;12
1084;19216;1481537348;10
1547;14912;1481549629;8
5915;19921;1481516258;12
6284;15307;1481538022;12
6534;12072;1481531397;16
15118;13211;1481535171;4
17243;9206;1481529376;6
1127;5840;1481527130;2
26119;1451;1481535876;12
11385;25369;1481534379;6
6469;5081;1481547132;8
10497;8751;1481520509;16
13813;22955;1481527624;14
22995;19052;1481515099;4
1142;19060;1481510989;14
16368;20360;1481525445;18
6108;14133;1481534166;14
14159;8464;1481548153;10
14905;7324;1481541452;2
941;20073;1481545138;4
10519;3699;1481510689;14
11261;1265;1481546830;18
1897;6632;1481529416;2
20366;3907;1481521591;2
3352;2427;1481542682;12
10064;875;1481523967;2
8986;1609;1481520529;10
4749;16188;1481523682;8
1490;7781;1481540039;12
5725;10799;1481548719;8
7336;4320;1481512830;8
21281;17848;1481526896;16
5715;2351;1481548652;2
16797;14871;1481546684;14
8600;18882;1481522999;10
7474;9471;1481529143;10
6998;6123;1481518690;6
9277;25434;1481543532;12
2130;17296;1481513215;4
9163;7582;1481545935;8
7894;4576;1481524412;2
1301;10505;1481526596;16
3460;1953;1481540370;4
8326;3572;1481526783;4
3384;6132;1481528705;12
17526;12601;1481521231;6
24711;27404;1481514260;4
23618;14571;1481524498;4
3698;11944;1481519961;18
6891;9742;1481546111;6
10618;12072;1481521854;18
5082;18802;1481512874;12
8364;13298;1481537678;16
14551;21309;1481531342;10
22502;22145;1481548499;16
15296;21297;1481543929;10
7521;23058;1481536357;8
405;2354;1481524134;18
8738;9149;1481510294;14
17334;16377;1481527581;6
10422;23003;1481542272;12
9869;18846;1481523631;18
23662;7567;1481538797;6
7465;17673;1481519913;16
18046;22983;1481547076;16
20538;20146;1481539438;10
16837;24584;1481546195;10
1363;12644;1481535562;6
12710;3932;1481510877;4
17172;22649;1481531927;12
1291;3947;1481534511;14
24971;7630;1481512759;10
10923;23752;1481548499;12
22942;17902;1481529332;16
11101;7161;1481520072;16
3947;4526;1481526839;4
25023;1487;1481533192;18
1922;8509;1481516214;10
12155;3931;1481535558;8
13890;11414;1481536806;4
6320;21097;1481515479;16
3372;4517;1481529833;18
10606;18175;1481516411;12
108;325;1481515208;12
3987;18339;1481521688;4
1593;4214;1481536851;12
5846;7161;1481531086;18
26110;18909;1481542342;6
14961;20510;1481529674;2
11693;7942;1481543008;16
20454;19780;1481539749;6
6789;7013;1481529448;8
12120;7034;1481534297;14
27556;10493;1481517747;12
5298;8328;1481519925;18
11807;2751;1481537695;16
9299;9228;1481543857;14
14158;2132;1481521437;14
10729;25078;1481537473;18
27470;5772;1481517383;4
5935;20225;1481529093;4
7709;9656;1481527514;6
8563;20769;1481522038;14
10250;15459;1481523747;10
319;8058;1481543463;12
10030;16135;1481539849;14
1925;13461;1481526394;18
1793;2763;1481522075;14
27090;16043;1481531913;12
8511;20995;1481520177;16
19538;23364;1481532337;12
7851;6305;1481512571;18
7421;67;1481525576;6
8035;5894;1481520263;6
7480;3940;1481550674;8
20137;19869;1481550825;10
4325;199;1481548322;2
25084;19828;1481538948;12
17460;27458;1481520990;4
7639;4694;1481527190;6
12048;5127;1481517957;16
2804;11849;1481511760;2
8992;6369;1481537100;2
148;16997;1481516027;4
18215;6148;1481531656;6
19842;2399;1481527187;18
1121;2609;1481522516;8
9200;4608;1481528686;2
8350;5413;1481523654;6
3853;14439;1481539841;4
22504;8543;1481527528;4
1605;1770;1481539210;2
7964;6822;1481510172;18
10530;1400;1481524309;16
3906;4595;1481516076;18
1962;17508;1481524651;10
8360;10827;1481519497;4
11135;17550;1481528915;18
26158;5010;1481516284;4
102;964;1481523712;6
7876;19762;1481522278;6
6795;6430;1481548854;12
1590;65;1481514215;16
16879;6127;1481538496;14
13924;1057;1481521219;2
5930;27467;1481542418;8
1533;20626;1481537431;6
18903;7091;1481523348;2
9383;7281;1481513082;18
23178;5404;1481529693;8
19069;3921;1481540471;2
17041;6380;1481510375;4
2768;27051;1481534359;16
132;15980;1481534263;18
27161;22964;1481527185;2
24570;26308;1481541655;12
27411;9159;1481540428;8
15452;17163;1481533482;12
1570;22254;1481535688;18
4194;8742;1481517590;2
15298;1679;1481514638;2
5093;13882;1481541194;18
4991;8557;1481510909;12
8231;2351;1481526793;10
7251;14614;1481539866;8
5632;25370;1481530136;12
5251;13884;1481536672;10
15075;11627;1481533528;12
2338;23041;1481525805;4
10984;1555;1481549071;4
18339;15027;1481526298;6
14427;8476;1481536685;2
2806;2124;1481510839;16
5698;2834;1481526825;18
7073;10514;1481519036;8
16124;9888;1481529927;14
23061;8157;1481535307;18
11596;7187;1481541311;8
1350;25391;1481510850;14
6481;6147;1481542171;2
18894;5937;1481514537;6
20645;15080;1481526043;4
1728;20951;1481525846;4
9067;3407;1481510092;12
7454;9061;1481523654;4
147;4734;1481509650;10
19551;1988;1481517684;2
10109;17256;1481546824;12
3748;27295;1481528141;6
7917;18841;1481519095;4
8832;9835;1481514359;14
8366;8316;1481515031;14
15992;16873;1481529248;12
26100;20318;1481548742;14
8595;23532;1481523073;4
5761;5037;1481539194;10
13216;10109;1481514576;12
7799;10822;1481520390;6
5469;11399;1481530403;16
167;1635;1481536322;6
7825;2985;1481512806;8
1568;10100;1481523549;12
9180;15298;1481537013;18
19552;3032;1481519236;2
1899;9309;1481516377;6
5692;1991;1481511810;10
8499;2370;1481550399;4
23666;8094;1481533844;12
5439;6819;1481510323;2
10922;1222;1481524374;10
4360;376;1481549498;6
11406;17800;1481542833;8
5639;19897;1481543098;4
12029;8584;1481534878;10
23170;10716;1481543205;12
3906;1603;1481537366;14
9532;1018;1481526076;12
1776;15239;1481510591;8
19207;7087;1481547152;16
22490;27175;1481514110;14
9471;4241;1481516577;16
9253;11609;1481528972;4
9761;1536;1481547189;8
3382;14982;1481523222;6
27197;24424;1481516213;2
5420;9973;1481547463;14
14256;23031;1481539794;2
20787;24650;1481514921;2
6555;3916;1481518300;16
17847;5512;1481536061;4
14151;1865;1481544686;2
23748;8233;1481521609;16
15785;9025;1481520386;10
27452;22641;1481520096;12
13241;7008;1481535335;10
14639;18891;1481526962;6
17024;19816;1481513967;18
19840;9484;1481523583;16
17019;6921;1481521046;16
5961;20316;1481525049;12
21737;9828;1481549700;12
20068;10374;1481538757;2
6924;6706;1481548546;12
16182;8325;1481534697;10
3779;22499;1481542033;2
2726;5614;1481544811;18
5874;3012;1481543967;10
24445;17550;1481510362;6
10772;13905;1481524728;16
11961;434;1481530343;18
21379;3915;1481532092;8
12181;21838;1481540534;4
14578;11173;1481517836;10
17394;1035;1481536402;10
26029;4289;1481536301;6
9799;4726;1481550282;12
11394;5869;1481528391;4
16040;7464;1481540675;10
25182;6870;1481538600;4
10524;1879;1481519725;6
419;6326;1481512379;2
9347;6671;1481518442;10
16902;7510;1481539959;12
1886;5003;1481513133;4
11150;19908;1481512447;12
10615;3714;1481550062;14
27180;390;1481526562;6
905;11222;1481550346;18
12240;74;1481518109;16
3402;8648;1481550991;16
9978;8491;1481533039;18
9888;27522;1481533172;12
2960;5742;1481522927;18
20115;3946;1481523776;18
12315;11135;1481510212;14
7036;6403;1481530886;4
15734;17284;1481524336;2
10672;11629;1481532356;10
12093;6442;1481527227;8
6627;8965;1481539763;4
8338;10632;1481541297;18
1188;7815;1481519690;18
24450;10677;1481525872;10
3643;10997;1481528334;4
8748;18438;1481546039;8
11007;25058;1481517430;2
5957;1992;1481537284;16
9008;27006;1481522784;6
4034;19526;1481539456;6
1738;7880;1481516260;18
24346;11061;1481519196;16
5490;27283;1481546803;16
3068;1664;1481527816;6
6873;20773;1481522304;16
11563;16709;1481545376;16
8347;17879;1481525129;2
10852;8127;1481535241;4
21308;23823;1481514045;2
6141;8164;1481530681;8
14242;24963;1481542551;18
27443;10878;1481527929;10
3692;9463;1481543915;18
3602;2128;1481548898;14
24355;23336;1481548257;14
23180;16801;1481529388;2
11247;2763;1481543580;12
6720;2167;1481528693;6
11619;18150;1481519697;6
11593;1204;1481517935;10
4053;3390;1481534018;6
2369;6007;1481546468;18
18197;22464;1481522405;8
10282;26127;1481541908;10
3852;6362;1481545607;2
17015;27183;1481529990;14
5741;11880;1481543092;8
24354;11271;1481518739;14
10613;14115;1481523024;16
20299;10909;1481541228;8
245;16037;1481535207;6
11003;21805;1481544993;18
4352;24964;1481514150;10
16119;17240;1481548669;16
3706;17053;1481539849;8
1627;19789;1481532629;4
4264;11778;1481510692;6
937;23152;1481543621;10
5701;26166;1481513611;6
5744;20704;1481524103;18
11042;9003;1481547189;18
4936;9745;1481518533;18
8466;26482;1481518406;18
1635;3595;1481512118;8
8510;19304;1481531258;16
10601;25425;1481516708;10
14925;14426;1481543514;2
3607;2779;1481522645;16
10415;1918;1481518115;8
4592;23535;1481530696;4
5968;14192;1481547651;4
19781;6181;1481543284;18
5025;8319;1481523495;2
6387;10533;1481532852;14
9481;20807;1481512201;4
10371;24178;1481541960;16
25414;14263;1481538999;10
3162;5693;1481535648;4
20958;191;1481514360;10
12222;1257;1481531075;10
27334;3024;1481548732;8
5397;23355;1481542368;10
19234;24481;1481531160;6
10538;5771;1481539793;12
8564;17300;1481525736;14
2963;18875;1481533760;18
6916;11806;1481545868;12
6581;12631;1481535250;6
12559;23366;1481533608;18
5019;1378;1481534475;16
6819;7864;1481528634;6
15916;17867;1481544868;12
4979;8989;1481537759;6
9810;1956;1481533860;18
5488;19788;1481530345;16
18843;1514;1481545084;8
19867;21311;1481511202;18
9228;10890;1481516867;16
1968;10281;1481526015;2
17415;2760;1481530912;14
6785;22271;1481520156;14
25084;8003;1481541986;10
8375;10255;1481541583;16
60;23047;1481534779;10
11631;7865;1481540088;8
17412;11795;1481546528;12
26091;23;1481527229;8
16890;12243;1481517431;12
4300;1640;1481547888;14
14182;3407;1481532078;8
9423;10434;1481544406;4
19790;19419;1481537124;4
20626;23894;1481534584;2
25511;2781;1481517650;18
9829;20527;1481548295;6
6346;7043;1481543854;2
9346;10749;1481520647;6
5083;7100;1481547661;18
11093;24469;1481547355;4
8468;4967;1481526842;16
2153;8587;1481543945;8
10694;4858;1481511399;2
19936;8115;1481519532;12
379;6421;1481519760;12
9771;10016;1481530993;8
6498;6595;1481512940;16
6575;7944;1481520301;8
14637;15520;1481509724;12
4919;24;1481516794;6
7290;16858;1481512644;6
1093;10262;1481548365;10
15305;4567;1481528667;2
8522;7617;1481545158;10
19585;19780;1481537357;14
7008;14812;1481545120;6
5088;11886;1481545874;10
8501;20930;1481541737;4
8135;17454;1481537955;6
3546;22482;1481513289;2
6002;8304;1481539171;4
10636;27554;1481514355;10
40;3990;1481522121;18
3979;15016;1481543017;16
11247;6598;1481540191;6
6528;11614;1481535630;12
19550;17413;1481520552;16
23857;10030;1481524441;4
10271;4045;1481541199;4
16184;1381;1481530660;8
24665;9819;1481542580;4
5955;27466;1481531911;16
1730;9328;1481525950;4
17258;5842;1481534930;18
4656;8536;1481520765;14
14874;5471;1481510478;6
16199;13809;1481543891;18
8093;11823;1481529032;6
11793;25443;1481534597;6
6650;23519;1481528940;14
4523;1145;1481545635;8
7073;25073;1481514857;4
6502;25425;1481513327;12
8834;9513;1481527691;18
20369;3880;1481546815;8
4541;10504;1481510610;14
10473;6371;1481523852;14
11251;5046;1481546279;4
20466;4189;1481528240;12
11235;6164;1481526334;14
14923;10443;1481515603;18
12362;1960;1481547276;2
12310;2463;1481518079;6
11786;16781;1481520380;16
15744;6662;1481538236;14
6942;4680;1481539990;18
6504;24930;1481534262;14
15347;4968;1481530675;6
8593;22925;1481537009;16
8473;7379;1481532253;8
5388;27343;1481519753;14
10500;9994;1481539104;16
248;1364;1481528795;14
10634;9057;1481531159;4
21806;6809;1481536623;4
8499;1050;1481525803;14
13779;18082;1481528967;10
1159;5429;1481515801;4
27334;20339;1481517504;14
18183;5023;1481513620;6
1079;15754;1481550788;6
5933;5612;1481546514;8
6640;4195;1481541368;18
1412;9801;1481549924;6
20084;982;1481522641;12
102;5010;1481534551;8
3288;7591;1481517412;4
2287;25390;1481521464;18
1003;19491;1481530387;16
4955;1343;1481511313;18
2797;11911;1481519879;4
15783;1145;1481528544;4
5892;27205;1481534649;12
7031;14709;1481533004;2
18080;879;1481517834;8
12187;5528;1481519797;18
3937;6375;1481522878;2
3684;4287;1481539471;4
5613;19952;1481525066;4
9675;20409;1481538229;16
3495;6627;1481539292;8
27005;10403;1481523637;6
14511;7590;1481521461;10
369;10459;1481519399;16
1207;1794;1481516046;10
10915;5950;1481525050;16
5734;11778;1481509826;2
976;5736;1481524154;10
8755;8904;1481532602;14
10082;22966;1481541411;2
159;1367;1481543621;8
10069;8341;1481539066;14
25173;7244;1481512222;14
10177;1039;1481511069;14
15239;17270;1481548895;6
4859;7679;1481510009;12
10911;14808;1481524231;8
23117;1032;1481535478;18
22459;12788;1481550980;2
8743;4196;1481533915;4
5992;6127;1481537329;14
20069;10111;1481527286;18
11120;2363;1481515548;14
3467;2871;1481539245;18
20123;1348;1481532665;18
1732;14642;1481537595;8
10194;1338;1481548185;6
19581;26473;1481548079;16
9371;1427;1481511285;12
16179;7640;1481549671;8
5865;25045;1481512992;18
15009;4297;1481527862;6
7605;19882;1481512203;10
1352;15997;1481528936;8
376;11268;1481517302;16
24376;23628;1481538571;6
3511;6289;1481549813;6
19554;988;1481537024;10
3415;8363;1481509999;8
17398;24176;1481535172;6
15318;2840;1481524252;12
7556;19545;1481541598;2
992;25191;1481525543;12
10004;19022;1481543450;10
19921;3403;1481520490;18
24416;1572;1481534191;16
18880;5950;1481535298;6
6990;23852;1481538661;4
3740;8371;1481535197;4
13779;11133;1481537881;12
2136;10785;1481517772;14
11145;10248;1481524054;16
3712;24180;1481528370;4
27447;14573;1481529034;14
24970;9511;1481528296;14
22301;5431;1481545367;16
11056;15419;1481533042;6
2116;8329;1481517337;8
27134;4356;1481540239;14
15378;11763;1481538171;6
6182;5890;1481541859;2
10594;18808;1481528692;8
11599;6414;1481528703;2
8521;18081;1481519581;14
3378;19741;1481538892;18
1269;9983;1481523893;10
14777;1372;1481518015;2
2986;20878;1481530397;10
7961;11781;1481515076;2
26048;6489;1481531845;16
1991;4330;1481517904;18
5267;12761;1481534949;10
14793;11149;1481548054;8
14950;55;1481543430;6
18814;4687;1481511042;4
3072;4175;1481535944;10
1123;23048;1481543857;6
8091;1048;1481539583;18
8996;5551;1481510841;6
975;8806;1481550420;14
2146;20900;1481513453;4
67;20140;1481535369;6
18115;5001;1481548254;2
5355;8395;1481531859;12
14428;14947;1481527369;6
3995;10427;1481511706;14
26148;18465;1481522388;12
27487;4735;1481520690;4
12559;19236;1481536142;4
328;7847;1481531975;14
1713;11;1481522111;8
5823;5925;1481528170;2
13678;3607;1481514481;10
25387;6950;1481511168;12
6478;16123;1481520881;14
11917;4228;1481530023;6
8413;27314;1481526128;18
14510;277;1481529474;2
1009;7458;1481511177;18
11406;18881;1481545603;18
17415;27505;1481528817;10
21096;12038;1481537754;16
19942;376;1481544241;2
7165;4767;1481547320;4
5978;9813;1481510683;8
302;18871;1481538875;2
17515;10241;1481520885;18
9006;9499;1481516023;12
3088;7898;1481513900;6
27310;5685;1481549869;8
19308;27097;1481533298;12
5395;7269;1481548402;10
24752;8147;1481526213;10
7879;15745;1481518309;2
5089;13810;1481547699;2
9869;16017;1481537317;18
7887;22148;1481519562;12
2408;12096;1481537476;18
17442;4751;1481539794;14
1639;2376;1481544127;2
14794;188;1481534622;8
4315;11389;1481541990;6
11257;19986;1481534350;8
11371;12038;1481511135;16
16533;19530;1481527632;10
2126;8647;1481510173;12
4723;21480;1481517246;6
14622;6298;1481513772;12
27010;2408;1481529341;4
6926;1164;1481534637;16
22179;192;1481519669;2
6763;19575;1481535071;14
5821;27003;1481513336;10
5388;20086;1481513570;8
23644;14131;1481534204;4
5652;7470;1481540291;10
9482;12784;1481536939;16
18952;18857;1481523853;8
8553;17878;1481513104;2
1861;6649;1481517233;14
5803;7064;1481541251;2
18804;6538;1481544909;10
7379;7957;1481513981;16
18130;8485;1481514193;10
17287;3370;1481543942;6
6298;1426;1481511567;18
11088;3333;1481543162;18
17882;7490;1481538592;18
21269;67;1481522150;10
2751;10023;1481546281;2
9865;5047;1481513039;12
1411;5946;1481519658;2
883;26119;1481540387;10
5085;53;1481550645;18
9433;7645;1481530840;4
1856;18080;1481543220;10
19780;11790;1481511777;2
23086;11101;1481510138;6
2609;17240;1481546344;18
7160;4953;1481512390;8
16928;3781;1481529088;4
8583;12788;1481537831;12
7566;7457;1481537929;4
19374;12137;1481538429;2
12144;8865;1481536939;8
8427;1962;1481546620;12
22574;19949;1481542408;8
20366;127;1481548615;18
17267;19925;1481544257;8
959;17359;1481541368;4
12143;1281;1481513764;18
8818;4484;1481521659;10
19432;8763;1481548925;2
4227;9491;1481510370;18
3415;11131;1481534399;2
10194;10880;1481530871;12
3942;6200;1481540787;16
3061;17539;1481548826;10
18151;6985;1481542817;16
3010;22535;1481526630;4
3256;17879;1481532848;16
5814;5474;1481535802;12
10215;3906;1481535263;2
18216;1251;1481532302;10
26394;321;1481517616;4
6698;20931;1481513824;14
2340;15306;1481538587;10
23863;6232;1481520353;18
18908;18051;1481529853;14
6007;14238;1481550841;4
25078;3370;1481544002;16
1677;19058;1481526904;8
27016;4568;1481536869;8
10822;5950;1481512056;2
15372;16203;1481529243;16
20480;20093;1481532465;8
11746;4245;1481542161;6
262;14628;1481521683;10
22962;19882;1481510249;16
10332;17299;1481528337;2
12576;3740;1481517401;12
8902;4286;1481543311;18
9794;6218;1481514283;6
20631;2836;1481512092;4
7099;25389;1481524823;16
10786;10001;1481527519;18
16635;5386;1481526052;6
23341;6524;1481513548;2
4585;19234;1481510041;12
11058;4237;1481542363;16
20039;12398;1481525878;10
435;16298;1481516871;6
6006;22481;1481515923;12
17285;25489;1481521784;6
5441;2139;1481533233;14
9012;38;1481524716;14
10242;4820;1481546337;4
13944;24570;1481532740;16
5002;7353;1481550635;4
164;12816;1481532401;16
6233;11377;1481539011;12
6171;8329;1481512771;10
27001;25075;1481523442;8
5915;19075;1481537919;12
27344;20923;1481509921;6
7586;10571;1481539856;4
19857;11405;1481542198;8
12182;401;1481535325;14
4918;3566;1481518304;16
2996;4015;1481531501;18
1574;19307;1481531568;6
3286;23695;1481533274;4
19938;19953;1481521268;18
390;22138;1481524734;10
5480;23892;1481545322;14
21739;20990;1481548322;12
16813;16013;1481544698;16
8925;14122;1481546622;4
11808;27313;1481523302;6
14108;12700;1481518566;6
21497;22940;1481519427;16
7006;5099;1481535640;10
11618;5602;1481524309;4
686;15475;1481510935;2
8253;9209;1481519569;18
12559;14952;1481550849;16
23056;19990;1481509730;4
7287;14495;1481538612;14
1046;11259;1481546402;18
27171;24062;1481515627;18
24670;10610;1481537933;6
8549;4811;1481515850;8
6352;4786;1481521569;12
17387;14702;1481515709;10
378;20366;1481549726;14
9472;2130;1481544793;8
14794;18337;1481530062;12
8239;21298;1481549630;14
6783;1740;1481523220;4
1910;19807;1481527796;16
9974;12117;1481510672;16
3589;27400;1481519834;4
9321;17015;1481530859;16
27125;5982;1481535689;16
3986;14950;1481521436;2
8798;8122;1481510033;8
2733;8997;1481542162;10
14433;24711;1481530302;10
10176;8634;1481545781;18
10190;21093;1481512615;18
8047;3275;1481528960;18
4245;5;1481519859;2
2294;10182;1481534007;10
13241;11952;1481541722;16
6191;3271;1481512277;14
1956;10020;1481515381;14
7855;13826;1481521075;4
11953;2416;1481544469;8
21452;24090;1481534915;6
11036;14919;1481519722;2
20354;11155;1481534184;4
8309;23161;1481533505;10
12578;241;1481545612;6
1854;2336;1481532334;10
5703;6622;1481550667;16
4665;27276;1481539155;18
15414;322;1481512376;18
6935;15909;1481514060;6
4879;20062;1481518652;8
9609;1536;1481535535;6
22451;25327;1481524207;6
10258;16531;1481528053;10
27294;5478;1481531870;8
15324;6499;1481510120;6
9783;6337;1481540879;16
4550;6178;1481513392;8
9992;19072;1481526546;12
3684;8290;1481537711;6
24969;21269;1481533931;12
14136;5612;1481513312;10
2131;23158;1481536996;10
16192;16807;1481520088;6
1016;12069;1481521999;6
9179;14893;1481528537;8
10575;4666;1481538279;6
10237;27389;1481529689;6
10010;9751;1481547355;14
7155;20999;1481523244;14
9025;24569;1481541205;2
17285;12033;1481546093;10
10749;7886;1481525031;18
151;8499;1481526572;14
8485;14242;1481542468;6
21305;9447;1481542011;14
15025;7314;1481528021;14
2978;1601;1481547420;18
4329;7253;1481530611;16
15073;4661;1481544268;2
9416;23036;1481524310;4
8580;7009;1481543191;14
156;15750;1481550994;4
3381;8380;1481540454;18
6442;6183;1481533609;16
16193;11558;1481548103;18
21814;25064;1481533489;14
1912;4039;1481514093;16
10072;5019;1481546011;16
20038;23026;1481522059;2
6462;5364;1481549054;6
14113;6220;1481540390;4
5027;22219;1481534133;16
8870;10395;1481550529;10
17045;10540;1481544639;16
15010;11061;1481528863;2
16035;15355;1481550535;12
4586;3373;1481544314;12
10709;389;1481509717;8
1459;9674;1481523921;6
18180;4858;1481515521;6
6215;12241;1481523346;10
3023;9416;1481548970;14
27405;17507;1481516467;6
7054;23757;1481516570;16
5749;6288;1481511837;12
11158;4765;1481525267;2
5686;15320;1481532540;12
23168;9833;1481537443;10
19946;4928;1481537540;10
20040;14794;1481514441;8
11790;6526;1481517221;2
2131;3699;1481534164;16
1251;1345;1481526472;12
3377;12148;1481516953;12
2419;27198;1481547460;12
19297;8867;1481541563;14
14001;1791;1481517708;6
1186;26100;1481519621;14
2414;7099;1481522654;12
10355;19836;1481542818;18
10069;3295;1481543019;10
396;314;1481548455;10
7402;7092;1481525086;6
2803;20292;1481511946;6
14121;20936;1481518563;6
1339;9750;1481546562;12
3741;14126;1481545466;18
366;9529;1481535251;4
4571;4525;1481529496;18
14273;23752;1481526152;12
15464;6874;1481532270;8
7629;1433;1481545423;2
347;27046;1481510361;10
3384;124;1481542243;10
8476;6884;1481527668;12
23857;8295;1481525559;4
2405;6632;1481545427;10
15768;6265;1481546040;18
1090;5750;1481522808;2
6283;122;1481519860;6
5283;9623;1481541857;2
9973;2745;1481539163;2
4844;17389;1481528899;4
1134;14623;1481513731;2
4998;19861;1481523358;8
6363;10803;1481550612;12
3706;20922;1481548543;6
12118;7044;1481538437;18
6138;27127;1481531197;8
1879;17528;1481524969;4
11170;19856;1481546593;4
20541;5839;1481528271;14
14928;16185;1481525358;14
5009;12016;1481542592;6
4539;5375;1481545843;10
20857;6164;1481547717;18
8107;4326;1481550507;16
1149;8341;1481518996;14
3330;21281;1481509595;18
13241;20959;1481531801;8
23742;18198;1481546428;16
1932;8560;1481522080;14
17174;22976;1481523619;18
5921;21309;1481526958;16
4590;10846;1481535756;18
8195;6478;1481537030;8
17436;10571;1481523610;14
14587;15326;1481530735;18
10761;23099;1481525383;2
16186;12048;1481511804;10
3544;6859;1481514038;2
9960;14550;1481513349;12
25067;5115;1481544219;16
23049;24572;1481543959;12
15978;18081;1481550550;12
7763;1931;1481527591;14
7109;12707;1481522702;16
22312;6555;1481537239;18
14135;16872;1481515547;18
9367;21800;1481519280;14
5929;4826;1481539980;12
25383;9001;1481524752;18
26152;13878;1481548267;14
7908;7247;1481527209;14
10569;19543;1481516972;6
12770;20411;1481542552;6
13298;16796;1481514263;6
2416;7675;1481525724;6
5021;17513;1481548004;2
11111;14913;1481514672;2
4192;14575;1481547928;16
7051;9808;1481518908;8
19831;389;1481540039;8
9241;25370;1481520218;18
19777;13314;1481510690;8
14427;24932;1481515195;6
13976;15125;1481541226;18
1315;5406;1481528725;18
7542;10679;1481512683;14
2331;7269;1481526532;8
27299;16933;1481519816;8
2129;12631;1481543672;4
9485;16105;1481544524;8
24326;9856;1481518708;6
6449;6182;1481525913;18
8507;15009;1481544829;14
5849;17363;1481531269;6
17028;22969;1481543672;4
9206;125;1481544052;16
5118;20080;1481547230;10
6589;2116;1481546571;6
10997;5949;1481543589;6
4270;8349;1481523931;8
6796;10174;1481509721;14
23893;10597;1481520651;14
98;1745;1481526025;2
7618;2948;1481523411;6
19583;354;1481526963;4
10499;7501;1481531143;6
20109;22966;1481521912;10
1731;145;1481535256;14
2401;7053;1481527886;8
7618;25513;1481530908;16
15765;3706;1481543336;18
6437;22453;1481512168;6
5842;6938;1481536529;6
17298;6002;1481550904;4
15328;4526;1481512594;16
8118;8591;1481537735;16
17337;21412;1481550679;14
9872;6192;1481527734;8
7897;19548;1481539920;8
14641;22169;1481511942;4
26999;1687;1481547765;8
5598;10194;1481540340;8
14261;19576;1481513318;16
24925;8822;1481549958;14
5409;21226;1481523931;6
9659;1623;1481538846;16
9953;8682;1481536107;6
5410;5377;1481514090;18
2988;1930;1481529803;18
16119;11254;1481541205;14
10295;5870;1481514216;10
2464;1840;1481534224;4
15229;20857;1481527644;8
8172;6684;1481517347;18
5649;6768;1481522488;18
22976;304;1481511851;10
10530;18336;1481541680;16
6519;399;1481521132;16
14273;13137;1481530350;14
27031;2880;1481518340;4
12308;15074;1481542642;4
4255;21473;1481510867;12
6644;14555;1481528983;6
12058;15351;1481537816;8
6523;23141;1481521121;8
7815;19544;1481527974;16
12560;5826;1481541181;2
2415;8520;1481529061;4
6359;12762;1481525875;4
110;2726;1481541478;4
15023;9446;1481510931;18
10803;1114;1481521922;6
4744;7572;1481521162;2
8359;10546;1481512668;12
21311;7344;1481546900;14
3246;18946;1481541680;10
1098;26218;1481510804;8
13855;14643;1481526471;18
19055;23445;1481545804;14
19587;8595;1481539928;8
24782;1768;1481547696;16
2151;2275;1481544343;4
27165;23320;1481549296;16
27269;22603;1481543080;16
7293;1533;1481525090;2
1111;6206;1481510147;6
7420;18159;1481510933;8
19533;1125;1481521813;12
161;3016;1481540230;6
5419;25364;1481513924;12
4672;27286;1481546673;10
25495;27396;1481529740;8
4243;21472;1481529178;10
3901;1874;1481545328;8
6686;15164;1481521323;14
6563;3754;1481538378;16
7804;20642;1481522407;6
1030;8976;1481534347;16
10111;25;1481513286;2
27033;8129;1481547435;18
10522;20084;1481548767;18
23337;4185;1481527260;8
10595;1064;1481516478;4
10910;21387;1481511391;2
7013;19530;1481524631;2
2739;11104;1481540549;4
25060;7450;1481530798;14
8166;23444;1481518266;14
22276;7252;1481524303;6
26069;8048;1481528344;6
6858;19550;1481544853;8
12784;1085;1481524083;12
11745;8164;1481515355;16
4641;8332;1481544972;2
11886;568;1481509508;14
9738;21803;1481532283;6
10534;8636;1481549143;10
16198;1777;1481514073;2
142;1040;1481519647;6
13005;1797;1481513684;16
5700;23142;1481520505;10
10072;9548;1481513611;8
19028;19552;1481512800;16
14700;6569;1481529349;2
6937;21747;1481532671;8
9189;6277;1481545982;8
11739;3888;1481523096;16
8361;967;1481512909;4
21804;10307;1481536532;18
14914;14433;1481548008;8
19510;23032;1481528723;2
14563;14624;1481525803;18
26482;23152;1481523840;6
186;6932;1481514927;14
15250;14256;1481545458;4
1698;974;1481516883;14
25363;22487;1481513088;12
11909;2645;1481530931;18
20545;8130;1481516957;6
26293;17413;1481524806;14
23046;19573;1481536598;8
5947;27061;1481536434;14
21375;20909;1481529392;4
1629;3428;1481522482;4
24462;1794;1481516291;12
17459;7075;1481519713;4
10095;7859;1481522147;4
10651;1230;1481535412;16
14874;986;1481521076;8
26149;7712;1481547281;12
18912;17502;1481530290;14
1134;3752;1481523382;6
27165;25086;1481514232;8
11110;7541;1481538411;2
7049;23034;1481509682;14
20989;1331;1481510865;10
10695;563;1481539081;10
1864;24934;1481539199;6
22449;1668;1481517331;8
3697;20607;1481528777;12
14977;24666;1481522532;16
9200;8075;1481514294;2
23543;4175;1481549251;10
5614;13851;1481512090;12
3005;6829;1481511861;6
20398;9972;1481546691;14
19311;12318;1481510066;16
21375;25071;1481516922;4
17424;23823;1481544818;8
10425;22532;1481528157;4
13346;3073;1481539019;2
12143;23328;1481519012;8
7880;1953;1481533535;10
26152;2979;1481531295;16
24939;957;1481542567;6
9061;23083;1481549254;4
15989;7060;1481527547;4
2015;3513;1481550362;12
23318;4874;1481528878;8
1736;27179;1481526540;16
9394;27402;1481520311;8
13802;10044;1481523807;14
7444;6369;1481520711;6
8321;9938;1481550303;2
10710;8330;1481514486;10
23084;1589;1481542053;10
5812;12785;1481519345;4
4237;23625;1481525524;8
4799;4740;1481545582;16
2286;14201;1481537590;10
12228;6552;1481519602;6
17580;4264;1481523106;14
4704;2136;1481516938;18
6473;7524;1481526524;6
24565;9853;1481527765;4
225;27382;1481531179;16
7884;18859;1481529843;10
26169;4206;1481542730;10
22497;8990;1481518468;8
7332;24480;1481538413;18
27457;20491;1481527313;12
5887;10639;1481527420;4
15962;8332;1481522068;4
1517;20360;1481514908;6
16883;15480;1481520034;6
4671;1281;1481539732;18
11057;7051;1481515447;14
26048;11943;1481535635;6
1912;23059;1481520429;4
21283;10031;1481545912;18
24394;10673;1481527215;8
18336;5625;1481544373;18
10162;14577;1481511056;12
4232;13560;1481549910;2
22957;14451;1481517773;10
14562;12575;1481518876;6
27100;8409;1481535517;16
3026;1582;1481535609;8
19799;6948;1481549451;6
10772;14048;1481529688;8
10719;19057;1481523922;2
25386;5518;1481542758;16
3591;3610;1481538675;2
25362;2394;1481546560;10
3757;21217;1481513211;4
11692;9196;1481547256;12
11002;1170;1481523364;2
14948;6702;1481538490;10
26104;9228;1481521720;14
20937;12332;1481544483;14
11805;7084;1481525936;8
5936;12869;1481536190;2
5012;25518;1481521314;18
18909;17174;1481521387;10
85;7629;1481544687;16
1028;18209;1481522939;14
218;9447;1481530218;18
8015;17191;1481540444;8
14964;24964;1481513678;2
27344;15467;1481510754;8
6165;27127;1481546955;12
11800;17363;1481519286;14
3788;16034;1481517773;14
1902;7441;1481525976;6
25433;24750;1481543206;14
6969;7542;1481551014;14
8380;14961;1481544518;8
7686;6412;1481542044;2
27096;18910;1481517236;4
5833;10080;1481515934;12
2808;8109;1481540731;10
276;8089;1481525177;18
8138;6190;1481545409;4
7766;11809;1481541676;18
17530;25194;1481514725;4
3584;2802;1481534235;6
7398;306;1481546505;2
4337;8107;1481531884;14
20299;23507;1481541459;4
5631;4962;1481512750;4
5127;16043;1481511597;4
21454;8648;1481537645;2
22648;15010;1481529914;10
10099;22146;1481513806;4
1439;10668;1481541216;2
4825;20116;1481529608;12
10521;1987;1481533246;12
379;10293;1481548393;8
9968;11114;1481543166;14
6596;2158;1481513206;18
10591;23486;1481539691;4
9444;6453;1481530913;2
9626;10833;1481550912;8
3448;7867;1481549814;6
22537;27037;1481536726;6
9423;5870;1481510304;8
15082;5912;1481515839;2
7171;27424;1481535899;4
27420;6430;1481541336;14
23305;7766;1481511361;8
26071;27022;1481531106;2
21321;7823;1481542502;6
8993;23117;1481539698;8
20656;18156;1481550376;6
12406;19876;1481545402;4
10824;23663;1481540212;12
27020;9396;1481524760;2
10266;20626;1481535562;14
972;14636;1481526404;6
2725;15311;1481530628;4
24142;24355;1481530016;2
16126;1485;1481526965;14
15483;5674;1481548541;8
22527;8279;1481529196;6
18049;13113;1481518735;18
7403;8951;1481514114;6
1860;6811;1481547601;8
17003;25060;1481536365;14
14952;4046;1481528408;8
18885;11051;1481511167;14
8135;8865;1481541824;12
4360;977;1481521879;2
8968;24161;1481522898;8
20153;6277;1481510193;8
1255;136;1481510985;14
5048;7819;1481541043;2
11033;16122;1481550880;2
8401;18079;1481512340;12
14821;377;1481545530;10
6838;4679;1481547934;16
20911;8148;1481520876;8
112;23621;1481533190;14
20318;10880;1481530360;12
17534;12157;1481543689;2
16133;1881;1481547311;16
367;1419;1481514338;6
7064;27020;1481514709;6
14908;27543;1481515697;14
25319;11202;1481511533;8
4707;1210;1481537680;10
16651;11063;1481528585;16
17152;17800;1481547528;4
17771;19915;1481545751;12
8223;12117;1481540587;8
23614;13200;1481511683;18
963;6853;1481548673;2
11720;19296;1481521654;8
19833;1551;1481526040;18
17877;3997;1481535356;18
17274;8484;1481527615;2
26048;10543;1481521617;18
4874;3402;1481529128;2
24734;25426;1481515761;12
5397;17176;1481529516;16
27174;10263;1481514639;2
10021;17283;1481526995;6
8542;13298;1481542311;16
10377;15752;1481516790;12
13220;26048;1481512049;2
17782;13184;1481543716;4
23468;424;1481515722;14
6997;1191;1481527276;12
23652;2764;1481549931;6
5264;3903;1481539599;2
8874;8920;1481530438;14
7356;18868;1481512819;10
8802;6012;1481547726;18
11759;7570;1481531917;2
12568;1881;1481530539;16
14004;1082;1481522370;2
22443;14230;1481511462;16
21385;14183;1481517200;12
10764;3147;1481523348;14
13942;4836;1481515974;16
16011;8685;1481547631;16
24521;1931;1481515594;18
10739;9880;1481540330;18
16916;22508;1481533606;18
1135;5117;1481529933;16
5266;13812;1481542023;4
11363;17483;1481518340;4
6478;7360;1481531060;14
94;9319;1481515718;2
12650;6646;1481511310;10
7844;24658;1481520066;6
10531;6010;1481543292;14
26260;27384;1481541724;16
8476;1450;1481537560;4
12581;12122;1481515312;14
14196;7330;1481526609;6
27028;25531;1481514220;16
55;25074;1481544682;10
10410;20587;1481531604;6
2387;25263;1481523305;10
8947;24162;1481541487;14
3618;8526;1481522970;2
20369;5113;1481510170;12
13238;11857;1481534119;16
6965;6197;1481546686;2
20412;10098;1481549043;14
8940;3583;1481550686;10
7784;20359;1481509794;8
11594;12389;1481535859;6
14704;20405;1481546081;8
7874;21217;1481532207;10
9792;22994;1481545397;2
6380;4644;1481542945;4
15419;8890;1481540372;12
7523;7866;1481513452;12
10110;7389;1481528038;10
27391;2997;1481540191;8
4568;13826;1481521025;18
6652;5386;1481541665;6
7143;12088;1481515565;8
8996;4727;1481550336;4
20933;11848;1481537778;18
13786;15351;1481538394;18
9448;22983;1481530878;10
27285;9487;1481514600;8
432;21597;1481530972;18
11105;13131;1481529954;12
3944;20695;1481540307;16
22460;2798;1481518817;10
25034;10700;1481511835;18
11591;23741;1481549797;12
24424;12090;1481531384;8
18188;4998;1481535532;10
6652;24689;1481536947;10
12421;20462;1481542360;14
2947;11097;1481518644;4
16139;22479;1481517685;4
24259;19762;1481512728;10
16050;22449;1481523330;8
10573;9829;1481541989;14
1359;8425;1481516775;14
24475;3537;1481531107;18
8543;1610;1481518805;2
10616;23695;1481541813;10
21501;9193;1481513891;8
260;9279;1481525856;12
15745;12034;1481536926;2
8758;9241;1481542162;4
22490;9064;1481516549;10
11063;16204;1481522638;16
11005;17871;1481550977;10
228;16336;1481532910;6
8075;9205;1481533943;14
325;12694;1481537798;16
27311;21088;1481525268;18
1403;25113;1481519870;18
25159;12417;1481526797;8
27205;6332;1481535219;2
14621;6964;1481542047;14
4732;17390;1481548135;4
3575;4812;1481523880;4
15989;24931;1481535991;4
165;1406;1481524667;6
1661;9991;1481519356;4
17845;26470;1481527566;12
16795;6145;1481518283;4
4195;23350;1481524579;6
16021;1049;1481521226;16
12073;9778;1481549950;6
9018;341;1481510720;18
298;23490;1481545641;8
10192;1985;1481538551;16
23507;1081;1481522218;14
19922;7853;1481524633;2
951;24451;1481528644;4
15018;9915;1481532198;14
5932;7551;1481541806;4
2876;13679;1481547314;14
27423;27457;1481513389;16
2798;6138;1481540056;12
19272;8976;1481546749;16
1268;20427;1481511354;8
6314;8968;1481514143;6
20303;7051;1481517423;12
8930;7476;1481515529;10
25346;11133;1481542559;14
4326;8554;1481549984;16
3407;27038;1481549599;6
11880;6141;1481548995;12
6506;2826;1481524072;8
25083;1600;1481532224;12
13995;4644;1481519832;12
6999;8417;1481530041;16
9215;9515;1481527790;14
10371;8816;1481533871;16
19914;5948;1481519181;16
11083;24442;1481548195;6
9229;3464;1481518577;2
14558;5240;1481548377;2
2418;19091;1481540243;10
7088;7427;1481530285;4
10681;4837;1481541912;4
8401;9409;1481510079;18
5839;16647;1481548430;18
1350;1034;1481522200;14
5509;3744;1481510973;16
15084;1641;1481551104;4
1486;8806;1481509504;18
10018;20035;1481540274;12
1890;27295;1481516453;18
24928;12182;1481543526;2
1878;23786;1481516582;16
3597;8086;1481544115;16
1382;10305;1481527719;4
1580;9973;1481525017;16
318;11745;1481525525;6
23892;8985;1481549275;12
23448;9418;1481547389;4
8799;16834;1481524176;12
1362;911;1481512879;4
25501;5403;1481549584;16
24143;25078;1481538384;2
11625;17416;1481522693;12
13620;19762;1481526595;12
18166;20693;1481531056;8
11156;14628;1481540808;16
2734;8848;1481544028;18
27541;19598;1481542529;6
17574;4871;1481520801;18
20971;15287;1481529233;8
22994;10562;1481531177;8
6429;23299;1481511392;12
18837;10672;1481532866;10
2345;10000;1481538323;14
291;6962;1481510535;10
7994;2144;1481512856;2
9758;4516;1481542403;2
15459;13901;1481522651;8
10806;1584;1481546675;12
4484;25070;1481512559;6
10734;22141;1481526770;6
8839;7886;1481521985;6
10515;18149;1481518897;8
11593;21094;1481549708;16
7553;9821;1481533170;4
15079;1100;1481511865;14
22446;990;1481545310;14
2115;2839;1481542933;6
1363;16864;1481515414;16
8965;27328;1481550213;14
20944;15302;1481538875;4
1344;6656;1481550770;16
27099;14123;1481547533;18
5333;8326;1481539626;10
3377;9993;1481512939;14
20123;9240;1481535171;18
6672;22495;1481531199;4
6172;8151;1481533685;2
11120;9470;1481546945;18
1395;3973;1481509968;8
6111;1727;1481541362;18
7315;50;1481525134;16
4691;4943;1481521488;18
20153;22976;1481523540;6
12580;24708;1481528829;18
334;14810;1481515466;6
3730;19851;1481547315;6
7854;7783;1481544420;10
6535;10424;1481528804;8
17156;8008;1481524079;2
7934;2154;1481520499;14
15085;20541;1481532656;4
9674;8985;1481511629;2
4961;19309;1481522434;14
2335;27454;1481542039;10
18336;7084;1481513257;12
4014;22296;1481540534;18
17303;16878;1481541387;16
11224;22215;1481534892;16
6806;10851;1481517068;12
20917;22480;1481517869;16
9216;7620;1481512467;18
5693;21736;1481534655;18
25366;10719;1481541761;8
11563;11052;1481520866;6
5434;25191;1481525811;2
12148;11696;1481531134;18
9000;18847;1481545750;10
7941;1224;1481536257;16
25369;6863;1481529196;8
17168;26470;1481539918;18
7822;9895;1481528083;16
7944;13126;1481509858;12
24934;2376;1481541546;10
10826;269;1481536595;4
3087;2122;1481530511;12
2338;12048;1481539300;4
6542;26074;1481513243;14
6711;3619;1481510896;18
1247;27434;1481532652;6
7379;15237;1481514687;4
357;9024;1481537012;16
16997;20125;1481547813;12
16098;6155;1481543695;8
5333;1600;1481526425;18
7277;27056;1481539984;6
4766;23016;1481541911;6
1559;17431;1481530591;6
6468;11152;1481546336;10
72;10877;1481510231;10
10529;7947;1481544684;4
8577;19957;1481525342;4
7277;6361;1481512105;2
20473;12310;1481548544;2
291;18806;1481513186;4
4267;13890;1481550352;4
8745;13189;1481542406;16
20848;15350;1481548942;2
19220;9395;1481512672;8
5997;5843;1481550274;16
1914;9889;1481518766;4
12868;25072;1481534574;18
7647;6268;1481535834;8
5902;27097;1481526369;2
3736;10270;1481523261;8
16909;16840;1481540428;16
19052;9510;1481546455;12
20907;7030;1481534386;4
11130;27381;1481521751;2
7319;19527;1481540880;12
16178;6520;1481533534;8
5346;8973;1481538871;4
24137;27174;1481546038;18
1574;15159;1481529360;6
10983;6404;1481539154;8
15377;19942;1481532320;12
9294;24747;1481519003;10
11615;8892;1481516950;8
297;13758;1481536039;8
24137;14801;1481544747;10
4304;21472;1481548820;2
19939;27126;1481517694;6
7454;9359;1481535266;16
1047;1895;1481515902;6
17284;8018;1481512214;4
20981;13186;1481536375;16
52;20293;1481520575;12
4507;1109;1481543516;18
9517;3691;1481535609;12
8598;16851;1481539323;16
8403;8656;1481539327;18
3911;3000;1481523499;4
18472;26169;1481515357;16
20983;9999;1481522776;10
18842;27058;1481537064;18
5819;19043;1481543116;10
6652;1779;1481512481;16
22991;25050;1481548650;14
19281;20473;1481522262;16
4194;4507;1481509535;8
4899;318;1481524407;14
9365;105;1481537049;18
901;1407;1481515900;8
11117;12380;1481520237;4
1421;16808;1481538802;16
20147;1846;1481526993;14
5823;20522;1481524038;12
8036;14634;1481538673;10
21509;1887;1481540317;12
19988;27554;1481527923;10
1035;8642;1481527592;4
12285;15012;1481525795;6
1095;14880;1481541886;10
10419;27296;1481541535;18
279;14795;1481532227;6
4006;20129;1481517961;14
6856;23620;1481533436;2
4679;4700;1481535521;12
25413;1195;1481514180;14
21372;21212;1481542250;10
6303;11058;1481543830;2
27009;20196;1481550967;12
5377;14583;1481513510;2
895;11784;1481536411;8
6469;27231;1481537626;6
10892;21361;1481542748;2
10109;989;1481543425;8
4728;4275;1481520378;6
6214;7963;1481525680;16
6769;13882;1481513633;14
22461;7107;1481513734;10
7847;11567;1481520735;12
206;6555;1481549581;6
221;1059;1481550082;16
23047;19274;1481545271;6
13913;7164;1481510766;14
19211;1195;1481539091;14
6378;3083;1481514426;18
3993;25320;1481515755;12
22317;7097;1481517272;4
9999;6909;1481528731;6
12800;1771;1481524415;18
20952;9793;1481509515;8
12730;11616;1481513960;12
4745;2163;1481529455;2
19425;19287;1481549961;12
6800;19970;1481511748;14
312;5283;1481536893;18
3610;24346;1481519340;6
27200;22647;1481535647;12
411;18878;1481550978;2
25434;2143;1481538503;10
14563;10273;1481550856;10
11969;16851;1481545754;12
7591;23652;1481520371;4
1867;18936;1481533905;4
5438;5915;1481527452;10
11143;6796;1481518402;18
1645;10797;1481540089;16
337;1926;1481533457;16
25346;16982;1481533642;10
20070;5010;1481514664;12
17173;5505;1481550270;14
2869;4576;1481545952;4
6195;8139;1481511337;14
1373;17042;1481537175;2
10206;12921;1481546283;18
16840;18896;1481535410;6
5245;3570;1481545759;14
10220;7089;1481546100;10
24423;3371;1481528741;4
190;12408;1481542566;4
411;6496;1481515584;8
12649;25374;1481537862;2
4360;4303;1481535790;4
294;1102;1481535021;10
6206;13977;1481548067;10
19918;21727;1481515712;2
27508;1960;1481526754;10
3854;12308;1481535158;8
4895;18158;1481525036;4
27452;8417;1481532258;14
5738;15738;1481544116;14
7765;1372;1481524416;14
355;20682;1481548075;4
17866;4042;1481528357;14
22446;7277;1481509919;4
7441;8505;1481528072;10
4800;19804;1481543862;2
13004;27334;1481518090;12
6120;4945;1481526914;8
6827;15084;1481511469;10
4750;11719;1481537233;6
5073;341;1481544164;18
5297;8471;1481542471;14
10647;5489;1481517692;6
7467;19309;1481534600;12
12766;11038;1481543276;14
3728;11135;1481551103;8
22992;5814;1481519498;16
5705;26068;1481533225;2
10124;22134;1481532681;8
9538;7577;1481536253;16
14930;3534;1481544709;6
16297;5281;1481543774;18
9485;8526;1481540500;12
21489;1984;1481537832;14
13901;1522;1481533817;14
5747;15024;1481541586;2
14115;5714;1481515407;8
4033;27477;1481529145;6
10271;12797;1481518839;16
22871;9287;1481550541;12
1695;12015;1481525581;14
8310;9834;1481545764;10
22509;7173;1481526711;18
3123;14907;1481534772;12
19749;18820;1481520889;4
1814;27132;1481533734;18
6867;1986;1481527480;2
5962;15353;1481525410;2
9900;4727;1481532708;4
22296;6309;1481523840;18
8345;14964;1481543019;6
9651;1533;1481520850;10
1266;6554;1481516785;16
11240;18815;1481533597;2
943;15320;1481540873;8
21711;27052;1481521689;6
9018;8974;1481536680;10
15002;1932;1481549803;12
10244;15161;1481519625;16
11085;4944;1481518924;18
7804;21723;1481531626;2
8240;12798;1481509517;8
1705;371;1481509644;10
4726;8075;1481518587;8
15494;8110;1481511096;14
3374;10908;1481531630;14
15934;18890;1481526444;10
19795;9830;1481549764;16
7516;296;1481540244;14
21218;19595;1481540347;16
9845;5773;1481548043;6
9568;8410;1481547661;16
7840;27029;1481513597;12
7395;12329;1481536835;6
43;26500;1481514116;12
12401;11007;1481519280;2
2116;18820;1481548997;16
6582;981;1481525007;2
5925;14187;1481512893;4
10814;17364;1481528553;14
18863;17337;1481531442;12
26155;25056;1481550941;4
12117;7917;1481525360;18
19590;5707;1481526779;2
6153;1344;1481533417;12
11749;2382;1481520045;12
9160;16126;1481538397;16
7589;4283;1481511883;12
8511;5705;1481544903;14
5695;5728;1481543441;4
16303;11229;1481514643;14
4969;1740;1481524317;16
4687;23175;1481522272;10
17705;9433;1481526275;4
4246;27520;1481520001;4
5551;4524;1481525176;10
17207;5010;1481539376;2
4710;1095;1481514638;4
4544;14497;1481541958;16
17257;3404;1481542080;18
8971;6763;1481520165;12
5248;12749;1481540717;2
8014;17526;1481514611;6
11153;25025;1481538351;12
6604;14911;1481539752;16
25487;8399;1481546529;18
1103;12070;1481530900;10
79;10719;1481544104;6
11576;5688;1481523597;18
15446;19770;1481537263;8
6795;5844;1481543489;18
4027;17153;1481542712;4
4020;11044;1481521810;12
214;1342;1481535512;12
7587;1078;1481534919;8
5037;16022;1481540798;12
21322;22577;1481509923;12
3915;27387;1481517308;14
24061;4329;1481526148;18
18895;10529;1481514306;10
6263;3368;1481549946;4
15485;6691;1481516059;6
19947;22648;1481549946;12
10436;14164;1481531580;12
7421;23102;1481549655;2
1864;11961;1481519258;4
27298;15073;1481518759;10
13785;13679;1481517150;10
7503;5395;1481539846;10
23177;6680;1481515191;10
22306;4284;1481510024;2
11095;27281;1481524875;18
14862;2361;1481522631;4
12024;2033;1481542029;12
1192;6974;1481528808;14
1569;4900;1481537042;16
1777;4801;1481522677;18
2735;1009;1481535980;4
9455;7851;1481548339;2
19508;27017;1481527245;2
14259;7349;1481525355;16
25184;16098;1481549341;16
9876;12043;1481537468;2
10199;20038;1481520090;18
3925;6939;1481523066;2
2788;20136;1481541864;16
23349;6689;1481529988;6
5676;19878;1481549193;8
5003;2831;1481517735;8
11597;22961;1481518021;16
1235;24572;1481515966;8
6294;18050;1481513856;14
22271;6722;1481529553;2
12335;972;1481509521;14
2153;17794;1481520657;2
8868;3700;1481512627;2
89;5052;1481510718;6
5805;20692;1481532506;14
9570;2752;1481517539;2
1458;22510;1481531753;14
8430;11798;1481520907;4
1363;6116;1481537044;16
25168;36;1481528253;8
6714;103;1481514902;12
16180;6976;1481522161;4
27482;19170;1481539770;4
7155;14711;1481519722;2
8015;14263;1481549152;12
74;7632;1481528187;8
100;20400;1481544573;2
4021;10244;1481546642;2
26195;3325;1481516980;14
130;24529;1481525041;16
2176;342;1481548805;4
9309;3904;1481514427;6
6602;5944;1481524368;2
15355;1010;1481520433;2
8305;8413;1481540396;12
5894;26311;1481522438;4
21281;1144;1481523542;8
9109;7012;1481537212;8
4296;1972;1481532923;6
24431;8833;1481533059;8
1073;11029;1481539780;16
17173;4353;1481532072;18
14796;4977;1481520705;12
3465;10530;1481536666;16
2879;12216;1481528820;2
14428;10256;1481537695;18
15127;6186;1481521858;10
22662;26049;1481546160;8
14907;5805;1481537555;16
224;3512;1481548612;16
27128;6003;1481550493;6
14578;3120;1481528541;14
14878;6307;1481523708;18
22431;9512;1481511912;6
8879;7035;1481534379;4
7536;19795;1481542885;6
15999;38;1481536797;8
4237;6184;1481539758;16
8798;6133;1481513128;2
9737;6599;1481525904;8
6573;9799;1481516470;8
17789;6198;1481540910;16
14263;1954;1481535685;10
16872;5500;1481511436;18
18436;104;1481537763;12
21084;5097;1481525958;16
1592;4606;1481519197;10
16369;5808;1481510972;2
21498;9163;1481537122;2
6414;11598;1481546578;2
17278;10927;1481547514;16
20857;25250;1481519191;2
15733;6890;1481530754;14
7994;5783;1481540339;6
12238;11009;1481526740;18
6379;19771;1481513204;8
25376;18350;1481514464;16
1986;5933;1481510446;14
10416;3279;1481532370;2
10611;3534;1481523125;14
7144;25285;1481540860;4
6283;15739;1481550614;4
5474;17429;1481542083;2
5948;10425;1481519436;6
19762;999;1481519114;14
1445;23001;1481521331;12
3273;27333;1481534939;8
7040;4895;1481526720;10
20530;20519;1481516981;12
1428;5384;1481515204;18
27101;9483;1481517715;14
20682;8518;1481546252;4
14547;17507;1481540564;2
27450;19888;1481536179;10
14928;21843;1481536838;16
4997;9487;1481525219;2
19932;16821;1481525883;6
23823;24;1481541303;18
4743;23648;1481530981;10
327;23053;1481543484;12
6723;4674;1481530525;16
3545;20048;1481550389;10
19873;211;1481530652;10
185;4696;1481509732;16
16872;12700;1481519910;16
17350;3948;1481549659;12
25165;1715;1481510235;16
14510;990;1481523840;14
6851;4829;1481540681;8
25487;4501;1481532601;18
5897;10712;1481539676;18
20922;15030;1481536090;10
25367;3850;1481525666;14
27035;25043;1481533836;8
21389;27475;1481519790;2
23742;5440;1481515385;12
12220;4254;1481542001;12
6889;8437;1481533200;2
8296;16910;1481539890;14
6185;2330;1481545915;18
15086;2755;1481539039;12
24932;6882;1481523286;2
25001;42;1481539245;16
11701;7033;1481512731;16
20975;8143;1481526703;6
7049;95;1481531598;12
4748;18202;1481542713;12
14884;4707;1481547791;16
171;6688;1481523054;2
21316;3023;1481542891;8
8898;7975;1481520824;10
21496;2826;1481511924;4
3086;6149;1481531222;14
11792;7469;1481534223;16
18263;7804;1481520251;18
21281;18891;1481525981;8
3996;6971;1481521323;2
19307;11771;1481518270;12
17581;8122;1481538513;18
2326;2813;1481522660;6
11720;18892;1481532008;4
9790;9313;1481519721;6
25401;6856;1481550036;10
9547;14806;1481517760;12
12088;14243;1481517491;4
8129;14569;1481536170;14
23111;16913;1481527190;4
23640;9156;1481550024;16
27534;1135;1481525415;10
14904;1093;1481543135;10
18312;6344;1481513627;2
9743;4026;1481514242;14
27200;11178;1481511249;18
16127;7350;1481550173;16
3703;19758;1481541153;14
14584;10540;1481544796;16
13817;7516;1481535581;14
21212;74;1481548604;6
6648;285;1481521433;16
17783;7367;1481512302;4
1567;12156;1481529089;2
6310;18464;1481532163;2
19987;5102;1481517206;18
25068;8235;1481549694;8
20370;887;1481531486;2
25085;11136;1481530101;16
8939;14782;1481514406;6
15483;20531;1481537138;4
1082;19776;1481515466;12
8187;6271;1481527861;12
12062;8373;1481510288;6
10327;7443;1481527777;6
6321;12142;1481539947;12
8152;3953;1481539304;4
23177;16887;1481546708;4
2167;8046;1481534799;2
2367;18049;1481535020;4
12641;19723;1481519583;18
12347;26039;1481527032;8
15327;18196;1481534467;6
10767;12781;1481531693;2
27470;4892;1481547992;6
27333;4807;1481529187;4
24572;17509;1481539501;16
7563;10809;1481522540;12
1317;9988;1481545045;14
16189;5394;1481545754;4
323;877;1481525640;12
1692;24470;1481537628;10
6821;11760;1481534007;2
8534;23152;1481522142;16
11779;322;1481534327;10
437;1433;1481534460;18
8867;20155;1481519657;18
4559;23443;1481514349;16
23364;10069;1481530495;8
9502;3627;1481539620;16
26314;18188;1481543832;8
16141;5726;1481541882;8
9356;4688;1481542811;2
16902;12620;1481530655;18
4003;8947;1481525912;18
11856;27027;1481528183;12
8352;19558;1481513777;4
27411;19529;1481549304;8
4024;6206;1481540879;18
4671;10706;1481540377;2
1030;6476;1481547433;12
972;8950;1481519086;16
10003;10012;1481540130;16
1856;22621;1481517689;8
5882;4182;1481532124;6
9968;9028;1481535687;4
14132;27455;1481544414;2
8034;22577;1481549474;8
3124;6697;1481543506;8
1667;17239;1481531477;12
6534;11748;1481520469;6
12812;1603;1481546532;18
1499;6015;1481513510;14
3544;24752;1481527971;2
14125;11148;1481540681;14
24173;14140;1481519536;2
6503;9665;1481526372;2
11785;11028;1481523679;14
11946;10521;1481513496;16
27344;5870;1481518437;2
27543;6174;1481536854;8
8938;11767;1481529272;14
5899;22615;1481543322;18
11170;1515;1481514325;2
6358;26470;1481537934;18
3407;20995;1481524840;6
18330;1720;1481514779;6
8367;1025;1481516881;14
20021;9164;1481541608;14
27375;22644;1481538689;2
15300;14658;1481541429;12
6864;3086;1481527706;14
23970;15129;1481510692;8
21091;8991;1481512784;4
21807;3910;1481522789;14
207;4610;1481546072;8
9852;8239;1481536397;10
20419;1074;1481512231;6
2350;16851;1481525946;10
7833;162;1481531028;4
11235;25080;1481548156;8
27374;8476;1481523043;6
5850;10029;1481513571;6
14860;3264;1481546689;8
9144;3605;1481531491;10
17580;9201;1481509751;2
1904;20079;1481549922;4
885;23889;1481523133;10
5730;19210;1481549949;2
20045;14557;1481510722;12
16934;4272;1481511821;14
2789;12091;1481516722;4
11085;9434;1481541369;6
4702;27482;1481536719;10
6994;1263;1481524280;12
20084;5763;1481530263;8
25400;24354;1481537945;14
19921;20928;1481525701;10
15108;8429;1481514515;10
3401;12120;1481529706;10
10197;8502;1481523607;16
7577;13818;1481546906;12
12787;20980;1481531594;10
19069;3741;1481543416;14
6879;26311;1481529892;8
9828;20864;1481536087;16
14137;3506;1481537978;14
9752;1047;1481545391;8
1384;6922;1481518930;12
6597;5507;1481535705;18
8591;4262;1481538762;2
6538;12426;1481548252;16
12240;24731;1481540281;8
2985;9649;1481546568;10
16298;9165;1481543883;10
4029;12711;1481534570;8
5379;1499;1481511135;10
13948;24648;1481515844;14
7552;225;1481539921;10
4676;17053;1481524186;18
1023;9191;1481531915;2
17783;1538;1481511509;6
10356;6577;1481548241;6
12288;1163;1481542298;14
24929;4177;1481523428;16
1847;12222;1481543764;6
2364;12644;1481510826;16
3638;17198;1481523227;2
12315;19779;1481542213;14
5971;3701;1481520443;10
15224;6645;1481540904;18
10427;19535;1481510073;4
1275;18864;1481550282;10
20791;1200;1481516969;6
3682;10012;1481510518;18
11035;5938;1481523964;4
10694;5261;1481534543;18
2158;14186;1481513937;8
4686;8835;1481511134;18
5718;13873;1481531390;6
11066;22446;1481522991;2
1280;9841;1481535518;4
6472;10191;1481516307;2
15160;23108;1481524247;4
2416;13263;1481521867;6
15460;18821;1481542904;8
6416;2805;1481531413;10
20931;1966;1481546166;16
7159;19987;1481526377;16
22626;10926;1481547516;18
17415;9367;1481532594;6
9713;21739;1481534053;12
4761;2382;1481549294;4
15139;262;1481550708;2
26310;6246;1481513824;10
8385;12097;1481531280;6
3913;22163;1481520514;2
11501;10373;1481540789;10
2644;22268;1481541200;8
14562;22607;1481516538;6
14693;67;1481546635;14
10518;8171;1481533339;12
16037;25504;1481536332;4
11592;11958;1481524875;4
10074;27002;1481523287;4
1136;17004;1481532683;12
17457;9837;1481513588;18
7871;1188;1481529170;12
7013;6583;1481545281;14
1122;7825;1481510568;16
6778;23120;1481513790;8
20427;23086;1481550356;2
23753;12087;1481510339;4
10066;8296;1481544420;6
8684;16308;1481529510;18
8527;6352;1481548959;10
2874;24930;1481529842;4
1336;9987;1481546655;2
25361;14653;1481549494;16
10385;20773;1481545130;18
1322;2144;1481530791;12
8389;2024;1481548166;6
26163;8904;1481535905;12
5672;7938;1481538205;6
3417;12742;1481513296;2
6712;9212;1481514635;8
9229;1353;1481548336;14
5103;6006;1481540519;8
4263;24570;1481525544;12
4317;12871;1481514376;14
2128;12416;1481540504;16
14184;10680;1481510854;8
9867;6734;1481531372;6
8396;5973;1481525665;14
15028;8950;1481522686;14
6032;17475;1481515086;10
24179;117;1481542359;8
1256;1141;1481531844;16
19970;1195;1481536734;2
27059;16193;1481544678;6
9456;9457;1481533213;10
23151;23165;1481510263;4
17285;17471;1481530525;6
17886;27409;1481549341;14
20303;6025;1481521441;2
14437;232;1481532557;18
18346;11955;1481540610;6
8165;11227;1481520048;8
2728;25810;1481539374;14
18952;2910;1481524528;2
9535;7036;1481510565;4
17143;11859;1481510519;6
246;16872;1481532885;12
1891;5010;1481518948;10
17027;22292;1481545138;16
7107;4702;1481535193;10
20076;3935;1481523583;4
10313;15961;1481536946;2
5907;316;1481519067;12
14947;1364;1481511864;10
4324;15419;1481529452;6
18214;15139;1481517789;16
22649;13818;1481545978;18
239;2981;1481539130;8
2128;6542;1481549506;10
224;13199;1481548775;4
6618;11785;1481530397;16
1461;6252;1481517224;10
14706;4539;1481542441;18
12521;11808;1481546128;4
8836;1663;1481539787;18
5845;10465;1481544030;14
2372;15788;1481538085;10
16037;14451;1481519569;8
9663;1680;1481520051;6
21480;4190;1481539667;8
17513;16303;1481530288;6
23167;5122;1481527128;16
6002;7640;1481526210;2
4270;27536;1481523213;6
9875;8954;1481514794;10
10640;1727;1481549598;10
96;27356;1481525838;12
5974;1905;1481520004;10
9895;24183;1481536893;14
1953;6237;1481519733;2
6165;1903;1481527855;10
22678;6640;1481535496;4
4665;11124;1481526840;16
11943;17148;1481525635;2
1428;24923;1481514104;6
20913;8448;1481512978;14
13794;8398;1481545751;14
24413;25286;1481515550;6
8016;3617;1481528342;8
4333;9473;1481529833;14
24935;4529;1481548053;16
9152;17849;1481519354;4
13902;994;1481512639;10
3069;6946;1481528874;8
8162;25077;1481545671;4
19423;27051;1481540401;14
6413;2162;1481521383;12
23180;11018;1481544213;16
9808;6139;1481534485;2
3457;5717;1481546003;12
11140;20959;1481513536;6
14127;8909;1481517501;12
26204;8828;1481514733;2
987;8988;1481511603;10
7138;969;1481513566;4
4044;14717;1481512901;10
7566;1988;1481546396;6
8421;5952;1481532285;4
8917;4507;1481525077;8
22182;17881;1481545764;12
22138;20444;1481525995;2
6606;25542;1481524731;6
15460;25158;1481511678;6
3933;6273;1481510560;2
14934;6869;1481529642;8
23813;18867;1481512229;12
1205;20936;1481545066;6
4186;4328;1481533697;10
17880;7488;1481516196;12
1305;10264;1481518255;8
6456;11219;1481528733;18
20196;11009;1481520302;8
24449;10007;1481515553;16
2426;4628;1481514747;12
4642;1459;1481516938;18
10595;11594;1481519430;14
25489;8682;1481517563;14
8951;7406;1481536447;2
6235;5823;1481516283;6
2388;16200;1481541726;12
21077;6894;1481518555;16
6813;19897;1481528020;14
10674;4210;1481528639;10
8976;7143;1481524308;4
10328;7683;1481530671;18
2735;2329;1481534558;4
897;13913;1481535135;16
19028;8536;1481521255;18
27397;1881;1481550662;8
12226;8506;1481541991;10
2848;4865;1481544048;2
4626;13184;1481527625;18
23894;10012;1481527249;2
13496;19829;1481547232;2
5352;11892;1481519790;18
1061;10498;1481546648;4
1302;20908;1481529539;6
1888;9307;1481530897;12
9329;5677;1481542095;10
1700;4167;1481541829;12
10568;6679;1481517087;6
8999;12413;1481524435;14
1812;5612;1481532250;12
14149;5038;1481539905;6
1093;5805;1481544980;16
13288;14895;1481520734;8
5749;6367;1481536381;4
20354;9803;1481518706;16
11859;16181;1481519262;10
1934;22627;1481536373;18
14119;9000;1481542782;8
18117;1580;1481524410;10
23756;16905;1481534851;14
7817;7047;1481532693;8
24926;20005;1481509599;12
1547;7565;1481544048;12
2812;9411;1481547961;10
24657;11563;1481538575;16
9148;4756;1481532477;8
22526;13900;1481516894;16
2177;12620;1481518204;8
1404;6549;1481544067;6
4194;11600;1481520481;4
11216;4575;1481538681;6
7188;8518;1481513235;10
6296;24685;1481550517;2
1400;3678;1481524702;10
1875;1707;1481514526;16
11224;23031;1481530855;6
25430;4859;1481544783;4
6267;16821;1481511683;2
2982;10672;1481509698;10
6921;6573;1481511220;4
6778;11175;1481543213;2
21309;22537;1481540318;4
377;23050;1481534052;6
12758;10045;1481550348;6
6953;246;1481528471;4
6609;11095;1481541262;14
14496;6184;1481531727;4
1881;4041;1481537331;12
13185;2910;1481516496;14
11799;22159;1481529615;6
17213;14563;1481519050;10
71;4539;1481531932;16
10122;4056;1481526876;8
5862;24176;1481542033;2
3610;14708;1481543405;8
17442;566;1481510140;10
16847;6456;1481538947;14
10715;3532;1481516045;4
14256;1212;1481533805;8
9522;1278;1481512658;10
10177;9874;1481522121;4
439;7186;1481523325;4
268;20968;1481534502;4
23536;10891;1481519936;16
21376;147;1481539345;4
8837;1310;1481530848;4
399;4296;1481518903;8
10999;4695;1481513655;2
27509;25321;1481524924;14
12085;18154;1481533869;8
10371;6969;1481545188;8
1933;13950;1481546778;18
18179;20006;1481530426;16
6968;5688;1481543539;4
2334;9798;1481512926;6
13;15307;1481524150;18
20404;1327;1481517524;8
14615;2830;1481533209;10
25194;14907;1481542069;6
9775;7903;1481522641;18
22137;14156;1481511592;10
14163;2037;1481532030;4
11696;22451;1481516127;12
22298;26187;1481537473;10
10623;17574;1481523975;12
7017;7107;1481513266;8
8723;10703;1481526359;2
8223;6703;1481511360;4
23546;5479;1481530239;8
5516;12076;1481541859;6
5749;10359;1481511788;18
7946;6348;1481520090;6
1934;4198;1481545066;16
17412;10106;1481537486;10
12228;8191;1481538301;8
15189;2732;1481550475;6
1392;8816;1481539992;12
19993;6664;1481513887;18
4263;25401;1481550674;2
10395;6693;1481523401;18
19556;13913;1481531475;18
11099;14427;1481524904;18
6283;15078;1481547765;18
6468;7647;1481527987;4
6785;23012;1481510897;10
393;11607;1481527327;12
5010;1362;1481512705;12
289;213;1481541728;16
20090;6028;1481531898;2
12614;25021;1481542452;4
16799;4840;1481526179;16
1268;15224;1481536195;14
3406;8003;1481536776;6
21313;7444;1481531276;16
5243;11804;1481549405;4
22958;11727;1481515693;10
1630;11834;1481510497;10
14138;25159;1481545257;2
26311;24182;1481535241;2
9684;10812;1481547884;12
9485;991;1481524146;6
897;18247;1481540974;2
6621;166;1481537828;2
20429;3004;1481545293;10
20952;6151;1481525287;2
5034;283;1481526533;16
7545;25340;1481532758;2
15104;156;1481523069;14
22463;26314;1481539953;8
10532;2362;1481541477;18
9980;23175;1481544307;10
7110;17423;1481526319;12
1598;6965;1481535829;10
12695;5996;1481538596;4
1878;4833;1481513302;18
25266;2154;1481514850;16
7480;5408;1481544153;8
7768;10283;1481529759;18
3900;8886;1481530001;14
1983;14782;1481525960;8
1167;7169;1481512352;6
14988;10403;1481530264;4
15735;10779;1481522061;12
13224;11031;1481547448;8
9517;3257;1481514369;8
17291;5439;1481516956;18
25003;14778;1481515506;16
25049;18842;1481531296;4
13198;5522;1481549819;2
16033;2139;1481513244;8
5925;23830;1481530040;6
5422;1104;1481538976;4
13217;3727;1481538562;10
4566;17789;1481535060;6
5422;1046;1481512572;2
9155;6373;1481527646;10
5528;7963;1481513991;2
19802;8090;1481537243;4
25258;20959;1481536660;14
881;11088;1481544706;8
424;7974;1481515067;12
5422;560;1481541693;6
17003;26310;1481516431;16
5645;10668;1481517092;14
1443;20354;1481544370;6
7565;12243;1481550244;18
4338;11897;1481522665;8
84;11596;1481523154;14
10366;7318;1481551110;14
4290;19848;1481536387;16
12025;21221;1481527913;4
25004;17274;1481544598;6
18846;9383;1481521351;2
15090;1456;1481518580;14
21005;6380;1481528441;18
2150;3066;1481523649;16
6250;1318;1481551017;18
14163;2280;1481539494;6
20588;11987;1481549259;16
7367;22508;1481522619;6
20148;16045;1481536682;12
4763;27486;1481510862;6
25074;11770;1481538416;14
24692;9528;1481519928;8
3926;14122;1481529759;12
6152;2400;1481541330;18
1450;4755;1481530316;2
27469;16836;1481533501;16
11364;22315;1481533710;6
20369;410;1481545462;4
1252;19965;1481514687;18
376;16804;1481515460;6
15009;23738;1481527639;8
4702;1732;1481522039;12
4847;3971;1481550374;10
25384;27203;1481515879;4
10764;15491;1481546313;8
7973;24937;1481521486;4
4865;6606;1481541061;14
10998;22310;1481531420;16
18964;4696;1481537310;8
6860;21727;1481521886;6
25049;9272;1481527900;18
3989;269;1481536538;16
13803;18151;1481532508;14
20316;11376;1481543237;10
5676;3272;1481531290;10
10723;12296;1481547571;10
8597;426;1481534606;16
10649;10517;1481515075;6
24375;9170;1481517907;10
166;17511;1481515975;2
23741;1371;1481524674;8
20155;20682;1481542601;2
26184;2116;1481539034;8
15229;10834;1481540662;10
19922;7379;1481524000;6
21305;9200;1481525921;10
4880;7553;1481535309;6
14563;1386;1481521003;8
15932;4360;1481546048;4
19493;14585;1481519392;12
1673;7864;1481543519;12
27185;21802;1481534051;16
17577;8544;1481532634;8
11071;1929;1481547675;8
7514;6303;1481513479;16
27002;1654;1481522610;8
27163;9007;1481523468;10
12326;11363;1481534656;14
8445;4928;1481517599;18
1389;1169;1481536257;16
8765;19921;1481548361;14
9684;7001;1481546215;6
27490;9801;1481513578;12
260;4301;1481525994;4
27343;24709;1481539337;8
3021;1165;1481513354;2
11023;6570;1481514147;2
10117;15988;1481544168;4
1720;3687;1481530246;16
1310;22614;1481524629;10
8392;6982;1481520499;8
2734;1914;1481537918;10
15419;10636;1481515237;18
11374;14136;1481535778;4
24710;2378;1481509511;10
15114;10223;1481513585;14
9548;14580;1481550981;16
12030;12372;1481530596;6
12041;11849;1481540091;2
2752;2621;1481538852;12
23339;27030;1481516159;4
8650;18160;1481527849;12
10003;7300;1481512390;2
1601;14553;1481550683;12
2131;24934;1481539485;4
1233;5772;1481530210;2
25169;9475;1481541865;12
12560;21307;1481549357;2
26076;1666;1481529976;2
19990;20975;1481537340;12
25321;2177;1481516835;12
27547;182;1481516390;8
15533;2428;1481512495;10
14691;17862;1481522734;14
8446;3706;1481543354;18
6356;17021;1481509747;2
8034;6265;1481509521;8
5689;4104;1481509555;10
14155;10475;1481528201;18
8957;3074;1481525508;14
6532;1432;1481542428;8
4962;4186;1481511889;4
19422;10125;1481517736;18
23883;16006;1481531435;6
12177;15244;1481533365;8
9342;9013;1481525790;12
7324;8581;1481515970;18
3599;13560;1481537181;14
3134;13949;1481545907;8
8253;2419;1481519637;6
6436;1286;1481526320;14
14548;3393;1481523753;12
7619;24178;1481511969;2
281;9771;1481520405;10
5419;13261;1481524051;10
6002;3696;1481513383;4
10201;8406;1481540721;14
23861;6801;1481543518;6
4600;19287;1481516793;8
8576;11124;1481530889;10
12601;5778;1481542054;6
11831;2402;1481544425;6
1412;9827;1481538485;2
24996;4183;1481535257;12
1373;13807;1481519639;14
11213;1619;1481541308;12
13928;4216;1481515495;10
25414;1609;1481548407;2
6001;391;1481527046;4
1177;1313;1481524848;18
11997;19529;1481511377;4
19269;12325;1481544588;8
9544;27158;1481546272;2
915;9010;1481543914;4
15423;1266;1481536314;4
14198;967;1481536584;12
14822;9947;1481549117;4
4040;13241;1481529514;18
15985;3537;1481522736;14
6467;8742;1481521549;8
20401;6598;1481514478;8
2793;5897;1481530477;6
24470;4893;1481530741;8
4943;9483;1481516710;12
8970;10697;1481534034;8
15996;25083;1481547233;8
27276;17475;1481509542;6
19857;9203;1481510778;10
6676;17903;1481512508;16
8500;27408;1481532582;12
5773;17455;1481514681;16
9938;6381;1481513755;12
25706;2739;1481533488;6
23347;8759;1481533353;8
10582;909;1481526479;6
24674;25542;1481528230;8
8558;2940;1481545926;8
7451;9868;1481547830;6
17581;8548;1481512530;12
20195;27485;1481533899;10
9404;12292;1481537813;16
6597;7942;1481519900;10
19918;4952;1481537733;14
2399;9977;1481516779;12
4546;8174;1481542669;16
3751;12309;1481521210;6
26036;20459;1481538198;6
7707;1730;1481512602;10
3019;19872;1481510751;10
21840;9312;1481544714;12
6659;9209;1481514055;18
22449;23180;1481541031;2
12651;4697;1481529458;18
4610;8160;1481549506;6
7413;27290;1481534876;4
25545;6006;1481549723;18
2843;1183;1481537562;8
10220;11397;1481522191;10
8285;10734;1481545524;8
174;7524;1481527106;2
10916;11610;1481518402;8
7047;14691;1481510184;12
17462;16129;1481542240;12
24724;17143;1481532764;6
5001;22578;1481528231;18
15323;17015;1481517114;8
7818;112;1481519663;6
83;4581;1481524179;2
6864;4856;1481528111;16
18262;5107;1481514961;16
5870;8394;1481549085;12
15235;7417;1481528353;4
12073;11779;1481537163;18
7525;7104;1481534068;12
12558;1067;1481526691;14
9671;1801;1481532692;2
7460;13870;1481521632;2
7083;1591;1481525885;14
10068;963;1481535663;10
6315;6681;1481524167;12
2984;1084;1481529068;4
4576;27267;1481529483;18
8574;1432;1481529372;6
18875;2465;1481547958;6
8757;15253;1481538696;18
10492;14643;1481532528;4
13883;20225;1481530037;18
4826;2032;1481532000;16
3617;8510;1481538373;12
7995;6591;1481551051;10
5999;52;1481518567;12
110;4808;1481549976;10
23009;5357;1481524028;16
9938;9832;1481516526;6
10252;24174;1481524277;18
6532;10877;1481538654;10
16139;24927;1481545506;16
11108;13802;1481533650;10
8506;1523;1481512872;8
12139;9828;1481521546;6
6591;6387;1481519550;10
21501;9810;1481522509;18
8818;8878;1481531034;14
17035;915;1481510136;10
9209;11238;1481512781;12
8237;21089;1481545484;4
20744;5685;1481534586;2
25164;12146;1481548022;10
17549;5841;1481520957;12
7877;1734;1481515636;8
19593;6676;1481546793;4
7270;9443;1481529667;2
1930;14704;1481533301;14
11613;23036;1481547613;2
17266;24724;1481519803;10
21209;16916;1481517347;8
10419;16011;1481524224;18
10414;20909;1481540881;8
3697;2814;1481518701;16
10181;2035;1481547106;18
6437;22452;1481512916;10
10775;23337;1481528558;14
18180;3002;1481542336;16
1675;10907;1481538652;16
12032;21365;1481536183;18
8093;7995;1481517165;2
9430;22460;1481548269;2
25368;6500;1481517911;16
11062;17800;1481520413;6
7335;15781;1481527803;18
6712;9178;1481543136;18
180;4264;1481542580;12
27406;25359;1481512763;12
3789;14806;1481547656;2
12797;9533;1481540342;4
27038;27428;1481543573;4
12378;17415;1481530445;18
10311;23538;1481531673;18
4354;3985;1481524328;16
148;560;1481542572;12
106;18335;1481515991;8
21296;7540;1481550164;6
257;19921;1481542437;6
13977;4582;1481529994;14
27550;5731;1481539536;18
2159;19897;1481548274;6
11062;5359;1481529302;14
23542;8866;1481533087;18
1500;19780;1481511445;10
1039;3396;1481537875;16
11043;4211;1481546242;14
161;6809;1481537640;10
4266;1020;1481509666;12
15703;7633;1481535422;18
14654;8390;1481535650;8
19495;23467;1481540920;12
7104;17887;1481512430;18
244;1933;1481541835;8
16177;3747;1481543127;4
19952;7864;1481537985;8
13779;9417;1481532760;14
1701;6582;1481537538;2
18811;1227;1481513810;4
231;24657;1481518338;12
18173;7;1481526782;4
6382;243;1481539654;14
2842;22141;1481526575;12
1654;147;1481522630;8
8975;7762;1481518291;8
7909;20318;1481509532;4
11902;3547;1481525294;2
8006;6704;1481517839;16
25232;20994;1481524822;16
22307;21721;1481537864;2
7066;9193;1481534380;18
7326;8008;1481547631;14
9016;27452;1481540280;14
17867;27423;1481541023;4
21071;21369;1481519589;2
3000;5688;1481530165;16
12029;1026;1481522210;2
6814;27425;1481532415;6
11698;3937;1481543911;6
5627;14615;1481531687;12
18809;18191;1481510409;8
7082;6682;1481536962;8
3495;2021;1481519123;18
23742;2018;1481549962;6
26039;27473;1481528142;10
17293;10508;1481523015;12
23519;3121;1481535486;4
22131;1033;1481510486;14
22450;11398;1481509782;8
20295;4591;1481537350;10
6577;8519;1481537975;12
21003;11023;1481535961;12
4832;8504;1481548044;18
1359;2020;1481519377;16
8898;20628;1481531080;16
4765;3969;1481519386;2
8749;4798;1481526204;6
20943;3413;1481528647;10
20358;5999;1481537258;18
6595;9645;1481534367;6
19851;18212;1481550505;12
9060;22178;1481546315;18
23084;2320;1481516764;8
1359;9414;1481546238;8
21723;11609;1481526372;16
15476;132;1481550171;8
20523;3276;1481533018;16
8556;8397;1481518010;4
2829;14243;1481539739;18
11991;9664;1481512031;14
19828;5855;1481542598;6
6246;8353;1481532251;6
18838;14700;1481528071;16
11121;15373;1481534103;12
1062;19948;1481527550;18
19993;4335;1481546648;10
17034;11206;1481545270;12
311;16918;1481541523;6
20429;982;1481524166;10
15083;23896;1481513985;10
14663;18103;1481550440;2
15009;11063;1481538292;16
10098;14273;1481514515;16
10998;9897;1481518416;18
15027;13946;1481535680;18
17878;14661;1481534033;2
15189;6155;1481541206;8
15090;5282;1481520550;8
10640;11413;1481547344;18
2758;19965;1481519823;2
6243;8015;1481531836;18
25361;158;1481521797;10
11827;1252;1481536641;14
18508;1317;1481511054;18
15356;10081;1481526007;10
5892;2126;1481512399;10
8439;1389;1481548512;2
13859;9174;1481546670;4
17280;7901;1481541255;10
16828;5807;1481512680;16
4358;6363;1481534394;4
15732;1593;1481542556;4
20673;217;1481520546;4
9479;2986;1481531565;16
7793;19038;1481519203;10
4820;3746;1481541829;6
7532;15100;1481528933;4
11027;1227;1481539185;8
1848;17515;1481509856;18
23761;22270;1481512429;6
14247;5378;1481509508;18
23167;9199;1481512938;8
25066;1423;1481522932;12
9676;17294;1481532985;16
3918;14878;1481515418;6
21492;7584;1481518337;14
14139;35;1481540421;14
11793;19310;1481521974;10
12116;4206;1481537010;18
8590;7845;1481512442;12
8569;9460;1481513781;10
2978;3696;1481516707;4
5257;6852;1481518736;16
27400;6662;1481549458;2
1343;23833;1481530962;10
5771;12600;1481549410;4
4361;23040;1481535097;16
22578;6485;1481525833;8
27492;9602;1481522338;2
6288;4596;1481540687;18
9434;14705;1481510912;16
24374;9807;1481511426;8
7075;24425;1481548503;2
12562;1573;1481522172;6
3077;10163;1481523080;16
13948;4987;1481522565;16
14818;6816;1481521625;6
25078;14657;1481537154;10
13761;14558;1481536188;4
27559;1771;1481512317;12
12815;21377;1481551133;10
2810;6782;1481550877;2
9856;10922;1481529399;8
19756;7280;1481533555;4
6578;25050;1481510392;12
9568;2947;1481539002;8
9431;20065;1481526932;18
1222;2322;1481532462;16
7585;20756;1481526720;6
4678;19069;1481545803;12
6471;15752;1481523252;16
26119;6208;1481530573;2
18131;7609;1481533953;2
8396;12403;1481534272;6
24133;6326;1481546703;16
19812;23439;1481517069;6
8446;5251;1481532745;12
14426;20544;1481519357;14
26474;12065;1481544557;2
25077;10505;1481540330;6
6265;27403;1481534535;12
14439;20405;1481520931;8
10121;5706;1481545392;16
16822;4923;1481549372;8
5504;25533;1481547203;10
25360;16036;1481549997;10
2831;19527;1481521455;2
4881;25387;1481535921;4
25366;10332;1481523771;18
9951;19955;1481550184;16
16934;1793;1481541081;4
13874;4048;1481522814;4
16336;18114;1481509741;18
3684;1059;1481541835;14
10528;11803;1481544538;8
2810;8030;1481518693;18
21382;927;1481509794;12
19889;7574;1481547058;6
9012;1254;1481532242;8
22531;24017;1481512236;14
2826;9185;1481528440;6
20978;1813;1481512456;8
20688;18146;1481524757;12
16195;6805;1481525206;6
12880;11479;1481532154;8
14441;9149;1481525870;6
14563;1144;1481526095;4
1006;20900;1481534812;8
27334;8541;1481549449;8
1192;22643;1481515074;6
4892;7169;1481527324;18
885;7973;1481539182;4
7567;6105;1481542042;16
9775;1738;1481545523;18
10717;6797;1481548131;8
23049;14006;1481509743;18
13758;6135;1481543991;18
421;2748;1481532312;14
1137;21397;1481543242;6
4967;19548;1481542086;4
20069;141;1481517959;18
7869;20486;1481543284;2
14567;1909;1481513940;2
13203;1796;1481548577;8
1646;27377;1481550601;4
1268;281;1481528689;12
14048;6703;1481535051;14
3911;16883;1481517008;6
9189;3507;1481524459;8
11801;12322;1481542013;12
2375;15249;1481526540;2
8119;6792;1481518385;14
6721;3683;1481523965;8
7405;27309;1481519349;18
2326;11054;1481526187;12
2418;5711;1481541734;6
3978;6266;1481541115;18
7972;10529;1481532791;18
6136;5893;1481544540;14
14778;2453;1481528787;18
1703;7157;1481524053;8
20404;8234;1481515990;12
18904;11760;1481515183;6
6195;416;1481520344;10
1739;23616;1481534667;16
11915;10263;1481515771;16
10564;14002;1481529587;6
11824;15486;1481529143;10
9003;5718;1481540468;8
19946;1035;1481545495;4
10659;22451;1481539395;12
1894;4964;1481530156;2
3282;6567;1481536510;6
7278;8865;1481511845;4
9881;1961;1481534006;10
18175;19306;1481526522;8
14890;7302;1481540701;12
1086;6547;1481514456;16
8322;13950;1481529930;12
26074;9554;1481530892;14
5675;6378;1481549181;12
315;1550;1481527182;12
14928;3723;1481526590;6
1664;22988;1481520558;16
3026;14690;1481544477;13
6666;6019;1481540021;4
25047;19837;1481536445;3
6224;7907;1481521119;8
7299;5899;1481548710;9
12782;19069;1481523964;2
7022;16132;1481512920;1
5949;19252;1481510660;7
10511;15247;1481519464;4
4184;20327;1481534454;3
14511;18051;1481536830;7
1624;12654;1481543587;7
12396;4785;1481546021;4
6936;27325;1481516203;5
9602;6264;1481539835;8
8274;17241;1481523456;2
2776;5110;1481518864;6
26303;1544;1481518729;7
298;12583;1481524285;4
10027;8328;1481512425;5
27164;25085;1481519747;5
27162;3381;1481524255;9
1693;5626;1481529441;9
17025;1012;1481520687;6
22316;12002;1481545906;5
14648;20769;1481512965;7
15371;2404;1481536608;8
3618;27466;1481540537;4
23665;11698;1481545136;4
11563;25374;1481520240;1
5754;19969;1481542943;5
6817;4028;1481534598;8
20979;6683;1481512592;1
9947;8948;1481522392;6
19549;1274;1481540167;5
20461;4920;1481511378;9
7621;5626;1481510545;5
19970;17280;1481550749;5
15074;1340;1481547509;5
9518;23805;1481517822;6
4213;5931;1481549294;6
11969;1332;1481532717;5
956;9740;1481548019;3
11211;1897;1481510253;5
25532;3953;1481510097;4
2748;5706;1481517949;6
8086;5856;1481523983;3
280;25189;1481532893;6
4237;10594;1481536071;9
11089;22454;1481527501;2
5412;19226;1481536574;5
10786;14661;1481514845;7
15139;20692;1481541894;7
7505;5711;1481520611;8
5755;7465;1481534356;8
23014;6988;1481540864;2
12071;7797;1481549574;4
20980;9533;1481518380;8
5748;9521;1481510279;8
7791;25164;1481542744;5
4520;8745;1481509661;1
19546;21451;1481530678;5
2727;25379;1481531608;7
25077;17444;1481536109;7
27422;4948;1481535243;4
10767;13186;1481525773;1
2017;2621;1481544103;5
9383;1053;1481544031;5
17043;27003;1481510025;5
1889;1813;1481510959;7
3533;3705;1481535827;1
1380;4208;1481510541;6
12798;6420;1481542449;7
11096;7887;1481531292;6
9562;10323;1481535611;4
5990;3258;1481534350;1
18764;4481;1481546930;6
2803;13618;1481531438;5
7774;12574;1481544562;2
1034;12645;1481520612;1
6682;4783;1481531325;5
5419;21308;1481522671;2
25495;24394;1481525428;3
25495;22959;1481512624;2
987;10094;1481528530;2
1023;11608;1481525974;8
6008;8754;1481517756;4
12142;1868;1481550922;7
7088;8327;1481531852;9
23625;26138;1481537462;8
23526;6615;1481536040;3
1932;5486;1481518103;2
5333;2748;1481530945;5
11133;2378;1481530944;6
14866;9411;1481515509;3
18068;20853;1481517734;8
19946;14552;1481510681;3
10352;23262;1481531365;9
20025;3707;1481545908;8
26163;22642;1481532540;4
2411;6506;1481524472;1
10696;6711;1481546005;3
10639;3575;1481509579;5
279;12749;1481511765;1
17844;1271;1481542713;2
11603;9174;1481526576;4
9665;4805;1481535508;3
3897;12135;1481524283;5
891;2428;1481515073;3
1358;8120;1481522515;7
5884;13075;1481546406;9
2889;6429;1481530004;7
7095;25384;1481509947;1
20769;6568;1481532164;6
1338;23355;1481528009;8
24688;25025;1481547564;6
10373;8954;1481545079;1
6568;5745;1481530778;9
21323;20609;1481513074;5
3755;949;1481529089;2
10716;12413;1481519255;5
6550;12582;1481549401;1
49;6022;1481512719;7
8696;10923;1481525047;5
7875;23786;1481537191;6
328;14951;1481515859;4
2417;6023;1481525166;3
17902;2605;1481515264;1
9021;10720;1481519067;2
23858;21225;1481542113;7
27195;9002;1481544495;3
13426;12227;1481538421;9
1799;27440;1481523087;1
4798;7379;1481519433;8
4516;15022;1481537628;6
17040;1035;1481533329;3
6529;14931;1481514043;7
1106;12187;1481542897;7
19991;22574;1481514437;1
1534;7944;1481537087;9
24540;4007;1481537158;3
11227;10915;1481540321;2
8477;16308;1481533792;6
2124;159;1481520735;8
25261;2730;1481518244;2
8480;7882;1481530745;5
7498;989;1481514812;5
12614;17363;1481515154;2
27130;13559;1481532900;9
17152;12699;1481517766;9
8118;14255;1481544695;6
5915;22602;1481521041;1
239;14812;1481533685;8
17770;7501;1481532272;9
18342;1662;1481521045;8
4923;7356;1481520889;7
7046;20454;1481513165;2
8809;25058;1481532872;2
13256;11956;1481544141;1
1573;14626;1481516218;9
3283;3121;1481531550;3
346;1213;1481531697;9
2136;10930;1481530764;5
25128;27231;1481530047;8
23110;6173;1481530334;4
11076;3627;1481518167;9
7344;12412;1481545020;2
8327;13851;1481512946;1
19964;12060;1481512131;6
9546;1274;1481539498;7
16832;18350;1481518010;4
19571;8231;1481537999;3
3913;5955;1481540953;3
19908;5782;1481516050;7
5471;18299;1481509700;7
4592;23037;1481534565;3
16144;3983;1481520908;5
7513;907;1481526660;5
4826;357;1481523769;6
20403;23811;1481543737;1
8168;311;1481526288;1
15379;14715;1481539758;8
8909;7142;1481537289;2
1124;17334;1481524545;7
9838;1004;1481524190;2
340;23048;1481530173;5
25344;18194;1481547054;4
22141;9915;1481545010;1
7523;11067;1481516506;4
14159;13177;1481539515;2
4625;19042;1481547536;5
23011;1917;1481527554;3
27270;24481;1481533236;7
7036;9759;1481511844;1
19712;27019;1481516806;6
5424;14191;1481513636;6
9882;27133;1481539173;7
10121;4867;1481550435;1
12244;7030;1481535927;3
3270;2760;1481523132;4
26041;10022;1481532210;1
6380;1186;1481546705;2
10376;15961;1481531452;3
7847;10073;1481549056;3
7399;10930;1481521250;8
7779;8174;1481535584;4
399;19860;1481544832;5
20083;27199;1481538717;2
6664;2140;1481525110;5
8995;3717;1481510478;4
11396;7818;1481546930;1
9469;7403;1481549033;6
11618;6458;1481518568;6
5819;8588;1481522844;1
6693;1629;1481520487;7
15014;9358;1481509742;8
27098;2753;1481527186;7
4533;9456;1481544467;5
14554;24475;1481531805;9
6675;17150;1481546580;4
7290;21746;1481534733;7
6730;6176;1481525819;6
5981;14715;1481532236;5
20120;19914;1481525654;8
6537;10193;1481548278;2
10412;307;1481527666;1
1293;10668;1481515796;3
23109;21232;1481530472;3
3246;6690;1481534648;3
18858;17478;1481532708;4
6942;5394;1481530627;1
1199;2783;1481532853;3
7645;7451;1481536867;4
23084;8152;1481517413;3
1338;2370;1481546173;1
7049;6956;1481540134;3
13200;7858;1481544577;1
1392;12045;1481532945;8
1260;7960;1481549007;4
9794;24986;1481518633;3
25426;4737;1481549616;7
23548;3540;1481513839;3
17880;10254;1481543985;6
7629;6544;1481535635;8
2162;1846;1481539097;2
12786;10501;1481527760;5
14511;13855;1481535831;4
162;23549;1481530535;1
19074;6831;1481530719;5
5772;1359;1481545609;9
25034;23052;1481545306;4
17877;8141;1481549874;5
7489;7453;1481516210;9
5898;25434;1481537821;6
15009;20645;1481549750;9
20598;9748;1481543509;3
2037;13875;1481549139;6
16797;5961;1481514229;5
2327;6197;1481514666;5
6338;10431;1481513451;9
21296;7172;1481551139;5
7308;3396;1481535983;6
9515;12019;1481546240;1
5440;2803;1481539568;8
4222;27417;1481526250;2
10666;10595;1481512451;1
10650;6359;1481525107;6
24700;11385;1481520817;7
9347;25468;1481545527;8
5692;9018;1481517696;2
20310;15750;1481550717;3
7371;7274;1481539353;3
16193;22135;1481546310;9
20999;4288;1481522816;5
2381;3949;1481528944;1
11739;176;1481528710;4
8882;6414;1481540267;1
17335;10010;1481542890;6
3251;9356;1481523658;6
17174;12292;1481528905;6
311;13679;1481540436;6
8521;9028;1481549202;4
1308;21407;1481538378;5
20735;984;1481534782;2
24088;17849;1481509984;7
11619;14795;1481542330;9
4209;8350;1481528111;5
18883;8807;1481535640;3
26333;9626;1481518464;8
24742;3994;1481533202;2
9745;7041;1481538501;9
14159;9667;1481514002;9
19045;6159;1481532329;2
5279;21361;1481509693;6
15229;10411;1481530693;5
19958;20831;1481545293;8
21802;27311;1481545499;3
6016;9015;1481514368;3
8904;27053;1481526151;9
8657;1931;1481524905;2
7065;2151;1481510033;1
11815;1271;1481527206;8
5423;4921;1481540475;4
1588;5017;1481524966;5
5774;7683;1481547911;4
8414;11687;1481547312;1
2784;431;1481545568;4
27038;26103;1481519569;3
14801;905;1481551091;3
5263;4661;1481543598;9
12295;299;1481548081;2
13948;25086;1481520879;1
2350;8441;1481542022;8
1246;6001;1481513802;8
6975;27015;1481546014;7
8833;4985;1481535182;2
20572;1562;1481520400;1
23170;5692;1481547083;8
11057;5931;1481525111;4
7368;4275;1481529246;4
7246;20921;1481550524;4
5899;140;1481546274;7
7017;147;1481539637;7
6612;24984;1481535431;6
4504;9215;1481538670;9
16837;382;1481511111;6
22179;17705;1481525512;6
10785;8690;1481546445;3
9745;1801;1481538436;8
1958;14271;1481532579;5
7882;9394;1481512324;4
18861;7413;1481530259;7
2143;2330;1481530212;4
151;10996;1481538572;2
965;7183;1481524324;6
11792;6631;1481546456;6
1304;10032;1481527028;9
5012;10366;1481519985;1
22499;12747;1481513897;7
11100;5862;1481530696;6
9884;19432;1481525854;1
5475;15228;1481525222;8
15355;10326;1481510242;1
17021;8147;1481532153;5
6763;16131;1481534270;2
7697;4582;1481546340;3
1737;5298;1481531070;3
18334;4787;1481549257;8
17185;4582;1481521379;7
14622;24501;1481548304;9
3418;5500;1481545667;1
10699;15079;1481528462;8
18098;20424;1481541457;7
14807;2811;1481550792;4
5419;8409;1481516483;4
9427;10027;1481519114;6
27261;19287;1481547089;1
20602;14631;1481520961;1
11088;4724;1481516146;7
11231;26029;1481544000;7
4928;12784;1481548262;7
6268;12655;1481511463;9
7846;8930;1481550359;4
14219;27470;1481526962;7
25052;15485;1481514911;3
20086;4240;1481537890;7
1623;13678;1481537704;5
7314;328;1481550079;8
4322;24257;1481547530;4
14154;14798;1481520205;8
16810;8985;1481525331;2
3939;7000;1481517722;1
3747;184;1481539497;6
1149;7356;1481534883;5
6681;20526;1481547100;8
11730;12406;1481521760;7
14577;3286;1481512682;9
4281;19219;1481517712;8
4570;2387;1481534292;5
21000;27136;1481516568;9
3912;8936;1481523287;4
13970;1977;1481517584;1
13343;6414;1481519726;8
9879;17579;1481520396;4
20684;10281;1481544446;6
4525;9765;1481514580;5
5363;17884;1481525371;1
25384;4045;1481522930;3
23140;10384;1481538647;1
9828;19880;1481511813;1
387;943;1481529244;9
18307;7142;1481535314;6
43;1814;1481519558;1
2751;8592;1481532965;6
6891;18347;1481525497;7
14427;72;1481515870;8
2643;5854;1481532934;8
11032;1350;1481531242;1
22490;4167;1481551062;1
7159;8397;1481536327;8
10024;19941;1481539114;4
25084;163;1481529926;6
313;363;1481539578;1
27173;3904;1481509726;3
10734;181;1481512903;1
1958;7768;1481530305;1
22962;10387;1481549434;7
15781;8538;1481513661;1
12368;6019;1481531308;1
11375;6733;1481545928;7
23649;1985;1481529426;8
8368;18075;1481515819;7
25173;10373;1481539273;6
6963;20356;1481533206;1
6697;9446;1481511686;4
1382;17379;1481535475;8
8870;20408;1481526909;2
7714;23646;1481549655;4
1987;7786;1481525011;8
7592;10386;1481532716;8
14648;68;1481541339;8
18303;6288;1481540580;3
7813;6287;1481532060;2
6722;26240;1481545234;3
18107;27555;1481520943;7
1860;10107;1481517275;4
24930;1513;1481531994;6
915;26103;1481549236;7
12073;6989;1481513381;5
2800;9961;1481516224;6
11258;14880;1481548411;6
4691;338;1481545718;6
7399;1583;1481531180;9
13770;9981;1481537575;4
8421;20692;1481528585;3
14806;7394;1481515793;9
20888;9240;1481548943;6
21084;11408;1481544558;9
6701;2133;1481515511;1
11631;5741;1481527029;5
10360;6591;1481524215;4
4691;14804;1481522015;1
3981;7898;1481527994;1
15934;13761;1481542580;3
21003;8506;1481549405;3
14263;19305;1481549103;5
4049;18444;1481519591;9
10318;20769;1481536006;9
223;9174;1481546604;9
17568;1894;1481540704;6
19053;8746;1481525155;9
1033;10541;1481531594;4
